# This file was created for the Modelling and Simulation course, RUG (September-November 2019).
#
# Project: Simulate colliding galaxies, using Barnes-Hut algorithm.
#
# Students:
#     Stefan Evanghelides (s2895323)
#     Hidde Folkertsma (s2759799)
#
#     X         Y         Z         DX        DY        DZ
132300.789;451596.976;450300.321;-276.5024;98.3518;21.6214;
129837.682;246080.001;716950.484;-135.6731;-575.5917;744.1902;
231606.505;396543.093;342942.866;63.0197;3.8356;-309.3859;
321597.110;474684.824;333928.114;11.7269;20.0262;-172.6620;
262574.495;375625.583;384468.712;-39.2154;-87.7719;-48.1771;
301504.319;311613.013;765258.512;1614.5502;-348.1710;497.9639;
136939.882;217131.057;189153.076;-31.8965;-423.2150;-464.7028;
305106.795;939948.310;721733.357;-6.1996;684.9604;335.7196;
263136.247;602348.505;713650.595;-4.3167;57.5919;199.2818;
183352.554;502625.033;533523.944;-108.4209;0.5300;-90.1222;
349805.017;524883.777;264703.372;180.1007;34.0500;-367.0365;
255245.123;494986.826;522125.388;22.0611;33.2300;51.1645;
325128.275;429436.743;439518.022;185.3139;-8.3700;16.8269;
299375.818;527170.440;488939.164;86.3798;-21.8868;30.9364;
262963.891;468166.747;967260.595;-56.3063;374.7362;948.6829;
522383.130;381572.640;569864.148;659.0218;-112.2208;8.1960;
287578.416;379776.001;382462.998;-38.5931;-0.7502;21.5536;
225875.555;599772.419;726478.814;-45.3039;11.6234;244.6784;
278037.853;583008.994;549453.365;15.0507;-8.3322;-2445.5861;
311332.022;497524.002;498639.330;-26.4122;17.6523;9.4153;
233890.643;489168.765;430766.482;11.4646;-15.0091;105.2916;
110012.744;406238.712;775769.704;-184.5710;-568.5880;397.9736;
820428.678;573585.800;384988.972;650.5499;138.7966;-141.5362;
368821.276;229224.275;513806.291;278.2192;-252.0663;518.0558;
279963.601;786970.310;983667.130;20.3205;538.6876;971.1667;
271770.182;656099.228;543614.138;116.8130;189.9207;52.0314;
186798.720;30717.044;515181.479;10.0222;-599.8818;77.8614;
17392.027;475210.302;320438.945;-359.9760;-45.2015;-284.9449;
267131.756;134774.483;472436.994;-84.1465;-403.3660;-15.7056;
228618.354;397981.634;498396.071;97.8843;-111.9905;39.7282;
248191.052;741796.074;816717.401;7.7010;344.9738;412.8835;
307767.020;434859.043;879917.759;89.3135;-218.7519;1591.2090;
334395.909;665746.201;234663.327;311.2046;320.5199;-271.9418;
367277.310;79438.793;568801.200;179.6782;-809.3091;-21.0555;
205005.435;458407.177;340302.529;23.2358;-39.0558;-213.0959;
332832.428;642112.739;749901.300;255.8975;147.3066;668.3103;
235552.457;412363.316;643676.690;-157.7951;-71.7573;361.6733;
311056.907;587294.321;352025.240;-134.4742;71.7422;-301.7826;
166699.998;424413.498;894306.736;126.3544;-105.6473;1535.1318;
67245.719;529240.027;902761.089;-141.2027;58.5569;551.8863;
729174.811;609427.099;224270.806;589.3615;159.2707;-369.2694;
5037.619;285155.067;693879.332;-434.3093;-263.6761;276.7998;
218652.758;536104.574;730777.135;10.5210;-2.8245;257.7940;
307030.045;617481.834;462947.781;214.5967;199.5072;22.7323;
951995.897;563159.427;354670.404;891.6070;14.9536;-345.0552;
292157.110;466695.359;381167.842;207.6440;234.2706;-55.2802;
237275.618;433658.405;463693.953;-4.3854;-7.0365;-11.4296;
202194.886;371494.698;371492.963;3.3572;2.2033;0.4296;
882849.439;314055.244;311806.559;1929.6227;-9.3359;-268.8551;
218620.648;496249.468;478739.729;54.1465;66.9141;-20.2783;
422130.234;364097.598;643915.031;377.1436;-53.8620;418.6444;
912165.579;389287.680;281910.749;2580.2584;-7.4255;-331.7490;
608461.914;572559.579;346556.069;1886.6215;82.7783;-346.1845;
189184.467;55954.106;533643.680;-137.3804;-1026.6048;6.0226;
31897.037;495847.901;414085.791;-1499.4037;82.3919;-76.2941;
451934.515;355294.259;389231.618;1571.8022;-133.1538;11.0949;
240839.507;289245.412;440757.291;65.3008;-323.9182;8.2019;
353814.057;605243.891;791647.725;115.2369;135.2043;393.2088;
242476.587;155167.489;529338.519;25.9311;-406.7581;92.7970;
178223.291;405723.459;579991.980;-93.3069;-210.6047;161.0670;
281513.057;628952.524;583663.120;33.2101;67.2779;-5.6853;
330573.967;497255.576;530729.602;-72.0041;-51.3367;37.2101;
216234.887;627614.024;510209.345;-50.0138;261.8720;-150.7884;
290931.861;506129.378;605449.139;4.2259;-188.9937;1.1012;
243558.427;456870.297;412817.662;26.8901;-14.4745;-48.3260;
206782.386;105112.219;495743.808;-89.9406;-552.6625;-78.1487;
553984.851;398996.000;735978.979;1081.5291;-166.0680;698.9192;
43353.536;424720.906;424756.086;-157.6605;-7.7509;3.1475;
201632.965;879050.100;190202.818;-46.6622;268.0944;-459.1221;
343772.964;594214.948;592738.799;158.0883;3.8667;-12.3049;
216500.524;644025.964;303818.124;23.4856;327.7313;-362.5788;
231017.644;429395.225;453194.099;-38.7602;-74.7656;-54.0073;
107703.030;503038.578;91445.538;-297.8812;-14.5301;-667.9975;
222338.867;433852.435;253213.827;293.1317;-23.0159;-295.5143;
356849.139;651130.866;912874.836;86.5595;178.7183;658.6851;
175417.013;604919.110;593075.047;-7.8179;13.4266;13.9006;
297242.292;672324.510;177702.455;-27.3111;270.4475;-466.5988;
370196.217;936277.401;494514.668;178.3336;684.0617;328.2369;
880398.685;488198.063;587840.659;1212.1374;-70.9098;3.1982;
104580.124;701073.064;370896.143;-653.7515;349.0122;-239.9370;
407595.613;442278.269;553492.039;121.0351;-148.3460;85.1319;
875562.398;997567.126;801426.781;842.7989;707.8312;451.1454;
275619.211;597235.522;407619.328;-39.6989;360.6521;-6.3034;
132387.327;424351.473;923592.127;-292.3370;33.9565;757.9845;
149265.984;561729.265;887288.929;-99.8316;-70.7543;2787.8205;
208660.045;462297.126;398988.652;37.0239;38.6450;-33.6234;
563295.080;614494.005;617974.545;4470.6997;-7.9167;1.1438;
309657.291;812971.309;406471.450;-25.6608;1928.6012;-261.9962;
42989.952;739133.237;119157.986;-403.6284;2322.1617;-1748.4157;
347436.613;240807.060;488792.258;116.4364;-307.0739;-1.7762;
191355.462;381182.779;804237.132;-142.4121;-74.4814;946.8653;
338613.607;755713.774;444800.527;151.4689;302.4207;-186.3012;
685049.026;580379.489;745280.192;792.4353;51.3951;346.9325;
248804.983;360586.453;363654.361;-38.5967;98.1341;-93.0287;
241675.768;523667.367;643721.563;-36.9835;53.5024;51.4253;
400378.050;591720.952;384192.476;206.2009;-225.0486;-273.1346;
571490.819;535242.567;600824.303;443.7014;-135.4378;39.1113;
368234.934;269078.251;339620.629;-2.1053;-378.6789;-355.1392;
251217.643;906862.672;430249.901;-2.5738;978.3291;-84.8566;
215532.093;565527.956;575624.761;-11.6396;90.3164;292.7065;
236043.641;277919.152;830644.449;-24.7128;-322.6897;1232.8274;
184294.005;625890.664;483011.601;-84.4826;293.3637;-98.6245;
309338.237;599570.659;171266.300;-15.5898;-34.0927;-756.6653;
345559.876;502199.633;510094.825;-5.2277;-0.4903;276.1225;
155424.729;405085.817;434512.615;-334.4450;-1.8271;47.2508;
487840.187;352142.940;449789.861;756.4923;-509.6906;-63.0373;
128256.690;595255.111;573369.889;-10.8006;104.1760;-39.7977;
215578.879;567239.455;245397.616;-111.1997;5.4361;-442.9375;
612588.659;418571.675;578453.987;374.8774;70.8255;52.0264;
254323.907;616051.067;618374.899;-45.0225;-10.2390;7.3996;
996930.845;564457.825;536044.750;2461.0634;136.9359;29.4831;
370443.033;635661.841;587272.048;281.8808;85.2538;28.6996;
584628.529;564501.270;29577.605;2731.3476;-28.9229;-616.8110;
224521.877;462393.534;373559.526;10.8376;-80.6085;-133.4773;
44386.168;596805.261;466887.406;-309.2560;-107.8180;-7.8281;
331131.868;600658.567;753354.322;759.8325;7.7309;282.1487;
190319.883;565460.016;201028.666;-39.2152;918.7663;-503.0324;
513608.991;588597.947;311771.117;501.1311;284.7937;-218.2283;
199806.049;716902.373;452265.259;8.6006;580.8615;-5.2071;
243411.104;9582.034;492647.564;12.3937;-682.5884;-38.4598;
211464.395;599380.940;577762.765;-71.2758;24.1183;-26.4850;
253971.676;388519.204;717444.192;-9.1061;-4.9327;1394.6483;
335725.822;871445.529;559484.545;-22.3585;1328.4362;53.8503;
173032.130;515492.452;553364.762;-14.0428;-124.6269;107.1863;
268324.795;592124.172;591862.714;49.0056;72.2793;103.4916;
152976.874;522204.331;395227.042;-177.4447;354.4742;16.2590;
290295.280;434074.234;481723.538;155.1786;-299.0223;2.1356;
453892.392;489097.834;389521.243;224.5373;-3.1637;-168.3462;
276852.302;670243.314;486321.952;-200.8602;529.8919;-47.7295;
220943.736;464003.851;569001.294;-47.1040;62.3856;191.0506;
145848.883;765318.764;504744.646;-157.9925;548.0204;37.5674;
274721.306;410261.892;463794.198;-11.4542;-158.7287;53.3786;
121929.901;494753.969;522547.962;0.7813;-102.7077;-195.4184;
242200.366;529829.646;394401.074;46.2083;24.9174;-409.8487;
818606.475;562079.701;662697.906;1509.3062;8.9375;135.0100;
309940.981;409856.356;304541.306;-24.6223;-49.7165;-208.1835;
273021.459;546436.951;555204.079;-35.3745;23.2232;36.2131;
350823.354;619750.548;450962.208;-6.9685;167.1248;-87.7044;
114884.552;501178.001;515034.194;3.7202;157.5221;52.5874;
33703.667;977069.234;516493.795;-344.7668;863.1567;22.7686;
111188.369;743814.042;627661.394;-166.3277;220.0088;50.6713;
499875.719;380409.927;288429.278;420.0049;-17.7709;-161.6460;
198950.506;528345.981;436821.697;29.2800;165.7528;236.5855;
279270.927;650753.720;496039.439;29.3417;144.1735;-124.5555;
285547.416;422205.796;562645.515;71.4727;-531.5390;60.3674;
438402.337;321474.998;515127.763;628.0895;-147.3616;115.6857;
330419.639;522634.836;632699.609;1.1411;-62.4767;727.6089;
192564.484;508080.038;443407.380;-35.8968;28.0146;-108.9113;
318253.712;522070.490;466712.273;-7.2204;100.3907;-47.2913;
147531.389;489948.855;523122.338;-0.7771;-79.1525;-9.8386;
139689.238;466367.361;197030.345;-108.5954;-54.1654;-407.4248;
703091.207;302790.996;810948.094;576.4948;-258.6622;388.0963;
190487.289;685651.428;545686.078;-615.5301;296.4206;5.8697;
729747.003;316047.833;583784.511;750.2296;-457.3375;0.2600;
239422.484;478844.401;485594.401;24.2405;130.0148;-12.8163;
46549.339;480282.939;514496.140;-348.9189;136.0616;178.1345;
269316.375;524389.710;555141.453;78.0025;35.4901;161.1514;
143443.714;499677.684;170343.135;-78.2503;49.7668;-662.7835;
123453.484;44051.804;425125.794;-269.9897;-6514.0115;-163.3757;
388082.465;732776.900;839052.308;0.5350;576.6043;390.5380;
176885.558;419125.954;479978.252;-255.6834;-83.1144;-165.3685;
943387.969;557249.424;464699.851;869.9277;101.3572;-35.1605;
108648.885;528854.245;675086.855;-122.6483;-281.7824;236.8870;
145296.021;507027.789;48038.427;-14.1552;-354.6444;-1011.9499;
37926.245;581896.242;449956.529;-308.2336;150.1400;5.2786;
506770.398;722820.704;863772.662;2927.3606;295.5206;468.7736;
401399.794;407017.570;464254.459;124.2575;-51.6173;54.3456;
541128.038;637873.354;610160.262;302.0627;37.4500;7.8298;
285323.319;737993.888;436377.317;17.8022;133.4110;10.4767;
201995.876;819653.580;479200.377;-99.8919;628.7847;-48.7548;
703518.890;173250.268;599404.128;534.1906;-390.7696;176.4667;
249953.136;611803.175;146871.315;-142.2482;237.1821;-595.0356;
562834.295;445210.242;600689.881;386.7753;-45.1154;172.8667;
252079.617;610340.787;576043.158;-12.2772;105.0027;36.3619;
205686.150;435245.334;391337.319;130.2338;220.2343;-38.4439;
301563.225;288587.612;419692.147;15.8422;-271.2087;-32.7839;
139551.678;495266.254;557805.759;-60.6834;-146.5461;3.9712;
198686.716;446700.428;437931.552;2.1002;-2.4516;18.4948;
198399.155;599468.864;602058.867;-217.2415;-4.2951;-0.8872;
256276.554;497485.923;782807.480;-21.4880;184.8022;553.6110;
194360.522;550535.612;689936.608;-62.1628;-272.3857;258.2899;
440426.001;495824.648;542066.719;-131.3734;-9.4768;-55.8445;
214110.881;320719.978;540271.453;31.4240;-3025.0121;-58.8064;
151587.481;512549.295;323201.504;-11.9600;-27.3317;-428.5872;
303249.551;562231.320;691373.114;198.4964;142.0427;530.9493;
225740.727;604464.714;534072.623;-406.6750;163.7337;214.7937;
473868.867;478448.113;261165.656;197.6898;-52.5860;-409.1661;
954349.159;155096.470;582415.328;775.4713;-791.3891;4.6179;
114353.007;450958.912;223629.646;-141.4146;-353.9401;-399.7986;
318971.124;454906.371;413864.587;-8.5297;13.9587;-34.1410;
305585.530;546610.684;498834.223;46.7176;50.2066;-33.4695;
382997.890;632951.334;677741.577;3.5758;132.2260;154.7230;
191369.187;560529.573;520588.052;5.0467;-11.8443;-174.8942;
852861.301;881364.836;579748.365;1287.8146;386.2096;-21.5876;
966107.975;100940.739;689855.583;1787.5090;-587.6482;209.9148;
255653.427;390631.009;372070.056;20.4640;-6.7184;-68.5793;
289537.921;165974.548;185337.709;47.5012;-479.3211;-442.0532;
374879.975;363162.995;538614.206;183.1776;-181.1633;39.7060;
746640.993;461931.079;471922.465;651.0367;-1381.9987;4.6757;
195987.397;637984.176;634896.647;127.6161;67.1746;71.0551;
136522.033;440565.090;703496.109;1.6760;163.9968;505.0940;
264881.504;274851.452;550462.443;-2.8512;-214.6828;468.7497;
186790.534;864775.490;567794.705;-16.1461;391.5485;9.7276;
118077.978;542190.754;415716.813;-136.0128;477.7969;27.6562;
564355.504;595851.804;550444.702;447.4676;42.6526;-18.5212;
689752.625;547002.857;338609.631;1181.1073;-175.0899;-335.5083;
273345.008;457447.664;491713.902;94.3723;-36.0757;-26.1513;
456095.178;398049.905;364208.493;265.1484;-19.5636;-83.9933;
333795.611;895978.011;471776.669;111.9492;-717.3420;55.1208;
290742.054;375470.549;700331.373;33.5004;-289.6252;666.6434;
736212.196;711131.942;597230.387;792.2489;644.4584;146.6792;
322995.582;446107.804;271401.683;69.3740;16.8041;-258.9913;
80841.999;478357.324;717675.996;-305.3673;-267.8513;232.6807;
376220.594;588615.925;566837.943;55.0823;37.5388;-16.5548;
129286.454;447902.710;494792.827;-348.3623;-84.6517;34.8809;
473974.226;994649.444;463147.539;775.3878;568.9618;-109.2540;
428104.855;475441.527;494174.021;268.0011;-24.0869;-13.4746;
351263.027;499961.730;208568.680;49.1220;-131.3557;-333.7568;
338235.525;587379.991;552395.838;146.0016;61.0652;-59.6857;
166748.765;431839.975;511966.108;-253.3471;-153.7714;105.8857;
276506.414;723077.160;365695.240;90.3987;488.8302;-238.9009;
361810.168;497773.210;553505.944;209.8841;181.5404;256.0372;
310697.317;495108.643;375772.499;10.2217;62.2279;-119.0223;
311782.340;437074.969;622628.247;7.1266;-10.4152;218.4133;
348915.901;665941.267;502574.190;171.5542;247.4436;11.1831;
247064.143;803114.051;383244.039;-35.8462;622.4646;-55.2763;
229699.791;308816.332;568863.597;9.3630;-359.2221;98.6629;
196391.505;588834.220;563333.781;-33.5532;-12.6706;-53.5096;
749540.563;428330.612;458987.781;597.3588;-23.9206;62.3864;
207767.233;416157.959;374420.413;26.7138;-221.1228;-159.6696;
199086.838;435035.798;496326.135;9.9623;-106.1432;8.2152;
206999.613;531848.524;839075.887;-12.6700;21.1177;438.2017;
351321.111;388534.906;414356.546;7.9088;-95.0970;15.9260;
102119.465;658247.104;420291.752;-153.4800;391.9780;-125.6680;
424670.270;454797.974;523488.750;429.3148;-3045.4981;450.6527;
652617.488;541203.531;180785.234;622.0152;-34.3231;-711.1431;
64764.352;549059.124;9729.086;-330.6028;-118.8076;-657.4390;
391097.405;554350.746;616794.134;254.8465;9.6462;1231.0622;
290885.573;520733.034;434378.595;172.4280;-5.8415;-231.5970;
82247.690;292833.708;222002.247;-304.8568;-395.4927;-479.5900;
779155.708;390940.890;401672.943;667.6104;-39.0723;-5.3719;
353113.312;385976.651;430359.562;-56.1457;-113.8837;119.9659;
419427.979;492732.767;447027.295;159.4219;-217.2438;-34.4980;
310197.168;322328.419;508300.326;46.4656;-1962.0291;-52.7964;
253744.966;625612.517;584477.036;10.0904;163.6923;31.5716;
250160.892;624000.290;565229.723;-41.1162;187.0835;27.1227;
543372.281;128435.099;495030.684;611.0632;-772.5872;-60.4884;
117985.022;511772.835;545341.856;-48.1198;-34.2960;13.1605;
207036.308;323261.923;522787.750;232.9414;-240.0676;349.6167;
158297.733;512646.886;473132.843;111.3668;-0.6351;-87.1740;
332434.159;537597.018;296635.520;34.7742;149.6218;-202.7203;
206746.203;640103.520;463453.975;54.7510;216.1296;-117.3353;
225107.560;429436.139;412363.330;-80.4757;-543.7804;-84.7361;
190427.918;427619.423;427677.588;-139.1892;-119.9737;-128.4983;
328485.151;262553.950;549883.592;33.7627;-211.4795;298.1340;
221280.708;383442.361;381770.649;27.2332;-0.6391;-8.0043;
220922.883;882068.884;775284.015;-113.1838;685.1244;1009.7652;
153037.143;429098.229;423046.001;-4.4490;15.2191;-39.1345;
259063.332;604746.681;434144.060;55.7877;234.5750;-106.9828;
196163.427;426539.959;426167.643;106.1370;9.3666;24.5478;
50570.331;391864.958;61568.380;-140.9338;-104.4236;-820.6743;
355415.128;453070.421;434725.422;110.4753;-369.9659;-130.8666;
813044.980;785794.141;258925.444;812.6024;624.7141;-313.7221;
200107.366;555810.779;524996.138;540.3888;-47.0902;-159.3079;
131522.948;355293.409;561634.780;-427.4016;-70.2239;251.3607;
387571.257;563684.743;233797.239;48.5305;-109.2022;-1073.8891;
160756.892;493952.699;969455.981;-2479.1391;-23.1135;556.8019;
243284.321;385174.434;555518.851;228.4147;-187.9114;137.0058;
320553.954;267956.837;657782.202;-0.4934;-225.1281;513.2334;
184543.599;466838.255;426969.869;47.1436;25.6194;18.1493;
196077.129;892535.098;554333.795;0.4681;1629.2941;107.5326;
85317.882;680145.252;662715.659;1038.3761;141.6992;114.4153;
260427.683;405960.628;320690.118;-30.9179;3.3156;-213.0472;
159462.665;99689.176;884005.655;6.6520;-621.1144;644.1145;
197946.200;542680.477;630920.790;162.8241;82.8869;514.3001;
313309.647;210699.725;351973.123;108.1229;-443.8369;-186.0440;
984524.010;496064.108;401172.856;2620.6058;27.7551;-200.1081;
883954.937;504855.616;472366.798;887.4821;46.5606;4.1669;
326015.841;553890.801;173696.596;9.8590;301.3032;1209.2338;
366530.440;497645.294;563326.302;754.8465;-7.7930;4755.6006;
101417.509;211014.656;532118.381;-338.3795;-307.2996;149.1757;
799446.632;485046.465;665577.051;42.3680;-5.6048;269.9934;
794300.401;536879.980;634594.941;-87.3015;27.0757;360.0300;
670677.346;137935.152;436944.237;-69.9745;-573.7481;-19.2090;
798467.304;736832.939;541838.936;-0.8433;203.6048;-213.9245;
874455.816;479309.194;637954.782;53.7957;-45.2377;138.6887;
291473.666;45696.602;821019.489;-655.5476;-616.4743;393.0044;
998712.059;520015.041;875893.995;335.8663;36.1964;685.2690;
802233.135;467721.754;978367.032;-8.8940;-9.8555;1112.4697;
592912.344;489277.666;622881.511;-338.9362;-11.9738;104.2715;
751145.486;322544.616;410438.233;-5.5008;-262.6686;-149.3366;
641596.137;686307.738;507069.012;-199.7092;272.4673;19.5458;
657413.964;759344.618;590389.776;-420.0214;193.7230;-8.4652;
916228.700;530090.437;471769.080;169.8004;112.9918;-11.4980;
866209.661;476822.490;469022.897;290.1945;4.2202;-47.8471;
841120.694;325819.299;405672.445;-3.9553;-154.1272;15.6228;
627471.758;386212.292;603738.385;-12.2350;-184.5075;55.9340;
694668.810;20122.492;458260.667;-51.0740;-998.1713;-3.8172;
973939.217;508003.916;545955.508;304.1801;-6.1899;80.7697;
695653.543;433691.757;529445.028;-32.1064;-15.5391;165.7187;
659560.287;425937.678;500949.557;4.3325;21.8278;165.9059;
671394.331;772316.197;555976.037;9.2727;571.6898;-67.1489;
151401.276;398497.309;337807.554;-726.5170;34.2796;-102.5949;
776461.380;631403.497;372084.818;-14.1581;217.2713;-492.0485;
887953.950;833783.836;487613.384;-3.1206;562.7001;12.8938;
723030.778;623505.564;340597.616;23.6719;244.5225;-258.8440;
770143.664;962769.237;285998.052;-128.4886;1116.9764;-250.8786;
836177.114;576628.535;447965.444;26.2924;241.8742;39.1174;
898934.893;806240.493;577329.231;42.6059;1182.9446;36.6790;
832602.772;348825.934;923885.464;41.0725;-346.3816;1610.3560;
414793.842;462851.121;481129.402;-469.4339;-153.8793;-16.2583;
551142.551;40978.859;468875.235;-292.4331;-662.4561;-140.2134;
655300.949;314043.685;52241.086;-629.6913;-465.3008;-1579.2544;
659070.388;842745.157;707569.702;-420.1233;909.0748;810.9476;
909666.253;509445.397;449974.685;156.6828;45.1984;-103.0117;
854277.763;517732.827;431903.453;-6.4053;64.9844;-53.1522;
810212.056;631344.783;237171.008;-3.3065;108.5466;-406.8466;
747288.929;507964.531;133384.692;-62.4746;-45.7626;-606.0825;
722331.045;512946.017;492746.853;110.0345;75.8879;54.6345;
692318.120;662875.539;464790.592;-49.1478;163.4932;-88.0743;
503412.992;529939.158;29794.532;-293.3703;61.4469;-607.3346;
885188.891;752100.181;617875.006;131.3763;368.4388;29.0934;
865458.988;423511.561;119347.510;143.5290;-80.1223;-474.0760;
774363.879;284356.401;594072.924;2.4672;-335.9021;156.1297;
383362.160;710573.783;372321.225;-620.7055;175.6426;-333.4892;
715031.725;987735.842;415995.580;-32.2409;792.2251;-49.0416;
891051.519;616070.240;603960.128;141.1606;32.7350;-1.7601;
772543.489;500478.796;379019.799;-22.2809;159.4417;-94.2933;
758395.965;240022.538;88830.519;1.7083;-427.9586;-470.4060;
719513.340;709194.622;574715.389;18.9056;295.3571;16.4353;
521671.060;996122.956;438058.484;-187.5067;1012.3772;28.2169;
721075.383;164653.171;808322.869;51.5022;-668.0058;413.3358;
729794.292;524373.218;459322.242;-64.2051;98.8255;19.4930;
806825.853;446594.948;782069.493;96.0757;52.8504;483.5628;
722344.831;631004.592;292849.453;7.5555;130.9260;-417.0459;
920748.257;632190.994;454875.382;446.3382;269.0828;-3.9901;
652124.036;498383.830;346547.599;-282.1666;-25.2407;-201.3212;
805565.455;561880.637;473126.028;-31.1368;40.3272;-146.7173;
859581.005;13926.870;346087.769;37.0983;-575.4822;-1500.4489;
540742.300;627398.742;626618.612;-386.0745;-2.9537;-3.0605;
561852.641;408007.553;480092.327;-539.3293;-336.0842;-13.0362;
821990.856;544511.037;704834.203;203.2571;8.2813;251.9875;
269550.825;557155.659;639314.401;-668.6999;-120.0862;2546.7022;
726993.319;545858.907;238724.682;-48.2945;-11.8961;-308.8744;
749496.366;385500.285;371804.172;2.5028;5.5613;-271.3095;
768562.880;555866.939;460503.033;608.4272;128.3718;-20.5735;
860892.800;243378.061;465781.127;84.6626;-385.8530;-116.3614;
805106.974;740186.502;536243.791;-9.4086;985.1695;45.9615;
981774.384;550776.849;540216.661;294.8381;591.2649;113.1721;
578332.704;622702.858;562094.520;-23582.8167;172.6271;72.1027;
814192.349;569178.899;574261.964;-1.1816;-15.8527;-6.4980;
691443.046;405188.577;401889.315;-164.7970;-81.1110;-283.0946;
812074.811;710365.708;181695.215;204.5136;235.7067;-716.3081;
742110.576;577049.528;123601.583;94.4740;188.6370;-937.7257;
872193.980;589667.853;496455.400;364.8074;47.1116;-119.3563;
690545.907;603551.993;617269.522;-165.1248;-27.2482;6.1587;
857068.649;655736.382;536229.191;25.2748;295.0808;82.2478;
644498.281;754548.664;340500.717;-72.8714;900.1456;-221.5396;
821566.577;799970.878;401413.616;49.4058;709.0259;-153.7205;
855576.256;490533.913;508601.000;10.8633;-64.5646;-23.5001;
799192.217;344964.938;430184.428;-6.1892;-160.1801;16.4385;
782450.708;962126.088;498406.327;75.4432;515.5553;-4.0510;
696849.357;582322.813;585994.733;0.6939;35.1429;33.7540;
698166.998;318126.358;465983.636;-48.5935;-287.3459;-75.1141;
723858.293;242539.715;375124.990;-88.1608;-499.5511;-178.6544;
897324.552;559572.065;524867.810;201.8111;-17.2421;-47.3955;
899650.943;497856.418;699214.220;203.2363;-208.9684;383.7993;
761073.058;437770.812;591226.819;163.3121;32.8004;641.8540;
702425.650;962666.080;796043.589;14.2012;693.9702;528.4746;
846870.071;449490.750;494416.923;16.6304;3.6479;85.5821;
639185.704;443710.306;317867.637;-7.7477;-61.4435;-198.3548;
529476.625;350096.899;918160.864;-373.4511;-483.2791;796.8601;
303843.608;581585.400;505402.333;-1140.7310;164.8429;-4.5312;
836879.923;579363.489;532336.256;89.1225;136.8512;4.4527;
611497.569;562838.576;551584.656;-86.0727;-66.4649;-67.0657;
350776.926;788128.695;343946.574;-562.5092;399.3167;-881.8759;
644482.573;508699.387;482490.263;-41.4650;27.8268;-76.8958;
626628.093;533098.063;503505.697;-0.0714;-20.8419;-57.0505;
722163.597;461122.010;533478.493;64.5479;4874.6733;66.1799;
774046.718;525055.220;514822.752;173.2771;72.9091;78.0420;
611844.052;432209.245;587959.825;-190.9741;-486.4875;124.7635;
632679.757;546899.959;611425.872;-166.7611;-50.8663;54.0578;
708869.953;529737.599;831121.908;75.3426;-26.2749;563.2884;
634300.464;568112.649;183817.877;-0.3534;33.8053;-633.6096;
678173.687;927330.812;746603.493;138.1157;584.0901;279.4455;
708939.088;541767.649;513943.628;-32.9912;81.7529;40.6742;
922092.354;570010.716;435180.113;236.5551;-36.7843;-284.5523;
670830.452;629779.022;539165.092;13.0491;72.0506;-96.7035;
688576.960;328078.714;608276.554;4.3275;-213.3500;236.0523;
716300.864;384853.691;424056.080;-71.9939;-62.2429;56.4044;
654821.323;560190.884;542637.300;-4.7320;-26.9632;-40.4460;
758478.155;381919.680;287338.940;-26.0457;19.0297;-2090.8713;
585546.022;184263.936;549442.824;-151.8095;-2367.2100;68.8109;
586090.008;333088.897;567937.142;-226.9444;-1505.2803;126.4222;
680576.982;514134.006;556016.141;-109.6806;59.1841;105.6119;
550053.770;639347.960;491549.123;-353.9391;394.0300;242.7043;
635606.462;536617.315;501333.869;-53.4703;26.2179;-21.2916;
942521.653;162210.027;565627.044;197.6468;-503.3388;47.1640;
877921.840;705777.391;561779.997;200.2382;252.4523;13.2077;
738839.089;438275.066;276583.343;3.2691;-47.0153;-339.0211;
704379.061;425523.010;461331.672;-59.0995;-56.5764;1.8199;
527101.443;451095.091;490681.676;-788.7753;114.3064;109.8023;
725228.110;740034.120;524867.447;14.2380;506.9072;-82.0130;
840948.008;42899.899;580205.171;14.6867;-4828.3656;39.6493;
795624.221;544634.396;443839.854;58.5280;92.6798;-71.3500;
689123.888;396075.739;158996.966;-1.7389;-10.5161;-356.7155;
793612.752;923107.389;408744.507;-27.4804;864.5673;-485.7168;
677220.890;586532.486;925286.514;-148.5968;186.5478;503.7328;
697145.828;412220.232;401677.920;10.6654;18.8021;2.1192;
711411.690;515905.787;452021.237;61.3986;11.5443;-573.7865;
463524.587;520346.942;915997.263;-425.5718;-485.7868;2045.4720;
680430.524;276224.252;872804.455;-11.9050;-319.1271;501.0519;
783401.853;465588.548;286313.113;-36.8028;-121.2759;-1172.4167;
529275.784;620123.537;668843.518;-511.0562;16.2402;73.4587;
714783.765;371421.327;922927.911;2.3559;-336.8057;701.3950;
667735.711;690319.707;682931.132;-6.6249;245.1281;189.9700;
811454.399;731062.091;472866.599;0.8375;332.0850;-65.4661;
736330.766;644042.241;514123.380;114.2020;193.8740;-260.8699;
435957.180;469966.486;538817.558;-2563.5280;31.8227;300.0494;
709066.964;531151.032;672717.864;243.9750;65.2571;822.1690;
335500.366;504308.934;854732.037;-6087.8331;0.7662;410.8698;
706040.857;760917.989;849773.509;87.4636;641.3132;533.7711;
810268.244;606629.094;139725.556;34.2779;136.2098;-470.8097;
631818.427;601130.884;546684.478;-20.1059;36.8492;-1027.1654;
665499.073;522172.054;598756.284;23.7993;16.0630;115.3668;
657857.324;492033.106;761775.618;-38.1092;13.6577;359.8604;
986706.442;371073.712;558808.090;260.4250;-157.2272;155.1482;
631961.919;806990.980;541117.443;-96.4540;544.8056;-1.0136;
674060.036;547763.751;523076.908;-68.6968;72.0808;0.0861;
609504.240;487108.908;327433.840;-229.0858;-127.6675;-339.2841;
789457.141;723196.270;312646.172;-7.3878;299.5068;-369.0321;
837661.502;392561.980;444639.451;19.7619;-21.8358;81.4585;
810939.034;587865.644;585915.314;77.3093;134.1343;4563.3411;
785000.538;823913.676;534798.867;5.7399;762.1421;84.4146;
617626.564;433458.145;680116.396;-318.4667;-48.2023;353.3468;
776620.841;598069.889;587900.792;12.6455;17.4908;-85.3903;
544509.822;505477.783;261742.287;-525.5646;-66.6574;-1406.7296;
684406.184;467902.100;662986.462;11.7294;-1356.2657;188.8960;
887487.299;930341.666;530753.043;1.7221;620.1397;14.4341;
777474.037;322392.340;381041.170;39.4153;-295.3699;7.4298;
816982.676;942886.392;541348.326;-86.0696;700.7425;-36.8549;
148196.336;464197.471;524188.773;-920.9777;-42.2938;-5.2167;
746313.475;595922.233;872471.526;-95.7253;221.5487;656.5145;
798813.043;506518.542;819220.328;-3.2498;-96.8545;357.1929;
991265.539;569831.456;786060.081;625.1624;-7.7985;305.1944;
673170.256;908770.029;555329.673;-144.5152;610.3036;-12.7003;
883558.983;379180.511;401531.090;2060.1729;-1.7917;53.7072;
556546.566;130841.635;495136.205;-5093.8521;-428.4484;107.2394;
388741.900;671771.426;587114.768;-651.8440;435.0333;69.6703;
861825.862;658192.134;661812.830;-29.0617;217.4048;192.4698;
613222.279;359438.329;405288.465;-141.9817;-113.6045;-33.6243;
560116.623;246158.999;429520.315;-162.0363;-432.5388;-6.7137;
751832.579;533698.697;517296.947;-15.6069;106.1944;138.4906;
865670.791;639434.891;342244.652;79.1952;109.6216;-405.6036;
815410.875;555335.059;568634.390;16.4764;47.6963;35.2606;
841809.629;610844.862;528357.133;-17.9868;51.2705;-108.6566;
142759.041;508727.580;515924.758;-638.0541;-5.7953;5.8817;
769547.237;587286.828;846230.972;-3.5858;-2.6717;1135.5220;
718079.076;716212.873;664588.700;-27.6374;1105.8469;250.9834;
656906.714;444889.284;110930.501;-3.1653;-138.7687;-1043.5695;
633122.972;592631.681;512346.566;-52.1721;-12.7667;-114.3676;
625017.776;33653.604;382018.496;-170.9117;-501.6039;-64.8998;
625727.161;394392.486;532787.282;-1352.6400;-662.3254;-107.4022;
524652.886;649767.307;365834.353;-235.9389;279.0636;-151.2031;
773837.692;478017.355;508042.655;25.2943;-29.3186;16.2892;
903735.133;527953.434;893350.424;215.3063;60.5483;549.9227;
656171.337;379225.808;449158.843;-0.5513;-184.7837;-22.2456;
650620.232;446150.691;153579.608;-221.9531;57.6391;-847.0082;
893088.535;919069.516;713838.222;256.7915;2338.3553;575.0153;
737417.948;472421.940;763333.608;-7.3281;24.0502;378.9933;
460853.357;880324.516;562691.542;-590.0498;3336.6078;-116.3157;
693937.896;297132.649;632187.068;9.1885;-449.8642;124.1720;
776335.788;849266.481;608101.021;11.0379;599.1491;91.3454;
941935.726;512966.675;470174.890;216.0415;-29.8494;-26.7497;
818865.811;493624.145;586809.033;16.3173;-107.3133;96.7868;
803728.044;597741.348;403302.780;69.5313;328.3633;40.6241;
778969.992;418510.068;494540.595;-94.2192;30.2156;133.2702;
881112.490;716617.443;296458.875;81.4450;415.1956;-186.5277;
659022.464;637204.093;543279.266;-233.0963;166.8611;-19.6590;
755537.562;385259.766;257307.759;-104.3301;-100.0440;-377.4946;
785712.626;200978.717;382718.220;21.0516;-318.5165;-245.0475;
708186.289;441209.731;553071.693;-16.5193;-143.2940;41.9177;
783668.591;636969.094;615202.574;0.5017;41.0684;41.4445;
739464.505;592801.557;623389.479;21873.3868;86.2476;94.7947;
879671.631;419555.286;710657.528;312.7090;-160.9338;235.6204;
483027.319;396816.762;630499.543;-320.2766;-303.8632;215.1767;
940021.855;328330.845;819805.640;351.9081;-203.8338;606.4843;
705042.552;462846.095;450363.879;87.4846;69.4145;8.7320;
198431.264;455293.579;507468.586;-292.1828;-81.2282;-86.8906;
690614.659;460311.740;97745.651;-344.2086;-64.4980;-3096.8905;
800285.359;600668.072;593658.272;-40.6249;13.8014;5.4771;
818270.627;595557.964;165885.979;-88.1195;1.1300;-924.6986;
751778.999;138567.376;543757.039;-10.3001;-459.2854;76.0505;
556745.167;389360.561;710374.138;-1596.3628;6.3970;423.2344;
738861.104;756202.563;948447.792;-10.9420;297.8716;514.9641;
772901.091;561245.806;481713.277;70.4686;136.5685;12.6907;
750690.998;381737.521;186161.009;28.4486;1.3210;-269.6586;
728843.140;693573.249;997848.691;90.0123;479.1790;1044.2252;
621161.091;553738.699;541606.883;-95.5339;-32.6473;-19.5252;
867566.886;454740.725;488482.931;66.4156;11.7082;59.0756;
642378.122;275480.918;386607.524;-38.6217;-2126.4923;-50.6148;
401189.322;554096.783;712615.388;-4061.1885;34.4580;426.4708;
849249.791;332726.690;443974.351;286.2745;-177.3074;73.0837;
747906.668;718719.566;568090.511;46.2108;374.2387;103.9145;
613431.320;188093.102;263684.576;-109.7764;-626.6118;-351.5507;
613820.047;775807.916;530902.948;-341.7986;386.6660;105.6539;
723576.766;604264.067;631662.878;-66.1927;-106.1217;0.9784;
664453.823;394872.025;132086.147;-229.1384;-148.0210;-819.0842;
716985.611;369253.897;479292.909;-66.0394;-114.3867;-95.9759;
166238.151;586472.721;526366.525;-737.7270;111.0008;46.5414;
732061.440;253294.017;324236.598;82.1352;-690.5776;-298.3691;
881041.751;389786.503;386920.944;195.7943;9.2404;3.5454;
769162.800;410893.704;95285.511;48.2856;-304.4128;-455.6970;
530290.301;469454.890;342257.639;-272.4367;0.1557;-56.8500;
633861.456;564552.212;336355.575;-5.3079;419.0735;-238.4613;
796314.501;518297.787;69732.633;43.9757;-38.4967;-753.6136;
738485.013;588216.176;583915.500;24.5679;-5.6442;-28.6068;
570849.034;509578.461;728281.058;-368.3599;-116.3223;355.5709;
507619.324;411986.354;333298.400;-7584.3759;15.7901;-208.4387;
716719.083;545127.062;436472.983;-61.0922;29.2882;-256.6844;
786653.806;460770.147;66592.007;98.3812;46.9564;-2467.4959;
153100.292;530641.792;150466.479;-1219.6728;-3.6480;-673.1930;
748316.020;835274.767;507634.617;245.3048;609.3095;28.8672;
712774.949;611145.525;613334.248;-18.9092;2.5591;5.4668;
766925.188;511438.570;561026.122;-186.7626;-64.4110;41.0629;
646119.258;648062.924;581642.189;-12.8098;111.2246;11.6608;
441250.023;501035.914;638768.877;-4566.4467;3.9144;941.4056;
713718.142;735339.087;400610.174;-79.3832;330.6501;-54.0697;
636390.958;390564.241;420246.726;-42.6535;-40.6343;4.7564;
715208.864;403584.181;218159.158;-32.2084;-196.9428;-584.9874;
812436.793;49721.046;511486.191;-10.0855;-453.1270;56.5652;
777800.572;388025.192;424371.651;0.0725;-69.6297;-13.9817;
654572.215;507064.909;494093.377;13.3221;13.4611;-26.8698;
747557.909;489091.319;996378.892;-8.5197;-12.6830;639.2808;
723713.954;622668.352;599911.851;75.0977;40.6214;16.9633;
786077.716;578185.368;364237.381;33.0349;97.2023;-203.5426;
868689.289;587767.122;601768.504;192.3007;205.4250;238.8654;
659273.995;588482.247;596899.428;-14.2606;5.2530;-11.5347;
825468.787;622598.024;920538.393;2.6281;324.0499;789.0749;
785313.707;615058.222;483318.232;-24.1609;448.0491;-20.9439;
793246.747;391426.200;157203.069;-97.7067;-108.8394;-416.1927;
738127.547;62943.101;199888.520;51.4705;-454.7285;-281.1097;
867310.007;502149.839;588137.694;-0.8015;4.7290;154.1925;
763775.583;670010.974;864501.536;9.9508;224.5716;623.8845;
718051.487;553242.173;513921.320;6.1059;53.1117;2.5609;
678554.461;445000.779;414931.697;1.3104;13.6482;-42.0957;
702648.578;654487.099;217391.343;-98.2268;174.1538;-300.9347;
577099.273;550773.148;685178.086;-284.1117;74.4486;377.9917;
619158.985;419671.016;532527.232;-472.4673;-187.1515;-34.2427;
665794.408;682238.040;457559.061;14.9354;275.1478;-88.5866;
829020.083;417541.470;373701.308;809.3389;-126.3868;-295.3018;
624041.442;366000.106;350332.023;-339.6405;8.0872;-201.0199;
934500.103;602226.770;725576.175;365.7359;70.2727;271.5063;
747639.760;614831.199;612805.571;25.8201;2.3380;-6.0671;
758309.981;318934.302;399262.484;38.1848;-361.5185;-125.0971;
720439.350;451399.739;460583.849;6.1367;-7.6552;11.3139;
617889.158;502626.565;658014.425;-304.8169;0.1454;187.8418;
873893.374;604375.548;373199.790;518.4064;259.0807;-69.9885;
736699.835;366511.178;368288.990;27.8025;-36.7826;-4.7153;
538728.037;382242.879;649764.463;-197.9639;-15.1972;831.5067;
872547.440;540187.671;466923.648;431.0173;-29.5909;-158.1626;
790097.970;657371.328;733452.432;68.2340;256.8766;314.3358;
760841.823;668642.526;467785.233;46.3629;91.3155;-263.5180;
703865.107;605806.435;565792.462;39.3095;344.6203;-5.5749;
773428.228;501204.924;583927.179;38.3300;-19.5051;279.2274;
778626.955;832436.901;869539.231;-74.4767;322.0286;783.6997;
785446.521;848352.341;572837.124;17.0893;507.3766;138.9225;
680156.237;380797.131;321358.479;-96.2995;-162.7119;-222.8347;
729664.067;406528.266;417099.158;102.6583;-16.7773;-1.7128;
687940.224;452945.096;140800.019;-37.5045;-3.4592;-403.7756;
963078.990;444847.591;582503.633;283.8822;-288.6071;-2.9704;
639320.096;451369.089;407763.387;-494.6584;-40.3602;-103.0614;
707832.809;522188.085;482424.143;-101.4996;27.2379;-10.8484;
798507.064;474190.453;597009.303;150.4355;-66.4658;113.4437;
684628.600;642848.415;170428.841;-9.4575;152.0960;-476.0435;
833609.471;337450.340;453226.010;29.2358;-165.0001;100.7692;
844940.098;371541.636;581176.430;-0.3207;-434.3074;11.9662;
753089.496;393952.466;388783.480;-27.9660;37.7231;1.5618;
636381.287;511667.072;505345.265;-15.2008;2.1688;-11.7693;
711457.972;536469.787;852365.486;83.6215;-134.3494;1346.5058;
754168.350;665051.085;509337.909;68.4765;233.6024;25.5824;
296810.865;462943.451;726979.001;-752.6342;-97.8111;785.3375;
648224.131;590554.993;766960.553;-72.5101;26.9937;2499.5867;
323965.580;568346.434;200063.951;-556.2197;336.9328;-352.1801;
761325.472;608928.433;317742.915;-2.0696;62.5858;-1257.2664;
745002.884;695921.238;509333.671;-29.0600;257.1769;-42.5262;
740349.742;389981.104;144063.443;-115.2695;-5.6306;-439.6159;
741741.192;631145.018;110347.655;-16.0642;175.7547;-521.3502;
749775.164;554773.761;473500.183;43.4866;304.6988;4.8067;
153477.623;598375.566;408867.236;-886.9943;341.8128;5.6750;
845121.793;468329.578;316057.531;-13.9624;-8.0809;-637.2315;
