# This file was created for the Modelling and Simulation course, RUG (September-November 2019).
#
# Project: Simulate colliding galaxies, using Barnes-Hut algorithm.
#
# Students:
#     Stefan Evanghelides (s2895323)
#     Hidde Folkertsma (s2759799)
#
#     X         Y         Z         DX        DY        DZ
243290.234;441575.269;439519.219;-97.0100;-4.0964;-18.9813;
320976.355;439289.486;439475.522;116.0049;0.8696;42.4587;
212152.557;401257.028;401196.740;0.8116;0.0237;-0.6750;
177499.886;528377.423;518836.064;-0.1196;166.4536;0.9961;
215008.377;396553.454;396558.152;-2.5936;-0.0913;-0.0266;
167980.245;574777.262;574864.380;-32.0410;109.8023;-2.8884;
303812.227;528919.270;530873.382;1191.6042;-2.8492;27.1611;
316807.723;463587.171;457292.362;0.0505;-8.2105;-216.0947;
199722.477;540686.194;569681.263;-0.0787;-7.1016;598.8198;
244559.838;567895.918;506484.725;107.0521;3.1068;-992.8279;
306578.896;503223.524;510120.495;1.5459;-0.7306;11.9673;
194902.441;483296.655;446777.489;9.3372;29.5120;-472.2720;
271131.525;420684.433;416507.774;0.0943;1.4721;-46.1418;
212939.924;413865.424;415754.135;-0.6193;-0.0196;116.8209;
233508.309;604763.199;756343.290;2.5529;778.6954;1621.0104;
128400.635;513054.666;515440.361;-2745.0232;52.5826;245.2760;
207662.252;589637.271;589053.743;-0.9743;7.3456;-12.2963;
189717.180;567101.930;563185.362;-0.0230;-3.7207;-42.3243;
269489.474;495025.371;506114.675;-4.3775;79.1572;207.6949;
271430.653;514982.270;938744.643;-5.0774;99.5133;3772.8757;
251876.017;492974.140;322961.328;-382.7946;168.7602;-3248.0308;
164349.330;507969.370;505522.232;-0.0655;-388.6213;-468.6835;
255279.215;985256.861;487222.541;-264.0161;10931.4196;-26.4125;
288826.882;374195.487;374192.858;0.2457;0.0266;0.0129;
308720.140;478135.003;494041.836;0.5006;-30.9464;361.8388;
267580.621;566799.236;579335.363;-32.2370;31.8263;199.1426;
245910.656;502247.669;514276.556;-138.6771;-14.1567;178.6417;
214477.030;499223.831;454277.669;-4.2796;8.9324;-340.3376;
161087.301;517553.512;517657.835;-0.1705;-44.9601;-72.0458;
289899.049;443396.898;482781.285;0.9218;-3510.8786;-16.2383;
259209.018;498443.775;473316.453;32.8011;41.9059;-284.5950;
226472.876;473827.324;497515.481;-38.8486;5.5085;169.4683;
188933.923;570741.980;568060.803;-638.4917;-5.6605;-2.8054;
177258.099;574094.923;556359.992;-0.0932;304.8717;114.8407;
182287.393;498321.997;608173.371;0.0061;-2.6966;745.3765;
243661.914;483553.322;482780.457;-319.0695;-85.8541;8.9400;
243380.431;483787.771;482955.145;9.1463;3.0389;-6.8919;
300465.601;431984.044;431029.940;-2.1808;27.4922;0.6378;
273802.124;473545.665;469733.061;-12.3525;42.1475;13.5234;
249213.439;510440.190;512615.680;-54.3638;-8.0223;1.3403;
299864.986;437417.130;424391.970;-64.1503;9.9899;-14.0847;
217339.163;672798.902;520158.295;-42.3442;1554.0875;-1.1919;
188724.879;421351.574;420016.249;0.0183;85.6069;38.2247;
378959.741;471299.625;443355.650;-3.8702;-4.5916;-147.5561;
238523.111;468687.920;467682.740;30.3765;10.9740;-18.5897;
281722.844;332121.501;570529.677;0.1407;-7708.8731;3.4780;
294745.455;417880.641;418231.796;35.6150;18.4650;49.6847;
310020.055;379564.123;379558.035;0.0869;0.2923;0.2607;
253062.593;592171.714;597024.088;-27.9208;8.1406;102.5334;
267495.167;512370.724;704869.520;-348.4126;-1.1983;1319.8771;
132486.726;506587.183;504637.944;-537.7771;44.0202;40.8828;
30439.194;520158.527;523436.254;-1566.7376;24.1728;32.5062;
270973.190;531444.751;529537.604;40.5597;11.4406;-3.2556;
212821.329;433745.416;424104.302;93.2445;9.9958;-72.6778;
252519.678;521523.399;536749.025;627.3804;-304.5362;86.3850;
84438.607;536949.499;529369.731;-679.9829;-60.7065;-61.5030;
250381.594;497246.465;528390.636;16.9541;-35.8092;205.6613;
469112.471;528792.834;522903.885;1476.1338;3.8339;-29.5468;
275976.343;788919.826;445352.988;-3.6608;10107.2434;1.5824;
226578.352;695885.952;505694.054;-3.9195;1221.1624;-76.8764;
263535.358;590778.740;590780.258;20.1410;0.2681;0.1917;
355310.004;486173.452;488235.319;2934.3595;-8.4578;-4.8927;
323867.646;494650.285;494129.642;1.2897;3.0790;-4.4529;
227855.059;512081.090;501145.955;-3.9469;220.8532;50.5684;
227015.585;533940.067;538779.181;1.1879;-209.0394;-220.3220;
228056.214;530514.844;499746.230;-162.8616;117.0382;423.9436;
245379.674;311167.227;538142.440;-1.7289;-1151.5022;2.9483;
386989.691;501064.281;494383.475;641.5234;4.7522;-230.0578;
267628.315;500941.091;319903.888;7.7378;-86.8480;-1317.9359;
316361.966;523191.202;892188.112;-4.7164;12.9401;5457.5937;
239953.004;497149.461;480711.517;16.9586;-162.5338;-211.6626;
257626.728;540068.337;496998.960;1.6262;256.4940;143.6213;
394165.385;477401.957;476646.886;597.0475;-1.4689;-5.3327;
272956.903;617900.222;483527.246;14.3343;990.8089;75.1342;
231266.375;399943.643;402518.005;8.9067;-253.5254;-2.6174;
243666.315;459202.097;462794.932;-120.1779;-35.1913;-6.6098;
271022.240;572916.365;572821.732;0.6879;0.0909;-1.0222;
138223.212;583644.146;583700.255;-1359.7099;0.0158;-0.0804;
180114.171;395009.919;434236.086;0.0928;-936.0560;-0.3522;
169267.365;484523.406;482120.105;-0.0536;164.8624;108.2983;
267633.086;909859.075;495363.075;0.0672;2264.6316;-62.1541;
235894.108;570716.324;532710.957;-59.6903;249.3013;-25.2991;
344089.354;546698.382;541064.372;290.8550;33.8443;-5.9509;
225289.975;530233.334;511601.765;7.6331;175.5518;97.5238;
356663.799;484512.453;547333.770;158.6042;-1265.8203;0.8064;
183870.076;399457.495;462504.066;1.4969;-317.1709;89.0134;
187007.286;503167.662;506847.517;2.3192;-40.1128;-144.6371;
213772.318;410520.878;481267.560;-8.7028;-434.0644;-5.6133;
180940.764;526845.627;526849.921;-418.9138;2.7668;-1.4559;
207694.199;463303.368;473316.559;20.9292;-17.0988;39.7178;
251509.400;598462.796;595929.070;-32.7021;57.1619;-0.2168;
68503.595;489360.191;488313.268;-4328.5249;-24.3125;-59.5099;
245406.528;486843.013;514520.299;3.2000;48.6201;383.8700;
285446.971;536609.537;527859.733;2.5471;-61.6845;-125.5997;
243788.915;498046.609;500421.411;63.1099;22.8851;22.9570;
286215.209;454637.029;444071.795;-8.9166;79.8352;-28.0085;
181856.424;516005.696;572628.201;20.8928;-0.1548;1439.6918;
264128.705;523155.098;518077.003;23.1774;4.6237;-77.8747;
175201.556;508781.048;499076.345;354.8135;23.0761;-27.9742;
227339.134;701619.025;533357.692;-310.8518;1173.3547;7.3021;
277393.322;329876.446;526619.251;125.7753;-1435.4689;98.3452;
326787.338;615038.307;615039.504;1.8705;0.0257;0.0003;
242983.328;507362.601;443560.669;36.7256;174.9032;-334.7964;
154620.355;499311.351;566112.817;-0.8837;-2029.5584;4.5358;
315185.227;566237.227;570773.024;-0.3457;-24.0660;0.9821;
197394.571;481570.545;473750.046;-0.1258;1.0073;-93.9304;
293021.305;586942.790;585490.284;17.4924;13.5538;0.6102;
205030.758;577533.485;575719.961;79.7810;0.0270;-26.2934;
296970.114;450619.318;952294.599;139.8864;-122.4844;8750.6957;
407123.404;498834.818;502457.762;1414.4117;-94.8127;29.1004;
235720.649;541023.105;510925.702;6.1246;282.5586;10.3539;
294710.635;554751.586;554939.849;-29.0471;4.5222;2.5932;
588509.036;505964.358;486525.327;2543.1183;63.8338;-85.3879;
292299.130;514953.507;520411.407;0.4535;-46.3373;11.7463;
179905.449;501000.690;493356.027;-1225.1927;29.8887;-16.2138;
242244.655;521523.433;542707.767;-16.3060;-381.5504;59.1272;
306289.799;452499.620;113525.179;104.9492;2.9555;-2831.9562;
306184.161;474411.607;475023.647;185.7990;-68.5605;39.9049;
220762.129;514637.461;692180.572;-0.9607;10.1067;4343.9897;
328740.931;560660.025;560485.011;-0.7561;0.1635;-2.7479;
137041.658;467800.100;471942.416;0.0102;-34.0218;20.8338;
169845.996;491840.499;531004.307;-137.6268;46.0391;554.1934;
332003.109;523023.446;473916.383;590.0823;199.7317;-368.3143;
262573.632;520343.211;534203.119;3.3056;-23.4727;121.7894;
276009.154;476516.447;475900.969;-5.8772;3.6186;-1.7652;
268697.573;454592.194;522369.566;-149.3948;-74.7859;153.8340;
309680.101;487413.647;514448.149;-0.2885;-2658.0786;-3.3881;
332156.060;591511.874;571177.685;-80.1919;79.7124;-588.2282;
278242.641;452659.559;469302.832;-3.3122;42.5406;315.0456;
264511.938;826009.245;486485.023;-9.0218;1780.0009;14.7530;
205798.817;561696.775;562008.027;-0.8507;-20.2299;-2.3026;
198776.905;484339.144;483327.286;0.2289;1.5981;-5.2355;
218208.983;461121.058;463910.695;94.6434;37.3574;43.6881;
230535.315;442887.045;443789.485;207.8278;144.8812;-108.9953;
245709.890;445402.675;517371.470;-50.3940;-1832.0553;-43.0050;
213696.414;531677.157;540835.048;0.4501;2.8004;314.8185;
309326.681;462050.353;538352.531;24.2355;-800.5833;-97.9509;
252072.803;480009.231;464486.664;43.6250;210.1846;-15.4118;
159704.172;269137.488;505283.607;0.7756;-1165.7951;6.8843;
168142.086;659623.734;497201.005;4.1168;2661.6964;0.4769;
128630.545;542966.195;493137.991;-5792.5066;593.1511;-1.2402;
205519.547;663228.657;495627.502;-37.4067;861.5923;1.4921;
191609.473;483963.423;480878.271;-417.2649;-21.1877;-46.3963;
332854.662;470634.244;219397.488;692.6342;-125.6434;-3121.2520;
182132.177;532655.483;535410.646;-19.8164;-124.2940;-7.5749;
343923.646;412598.319;442290.834;0.0130;-704.2703;-60.9713;
242362.427;277992.125;483622.931;-75.0175;-1155.9637;215.0408;
173841.282;478288.974;478215.850;-0.0507;-1.6776;7.4484;
187331.599;373323.574;441542.247;-0.0165;-1253.4623;-103.9227;
419242.258;490116.273;492114.352;1075.4007;-43.4851;39.8179;
351002.919;558219.737;552327.415;892.2621;0.2285;-51.1967;
218589.084;451953.051;467183.196;104.5511;7.7611;380.0042;
207474.590;752133.855;472064.336;-2.3409;1396.8458;-8.6060;
200036.413;401625.387;400115.290;-21.6545;-0.0376;-10.4722;
250266.896;442686.569;423050.239;-76.0184;-32.0521;-298.7227;
201570.514;471262.738;444658.634;-35.3104;8.8208;-805.2027;
304527.347;492435.937;362921.440;259.0426;24.0382;-1045.9447;
222230.151;522853.823;474296.980;-0.8217;443.4280;1984.4477;
201234.931;371274.402;371276.002;0.6816;-0.0031;0.0038;
243644.983;333130.122;547379.713;-21.3149;-1083.1207;246.0114;
247750.063;430243.290;487194.444;-30.5085;-551.5400;-228.4030;
193888.439;465717.034;469873.535;0.0428;-28.2641;-2.1616;
168673.427;568582.021;573729.919;7.2433;-0.8073;5076.9620;
242228.755;521059.563;525043.527;-37.5504;-40.6373;-10.8172;
248888.179;527052.819;342882.756;-28.6917;2181.4590;-882.5828;
277667.703;567149.361;222766.298;0.1747;-16.1365;-1973.1064;
201422.787;413562.130;420038.320;0.5856;-127.5341;0.6764;
195689.349;423389.234;423850.934;-0.0975;6.8012;7.2201;
154806.606;523199.697;506429.779;-869.3042;120.7124;-67.8178;
194749.962;464486.602;621265.828;0.3971;15.0875;863.6054;
237722.361;481300.707;458687.880;-16.1542;87.5060;-425.7816;
323624.714;415967.362;421251.653;-3.6996;-47.3704;1.4692;
240794.455;503147.038;505243.160;2.1978;-219.2764;-901.8494;
196404.476;438331.637;415680.970;-0.1023;-8.7230;-1273.1359;
319812.811;436868.119;436525.275;0.5072;3.6110;-2.4519;
314472.677;508756.063;503462.416;-90.9270;143.1834;-0.9138;
377423.073;488306.133;520939.432;0.3839;37.1381;119.1207;
208493.882;504125.973;503278.964;-293.0044;34.6222;41.5157;
260668.350;475398.555;508214.945;84.6235;-455.6053;25.8782;
312833.198;472392.709;472248.437;-0.1799;0.4887;4.7763;
184117.743;466455.576;469060.874;-24.0982;-9.4860;-79.3910;
314060.285;384354.803;384389.728;-0.0741;-0.6257;-0.3090;
298100.708;515940.198;464633.788;581.4064;0.0576;-473.3886;
302096.311;488729.290;701967.907;-2.5699;11.0308;1616.6526;
209244.005;431935.465;436364.558;-0.0796;-24.8815;0.4002;
220298.263;550812.305;533607.190;-208.1216;305.7586;-107.8347;
215844.960;424175.901;508021.482;27.6214;-42.1331;927.5201;
304977.386;560152.292;560172.518;55.0098;8.7883;2.5883;
230891.601;443656.168;469107.104;-7.8446;-465.8465;37.5817;
313144.689;524866.780;543076.441;-89.5110;-2.2720;129.3627;
269973.378;443060.965;460946.169;19.6206;-93.3008;46.4912;
203886.786;517117.066;518776.501;4.3713;-3.2987;53.7869;
266181.525;584391.730;584388.621;1.1426;-0.0303;-0.2283;
246949.738;538058.289;89730.979;0.1008;291.5753;-1848.1660;
353597.975;562243.469;560311.248;714.8339;-8.4737;-0.9664;
347996.022;496926.482;502350.955;-6.0858;-9.3246;49.5146;
229099.608;576148.623;572913.571;0.9724;-5.9583;-11.2360;
200410.567;404218.880;402581.610;-1976.7186;4.4990;-8.4242;
298260.618;604740.505;604745.325;-59.3145;0.0031;0.0191;
298038.918;551058.382;552886.628;-16.9616;205.6306;0.1226;
278772.182;536009.754;571318.862;54.7450;435.6934;1797.6825;
246507.989;456780.733;456100.722;4.4686;-10.4411;-270.6789;
206243.672;474503.751;500950.285;5.9968;-534.1052;66.3125;
187719.772;536564.491;766359.854;0.0092;-2.3215;1129.9296;
305448.797;457406.607;460979.109;-16.7354;-32.5107;-8.1880;
62709.357;448191.158;507588.351;-745.7677;-337.8118;9.6536;
301149.354;520172.441;549566.864;103.3786;-206.4667;-47.7153;
183135.551;408093.598;408096.819;9.7376;-0.3026;-1.0296;
151510.755;424273.588;422494.885;-0.0045;7.6196;9.3004;
229186.690;854811.171;439591.291;-48.3274;4268.9607;-0.2063;
295101.623;437877.263;655696.956;8.7374;-579.6432;953.6195;
230486.887;604648.659;500311.099;5.9697;438.9607;-465.8988;
180786.562;492226.912;491836.920;-6.3831;865.1424;3.0686;
298019.433;591659.296;591640.661;-22.8363;0.8957;0.4914;
238654.345;531124.233;553307.489;60.2174;-29.1545;86.2042;
205181.811;445265.419;433446.097;-2.3980;75.5434;3.6144;
333225.633;480809.287;515952.272;-1.2916;-439.1906;-43.5506;
300860.568;559116.057;561822.091;-0.3521;-25.8497;17.4684;
267890.712;544632.011;564310.711;4.7036;-225.7885;-0.4717;
222471.693;558464.336;189479.928;-113.4875;105.9132;-4990.7133;
304267.796;465058.451;442159.821;8.9826;-79.4925;-283.9452;
242953.729;483549.010;482531.534;84.1349;10.4997;3.5671;
165296.947;438936.159;441084.410;8.0130;-668.6661;8.8064;
257815.935;472896.275;476174.442;-4.7577;-50.1342;-9.8758;
308155.041;550593.250;550610.235;-0.0692;-259.6752;2.8647;
232172.886;492484.092;975775.022;1.3895;-3.3396;2821.8908;
264377.648;593462.488;593478.557;-40.3251;-0.0191;0.0861;
85301.741;533342.728;538346.482;-1333.8043;-41.6919;2.9928;
285964.726;410550.613;410570.421;-4.7191;-1.0074;-0.0792;
268783.401;511786.125;509286.755;-45.3923;6.1570;-24.1924;
165144.463;448448.961;443710.882;0.4058;-7.0453;-256.4733;
252718.470;509321.352;502330.092;-379.4461;215.2374;145.6279;
293098.774;548009.963;536086.910;89.5123;1.3328;-139.7495;
252368.639;462831.193;629681.261;-1.1381;-12.5160;1480.3240;
298101.200;505328.962;77396.289;-64.8424;-35.5938;-4348.2399;
177694.438;596068.893;595144.611;-0.4504;-0.2112;-17.3534;
239162.052;489758.194;520750.847;20.7304;0.9923;205.2763;
310088.182;499271.353;475920.361;-11.7205;226.4185;-325.0129;
158266.454;455400.706;451316.675;0.5971;192.7568;-39.1128;
297501.835;480583.705;445769.429;29.3176;617.8616;-16.5352;
291269.785;465625.615;467197.542;18.3890;19.6475;112.6952;
256969.106;522075.649;105700.698;-19.4097;-79.5500;-2384.8313;
189639.292;529373.297;551315.917;6.4807;-68.0110;87.8208;
250720.145;464477.088;314646.829;-14.4363;-236.3555;-1530.0944;
241450.719;471960.696;452968.448;21.9843;330.3616;12.4069;
214352.938;474934.631;482890.321;131.1508;-134.0011;-46.7597;
254094.188;532643.647;695903.266;-12.4970;149.0323;1168.7421;
290728.186;561598.962;563784.375;35.1770;-24.6475;23.1530;
327070.953;493172.771;498389.978;91.1698;-34.0369;104.8020;
301119.004;520787.408;501676.052;883.9939;701.5063;-36.5759;
312793.037;492112.444;433612.369;0.1607;284.2006;12.6524;
179120.503;430705.322;431736.336;0.6360;0.0007;29.2684;
280286.214;426440.334;439224.072;-4.1907;-757.2098;-1.4475;
226051.920;532950.486;548372.400;-550.6763;-113.0939;24.9832;
262590.737;627327.826;554952.396;6.3418;638.1721;308.5790;
263595.844;492824.291;672539.064;-26.7801;-123.3634;4629.5476;
290120.649;411916.441;411355.685;0.3283;4.9546;-2.0389;
214941.322;488262.796;488532.907;-37.4841;-276.0924;-25.9387;
156225.634;597075.870;597362.414;6.7384;-2.6718;0.1019;
366870.203;445018.960;445525.557;-0.0162;-24.0822;0.5051;
187770.095;442060.117;437485.212;-0.3366;22.9955;-53.1187;
273877.973;508272.661;510126.938;261.3918;-22.7335;-26.1450;
286280.415;617920.780;617975.638;-31.0993;-0.7089;-0.0045;
320790.013;582896.805;581607.713;-3.1554;-4.4708;-3.7611;
295176.380;503471.643;497039.795;1.8922;49.8891;12.9712;
251515.589;339888.261;451920.782;11.2050;-728.2398;-197.2233;
224744.909;328098.862;437045.937;-42.6299;-573.9728;-14.7461;
230559.219;584392.068;441113.276;-6.2251;1100.6562;-9.7125;
449361.731;543426.660;425580.317;1415.9605;-13.6141;-1038.9587;
938032.063;503858.030;496344.915;16794.0443;65.7940;-13.0762;
271192.848;570345.463;570270.863;118.6420;0.4528;-9.2771;
341956.238;479003.227;537202.699;0.0066;-350.6654;-19.5308;
227044.719;497657.233;717610.760;-97.6261;-25.6914;1786.0265;
568936.158;534024.550;531188.180;1883.2592;460.5473;-5.9202;
543000.494;590734.980;590602.737;6590.2844;2.7076;-0.2419;
259430.335;342604.357;520083.436;-42.7198;-2155.1423;-97.0290;
82223.026;489497.549;499843.586;-755.6313;-99.5351;9.2142;
246025.159;571252.256;564344.569;5.6860;13.8784;-47.8721;
289797.576;448759.466;491340.916;-14.8602;-318.9807;14.6431;
285664.224;421450.198;421076.157;-123.8643;14.8589;-16.8826;
250198.309;555509.751;500940.418;-10.5428;449.2688;11.0343;
250389.824;554235.746;548325.289;-74.0593;277.1848;3.2448;
316586.317;565457.220;565985.532;-77.5487;-1.2820;6.2323;
268596.844;398718.189;428867.100;-19.0227;-219.7858;-101.8570;
261844.069;487930.495;491377.988;-11.2374;45.6002;274.9073;
261450.930;522798.984;511426.654;205.4892;506.6527;165.2491;
295259.542;588857.474;589273.519;5.8184;11.3913;15.2172;
368528.616;521831.053;522327.940;0.0798;-15.4127;-1.6345;
325087.477;478065.544;465111.222;6.9078;208.8081;-27.8656;
253757.592;469684.970;473216.093;-0.1430;1.9274;42.5630;
347510.958;481284.653;194547.418;7.2474;54.8863;-5193.6608;
220043.671;485736.645;460897.652;2.6914;170.5442;-82.1072;
238432.569;478351.181;479048.306;-66.8565;8.3904;20.5212;
251409.450;475566.719;496250.894;-25.3155;-233.1608;-90.1550;
223359.700;488646.235;468304.220;-21.3047;67.5117;-87.2974;
244173.611;536231.429;534078.524;-92.3856;46.3159;-9.2167;
321054.205;580194.670;572078.665;-20.5910;26.0951;-115.6151;
267972.110;583733.930;508394.240;-7.7812;493.3441;155.3289;
280387.139;535500.310;495405.255;16.0219;-0.7645;-1502.6679;
308644.684;459664.304;462077.007;1.9207;-151.2244;-30.4501;
274016.974;511242.840;506204.045;17.4749;10.3582;-27.0924;
232846.066;528388.809;543123.248;-195.9725;-459.1214;-694.6100;
257537.370;465987.256;464906.136;1032.5861;1.3113;-40.1342;
345838.652;499317.611;496244.976;0.6313;-5.1464;-49.9120;
131852.825;438305.024;438455.321;-0.0042;-0.0119;2.4946;
310198.132;399051.269;400727.523;-0.4376;18.7001;42.9992;
307171.586;500455.370;492528.614;108.4973;-5.8232;-61.7231;
196940.194;420798.913;471252.318;0.1460;-477.7042;164.0741;
132060.870;567828.979;566696.808;0.0455;31.7362;0.2067;
361965.630;615001.450;710056.282;647.9379;1632.8879;1948.2658;
276634.959;538154.972;530268.997;440.7726;46.9541;-79.7098;
262636.975;501600.894;542763.180;-14.0429;-225.6232;261.3137;
451773.352;526621.414;527991.000;1349.1538;-14.2181;8.9450;
155592.396;440306.224;492452.279;-371.1219;-325.6941;-5.1825;
45575.369;512478.690;509662.472;-1326.7856;-0.5518;-24.5215;
204588.778;508841.964;500474.579;-228.2640;-17.3989;-98.9778;
217330.858;419429.561;419170.114;-298.7046;13.5079;10.6603;
277076.174;465533.508;474519.903;47.8796;-43.2873;-36.4279;
246845.990;611751.268;505316.203;4.6746;675.5311;-2.3414;
299996.451;595617.973;583138.758;-2.6883;138.3949;0.1293;
214220.882;535578.498;535116.239;-4.2271;7.7809;-7.3337;
356024.479;448650.101;433241.688;1719.2090;111.2386;-25.5578;
632547.093;475255.281;475785.887;2926.4891;10.4728;18.2644;
290638.226;556076.151;546209.914;-107.2041;1.3927;-451.5702;
356612.678;730825.113;465974.916;37.9851;6104.4651;14.5902;
247536.861;254878.653;403924.722;-0.1522;-1710.0134;-425.7977;
360923.346;478917.760;525828.071;372.6930;-199.4749;115.6372;
234568.003;422613.280;422443.524;-61.4892;-0.2365;-3.3361;
305391.494;865012.369;469554.669;-6.8138;11264.5034;7.9126;
204233.912;581860.706;580732.335;-2.5413;-2.0288;-20.9957;
252622.796;215202.910;173321.308;2.9629;-1824.5470;-1667.1415;
270217.503;617436.550;617436.987;-11.6170;0.0285;0.0123;
311785.526;580028.297;577249.397;0.3893;-0.7235;-17.7154;
348465.561;292570.362;546548.849;322.5641;-2332.6048;-4.9893;
188126.143;425573.659;424441.073;169.0838;-94.0819;-38.0567;
232106.752;505044.546;510470.390;-51.3223;-29.6485;9.6303;
305425.671;564893.801;574481.376;6.1595;-95.4655;-53.6476;
182817.508;581052.272;580407.729;-12.1173;77.3406;-0.1019;
302178.638;595233.778;501252.097;121.7988;936.4940;-1.2111;
84041.620;432937.814;449631.626;-2628.9853;-205.5331;-97.6095;
184733.473;777681.739;582304.427;-100.3516;3496.9172;47.2398;
262508.353;450387.948;452101.145;0.6174;14.2170;8.1673;
300571.820;578239.227;530915.290;0.7731;0.0866;-861.4111;
215185.615;494294.152;481817.881;4.2064;-34.7307;-212.3779;
247961.019;490462.358;353728.462;-43.6940;-17.1689;-1298.2925;
253491.034;630866.972;799124.828;-0.5740;596.1418;1365.7598;
310819.207;431544.060;431719.390;-0.0701;-0.0656;0.5188;
247396.854;436722.674;438207.023;-13.2849;-17.6113;-8.7849;
221779.520;532225.084;470322.023;-77.3766;753.1513;-0.5223;
282581.142;595527.547;595511.773;0.0173;0.0358;-0.2035;
195179.076;438179.208;437319.305;-0.0380;3.4714;-0.1292;
265948.746;491673.931;637667.599;137.0788;-43.2670;1304.4376;
261089.247;427378.276;477807.232;-23.8076;-637.5079;-25.1196;
266590.087;463680.751;469454.631;-176.7739;-34.6046;2.3571;
256719.454;506263.176;482779.675;1.4049;226.5437;5.8356;
250099.794;448537.988;442455.960;133.1447;-53.7615;-125.5149;
196182.309;470811.056;467407.541;0.6320;2.9010;-50.3442;
231887.814;374557.392;457845.011;37.0962;-1059.2929;-243.6792;
238859.142;542497.268;485445.824;21.8233;875.0876;-3.3118;
291308.371;457706.532;430074.215;0.6740;-1.9718;-474.1740;
166284.862;409404.307;409389.553;-1.4838;0.3393;-0.2602;
236313.682;462279.816;518683.042;-1.1226;-587.8703;-38.4028;
94178.705;443614.091;447709.602;-630.3270;-25.7472;471.5682;
268687.620;495373.371;426304.441;168.8617;0.1309;-545.6262;
244682.081;432152.401;396418.110;61.7080;-507.0118;-25487.3837;
235168.498;591091.178;591057.076;-30.1278;0.1908;-0.0885;
21901.035;497254.962;496269.011;-2167.0559;28.2523;7.6468;
297752.108;438386.976;453330.802;-3.4076;7.4829;60.3353;
242859.042;406483.973;406510.809;64.6218;-0.0771;0.6848;
328872.538;531133.272;531325.830;4.1845;1.2441;2.0499;
328633.127;566116.566;566397.548;0.0493;1.0419;16.4661;
178795.789;487484.206;483725.913;2.3432;73.3647;81.2693;
227406.878;588516.096;589359.762;64.6517;-17.5256;-2.7783;
259619.941;392103.873;392096.428;-101.5682;0.0684;0.0127;
117502.801;519451.657;502682.634;0.1388;14.3497;-129.2678;
68253.492;534021.634;528702.342;-1410.1723;46.9154;11.0872;
268273.751;100259.842;446082.909;-0.4467;-10147.2290;19.5839;
275174.916;517617.858;489116.653;239.0255;688.7086;1714.4691;
244711.144;510643.044;649444.787;21.6947;-7.9901;822.3304;
386969.037;11147.449;526151.584;703.1418;-5498.9421;-64.1096;
242638.987;585131.958;313187.071;-28.5359;341.7560;-1252.8379;
205171.133;481392.704;483299.564;-0.6415;98.2635;-8.6111;
291552.509;467922.893;510937.935;371.6820;-160.3123;90.0338;
353658.306;481005.265;481189.292;-0.1988;8.0270;1.7888;
278752.668;497855.786;474188.757;-1.0240;101.6638;-250.0461;
269431.178;406785.508;520419.165;0.9801;-627.0368;84.8612;
245194.894;406566.344;442933.543;-17.7799;30.4058;297.8157;
194385.406;410245.281;422249.468;-28.9737;-93.8761;-113.8160;
251330.266;475883.342;480243.126;-149.6190;401.0386;30.9887;
225941.045;491954.253;500036.211;-1.1355;-100.1552;315.8987;
276634.603;466764.611;467831.256;-55.9429;-41.5139;-20.6813;
198308.876;540911.083;625665.362;-0.0909;15.8770;780.2454;
248384.777;422582.448;431321.511;-634.8978;-60.7870;-10.0955;
688165.688;577274.702;510758.032;4796.8715;297.2731;-228.0839;
274781.525;427733.150;436144.358;-1.5797;23.2994;58.7850;
197375.133;47845.816;475181.169;1.7907;-5595.9453;-355.2162;
121502.715;523281.944;522269.979;0.2305;14.1205;0.5678;
215517.742;515272.033;514828.569;8.1826;7.7452;-0.1042;
200139.101;561410.792;561569.242;-6.4938;0.1963;3.1832;
187858.941;476176.985;500832.571;0.6535;-51.4630;369.5104;
324921.109;434348.777;434524.509;5.1330;-1.7992;4.4180;
270856.200;522292.941;-3598.723;-86.5087;16.6185;-4543.8263;
257815.305;634322.261;480451.206;-81.1636;955.0460;-151.4599;
289757.296;533874.043;533986.655;-3.3454;9.5045;4.4367;
346483.603;506306.842;480336.151;3.3137;169.6676;-19.9314;
113802.043;486475.842;483576.794;-0.0672;24.4445;0.3160;
245395.599;501413.412;503358.519;-226.1304;5.6659;-6.3105;
206496.738;602512.763;571440.317;-2.8807;172.8972;58.5248;
281079.323;494942.276;363432.264;-1.6344;2.0315;-825.6792;
201038.090;625087.486;485809.209;5.6806;537.0920;-92.4206;
268174.341;393280.555;392992.999;195.1861;-23.9792;-23.9289;
291075.686;361526.393;506758.927;19.8192;-1821.8995;-51.5178;
200094.548;439863.542;426322.138;-3.4333;73.8040;-28.6315;
275354.215;859359.479;578111.832;32.3848;1625.8570;7.7323;
139280.737;587949.413;458035.874;0.0182;629.2002;-99.8637;
255306.073;557943.820;549510.114;70.0661;139.1419;6.8078;
329260.980;452264.115;423371.524;-5.8985;170.9992;23.9894;
241877.857;538020.964;535781.924;-1.2381;7.2793;-20.8331;
253090.226;420886.039;443636.952;-3.1185;-151.4060;105.2173;
174608.007;440445.087;441243.246;2.9590;0.5297;8.8933;
330179.836;563045.256;564272.009;0.0013;-32.7388;0.4074;
270881.197;663665.463;551098.390;0.5118;1552.0945;34.7506;
249879.428;498315.414;502401.137;-10.7523;-53.1877;-16.2475;
169872.373;468206.628;607791.892;3.1884;3.3919;995.4830;
315589.723;520068.130;541230.594;-5.6149;-122.0896;-55.9940;
281569.653;444882.143;445820.070;-5.1140;29.9668;22.9075;
319687.083;497479.625;500375.739;-1.5641;3.7941;-18.1948;
358969.415;489549.439;499398.543;495.7490;189.7385;9.4638;
221190.030;474556.370;538333.471;-250.5245;-283.2069;81.1289;
272232.989;494425.762;449184.530;4.5541;42.9539;-309.6677;
148048.537;531054.978;530005.687;-0.4664;67.8598;-5.1472;
149633.163;463051.124;464731.933;-0.0377;-6.9115;21.6609;
289588.734;517249.538;504531.583;9.0466;931.6645;-10.9813;
261795.540;494392.650;497592.980;-15.0199;-217.7145;6.5715;
125069.496;509665.568;485986.890;-0.0154;-21.2744;-1158.9881;
237038.571;500385.473;468170.287;-196.4173;-15.3651;-397.6583;
305964.525;501901.065;419936.116;363.0331;0.0631;-649.1280;
339119.892;639001.559;505516.358;0.1845;1334.2528;-199.9039;
240613.047;609019.587;573126.069;15.3252;987.5226;295.9017;
194908.144;521657.115;517935.030;0.4510;-0.4275;-30.6922;
312989.551;561102.478;608642.612;-0.0923;59.3602;837.8500;
308261.096;476859.695;556971.947;585.2648;-250.8635;356.7313;
288446.338;540758.817;540207.942;10.3271;22.2238;13.7440;
259842.431;508756.619;511968.897;45.8730;-5.9012;28.3089;
155367.229;441090.333;442709.604;-0.1529;-227.2161;3.2313;
308732.984;585352.937;585246.657;0.0150;0.5626;-0.9969;
218265.777;425123.800;425297.987;2.0423;-1.2641;0.1187;
256823.920;540325.557;527168.396;-5.2268;106.4832;-14.8607;
176842.811;463710.590;466844.951;3.0294;-61.8098;1.4671;
278892.534;494832.121;496326.890;162.4176;1728.6981;16.9304;
433287.632;574182.916;572329.021;925.6838;18.7041;9.6964;
192367.489;422117.450;421431.758;-0.6676;14.2916;4.4250;
244022.763;492512.748;486027.174;7.8242;54.9065;1.9948;
299217.722;361348.125;470909.528;1036.0916;-589.0854;-1.5227;
322937.176;461021.571;465466.813;-0.2690;-8.8792;26.3418;
197025.671;466378.031;469734.343;-109.4801;-5.0880;7.7099;
247790.070;542494.527;526628.739;-31.2169;103.2701;-2.0416;
387853.223;525165.325;576109.774;0.2473;-35.6992;390.8106;
305399.458;417163.050;412932.472;-2.6115;19.7479;-34.0371;
7330.735;480974.369;185223.814;-1249.3360;-99.1128;-1876.3304;
254654.511;272063.871;507040.524;37.9268;-1518.8269;-17.0930;
267318.371;485435.883;513895.062;1.7277;5.8032;148.1019;
176994.951;487931.529;447256.640;-37.3714;237.9292;-141.2934;
180069.958;239197.150;507685.920;-0.1126;-10505.0753;73.8476;
219317.044;506153.266;475454.331;-42.5788;-4.8183;-253.4692;
275192.540;515314.083;575070.834;2.1388;-360.4505;427.1769;
393819.964;494050.564;486472.653;750.0887;93.1041;-42.6136;
287784.217;510335.638;662972.330;6.7424;40.7899;953.6021;
209838.766;439167.965;439042.464;3.2854;16.1790;-0.5016;
178875.026;584659.109;585366.345;-5.6349;-20.7152;0.4459;
444470.457;436461.731;436664.114;1520.7131;-3.6396;-0.3662;
673655.344;484530.422;495095.618;4444.3537;-395.8415;20.5508;
186285.402;334478.518;533061.172;0.0653;-2668.5247;317.4998;
211477.833;421346.608;371867.522;48.4412;-55.0692;-550.0042;
334229.284;789952.968;531740.124;903.0386;3138.5562;-3.3991;
152157.772;591619.760;591731.483;0.1434;-3.3503;0.1029;
252810.004;458517.954;524103.976;8.0970;-1148.6240;-23.4177;
303870.307;506031.922;392182.575;320.4872;277.2546;-337.8395;
257567.063;305046.547;497738.773;-0.3297;-1001.1627;-14.2622;
241986.605;430474.428;429456.176;38.0053;-0.0603;-8.9078;
155917.634;499962.782;496892.821;-657.8311;17.7675;3.1207;
244089.361;475208.771;475152.846;-290.3524;33.5148;-1.6816;
290255.853;563496.284;562138.748;-86.0773;21.3064;-0.3045;
329817.691;127542.408;382556.617;30.6056;-2681.7733;-820.3797;
445258.788;433157.541;442980.899;2450.7736;-92.5919;0.1628;
199498.151;556648.477;557113.120;-3.1694;-2.5490;9.8570;
315889.797;594654.687;594645.786;0.0444;-0.7404;-1.0500;
246941.839;430511.676;431426.554;-9.9531;-5.0813;11.3616;
345851.866;588293.145;589959.549;-368.6018;-7.1040;-0.7899;
338620.524;612023.776;606996.619;299.9257;38.9622;-0.1368;
279271.501;491479.818;435071.012;5.4546;445.5857;-5.4567;
209016.861;551551.364;513568.085;72.9370;321.6632;-71.2475;
242567.166;566123.960;520442.962;-516.9324;0.1258;-1383.2686;
322365.363;436434.556;492517.446;572.2937;-390.8597;138.0476;
337715.770;454781.694;428833.550;-0.5139;233.2410;40.9666;
218646.128;592777.219;593111.637;-180.6956;-18.6157;-1.2832;
233562.109;530591.176;522445.888;7.2066;53.5635;16.7493;
208060.515;537785.583;205690.663;-16.0356;-34.3858;-3144.3147;
312278.143;482882.112;504515.289;364.3231;-70.8282;94.2719;
223418.417;372019.483;393537.566;-14.5174;-910.3514;-0.1609;
277751.146;375674.501;375679.837;-18.4329;-0.2952;0.0498;
301814.321;492655.116;561685.873;-1.7137;-883.6020;-13.5556;
265459.122;541852.049;533602.467;-20.1931;98.5844;65.8284;
178568.873;408738.366;408774.580;22.6394;0.0111;0.2101;
157529.657;451026.838;419203.285;-247.6475;81.6745;-409.0360;
281175.045;471452.231;426888.012;12.6749;-348.4036;-0.0867;
257018.833;475608.806;509587.005;-24.5182;-804.6447;14.4619;
242465.933;627504.070;607856.659;-10.7682;573.5974;484.6476;
234325.188;282876.867;435476.371;-140.9226;-1847.4427;-12.3596;
300173.342;562101.488;543078.052;6.3801;107.4727;16.3420;
215864.362;488532.732;528805.830;111.6161;-1070.8465;-54.2577;
272326.337;259807.949;523218.640;-106.7538;-1680.0922;0.0872;
142948.730;556251.938;555893.485;-0.0987;2.5221;-0.1951;
198033.760;424881.238;426817.590;-0.1940;-19.3595;-10.0810;
272230.832;683455.646;508613.005;12.7922;1343.1086;132.8277;
211638.171;541819.226;545789.290;-2104.5849;-98.9413;6.9542;
249347.748;583700.332;498770.395;22.4114;1047.4396;168.0916;
325214.482;515157.177;290318.545;-5.7980;66.8724;-1658.3308;
210342.827;379766.298;379718.535;-1.2730;0.7507;0.0727;
245721.533;600929.403;600929.273;-0.3944;-0.0301;-0.2957;
262648.689;434150.415;438288.924;9.5034;-4.9820;35.2316;
226770.440;474517.848;476111.395;-11.8784;12.9570;105.3258;
253338.933;161266.324;498913.396;25.7156;-3091.8018;-12.1888;
259206.972;581188.848;581284.570;-86.9251;-0.3662;1.5822;
300057.543;500507.669;500984.096;-1.5203;1.8293;9.8567;
227583.715;496694.932;464119.417;-219.0597;-9.4544;-2516.4875;
222649.914;543665.441;222352.893;0.9297;-27.5842;-4919.9303;
197238.238;559941.128;560137.129;-0.2540;-0.0054;2.5721;
265596.478;436793.461;437031.065;-27.2995;-6.7152;-1.8546;
152843.319;515155.602;511714.326;0.0237;-0.3559;-65.3330;
175273.017;496177.601;496468.486;-0.0733;-0.2591;1.4153;
311073.164;546624.076;537961.669;-1.6728;62.5975;3.1116;
201668.587;451088.989;447237.209;-6.5468;19.1049;-55.8093;
256150.285;942355.325;511358.781;1.6424;2636.3401;-3.9316;
171915.828;504005.189;494018.786;-1000.0295;18.3952;-36.1197;
234037.237;498429.836;482171.936;1.5923;149.8495;9.8811;
247034.797;407477.994;407356.024;38.2959;-0.4840;-1.2480;
89988.191;579950.991;581115.310;-901.0282;-60.0314;-2.5202;
255763.484;508161.160;510365.758;246.8848;4.1061;31.8268;
187026.761;508350.896;657104.571;-1.6401;3.7705;1065.7574;
214350.025;538108.350;501465.942;-53.2093;1494.1446;31.1225;
186560.479;431303.050;110988.138;0.0339;-122.1659;-1700.3655;
290201.881;447541.112;450727.185;-27.7525;0.3478;30.4862;
230071.067;260621.420;431008.723;0.6303;-1072.7394;-315.4480;
301392.142;428238.965;428575.777;-94.3941;-4.2943;-11.6982;
265180.537;491983.585;612558.316;-37.1844;1.4513;730.9776;
350135.779;509768.736;513390.432;182.8692;-51.3835;-773.4893;
159185.483;491159.063;412716.958;-0.0215;32.3955;-1429.8030;
163059.066;449850.522;434412.163;1.2709;1168.1698;53.7818;
239233.837;477413.324;482241.605;15.7990;-24.0590;-12.8370;
429434.286;587261.913;586942.703;773.0779;0.4464;-4.5002;
235710.560;442267.054;488835.157;-190.7783;-395.0905;618.7858;
208597.692;535075.491;532071.683;-136.9194;64.6608;-664.7590;
324084.127;446569.256;444893.342;-5.9648;5.0979;-16.4290;
318913.771;525381.912;526178.178;13.2904;-19.1198;-54.2978;
372748.889;469262.018;473605.210;0.0077;-106.7848;-3.3922;
298206.991;512841.606;510148.480;-8.7441;49.0681;0.8943;
380408.827;552058.566;555369.975;3.9741;109.4855;193.1746;
324778.449;549373.849;551655.532;5.3006;7.8795;125.0626;
115406.744;507354.245;735064.463;-1401.0917;87.7980;4663.9174;
232601.519;516750.744;583904.846;-1.4100;-237.6262;359.0650;
239086.197;505177.257;380022.756;-280.4331;-3.5643;-1636.7402;
189393.478;570239.841;570601.256;0.1032;-18.3335;-0.5075;
217297.841;621573.485;580608.059;-81.0670;375.2896;36.2992;
824358.573;641132.277;641133.923;5096.1248;-0.0128;0.0061;
199128.403;497261.577;560991.988;3.4300;-592.2333;214.2383;
200608.533;496948.946;528825.287;9.1120;-9.5883;297.1249;
167647.319;400071.552;400260.474;-316.4789;0.0943;-1.6528;
244395.734;478920.137;742660.043;-23.9421;-183.8449;2168.1678;
214787.229;488174.831;488270.671;241.9639;11.8288;15.7230;
244892.918;395001.120;394835.924;7.8009;-8.0824;-2.5544;
347987.388;577432.468;573751.385;-0.1216;-5.6118;-67.5855;
239573.072;504382.362;494146.698;-133.6782;16.6892;-43.1480;
278968.140;435523.280;441895.560;-6.6533;-132.1531;0.7541;
194094.161;492898.882;495306.288;0.3887;-5.9430;10.8893;
291538.756;411391.889;481412.260;133.0231;-828.1891;4.9945;
325135.254;484325.149;494370.716;330.2679;-19.1589;50.6151;
308582.581;480559.953;510582.808;-18.2057;-179.3101;42.8352;
249211.517;582658.244;506171.475;4.0225;428.6413;899.4967;
323246.823;477194.848;334412.845;511.8100;-65.5276;-2997.8222;
253740.146;480944.445;488835.790;14.1045;-95.6947;38.0961;
339265.090;508127.546;503739.861;-1.1341;86.5864;-6.7047;
259320.403;660105.659;577675.231;-47.7730;968.1875;-1.6117;
317113.625;470324.607;469650.290;631.4983;4.5282;2.2990;
179023.579;593088.520;590132.236;5.0511;66.6634;2.5660;
155131.588;498239.479;543320.062;-535.6801;-10.6311;340.0940;
251018.253;361522.958;82953.657;14.6020;-5742.1432;-2322.2752;
219613.765;523807.571;475936.992;-2.4683;4882.7204;33.8713;
313600.519;434294.017;433121.915;-0.1693;31.5890;2.9286;
325101.516;551089.117;516890.969;-3.1663;-61.2799;-370.3908;
181633.503;510771.640;544065.339;30.6575;-430.1627;80.8372;
135734.561;482273.760;479100.099;-0.5165;-3.5949;-21.8221;
200921.774;537148.475;467499.362;-6.0436;-48.9237;-502.8665;
278214.444;386769.427;386760.260;108.4896;0.0720;-0.0628;
257442.590;483543.502;813142.652;-19.0856;-1980.8521;1565.1802;
165178.425;526882.893;-3692.002;-3.8856;39.7840;-47730.5460;
297925.408;390976.973;391116.825;31.1136;0.0258;1.7215;
350997.423;505838.526;533758.243;0.7077;-135.0914;142.4155;
256588.908;557668.987;558285.577;-46.3419;2.5230;15.3676;
192662.490;562967.131;561954.108;-4.0179;8.8551;-0.4244;
318275.303;562952.952;566657.903;3.0503;-375.0236;-0.4591;
216504.371;405962.470;406268.251;-3.1123;-0.3736;2.0099;
126499.391;500132.234;501045.060;-5422.6965;-23.2823;0.0479;
286769.242;567625.455;563420.808;-3.3815;40.1623;0.1035;
303007.899;539262.904;538317.613;-0.7798;4.6727;7.6893;
252591.724;491234.252;491655.429;-20.5945;-107.6020;0.2359;
227796.417;484279.776;483363.913;-35.0236;4.0380;-30.3348;
201331.244;567335.842;552767.463;-123.1486;1025.9968;129.9938;
218086.139;525680.834;526651.731;-447.7196;-66.3784;-51.4651;
186951.710;466160.993;463164.768;1.7650;28.4452;-9.5277;
579015.446;500098.100;501869.608;3474.9501;-10.2762;-0.0183;
169981.591;490097.423;195407.775;0.3161;-35.2104;-1526.0677;
270145.515;515687.841;508278.441;171.6754;57.1950;-3.1022;
217534.211;430350.643;416058.607;-1042.2350;0.4472;-125.3259;
278718.063;407134.014;407155.627;263.0344;0.2016;0.3187;
299392.728;563310.527;540795.512;23.1122;177.9890;7.4069;
212867.715;624430.959;406646.264;-219.5740;863.1596;-1367.5450;
291295.156;195992.055;453721.813;1.0811;-3782.1162;0.1884;
259838.888;619652.942;544149.499;-148.3366;636.9186;144.9389;
182828.440;360205.748;981005.614;0.0880;-665.3174;3410.7909;
294199.413;599806.129;534320.497;-5.5744;689.8335;-98.2899;
254077.981;543619.378;551675.190;102.5806;-159.4555;0.5873;
271011.716;499000.023;663038.458;39.6380;-1.2936;873.4516;
349408.615;534145.642;539732.912;636.9915;19.2288;69.6380;
279282.464;433023.405;432408.279;34.6402;0.2162;-20.7822;
238410.519;538255.716;562887.321;-9.3131;-2.0049;185.7410;
312410.720;446145.779;434187.808;2643.2186;18.3363;-252.1277;
236966.463;564649.217;564657.819;3.7434;-0.0097;0.0469;
244608.346;373231.671;604625.528;28.4807;-936.0620;826.2047;
235734.083;467531.721;499000.135;-1.3768;-11.2645;125.9431;
209773.439;492502.467;491572.535;-20.3635;26.1946;-77.5831;
309466.417;536541.722;537866.334;-0.8612;-27.4316;35.9077;
194353.632;550037.828;547728.145;2.4965;35.3372;4.1101;
249550.457;458835.765;458663.280;-81.7592;1.2274;-0.0206;
255564.016;475707.856;414535.753;123.1478;17.5754;-614.7573;
249756.375;530710.858;525919.176;9.9960;43.1280;3.9205;
230958.119;454705.682;484981.318;-136.2727;1625.1683;22.3269;
257577.683;621977.899;506802.981;48.8151;817.3665;-528.1553;
335633.278;577249.042;577337.881;62.7954;-4.5462;-11.9057;
206621.466;445936.373;455048.893;-366.7060;0.5169;147.6850;
260086.766;498803.381;342574.688;-14.8210;-2.4212;-845.8663;
218099.635;424886.914;441612.502;20.9928;-97.0024;179.8322;
223289.622;504017.596;632534.691;0.3933;-4.0751;673.5723;
276743.974;531302.434;530828.812;-28.1563;6.5603;-1.5213;
195925.252;472124.087;476194.086;-0.0421;-20.2911;4.4361;
236223.846;611282.526;524950.111;2.1145;563.7713;-14.7066;
241510.014;546309.744;549619.522;11.5722;10.9462;-50.2120;
311054.216;455852.258;434805.518;294.9222;-128.9878;-155.4528;
292275.534;498326.997;500833.249;-14.4469;-7.4708;9.2624;
316754.656;434078.516;422036.648;-1.9634;85.3987;-62.5034;
254824.275;504355.589;191499.693;5.1928;-10.2055;-1606.8050;
307514.662;528358.895;529340.891;826.7528;-2.1034;9.5138;
228329.545;482383.501;452483.662;-12.9257;-1.3239;-340.7651;
452331.047;503169.894;561907.037;973.9856;-76.5007;468.8968;
228913.377;477424.394;485019.096;-128.1285;-212.6377;-111.9873;
290714.819;575744.567;576996.722;-3.0615;-9.1868;1.2015;
188525.516;449175.802;450114.468;-3.5190;0.3630;26.9445;
224496.204;500100.477;495551.330;-53.6448;40.3441;-34.8184;
209061.905;509318.899;362075.929;-0.3070;35.9007;-1042.2604;
201102.109;562060.188;561700.038;-44.1933;3.2823;1.1786;
414195.063;499230.284;547117.506;946.0177;18.3857;422.1881;
231184.002;466361.795;463168.858;18.9972;35.4007;2.4241;
154740.903;448111.609;435763.933;-61.2027;20.2645;-0.0810;
307231.666;384713.267;614425.772;538.8202;-831.1172;2145.5558;
308960.476;452814.304;446897.854;0.5064;73.0693;-56.2911;
308863.285;449062.424;443156.688;-1.1857;-6.8285;361.5369;
335299.065;508587.048;502295.340;-0.1554;191.9056;-8.4839;
267431.135;424507.997;417995.128;-15.2607;74.4927;-3.3377;
182465.645;460957.292;456775.558;32.6237;-9.6262;-148.7694;
230162.359;489193.180;496820.666;5.4315;-157.7300;113.1278;
321230.304;437865.517;436828.799;-0.1683;32.3377;25.4355;
200403.957;590322.070;589489.139;-30.1847;4.3275;8.4156;
345867.312;440998.765;440625.940;495.2502;3.6849;10.1266;
318002.552;605386.879;605390.105;4.8821;0.0183;0.1337;
147007.360;463867.154;465106.324;9.5067;-14.1620;-7.9617;
203098.170;488780.769;463497.431;-2.7410;184.6706;-6.6063;
274360.888;495846.345;581973.768;-11.2320;-958.9867;65.8233;
256127.493;601462.469;418955.789;11.5253;2975.7985;-191.2642;
187052.410;487215.752;494102.102;42.8213;-52.9032;-30.1773;
234330.025;520512.709;546304.405;-72.1989;8.8812;339.1709;
349643.316;410796.057;409220.439;-0.0143;-23.5649;-21.7620;
205515.195;505617.526;491345.187;-151.8075;2.1684;-56.4024;
245979.783;458344.830;526250.768;-18.3197;-186.8359;172.0330;
323777.487;454696.876;461823.095;-4.7475;-9.5681;86.0989;
135555.948;552444.731;517408.116;0.0787;788.2262;312.2962;
197751.810;520852.755;520715.017;0.2183;4.8013;13.3765;
253046.110;502457.652;503151.763;28.3247;35.7040;15.9723;
224566.084;557965.156;558033.251;688.9671;0.4583;0.4599;
205815.779;542760.473;453168.861;8.1384;7.6916;-642.8051;
268643.574;553942.783;122461.212;4.3910;59.8529;-2036.1472;
276758.283;565303.206;565294.416;-26.5173;-21.5920;1.1466;
176062.381;523306.499;523753.344;164.5863;-5.2516;-1.9722;
199313.846;530125.350;509647.466;-666.9955;567.9605;6.4969;
209836.558;511746.411;503150.947;4.8511;-172.6177;-418.6655;
314996.099;403399.921;403430.458;689.6098;-0.5337;0.1024;
254068.030;494393.622;475228.738;-33.9571;-87.3686;-319.9029;
301593.723;542491.443;457582.897;2.2725;778.7554;-347.9618;
317475.713;526418.618;567958.694;-57.6403;-667.3259;-8.0497;
280100.035;225972.267;485927.004;-40.0123;-1381.9118;-28.5217;
206973.181;613552.391;520328.796;2.9598;616.9085;139.2215;
282486.319;400429.066;452954.801;-7.5762;-628.8064;37.1362;
225068.047;500198.163;513912.399;-93.1864;-39.5798;101.2154;
222530.700;597552.465;492959.903;-0.6829;925.1723;-53.5848;
215054.271;558481.594;558407.042;-0.0839;0.6791;-0.0539;
340269.158;398694.224;397784.733;-0.0112;-0.8829;-19.6633;
272497.850;556785.508;568927.078;-10.7297;-1.3966;-55.6783;
308042.292;479504.534;469176.703;0.1987;124.2841;1.3841;
284801.912;563052.368;553540.456;6.5105;4.4184;-49.7817;
447731.632;506686.494;510161.970;11795.7078;192.0138;427.9174;
320837.366;493570.382;491441.658;7057.5911;-8.7480;-19.4924;
278306.357;567390.283;567330.091;-59.4449;-0.7532;-2.5674;
111768.714;468656.370;507585.107;-975.8521;-0.5589;456.1525;
250848.848;553783.179;553504.748;4.8052;-1.4984;-2.1929;
191114.928;562432.820;562474.006;-17.2420;-0.5231;0.8593;
191866.030;544688.325;521061.080;-2.5345;723.1295;-25.8762;
327942.058;499848.002;491485.850;-61.9367;95.1880;8.2670;
228226.522;445881.784;449173.753;-598.6288;-497.9479;-380.8119;
137130.511;536534.810;537677.682;-0.0090;-6.6009;10.2067;
214937.294;649743.550;535297.342;-0.5039;672.4684;-10.7879;
191541.865;574557.034;569208.066;-39.7894;-18.8327;-41.8338;
290997.831;367416.249;513598.268;96.5193;-1582.3438;-4.5797;
165638.537;424677.301;427997.161;-64.5991;-53.7019;4.3254;
122245.945;509726.549;507119.514;-0.5965;1.6053;68.4329;
248629.088;477485.442;472072.849;43.8710;117.1945;-67.7867;
414156.572;510228.235;510556.196;773.1085;40.6636;3.9700;
320578.254;437478.030;423440.783;-23.8381;184.8562;19.8015;
264701.748;479067.025;818600.411;4.7822;-8.2870;3811.4450;
187299.235;523502.383;520858.312;-0.2088;29.6564;0.9845;
285696.300;520553.983;520563.583;20.7261;-4.8542;-2.6803;
255879.369;503167.722;493933.841;-28.5533;13.8973;-146.3698;
249159.292;508618.141;509593.875;-10.2072;-122.2800;-129.1047;
307100.387;404964.170;428305.475;0.0155;-202.4918;61.3130;
255409.792;500940.463;494092.949;-7.6507;1.8659;-12.9530;
255541.695;486164.405;689747.765;62.3856;-43.2971;1196.5215;
197539.819;607686.231;607656.772;-0.2338;0.6129;0.2563;
339881.517;557811.949;557453.317;-5.4494;6.6502;3.9481;
215214.356;383783.261;383791.031;4.7000;-0.0721;0.0054;
274713.916;484174.017;480670.237;-17.1464;30.6582;-29.7982;
232869.246;575665.718;574501.102;-3300.5725;5.6707;-44.1725;
319310.863;185859.312;408580.693;0.1983;-1613.7372;-0.0279;
456664.416;561472.835;509582.144;1983.1575;68.7179;-297.7687;
159745.201;517909.667;543157.772;62.2520;-10.7310;707.2917;
153849.796;437726.775;444471.809;0.0131;-42.0308;18.1957;
201159.679;487012.149;495923.282;1.4359;-74.6053;1.0331;
244965.133;460931.971;430800.531;-85.5433;55.9252;-225.0588;
242286.418;444887.254;440125.206;-224.7326;206.7252;62.4602;
242856.207;499846.345;442975.938;-37.1075;0.0556;-1248.5186;
262264.291;519578.286;508969.567;333.2620;107.1560;17.5208;
245431.065;531080.338;531524.737;16.3622;-10.8936;-1.6000;
233539.832;682069.234;471712.789;-489.3835;1668.5754;-84.7776;
239536.681;513234.935;484075.571;-24.7662;208.2118;-60.0992;
192258.128;567406.971;570236.502;0.5432;-8.0386;16.6343;
169712.789;427166.237;426438.189;29.1528;1.0643;-14.2480;
176609.439;572607.603;569681.241;0.4189;7.1736;-15.5779;
110940.031;402846.911;402997.436;-52.4854;-6.9254;-0.0226;
315690.490;608415.356;607557.097;-7.9603;6.0775;2.6243;
283878.709;539171.708;520193.114;25.3628;9.5039;-118.2679;
179134.251;477930.872;545103.110;-3.9179;716.7261;384.5225;
738519.472;186905.294;515692.677;2093.7303;-41455.0347;-13.1024;
406342.754;477631.610;451837.482;850.1291;-10.1375;-192.1667;
226327.143;563123.969;554876.935;-3.7357;-0.2940;-79.3762;
219765.894;462956.546;111113.890;-34.0558;9.6479;-2273.3732;
262501.851;478834.378;474967.409;817.1615;-185.7705;-345.6501;
439623.661;423297.580;424255.010;1844.0789;4.0295;9.0081;
267363.785;535277.503;501844.635;-9.0187;-5.3163;-1163.1036;
99380.675;553067.449;497559.577;-1699.3242;23.3665;-1350.8263;
248013.368;524608.553;537100.982;-12.1049;310.8472;148.0231;
167715.734;560414.070;556243.088;2.4934;-0.1422;-77.8711;
124268.293;484201.836;481002.917;-2989.8515;-146.2915;-93.5806;
220555.454;438257.541;438188.505;-95.9999;-19.9952;-18.8067;
209356.321;468111.205;467617.821;-0.4798;1219.8615;36.0658;
206461.364;467545.715;468333.667;7.9825;5.1091;7.1863;
151769.356;516815.595;518508.295;-2.9380;-4.9839;22.1813;
294052.236;520580.784;571987.179;44.9423;51.4723;1015.2607;
290946.293;416538.036;416807.198;5.1205;-22.0725;-3.9462;
314605.643;412077.396;421234.498;-0.0172;-59.7614;-10.2176;
28996.356;491446.370;597503.993;-2208.4936;1.7290;659.8273;
334171.459;577068.769;580663.693;-94.3814;-6.3038;63.0461;
222016.490;544920.631;541096.353;4.3615;11.7572;-24.6665;
220497.874;473187.274;418533.610;-128.5773;112.3688;-630.0288;
300413.592;533144.037;459624.292;41.3413;81.7531;-454.1477;
154339.610;736482.605;488188.632;0.0418;2098.7952;-5.0287;
247548.181;495075.502;594284.944;-47.1083;-26.9231;556.1558;
174708.997;469885.560;468412.750;-647.7115;35.3867;34.9018;
154871.657;462675.089;463298.696;17.0532;-4.5093;-0.1741;
363126.552;535132.091;534967.471;338.6198;-0.2138;-2.7806;
253642.142;780670.201;491486.497;12.9208;1490.4991;73.4575;
322229.384;419872.637;456068.843;1.2115;-227.5990;-4.7805;
188102.144;462199.690;447233.774;-1.5253;27.8459;-79.5643;
273100.333;516021.694;524211.587;2041.7525;-379.2366;-22.4211;
193022.359;543288.225;543728.075;-0.7140;-10.8872;-19.9064;
182718.705;584803.586;582839.004;0.3637;141.3103;123.8714;
441379.703;491969.742;499975.550;1569.2963;35.1108;135.1098;
314502.219;534625.740;516283.844;1248.4384;395.5621;13.3016;
165386.588;529892.679;533516.265;-14.3959;-1.4486;355.2057;
270025.723;466110.262;553419.871;15.0433;-2.6180;752.1671;
279217.313;403916.386;404798.417;63.9569;0.1015;6.7415;
318107.759;558118.939;558203.406;-45.3391;3.0561;-3.8785;
156158.817;517264.100;547287.296;1.3240;-615.5160;-18.6229;
221391.742;485299.629;480228.420;-7.5854;82.9901;22.6185;
239209.679;373882.894;532484.620;-4.9578;-6890.6632;192.3659;
246724.540;9236.790;422216.411;19.4243;-3180.5743;-230.1439;
362713.789;452755.973;452174.916;-0.0011;7.9559;0.1101;
274019.567;617860.717;470904.638;-173.9022;1237.3883;8.6044;
220708.544;593123.944;593074.702;-14.5744;8.2068;0.5541;
283351.578;528363.893;586869.122;254.5156;-40.5926;723.8278;
250445.553;489082.919;482057.365;10.2352;-96.9606;-165.3939;
233391.503;627549.404;322630.108;19.5350;704.4337;-1080.6437;
147300.607;488413.458;515696.006;-7.8013;-18.5799;211.4130;
144903.679;425399.362;425679.913;-0.0286;1.1940;7.8104;
223159.501;465215.566;465250.690;-2.5859;-127.0832;-6.0330;
293239.377;478487.383;474727.303;867.8567;32.2718;-4.7752;
319138.462;437044.013;437795.239;0.4996;-7.3995;1.0894;
234605.704;432895.785;430810.272;-398.4582;-0.1807;-62.7091;
311568.928;580086.857;583079.534;-8.7433;-49.8551;1.4836;
142092.409;552006.189;441777.308;-0.1552;998.6450;-554.5932;
300241.394;535247.553;533731.982;19.2362;-2.2079;-23.6896;
207080.752;428338.319;437934.549;-49.1058;-233.4033;-227.9227;
220652.378;478217.741;476218.612;-452.1811;-42.9451;153.2175;
168863.648;501809.817;480830.094;-218.9654;-1.8689;-139.2123;
209162.078;472962.249;511307.831;14.6421;-180.7354;99.8389;
217651.231;417341.319;438456.895;46.3799;-302.1473;117.2571;
289649.124;502333.471;506115.392;-1780.7938;-142.6332;-164.5544;
225040.430;309665.066;505179.815;-1.1501;-2588.9327;26.9537;
224056.808;521253.454;388657.205;-1.1284;-28.4267;-894.2138;
768433.858;485405.223;496570.786;65.6538;1.9652;208.7114;
831759.804;540266.272;541749.195;0.1668;-11.4351;-16.1321;
538529.854;512222.279;515700.628;-3391.8604;-5.6006;26.0120;
803572.189;431492.980;423963.832;-137.5919;3780.4550;-0.7683;
812487.724;564326.402;504656.178;-13.3392;-34.6815;-954.6727;
792218.659;423934.596;423825.773;0.0821;1.2423;-0.1288;
812469.132;465236.666;406289.085;-0.0743;42.8009;-350.9336;
775022.685;799548.989;507538.042;148.3602;2485.1376;35.5664;
712948.287;566433.248;566209.395;62.1350;3.4240;0.0352;
759154.202;428526.847;596117.386;-5.8517;-0.1374;1595.3385;
801714.243;470556.991;505436.525;678.6275;-597.6850;91.2795;
698731.505;445539.880;446809.884;-0.4297;-140.1523;-7.8565;
618842.744;498821.473;498797.321;0.0389;0.0387;-0.3253;
808357.541;588696.720;588992.592;0.0070;-0.1048;54.4132;
801910.288;613108.131;613145.670;-5.4894;-2.0347;0.0356;
840170.889;509969.778;516696.909;225.9665;-45.7239;0.9602;
738420.858;450043.227;556135.681;-699.1856;-526.2354;390.4039;
795119.590;498488.342;498492.395;7.1167;1.7830;7.2219;
807299.635;471493.492;471270.115;-0.1623;1.1624;-27.0765;
822352.400;577208.412;577206.372;0.4588;-0.0689;-0.0673;
783429.503;499079.989;531792.704;7.4029;-27.9152;163.1952;
463846.484;561345.974;561338.639;-4927.2853;-0.7246;0.1014;
823190.845;444034.134;442168.157;0.4769;-4.5500;-109.3921;
752817.836;482923.122;494351.280;47.6218;-272.5627;-126.1729;
727529.230;509536.131;488506.387;-25.3033;228.9182;37.0548;
229700.323;442577.922;442543.111;-3483.3310;-0.3025;-0.8916;
733188.710;521237.503;523768.106;-102.7770;165.4244;1.9692;
787278.965;489883.916;305400.415;8.5408;-321.9597;-1179.8818;
702297.705;624577.960;594786.132;0.1285;206.5141;-4.2931;
783131.215;575590.033;575575.310;150.0657;0.2064;-0.2581;
39390.552;425455.960;505191.992;-8338.6288;-645.7712;663.7005;
652866.301;197692.594;488295.834;0.0054;-2456.2359;73.2212;
781563.830;659589.575;706276.127;-90.6627;1346.1879;1847.3308;
779029.512;502109.967;498429.798;-34.1395;94.7003;47.6827;
905142.436;505717.433;513164.118;783.5771;5.4475;50.6706;
393479.643;558247.147;548104.636;-4059.0685;208.6604;-4.7496;
744004.722;529244.525;532716.007;-22.8275;14.9200;33.9005;
721128.626;507352.853;440931.732;0.7147;1107.0394;-522.9171;
801079.560;478774.811;481042.149;-49.6088;-28.3690;-19.6496;
767247.645;473827.802;472798.393;-3.3515;-1.4643;-13.6560;
806822.444;428717.014;487462.063;0.1961;-401.5219;33.7230;
841363.074;399527.562;399669.648;-0.0204;-33.0490;0.0686;
686560.655;520721.885;539287.410;-93.5322;-115.2786;3.8139;
638992.030;509173.411;556287.797;-0.1226;-182.4621;74.4342;
747292.759;398177.260;548869.624;7.6683;-485.4878;384.1963;
712559.138;469801.364;469456.028;30.6380;58.3846;-2.3219;
772795.715;508074.619;502126.233;284.6140;20.2131;-65.4500;
824921.074;510542.595;509703.697;427.5215;37.4763;7.7707;
828296.763;476969.310;481858.601;527.1271;-84.8440;-38.6935;
841366.371;595942.489;578392.677;37.3301;109.8795;-15.5577;
726233.649;412062.008;413538.486;-3.8680;-3.0021;15.3772;
68459.737;510612.086;503898.160;-5268.6975;33.3275;-39.3803;
701032.308;576316.254;817122.969;-0.3311;-12.0770;3700.8614;
693956.512;448838.645;449873.807;-1105.4996;-2.2988;10.7699;
701263.920;440099.150;439442.203;-0.0981;0.0746;-6.2584;
820109.040;565054.030;561463.722;3.2939;28.9412;0.5294;
753008.265;458847.444;480579.964;49.9727;-120.0851;82.0914;
654602.526;420127.892;420197.373;-0.0626;-0.2098;3.3975;
751922.955;472722.840;461593.105;-2.1294;61.6662;-30.3052;
667149.235;568206.092;567510.283;0.5259;11.6314;-16.9341;
639705.335;406184.350;405943.243;-722.6493;1.3736;-0.8082;
614879.987;488974.360;135783.351;-665.3237;478.2575;-2072.5380;
847780.898;545645.665;547209.818;-0.2032;8.9571;344.3335;
783874.820;512529.671;514424.988;13.9818;-23.3373;-14.6905;
708535.246;568637.654;570900.862;11.0695;-37.2548;0.4443;
889020.220;487720.227;481792.935;-0.0008;6.4781;0.2425;
710888.644;487694.841;497962.146;10.5011;-61.9225;-26.3199;
837887.785;413575.391;414002.335;0.3433;-5.6270;0.1175;
789730.524;507974.679;509283.460;1.4781;-23.2285;10.4346;
667834.203;546669.064;518451.762;26.4436;6.6798;-360.4586;
789421.589;590165.031;517964.445;17.9718;820.5087;10.7166;
901593.735;442543.410;443881.343;3465.2236;15.9694;83.5748;
826774.431;431061.720;430822.271;0.3358;-0.0958;-5.4222;
815750.675;537457.427;541531.625;-0.1207;-2.7317;315.4785;
871494.460;563866.891;562759.509;0.1470;12.9029;-1.0153;
800343.283;570982.972;569718.069;46.4211;45.7338;0.3597;
749636.257;667661.081;494277.667;-11.4514;1005.3028;99.0460;
754467.868;491215.366;493487.545;26.5658;-19.1599;-15.2845;
708868.601;817851.332;524655.762;-0.0056;2269.1342;-3.0394;
827193.802;509150.947;552926.178;386.3017;124.6018;544.0727;
745705.253;475431.671;495029.958;1.5925;-308.5172;-16.7187;
750588.583;465292.072;590861.081;4.4277;-253.5293;710.7110;
747917.930;514858.636;494468.096;2.4252;111.2335;-44.2130;
693017.343;466947.481;472381.660;-1.2257;-51.1500;-0.4427;
776331.284;479595.556;471734.195;160.4300;-175.0482;-91.3572;
847450.838;490511.946;493694.962;-0.1222;10.3207;24.2026;
832313.263;508938.472;513123.679;2.1775;-4.5684;44.4573;
775016.878;476654.775;473264.335;-378.6228;-13.1105;-764.5685;
801176.850;368208.907;428888.277;303.6383;-658.3263;-174.5655;
851154.231;477811.540;472838.912;-47.6174;48.4975;18.9661;
857838.286;485970.074;485661.311;-0.6581;-0.1462;-99.2789;
527741.076;708052.796;287139.693;-1629.5517;1306.0885;-3786.4587;
816980.404;436527.655;436519.768;-10.8350;0.0733;0.2161;
810393.620;568793.571;509715.328;-0.0049;-5.4831;-371.2325;
786200.485;503369.521;495042.844;-13.3213;52.8826;4.1062;
739139.982;393379.870;391347.223;67.3709;184.3789;-0.6869;
790024.642;490163.114;491084.402;-12.7803;-55.5838;-37.7513;
777359.727;429319.385;501679.102;103.8075;-425.0557;-2.6691;
763510.608;483458.731;528790.551;-26.5539;-261.5019;3.7470;
758115.715;507020.662;435929.219;-3.0736;196.4401;-250.5549;
715995.023;467371.066;468447.223;-14.0531;-38.9755;-0.6342;
722531.570;561738.727;531216.761;-26.9345;132.9293;-26.4301;
750682.154;513424.077;536083.057;197.8888;11.7446;218.9773;
737805.035;437572.245;437579.845;133.3727;0.0249;1.3207;
700986.690;484681.088;403765.367;-291.3388;26.2140;-457.2164;
772457.870;584517.057;586556.018;-3.0686;-39.3706;0.1062;
773808.062;480272.449;436643.734;117.7209;-77.5560;-380.0723;
740528.954;520644.129;516267.368;-5.5020;24.6170;-32.0135;
742763.739;491471.288;492922.283;-41.5668;-42.0668;-24.6815;
664850.952;514141.573;504336.042;-363.5659;73.0860;-13.6636;
776202.858;492892.030;519971.088;-5.0180;-271.4413;-64.8951;
681980.047;473270.787;473725.658;0.0306;0.8213;187.3200;
801094.853;589989.271;557388.079;267.9495;180.8812;0.2674;
636640.421;659384.136;569992.331;0.0022;1061.0127;18.1014;
737811.215;452090.811;444852.270;9.8985;793.9602;-0.9932;
685006.988;434690.228;434727.513;-0.1746;5.9923;-9.0920;
832289.773;416947.413;419194.459;0.9715;7.4159;11.0117;
835839.461;604741.359;604738.060;0.8688;0.2436;0.0208;
757266.838;106714.714;497570.797;0.7566;-2948.4592;-216.9758;
736417.993;572870.679;570178.457;-1.3650;15.6883;-5.1148;
775280.220;426417.544;425209.996;3.2392;-0.2662;-54.1793;
823309.593;560686.743;561566.728;5.9212;53.4486;-1.1908;
745970.939;509660.269;522410.947;-24.8390;62.2406;170.5562;
751828.484;478020.865;408650.969;14.5704;-126.9144;-473.6643;
767521.819;561773.563;561304.709;4.3498;3.3666;-1.8583;
707362.278;567475.540;567513.929;19.7269;-0.6743;-0.2415;
652867.431;435656.104;433649.209;-197.4456;36.0953;-0.4248;
683445.345;568955.029;568814.037;60.0578;5.1300;0.0815;
801089.419;560196.934;560623.308;-4.9969;-0.1044;3.3967;
775451.751;454567.825;447703.450;-63.7925;120.8741;-18.9666;
767987.861;426659.106;456673.020;69.5170;17.1785;514.2353;
726665.542;614200.893;566318.039;-16.4821;-19.8490;-382.3979;
691297.962;455605.666;449133.106;-187.5608;275.4329;-2.7587;
757559.642;514082.653;513837.519;12.5491;7.1431;31.8493;
841012.927;471905.759;467228.785;710.8199;-25.3170;-90.7508;
778648.591;556200.812;549963.498;4.5670;125.1857;-49.3427;
759668.049;494665.127;496864.908;678.9812;14.8829;18.3870;
790257.542;560605.818;554874.282;24.5911;1.2654;-50.8016;
839671.280;401666.412;465011.709;-0.1344;-574.5911;-19.0564;
696173.731;627799.358;627832.820;0.0783;-0.3912;0.0391;
779446.515;409043.827;409056.893;-9.7293;-0.1872;0.0894;
672145.252;520452.269;522375.739;0.2159;-2.4378;12.7704;
729247.430;500997.454;508890.522;35.7016;-13.9663;29.5801;
694943.955;602669.621;535486.591;-0.0587;162.6902;-250.6271;
712370.742;464324.325;460088.803;27.9207;0.3768;-44.2857;
709564.994;438237.322;438744.756;0.3899;-14.2114;0.7470;
800126.538;491037.026;490282.149;684.5450;-19.3790;-18.3790;
657483.153;428192.859;533904.293;-0.0273;-705.9665;-24.4893;
681271.730;538979.817;541980.015;3.1602;-29.4900;-11.4094;
765842.966;494327.951;496063.197;6.3713;-12.0791;-6.7851;
761491.101;536864.070;537643.482;7.7992;35.4360;211.0768;
765401.836;543584.672;490817.412;87.7381;637.7052;-17.9199;
721169.723;580895.973;580958.297;-670.2534;0.0086;1.9662;
636696.150;465445.025;440581.587;0.4693;15.9744;-113.3302;
825212.868;434238.708;439479.709;29.1207;-169.6556;-259.0453;
758643.678;624838.924;591314.921;61.8536;1171.4453;1.3934;
705445.427;521152.070;514781.279;-122.3659;-222.9230;-175.6682;
723119.089;555630.181;763121.278;-0.1321;353.5935;1748.2422;
745200.805;503842.215;439639.524;-6.6876;53.2151;-292.1968;
748706.116;382668.694;401012.081;-1.0224;-0.6058;127.4079;
712168.300;471480.789;466027.367;0.4641;114.8618;2.7714;
750180.358;478451.906;447907.920;9.3676;275.7357;-83.6213;
627776.348;382291.708;538942.277;-470.6816;-961.2503;2.0125;
750177.597;384427.881;471380.389;17.7111;-1121.5639;22.5052;
793874.346;504175.749;548824.029;46.6284;-391.6637;-114.2650;
714408.461;562421.012;563149.029;-2.3920;-0.5014;10.7993;
748807.325;476418.686;720011.877;-0.5801;-10.3965;1575.3272;
782927.463;434594.038;434016.889;1034.7152;1.7294;-0.6916;
814003.987;411806.158;412315.723;-0.7547;-0.8579;3.4661;
814983.748;477812.372;480559.269;-14.3939;-5.8139;27.6496;
795803.716;476503.150;481601.435;4.2901;-101.7626;12.5914;
883969.368;433616.081;433209.196;1163.4943;17.6145;-0.4658;
736372.559;497988.692;481738.017;-91.4479;276.3760;92.9533;
791325.609;469213.098;301020.752;-1.5323;-11.5054;-2962.8327;
812651.149;576870.830;576597.746;3.0629;2.0520;-0.0405;
772183.746;526014.447;513501.990;18.5937;1.7711;-109.7485;
872358.428;494200.657;496885.038;5.6026;-32.8015;0.2471;
762075.858;467317.571;473608.203;6.6695;-125.3498;-27.3070;
681997.131;514861.846;498591.073;-398.4066;69.9247;7.0887;
812098.424;462330.214;428785.555;-0.1335;-68.4437;-181.2686;
695975.520;438797.889;438862.266;0.2823;9.2057;14.7243;
716594.547;581345.319;581383.943;-0.8236;-1.6239;0.7059;
817481.039;432964.111;433450.392;-0.4973;10.8592;6.6883;
700348.886;439464.880;439250.600;101.5757;-2.5778;-4.4455;
795163.040;484730.644;487458.943;-0.2574;-13.8940;-43.5492;
768234.381;499227.314;512008.230;22.6865;-0.5516;17.2983;
691374.530;463114.158;461663.942;0.5814;27.9971;3.5921;
669233.829;562242.440;557924.036;0.0931;10.1928;-88.2346;
837501.276;475219.692;474744.938;-1.6615;-0.5394;-0.7159;
775181.996;477033.468;470330.835;5.4535;289.6112;-29.0329;
741416.653;614913.551;614923.475;56.4738;-0.2854;0.0227;
841455.133;528659.145;528810.936;23.0113;10.7547;10.2585;
645722.304;480703.552;481208.409;0.0168;-5.1666;-1.9673;
834354.449;377154.637;518441.473;0.0971;-834.6883;17.6103;
805963.408;535826.144;539265.161;-4.6348;-32.7838;-138.3557;
779418.338;614717.238;516869.553;14.8667;765.1583;129.6071;
760200.194;457519.083;501933.140;91.0410;-641.9084;115.4378;
751472.694;505978.419;487783.251;87.3828;-14.4617;-84.2706;
852059.891;512493.457;518796.742;0.1178;96.0884;53.3534;
802554.674;424742.586;424849.312;-0.0325;0.4052;-0.2088;
807455.531;472028.829;310001.449;-0.0495;5.3527;-5986.3690;
794133.658;511147.746;516782.121;-0.6133;-16.2957;246.1288;
683430.896;473792.552;472699.537;-534.2484;136.1662;72.0790;
677455.071;502159.739;502052.474;9.8637;0.5070;0.1604;
778459.771;488061.449;528814.786;0.3058;-6.5128;2318.3855;
744038.876;497760.742;352846.326;-28.2383;-8.1379;-726.9746;
766579.880;78547.411;490913.590;-43.3299;-25755.7450;1.0039;
753713.415;616140.566;501418.345;33.6596;511.2047;-4.8526;
697770.928;569380.134;569898.280;-0.5530;-4.9083;4.3105;
804741.980;496353.426;500827.338;0.7715;-210.6985;-32.5490;
720770.115;475227.345;488450.762;-560.5117;-88.2857;-20.3537;
714588.297;509935.341;509988.718;0.2412;-10.5528;-78.8010;
8751.893;502490.528;506509.688;-6517.7656;98.2477;7.5394;
717347.391;391590.595;421982.724;6.7153;-218.9511;-8.0715;
842464.120;536936.022;490330.646;-0.0082;-5.9031;-731.4115;
776856.820;470005.155;467266.474;-0.2228;30.3247;13.2070;
758798.392;570825.281;566765.668;198.2537;-11.5789;-35.1459;
752547.847;498306.300;650742.191;-5.9672;0.5571;1049.5762;
738292.094;590976.061;591007.744;0.4496;-0.0972;2.9682;
741902.755;421305.227;485239.136;13.2937;-614.4981;-3.0726;
817308.458;450898.224;450021.863;-1.5431;-1.7862;-39.1519;
702272.207;309182.257;552219.839;-0.3142;-3098.5598;83.4197;
735525.394;455499.515;666139.934;0.1373;-1.4916;1383.0183;
648928.127;500881.634;527684.486;16.2861;-3.7673;172.9858;
703687.676;986940.912;477998.972;-595.0187;7052.9958;-9.8842;
667900.412;433005.612;432987.290;123.8153;0.2101;0.0613;
760849.698;444648.318;444357.026;6.9518;1.4975;1.4723;
758582.192;461409.617;460002.328;-66.2114;-103.3815;-127.3528;
722562.482;411034.264;544671.192;-65.7070;-4172.2082;59.9284;
688062.911;560636.662;560397.758;35.1376;-0.3087;-11.4847;
793263.852;598238.403;514847.007;-188.2980;1204.0940;-33.5588;
803659.715;458067.708;466492.609;1.4960;-67.4434;-0.7392;
864805.283;537585.539;514133.401;822.8139;46.1416;-129.5988;
843022.039;447677.784;447499.506;-0.0024;-5.8678;-7.7909;
641470.195;472756.772;452222.373;-0.7274;-20.1418;-201.5536;
692237.332;323317.560;449930.336;-0.0645;-1542.2799;-9.8789;
773951.965;497758.254;501162.461;-313.2576;6.4212;10.4923;
671453.187;510758.704;509706.466;2.4077;1.9957;-11.0872;
701449.449;498976.659;486678.325;-13.3000;-178.5515;-310.8057;
750795.776;248327.688;459674.217;0.6373;-1415.6969;-2.8438;
690159.750;515778.290;489887.093;-9.5345;253.2817;-79.1745;
787460.515;528704.386;529391.195;-1.9872;-5.2612;5.1603;
666249.209;560370.772;556059.564;2.8194;62.9221;18.9740;
768127.151;538283.739;536936.477;14.6972;36.3033;23.6019;
679768.931;584973.942;584610.888;-30.9278;1.0507;-4.3581;
742480.811;571889.916;591468.018;-96.0039;188.2546;309.6070;
775178.541;399835.307;486393.038;-6.5785;-5604.2810;-38.0104;
661651.586;549157.347;556661.866;9.4255;-120.3691;317.0574;
728273.864;518678.483;521672.602;-551.6601;363.9841;5.5312;
751128.533;521921.007;386223.807;-44.9452;32.7167;-5467.0412;
672558.045;493909.369;492387.224;-52.4912;8.3166;-6.5837;
626556.893;544406.895;544522.993;-0.0082;-1.8227;-0.7786;
732134.264;472817.681;465844.475;-51.0452;36.7649;-2.1314;
753614.609;501405.236;305209.212;7.6234;15.2853;-972.5357;
680087.010;500250.622;500226.506;44.9255;0.2964;-0.2210;
692399.989;469821.298;468576.354;23.8419;102.4942;28.5390;
743118.486;564769.921;564777.605;-204.8650;-12.7961;-3.3830;
747023.734;605753.346;607095.567;-154.1217;-74.4324;-0.6726;
744060.755;494117.823;393200.467;13.3635;-15.0593;-793.4645;
819729.349;435625.814;436265.685;-0.5790;-3.5316;-0.0706;
673038.551;536799.377;586994.333;3.0537;10.3646;289.2566;
818621.879;455523.755;442489.036;36.0598;88.2584;-261.2110;
788242.536;518288.431;520399.019;-14.5646;-38.8934;-9.3756;
634484.627;549829.874;550436.105;-0.0037;-10.3907;-2.2534;
749242.389;497275.968;264947.793;-52.8912;-1.2415;-2013.3989;
717065.438;536411.108;559049.518;-6.8702;559.2819;276.7107;
796789.259;514727.008;519574.974;133.3700;15.5293;64.6390;
740763.612;485035.113;388327.074;-75.8475;-65.6871;-962.5432;
693878.482;467137.175;218768.545;0.5087;-2.7681;-1426.7497;
757657.872;497637.258;526614.257;5.9430;-222.0087;-41.6587;
714578.868;497624.680;498006.469;-3.3278;16.4242;-12.0755;
800995.409;463474.140;982703.516;-0.0154;16.4131;3016.4263;
775447.478;594264.729;594237.892;6.6068;0.3253;-0.2359;
670498.521;581236.385;578586.485;0.0031;72.4146;3.1436;
778825.419;520074.857;524257.618;585.0867;-349.7293;66.0745;
685428.865;450062.117;448049.604;0.2641;6.7943;224.8291;
760355.569;426942.181;436598.666;-202.4596;-12.0778;69.4631;
952723.043;496998.870;486425.791;763.7668;91.4345;8.7500;
81222.626;493661.559;502723.096;-5224.1666;-52.2975;1.9953;
763027.636;500330.115;500740.953;3.0089;-3.9048;-1.1157;
764084.288;459896.847;456621.188;-24.6787;2.4385;8.2359;
655992.669;566994.409;563924.628;0.3404;0.1300;-27.1261;
777111.196;376092.272;376101.221;-28.5649;0.1486;0.3206;
695358.535;498181.821;501017.409;-183.0030;-64.6298;-11.4205;
771167.497;2180.683;522372.923;3.9753;-3479.4845;34.8604;
782483.116;548936.828;545514.454;-2549.5856;12.6594;-33.7319;
713938.130;538387.530;530443.635;-0.8046;-4.4090;-27.3639;
735526.008;452240.933;483114.083;-232.5786;-32.4727;4.1214;
790877.527;411756.059;419293.248;125.1544;-11.8896;37.2455;
759835.787;484318.537;489914.157;-121.0903;36.0376;67.7116;
660101.378;449733.283;449552.778;-0.0750;224.2591;5.0205;
677518.825;493551.601;481643.370;3.9974;111.8413;3.0045;
760834.123;200257.334;528603.348;2.1551;-2514.1014;-16.3204;
792380.259;420985.859;418195.861;-2.1132;-3.6159;-9.2652;
796138.150;611585.572;413838.974;240.1618;871.0010;-448.2469;
922779.263;900466.631;591870.645;1766.0971;4556.9718;432.3940;
777155.345;544364.396;653558.296;40.4911;32.4134;852.9511;
671137.924;498789.394;695619.406;-432.2083;-56.6392;936.2260;
667131.135;518886.363;516225.122;5.8073;39.7720;-28.2404;
781046.576;532116.987;532596.427;-25.4097;-0.9536;1.3724;
687269.918;523602.652;522513.592;-0.3720;14.7097;0.4667;
689335.397;563996.661;564000.754;34.1744;-2.1033;-0.8829;
778697.870;657292.675;548300.458;92.0793;961.3477;457.2711;
785927.645;569136.905;544216.680;-0.5304;216.4954;80.5201;
808634.390;501441.279;548444.714;208.5922;-503.2656;28.9653;
786462.980;506817.562;866955.253;-27.2938;12.0160;6330.7645;
774958.496;437787.137;441095.074;11.6503;1.3922;72.4130;
742655.037;557039.823;553125.227;199.1548;29.5060;12.7857;
734463.173;466396.299;481812.765;4.0243;-21.8664;-172.0346;
730978.987;456465.085;458778.250;-16.6306;-13.9989;3.4046;
703994.833;429109.774;429334.975;-1.0541;17.4209;13.1558;
734675.155;619688.859;539198.077;20.6200;2176.9974;-0.1733;
805442.650;508390.804;498458.249;-62.4820;102.5403;-0.6157;
800355.220;496657.548;486104.448;-36.4653;74.5831;-34.8688;
721415.261;599314.740;594305.424;-5.0172;-78.0478;30.4597;
728188.862;529535.098;565535.861;-3.9348;99.1042;200.4531;
741209.503;452212.136;473349.644;9.4425;3.9395;267.9732;
748556.019;504690.663;504581.997;60.9633;-89.4418;-24.8660;
745022.227;543766.468;532203.046;22.8828;293.7399;167.3521;
837400.359;575486.829;575498.145;-5.3386;0.3237;-0.1084;
743958.875;550791.021;552430.081;50.6022;4.1410;37.0760;
670803.869;566483.278;565816.821;-0.1825;0.6061;-7.4543;
751539.779;502184.149;493085.053;-3.9501;12.1834;-71.4447;
692619.693;401130.869;401121.295;-8.3844;0.3295;0.2122;
800478.521;592955.049;593617.865;-0.5574;8.4058;18.7933;
727068.004;513473.060;454298.372;-33.2129;16.1621;-278.1366;
791306.245;504810.219;505708.947;249.2398;8.1337;-1.4476;
643848.044;479725.857;480075.716;0.0051;6.8244;-0.7676;
611241.522;588379.070;588252.274;-937.5812;1.1204;-4.7819;
745322.058;527702.581;585706.880;17.5623;63.7539;503.8107;
692667.588;401233.828;401253.824;-1.1301;-0.1903;-0.0611;
698735.135;508681.951;508736.033;-21.7684;-0.7493;-2.8487;
737508.915;570265.650;561718.690;-390.6498;107.1840;-9.7555;
955100.349;490466.258;502102.655;1188.2852;-498.2271;3.2513;
782561.845;505457.568;561612.926;599.4615;54.5374;523.7423;
763612.760;449333.806;504313.364;9.3343;-1498.2988;10.3515;
724805.639;556855.268;515806.808;-11.6211;-15.9145;-201.0370;
810244.382;388928.574;388921.046;1.1194;0.0534;0.0012;
740776.759;527764.474;553227.240;-0.5672;-975.6852;46.3596;
713315.172;532707.732;522881.657;-2.1354;52.1161;-12.8773;
687155.213;535502.277;495079.024;-0.9838;133.6860;-36.2757;
685954.134;481018.205;531870.636;-1.5791;-143.6972;538.9276;
634237.281;528690.060;473293.764;0.0558;350.5074;-6.8106;
768164.250;558166.543;564310.562;-2.7344;-228.7321;0.3732;
685851.287;579208.335;500618.955;-418.9624;731.7534;-3.5577;
806706.046;517424.288;517309.393;0.1589;69.3550;18.7348;
746266.513;471398.425;561740.565;-67.9249;-117.8986;380.0885;
744756.145;546076.185;546099.603;1.4109;-25.8842;31.3777;
679580.432;609897.430;618851.313;-4.0502;13.4016;76.4184;
714852.040;553325.254;550618.558;-14.9598;7.5103;-83.7299;
668032.164;524486.181;554032.096;0.9987;251.1583;217.7140;
741544.823;510278.798;551583.645;44.8194;-47.6288;600.4616;
765474.297;476221.807;484099.978;-197.5196;-6.9979;84.4072;
756581.712;453523.126;545015.654;-27.3645;9.4605;1346.4522;
728911.153;502806.396;467165.304;78.2086;1206.9676;-12.7371;
810428.611;513054.069;497944.588;2.3104;296.1787;-16.9928;
762353.753;386475.807;499747.210;-1.4407;-2217.6235;564.1388;
789889.851;498555.378;468159.467;603.7808;-87.1003;-209.9088;
697715.175;522915.364;534753.716;-112.7676;51.7668;317.1665;
674552.233;519192.810;512355.611;-581.4420;84.9323;73.6629;
801644.452;658669.073;531358.805;-16.4548;1495.9865;19.3557;
713975.779;428762.263;428633.569;6.8490;23.8865;0.1488;
735887.402;550621.704;395429.569;-333.8405;17.6295;-1533.3871;
758076.866;395392.461;486473.306;-22.8547;-1582.5694;-142.5843;
699283.220;447043.310;440015.132;0.0316;16.1590;-62.7958;
851485.346;549893.202;549461.170;-0.0125;-3.7221;-7.0790;
685199.839;495451.345;511320.860;27.8527;12.4110;99.2070;
674248.693;456036.834;456246.308;-55.8726;37.1882;48.1184;
781068.862;504861.204;581245.974;1.3991;-1.7297;402.0130;
674308.272;506147.547;509510.480;14.3907;-46.8039;9.0466;
774733.848;522871.379;523172.262;13.1411;-7.7079;7.7585;
796561.517;499225.698;512199.702;366.3363;29.8012;22.4511;
739620.551;459019.976;494776.646;-154.3954;-266.5977;35.2448;
840365.450;476185.184;481171.828;85.4459;-62.3785;14.7485;
754529.158;469874.001;509566.288;6.1148;31.1950;268.0091;
686852.523;441612.297;446456.118;111.4209;-22.4664;46.1268;
941381.183;493681.743;505844.652;1599.9785;-58.3889;-12.4695;
772143.708;532825.995;495524.621;-396.4454;409.8147;187.8089;
682453.538;530716.166;528804.186;9.8063;5.5209;-478.4654;
675529.336;492344.551;502353.635;10.9485;-0.7731;56.9184;
751475.568;580689.301;580969.551;157.0373;20.9403;39.0652;
698911.160;495695.549;528403.625;5.0952;-793.9004;176.7980;
775495.266;519126.421;458646.606;66.4776;152.9932;-480.2958;
643062.642;581436.606;581248.057;-15.8986;7.4200;10.3360;
742593.611;507760.257;504121.810;-1.9952;32.0654;0.1086;
653107.508;504539.790;503186.093;0.5446;28.5717;190.5508;
752730.150;533130.156;507613.603;-23.6184;1317.7679;28.9695;
673457.299;484484.155;519546.128;-16.1974;23.7480;356.2229;
652173.027;412128.465;408990.046;-0.0077;1.2353;21.9594;
811042.406;476940.860;501617.806;286.1477;-147.3305;34.0054;
805212.762;469045.214;472373.684;428.3249;-13.5666;17.6267;
722547.429;532840.418;627825.759;-0.9478;63.5295;608.0256;
728827.636;288816.652;562974.240;-5.8720;-1441.4031;189.1866;
762385.027;551954.691;552000.465;-64.4839;37.8390;0.8256;
830384.649;507579.845;507174.355;482.9436;40.5217;23.4260;
751750.880;506575.954;520773.213;-22.5128;-31.3311;58.0594;
779172.772;443344.008;443988.437;-0.1051;5.5236;6.1475;
684517.225;442246.851;442225.927;189.9684;-0.0245;-0.2274;
697187.069;498724.208;487041.357;-99.5267;31.3245;29.2480;
669820.631;502926.161;501530.884;8.1402;60.7541;-0.1491;
625479.319;518120.621;513197.793;0.4406;353.2113;-0.3273;
778673.249;426679.010;426528.745;53.4534;0.8889;-0.4286;
707230.633;510164.871;512603.678;-0.1965;12.5142;18.8845;
750746.667;673876.077;488208.132;-124.1833;2503.4585;62.0522;
744942.458;421799.075;487735.275;1.0198;-0.4336;868.7011;
457681.877;632464.189;482183.872;-3693.5468;1497.4722;188.6283;
753640.252;519923.134;521371.657;-173.5850;4.1602;18.5940;
785110.056;523959.721;461954.739;-0.0812;290.2246;-5.4865;
794562.147;519703.364;522178.372;-1.4079;-91.2707;7.8437;
559069.399;613759.554;429845.125;-1078.9582;572.6984;-1023.1412;
825343.873;415226.099;416264.227;-0.2770;-11.6798;5.0426;
749123.164;511945.699;472436.590;90.1003;41.7417;-168.1573;
772300.214;512825.970;513291.254;80.6375;13.6794;24.5639;
801185.596;600091.762;506943.159;474.8476;546.8145;1.4383;
699581.759;469219.729;463081.298;-40.9193;-68.1221;-141.2919;
831013.746;558889.239;574597.822;-0.1257;-1.4193;77.6872;
803036.229;586336.575;586214.517;37.7462;0.7805;-0.5166;
729795.337;465648.400;462047.061;8.2023;-46.9965;270.7941;
787166.435;510344.601;491954.860;-1.2593;-48.0764;-203.1175;
776604.169;589765.286;589772.658;-6.4030;0.0883;0.3881;
403257.179;493648.446;494113.968;-3036.6796;16.3023;15.5045;
788596.389;511443.234;511489.866;169.4150;18.8631;6.8292;
737353.879;492239.864;487136.548;-2.5498;25.7146;-11.3421;
682030.326;590272.307;590300.274;-3.3335;2.3178;2.2578;
628181.695;428143.983;436205.026;-1056.0702;-446.6405;1.7282;
803262.210;275667.603;530479.927;8.4521;-19379.4076;17.0785;
886878.607;516951.054;520876.396;-0.0131;1.6488;18.1447;
843755.538;421693.179;550455.440;820.3942;-1409.6464;281.4280;
736678.434;404812.773;404797.180;-16.4045;0.1254;-0.1121;
771794.492;477862.421;365434.214;-5.4582;-13.1537;-1107.0573;
786862.642;528747.787;531238.251;7.4293;-15.7064;27.2780;
753689.489;384852.189;376398.608;0.5195;128.3940;4.3177;
753480.884;464237.612;461986.902;328.0100;0.1227;-14.3400;
813626.465;527019.748;526460.886;724.8687;-3.0184;-10.9704;
842512.629;568533.855;568086.391;457.4491;3.4362;-0.0919;
779002.450;510149.543;511538.477;146.9094;2.4434;17.5729;
820181.345;414763.361;414674.131;-0.1286;1.4537;0.3823;
839044.733;428454.904;303234.354;0.3547;1.3839;-1103.1351;
831090.424;566311.703;453191.454;932.0066;1952.4719;73.7021;
682093.795;552101.890;508466.917;-12.8580;460.9974;-29.3220;
714735.667;436735.564;472644.089;126.4933;-240.7064;-63.2864;
871671.852;563298.506;563542.818;-0.1330;-0.3990;1.5390;
745858.185;338374.525;341428.800;-22.5573;-722.6739;-701.2729;
737880.288;494397.027;504988.800;-560.9851;-39.7939;52.2619;
772435.891;715340.699;451345.065;-12.5839;1522.4996;-13.2881;
695682.874;488170.672;544083.227;-1879.6390;-128.6548;179.8387;
804252.369;342577.754;469143.289;-1.1339;-1134.0640;-9.8205;
724596.721;442792.654;442332.652;-19.0554;-6.0898;-21.2555;
809475.081;504524.990;524279.051;-97.0856;-1075.7993;90.9907;
648246.769;462111.105;570760.966;-231.2779;51.1804;996.3489;
798941.737;519804.022;578613.502;-0.3100;10.0879;356.7845;
763698.072;524417.655;520125.008;28.1078;193.2215;723.4074;
780324.329;445923.480;495855.306;-16.4595;-102.5842;577.5183;
749070.004;745312.414;569481.383;-86.3400;2831.4308;318.1202;
749866.398;795939.683;490711.091;-1.0812;4233.0974;30.5043;
718679.022;555511.598;594546.866;59.2390;79.4464;277.2002;
750118.506;521931.367;510096.888;-5.0413;233.9310;57.9748;
774451.044;574000.933;574277.188;3.9357;7.6918;11.2525;
769653.386;520199.474;523566.167;-19.6079;-11.1862;-8.2973;
763318.572;380409.849;380431.985;9.0744;0.0288;0.4485;
814984.929;415455.873;425895.201;-0.0186;-365.1038;-9.4988;
790931.523;570752.278;570669.793;12.2304;0.3065;-1.3295;
738180.653;284554.973;485335.330;-6.0263;-1523.6891;-13.8894;
837860.379;564456.872;572349.779;43.7595;-85.7482;16.5365;
659917.837;415833.817;416093.627;7.6693;-11.0472;-0.0248;
677241.894;494837.806;495435.016;2.1860;-11.0101;-4.2181;
669776.017;424586.301;424213.841;3.8646;0.6809;-17.2444;
662417.207;436255.900;436012.447;-0.0544;-0.1927;-7.8864;
520469.773;516111.609;501651.048;-1575.9013;8.1909;-392.2147;
760070.798;467828.224;452739.761;9.9358;78.6694;-19.0539;
745173.433;175534.083;479949.780;-0.1166;-2217.7112;-3.0833;
824068.928;581010.568;581320.352;39.4531;-8.8446;-6.4882;
736249.925;316582.862;516163.211;-8.1475;-1011.2658;7.3922;
828845.646;558036.445;546038.830;9.7608;77.3772;-221.9632;
742037.025;497501.084;426026.521;1.9640;108.9622;-759.6925;
919232.073;497565.343;507647.446;877.6290;-94.7696;-4.7690;
809801.492;539543.288;542095.060;-0.6467;11.6863;63.8607;
845967.353;596335.931;596344.726;-0.0717;-0.0799;0.0701;
701201.630;452991.090;454315.565;-1227.1476;-5.3999;42.5006;
784832.662;507843.565;884477.973;-0.1043;5.0467;1923.3177;
574638.244;511561.196;511756.832;-641.5104;11.4732;5.5071;
689276.478;472236.400;456182.119;-30.4331;-1028.9136;-104.3869;
715439.090;588172.155;588184.239;-9.1062;-0.0675;0.2901;
757965.313;921292.393;516050.212;0.1696;2869.7236;-35.0882;
772161.577;587627.347;587681.676;-0.0500;-0.3118;1.2967;
738925.170;445675.588;495798.675;-62.0629;-267.7883;31.2527;
806749.371;826225.097;517284.058;485.7824;1723.9931;-431.3625;
777119.701;480856.336;551987.504;12.9244;-2117.3993;2.6088;
713418.983;498082.648;493690.888;0.9409;158.5833;183.2130;
843335.688;576058.283;478854.578;-0.0280;907.5614;-1.2080;
740404.580;495738.885;504024.031;-37.7528;-158.4890;30.8449;
656182.700;524447.149;517823.174;4.3547;-15.2228;-66.8612;
737568.634;499815.069;673585.593;-60.7712;2.4530;1004.6265;
653576.447;595483.464;586939.225;2.4500;-0.2389;-78.9419;
723932.635;516334.662;575526.950;-21.9818;18.1424;348.2175;
759093.406;419545.819;417665.163;-710.7711;140.2137;42.9408;
691141.679;600543.231;600479.274;0.3578;-1.4788;-2.1052;
731434.962;372911.275;410328.723;-9.7032;-511.7630;-16.0573;
838605.822;595672.155;579420.314;5.2513;111.2135;5.0410;
681482.297;484954.858;477929.381;-240.4672;2.8274;-100.8993;
806472.343;479150.606;483634.305;420.7301;-25.7309;-39.5354;
761334.075;496522.493;497116.254;-0.0064;-9.4470;-5.4635;
754203.588;480162.940;538655.427;248.5084;64.0000;366.2149;
659979.113;437513.081;437640.282;0.3956;-0.4993;-2.6272;
745297.926;511280.504;524015.987;-1285.1383;-71.2492;33.9029;
654312.126;491829.123;485242.006;0.2762;-132.5117;-61.2603;
841342.590;537921.331;702319.660;4.1269;-29.5426;17256.6943;
819631.676;427233.854;427303.221;-242.5510;-0.5630;0.4776;
726168.922;648694.266;456613.203;22.2351;1838.1102;35.4293;
736940.194;602956.707;601408.175;102.9638;22.6817;-0.8251;
838523.650;512589.274;493236.871;6.3864;548.4255;65.7632;
718568.539;408760.914;408584.329;29.4562;0.3996;-0.7517;
744618.600;490288.066;530388.313;-5.9868;-19.6235;280.3646;
747808.489;480398.690;483542.698;678.3245;-20.1155;5.6471;
861218.099;435699.911;435434.838;1163.7607;-0.1160;-12.8749;
762201.149;574302.347;574384.128;-50.5102;1.3306;0.6828;
679685.329;545138.313;562270.008;1.4322;-61.3482;147.0556;
856497.438;448630.106;448501.018;2011.7906;-36.4070;-4.8372;
751591.287;419267.830;412232.277;-54.4497;-6.6905;-60.5898;
697577.868;548112.639;549399.822;-0.6761;0.6352;117.9418;
903147.776;566141.743;469614.189;913.2575;401.1671;-128.0918;
693413.045;567448.341;567470.536;91.0766;-0.1508;-0.3104;
840510.500;383222.658;383137.514;30.6377;0.6105;-1.0725;
756489.736;537645.141;546458.638;-0.7755;-178.2618;-22.7865;
664539.422;563717.050;503350.747;-99.0208;322.2836;-197.0815;
791656.631;445566.816;420901.242;31.7305;-28.4702;-1315.2785;
714328.297;491473.550;487701.329;0.7641;-840.1364;142.5366;
802182.914;504380.312;494800.252;-26.9228;-76.9851;-260.8406;
709491.414;530886.482;499849.616;13.5608;-182.2196;-170.7123;
768854.289;575017.585;540375.487;5.9223;248.6132;167.6288;
698936.202;461604.264;541635.693;0.0417;-1013.3399;229.3347;
646883.600;447674.298;405036.701;3.4845;10.1794;-1054.1987;
796438.538;508796.134;500606.049;217.0918;2.3430;-56.3545;
696729.320;556053.334;557200.372;22.7467;43.6959;47.7966;
769858.089;474668.118;511519.416;14.7151;-49.5472;171.5342;
789873.969;508584.402;526661.872;57.5826;-98.9214;67.8604;
760137.492;404306.078;404370.499;43.0305;0.0177;0.8347;
795941.634;526548.401;529027.434;208.4103;6.8068;15.7642;
733782.824;578217.909;528340.537;-3.4053;-2.5517;-694.9801;
839067.981;409920.348;409921.060;-0.0725;-0.0069;-0.0098;
828978.675;444596.407;419170.658;70.9008;-35.7523;-198.0403;
762775.716;536854.832;549859.975;-21.2231;17.5815;89.2242;
798452.387;439361.751;438877.914;3.2210;2.6178;1.3416;
775765.531;415924.775;458211.459;8.8773;-316.0231;-1.3900;
767752.219;460579.117;497250.600;-1273.6349;32.6745;377.4711;
895105.650;477631.730;504196.841;955.8392;-74.6770;219.0080;
715112.211;441608.636;491131.116;-68.1496;-466.0465;-204.7854;
701710.892;529299.428;534985.962;16.2539;-62.1326;25.9663;
784106.689;610986.445;610985.370;-0.3166;-0.3534;0.0218;
696762.999;462752.043;466820.330;-47.0489;-99.4971;-2.0454;
647518.328;575426.359;576793.130;9.0448;-9.5113;3.3629;
657487.063;402650.498;401715.917;-0.0026;10.5708;0.1166;
819014.350;578842.294;578856.914;2.3026;0.0408;0.1334;
705857.432;565485.794;557693.719;-209.7471;218.6747;292.5823;
738832.439;333069.139;534318.908;1.4957;-3230.2163;53.1801;
650346.169;533932.831;532630.304;-0.0337;23.1172;3.4863;
750817.017;529671.118;548918.164;-1.5427;2.6090;251.5766;
776399.819;617226.254;498202.967;269.7077;1903.9337;35.7576;
857340.707;495572.081;517213.960;5242.3198;-313.2687;-145.4808;
837885.225;564143.637;566020.809;2.0702;-30.5755;-0.2429;
699136.557;556833.133;556861.831;-6.5204;-1.6618;-2.5492;
713013.431;413224.887;404320.064;-70.8917;64.6087;16.6779;
699334.527;500602.290;510044.005;-318.5765;7.5139;-4.1497;
709001.528;498776.582;504086.326;3.4310;16.5834;488.4407;
728736.306;437421.588;437395.154;42.7475;0.4800;0.6549;
690963.858;422575.857;424053.646;-2.0571;4.0008;34.8262;
867171.974;418737.380;419173.922;0.0485;-20.7741;-15.4641;
824149.196;405054.993;404888.377;-0.7860;0.9516;-2.4518;
733892.122;511606.322;521785.438;-960.2038;-84.7709;37.0808;
-10641.960;585785.366;572703.510;-25153.6156;274.1408;28.8529;
791283.556;511704.495;537374.722;-9.8424;-54.4409;94.6083;
671585.725;408941.623;403630.324;-0.0655;0.0237;-66.3977;
778432.769;554562.449;555885.229;216.6497;-10.7613;0.2775;
741851.576;566123.071;565763.507;-201.6350;50.9850;47.7509;
803392.531;473688.057;486447.190;0.6367;-144.5228;-32.0932;
749843.700;502877.489;587290.978;-122.0715;-5.8786;473.5242;
685127.523;488853.405;497533.627;-5881.5866;181.2794;55.0942;
666519.168;438402.477;438421.126;-188.6545;-3.0781;0.0726;
809443.719;594664.978;594393.968;-0.0053;2.6708;-0.3179;
814132.426;565161.036;452073.341;-0.2655;28.6713;-3712.3679;
904892.281;503019.580;501492.482;878.1933;5.5552;-1.8343;
688374.338;447605.938;449849.827;-487.2465;-42.9198;-24.0411;
759083.264;496699.811;501652.881;56.1783;19.3881;79.6246;
822519.456;492245.761;486375.936;-0.1147;29.3188;-2.4020;
811209.533;485932.962;474549.739;328.1856;210.5562;1.8635;
841166.947;595638.165;590538.461;-0.0669;-1.0561;-66.4091;
758749.458;451107.880;486531.445;-10.4299;-966.6383;150.8746;
804148.258;470455.358;450559.317;-0.6706;-5.6340;-78.0581;
156518.850;420265.901;420409.451;-3642.7471;-0.0758;1.3755;
784642.190;383478.415;425187.753;-6.4257;10.4469;285.7175;
745542.895;556559.156;601201.016;-9.4250;295.1853;515.1536;
725737.300;484364.730;481934.102;64.4533;5.2041;-4.3657;
731308.618;506654.149;502551.608;-11.1139;-297.7955;5.1647;
760811.890;522512.264;526786.436;-998.1558;-21.8766;-1.2603;
758732.580;381711.283;366419.075;-30.2437;0.0176;-265.4726;
803702.266;585996.448;586173.889;148.6018;-0.7959;0.9458;
730527.645;585905.773;587170.779;-6.2297;2.7613;8.4462;
880621.031;497864.294;511200.737;1696.3699;-52.7673;31.5614;
670509.068;558130.613;555479.000;-1.3576;-0.2378;-18.1500;
62144.249;510010.677;514983.121;-6030.8247;-17.1085;27.5431;
770689.517;489820.222;493928.017;4.2017;-101.9487;-195.9587;
821091.148;449147.925;450257.542;65.4157;6.5941;49.1879;
692360.451;549367.498;549422.204;-40.3500;-31.8772;2.7232;
649826.188;411170.305;410867.054;35.4557;4.9554;-2.8143;
735059.636;560712.245;559853.590;-0.4140;5.1669;-0.3374;
689769.732;528444.948;524306.847;-331.7820;-7.2975;-52.7114;
664116.418;431525.041;431501.870;-11.8550;0.1179;-0.1506;
686743.479;446560.151;440711.732;75.2402;-105.9436;-122.4813;
790523.885;211702.565;503424.484;-1.2861;-5525.3235;-45.2344;
394826.684;427286.545;427247.971;-2446.2727;-1.4449;-1.7710;
721345.581;529518.482;513135.802;2.6056;526.3308;86.3863;
783721.586;561392.989;561097.036;0.0511;0.6904;-3.7416;
649409.185;410871.096;410838.351;3.6428;1.6065;0.6916;
796260.095;515224.443;502788.064;221.7207;390.1266;27.5284;
650881.087;421304.133;421958.962;-926.9889;-16.6671;-1.1333;
790129.391;631256.229;631256.578;-161.9510;0.0096;-0.0050;
802052.271;534418.817;343039.583;5.0527;-49.2904;-1488.5457;
710439.920;517047.498;248429.557;-230.4706;9.4027;-6073.5904;
740837.098;481465.896;503827.579;8.1260;-123.2492;167.5934;
718513.305;473183.498;483366.326;-2313.7923;19.3541;248.8889;
737017.168;489533.743;500334.615;-85.9209;-79.7751;-33.0157;
745993.555;476094.593;510822.626;-31.0023;-249.0398;58.4688;
762535.211;572718.957;572389.205;47.2908;2.4184;-0.0419;
1001291.655;483497.961;506893.175;1488.0642;-191.1619;3.7592;
651605.108;526135.045;525748.983;-672.3810;2.4647;1.4414;
690957.981;485160.897;487783.402;-6.7612;1.9283;46.3256;
782460.150;386962.005;386962.709;119.2284;0.0537;0.0269;
725246.630;445219.659;474108.944;-208.6939;-782.1643;11.8346;
735427.813;479241.157;402040.161;21.1686;-9.6603;-448.8944;
767905.294;609726.709;609710.700;-66.8185;1.3904;0.0071;
716431.717;471203.772;414169.880;-286.5654;3.4737;-256.1646;
661010.907;441441.323;441442.402;0.0019;-0.0023;0.2662;
707748.352;544144.665;510460.953;235.6852;96.3232;-193.5365;
767141.111;544479.984;556369.545;41.2958;7.1096;147.4581;
730028.122;591551.424;591555.634;1.3257;-0.2996;-0.0571;
785183.858;581617.824;580639.645;-205.8658;-4.0780;-7.9704;
732729.174;410807.328;410489.150;-0.2308;2.7157;-16.2092;
936336.521;567854.121;567875.810;1929.8069;0.1429;0.5797;
724244.109;490608.527;447522.889;128.6319;-1.9790;-497.8195;
772154.977;518316.334;518470.145;158.3444;2.4624;-0.4337;
690882.505;399978.077;501768.378;47.5423;-718.3971;-24.8726;
741515.166;566938.810;555618.080;-7.8423;9.4284;-110.4808;
729700.543;436780.362;437154.601;-2.5756;-0.6217;3.0763;
748947.220;641814.578;462475.727;-4.4369;717.7201;-306.1041;
684599.050;534726.127;522660.948;-104.6903;1.3361;-13.4974;
670596.535;484857.856;490158.230;-2.8698;93.0645;83.6897;
715208.139;421785.908;337050.585;-383.8838;15.4043;-1115.6827;
797506.327;525164.334;528308.063;-1.0779;8.7354;23.9671;
719494.564;551648.585;433280.048;1.4886;1275.6446;0.4003;
686593.140;417114.354;417119.212;0.0227;-0.2825;1.0498;
727336.282;610195.967;610371.724;-14.2521;0.0598;6.2055;
743617.716;555092.710;559652.987;56.4265;-1.4027;83.9994;
717059.560;544529.863;549231.620;-2.6639;-9.2969;3.9146;
656782.199;533582.214;533635.327;0.0317;-6.9999;-3.0897;
709877.359;448281.416;430974.499;-5.1183;-570.1347;-368.7195;
651981.381;583494.503;581238.966;-5.8812;88.4810;-18.2210;
826522.656;530408.304;528966.524;0.3575;-1.6927;-18.0197;
832314.238;457791.848;470994.875;1.4011;181.9835;219.5787;
730675.355;577240.650;577076.626;6.2899;-13.5590;-24.6010;
684409.494;554813.799;541316.388;38.5621;383.5209;-27.3740;
820490.539;503607.801;505315.959;-41.4088;-16.8079;2.6865;
764954.995;516098.383;465969.838;-72.3650;294.2891;-185.4875;
660733.260;413454.768;413229.234;-0.1979;1.0836;0.1204;
793530.274;537855.800;511322.169;276.9675;137.6208;2.7148;
729291.582;538222.692;504656.168;10.5217;-6.8676;-237.0957;
881373.368;458504.062;471672.820;1603.5385;-8.7198;164.4360;
817715.989;362817.944;473204.777;-0.0068;-477.8283;57.0845;
778034.339;431292.948;431853.085;0.5760;-6.9008;1.6400;
784568.585;486958.941;533990.971;-1.4680;-607.9869;16.0069;
799043.161;497783.182;642259.770;134.3991;187.7054;1116.8338;
703481.613;441041.777;441081.773;2635.7754;0.0410;2.6658;
717667.037;506778.167;517191.175;-27.0965;-113.1202;76.4847;
650030.329;503597.985;502454.737;2.2772;0.1837;-7.1033;
717608.250;358804.897;473743.758;-3.7885;-2075.7733;-334.8523;
751265.288;495803.607;565552.692;-2.8252;-7.2852;636.0889;
797436.296;485921.547;493370.803;758.2810;-89.3473;24.6329;
689566.054;594297.076;596185.341;0.3289;0.0375;18.9207;
754344.694;509341.087;491612.911;61.9485;90.2956;-186.6354;
798761.576;525340.547;521491.554;2.8177;-0.8819;-12.4363;
772555.456;501075.062;537738.528;177.5295;10.6227;436.1190;
669529.028;585850.899;585934.817;-13.1001;-0.5362;0.6122;
611163.809;763492.234;527790.966;2.6926;2127.3968;11.5307;
773430.490;516629.758;516493.864;35.1369;14.0422;1.7302;
823946.775;425966.027;427435.894;0.0927;-2.6739;37.9046;
800631.211;503756.977;496117.653;1.0473;91.5416;-16.7154;
712529.650;520946.656;521076.355;-0.0298;5.9049;-0.0415;
769523.686;372781.880;446794.352;61.2785;-890.0733;1.9103;
821895.192;422175.495;422370.838;0.1059;-0.6664;0.5210;
705318.527;368778.860;402932.482;37.7192;-446.8564;-360.5310;
837009.163;511723.713;503954.181;611.5113;3.5308;-54.2762;
867460.529;499818.044;499714.143;-0.0903;1.3056;0.2557;
738944.832;498296.939;472581.993;-8.5075;36.3412;-495.2252;
742602.606;514898.322;496089.129;-10.4440;-3.4638;-429.2843;
833001.873;503988.900;518250.763;375.3319;21.4585;89.0663;
790722.080;430912.645;430439.104;0.5201;0.2115;-5.5553;
713170.756;434279.080;492508.523;-297.7319;0.3533;2624.2407;
616171.053;410170.758;459745.753;0.0408;-352.8177;17.7769;
775123.108;551433.330;524522.839;-99.0164;223.9132;-24.6878;
813348.477;645320.155;466186.143;-1.4824;1838.8710;703.2808;
705391.364;531895.171;227452.512;0.7897;140.0721;-7462.0439;
826372.218;530570.555;532781.641;66.0445;-4.5510;11.3243;
767272.215;479749.230;708038.511;14.4303;7.2376;1309.8266;
727896.079;429190.124;428987.397;426.3388;4.7575;1.5019;
755670.728;517158.320;495700.172;24.0985;232.1057;-16.5031;
716508.273;521034.609;512983.336;0.2155;29.7319;-14.7938;
701728.267;446778.533;438015.668;191.6208;82.4256;-19.8151;
840496.702;536947.462;102181.879;1948.2383;-1.4386;-5693.8810;
722803.065;494630.941;497355.677;7.4621;-11.4458;7.8982;
715094.461;436084.872;436229.586;-61.8034;0.0664;2.3274;
703310.531;476421.647;483322.920;1.8223;35.8020;138.3302;
696826.035;413580.636;437583.349;-18.7780;-209.2183;-0.7912;
748140.979;534593.934;424227.745;-0.4720;189.0944;-322.2124;
821992.305;423612.047;423741.734;-0.1465;0.8762;1.8117;
688173.040;589269.108;468549.064;0.1367;-2.5642;-1746.3598;
711382.081;490357.836;687579.763;-261.1454;-174.3041;1611.3840;
748611.177;521155.336;524397.020;-12.1794;-8.0813;-41.5903;
788988.872;377669.541;377668.550;58.8723;0.0859;0.0844;
816762.771;480575.622;479238.053;3.0034;10.3396;-8.5666;
745509.055;551763.252;556806.342;-97.3612;-161.0600;-37.3635;
772614.516;542149.900;455340.278;-45.8968;1804.5594;-56.5138;
689232.780;423682.852;611519.460;-0.2619;1.7145;9441.4983;
871525.457;429186.188;429854.597;10617.9423;0.2758;5.7145;
742248.288;145828.544;487916.770;-7.0230;-2105.5788;-47.6103;
653452.566;539487.052;521500.604;17.5186;14.8615;-95.4664;
778346.649;452188.861;454694.101;15.2969;-56.3944;-1.8661;
708050.253;522799.073;396882.732;25.9423;-127.6908;-773.0192;
714094.885;564383.725;560833.383;-2.6969;-82.4258;-108.7289;
799298.302;511486.337;525015.034;-185.7028;-168.0779;55.3044;
802803.604;462546.022;612225.574;-0.1486;-20.1814;1955.3653;
704735.733;582235.148;581904.532;2.5617;3.7997;1.5158;
710691.012;448856.755;471474.306;-0.7799;11.9062;651.1107;
754851.377;372976.357;372980.846;-0.2311;-0.0372;-0.0364;
717440.169;560980.989;556442.330;-11.3862;50.9863;-0.0587;
734375.601;590345.776;500665.289;-19.9945;854.6347;44.2697;
733294.328;613857.173;613858.434;0.2420;-0.0214;-0.0317;
742231.120;411569.939;411740.884;12.6415;2.5933;6.1073;
294212.830;482233.256;494775.426;-5712.1372;-58.0604;170.9385;
716188.366;468173.081;457150.899;2.1591;49.9171;-9.3546;
801391.064;503977.074;536021.117;8.3440;-14.8652;163.1636;
765697.640;446838.697;402073.089;-3.5704;210.3229;-35.0465;
688666.518;259105.868;473737.517;-0.0038;-2084.8719;-0.4422;
778831.260;369595.393;369697.228;-108.7734;-0.5403;1.2190;
671055.567;389515.638;389571.722;-208.6003;-0.0163;0.4486;
806154.119;499772.041;507028.674;510.3262;-0.9485;39.2022;
843740.956;440131.490;440044.194;0.0348;-0.4934;0.1555;
757457.963;493205.580;41531.530;-68.4099;-22.1703;-2210.6002;
775542.337;519412.023;513387.965;76.7038;10.1603;-60.1882;
712313.994;509112.587;522240.546;3.1204;228.8995;259.8232;
693849.015;563517.123;563658.165;-52.5576;0.5496;1.0642;
747428.444;386994.995;469002.038;-31.7617;-1063.1277;-782.9431;
803617.747;486491.270;480395.872;66.2567;5.0494;-57.3008;
803755.566;531698.612;513894.344;33.1602;2.2003;-111.5645;
743765.980;517787.468;489285.646;-73.3292;23.4053;-684.4214;
729373.562;606966.923;607726.210;46.2800;91.3772;105.4081;
782517.328;432347.404;484668.954;11.4589;-143.7376;58.0483;
694473.697;565491.727;563966.328;0.3697;35.3169;17.8936;
769519.032;490468.240;504210.472;-27.1698;-174.1297;-0.0395;
726115.368;494773.064;524557.295;426.7069;-235.1817;162.8247;
752217.575;360463.633;479856.566;67.5251;-840.7936;-136.7408;
760929.315;511195.518;511224.433;-10.6149;7.7360;-20.0371;
734936.754;487324.261;479288.791;7.1778;67.4576;-11.4349;
807219.474;614468.229;549437.889;-0.1600;327.9373;-0.0173;
845590.054;836629.159;505004.496;0.0108;1738.4851;-193.1531;
776247.134;506290.485;463749.389;0.7220;516.4264;179.8389;
653601.746;492440.702;488143.764;-1177.5869;-6.6191;-22.6806;
721047.388;436481.237;435624.430;-55.0004;-4.5835;-9.1289;
738834.731;499523.170;488549.084;-12.9205;-90.8628;-103.9477;
839299.742;562456.313;509637.012;-0.2991;22.0924;-1426.7842;
808529.319;528268.499;548891.377;395.2242;-1385.4452;19.7878;
724002.095;470262.441;472099.211;34.0797;20.6921;34.1243;
748600.982;608349.547;596247.123;0.0278;69.0756;-91.4890;
676013.462;413555.521;413573.608;-14.9895;-1.2413;0.1318;
719338.073;488430.738;328921.976;-32.2489;-11.0324;-1009.9336;
708610.639;447189.703;401901.529;0.2903;16.3338;-389.9254;
761647.364;582435.410;582842.508;357.8024;-4.6499;-1.8938;
547834.183;496567.959;477120.758;-1552.5735;219.1643;10.9035;
752474.727;473512.488;471107.883;-3.4675;-28.2001;-105.2358;
907139.818;404239.400;400327.547;17714.2006;279.7416;-13.8091;
746258.437;144790.855;482626.402;-2.9688;-2353.1524;22.9538;
809477.311;519440.840;509385.639;-4.4370;-1.0522;-216.5793;
785577.431;294243.401;468623.357;-6.7301;-1350.0266;1.0262;
740136.498;499151.061;455600.931;-822.8311;156.8677;-534.9358;
753214.752;513458.939;511601.679;0.8831;-0.5632;-73.0023;
687775.911;510967.452;521014.488;-0.6494;12.2758;24.9425;
782479.575;597590.423;629346.330;5.0601;184.0990;366.9595;
907498.427;428243.455;524451.378;1207.6354;-495.4403;52.7696;
751392.666;562358.474;509253.167;-34.5611;360.9281;-2.6056;
823201.875;562848.857;563283.196;-57.2820;0.0876;3.1689;
765301.085;512834.826;528538.762;-123.4869;-136.1014;96.2654;
682430.779;458748.229;462842.875;-108.6373;-24.9258;-35.3295;
780714.440;483906.762;552600.644;40.4723;125.1715;930.7463;
688403.311;548412.480;479293.340;0.0660;129.9197;-379.3015;
821398.019;415019.492;409510.537;3.3999;-111.5078;32.8272;
845091.902;575124.137;575031.793;-0.0434;1.3406;-0.4965;
822654.310;583421.039;583366.140;-0.0014;0.8741;-0.0774;
770372.207;388400.137;388405.105;-16.4406;-0.0561;0.0255;
735955.840;472610.415;507468.471;-9.3326;-220.8797;-105.7729;
640353.304;511070.310;511043.472;0.0340;-0.4529;-0.3617;
827965.055;428241.568;434726.898;-71.7530;-14.6455;54.1481;
692386.079;444000.530;566942.734;-192.5454;-3841.0680;-1.2426;
724083.035;69102.684;482576.438;-0.0412;-2518.4763;-82.7587;
658903.163;570421.271;570430.929;-470.1160;-1.1592;-1.3510;
690085.600;460391.325;496338.855;-2273.6208;-304.0500;-60.2843;
805661.277;580363.717;589243.877;-0.1382;5.9762;104.5107;
703965.026;498611.925;496881.391;0.4031;28.2683;-4.3293;
867915.324;568417.437;568385.976;1558.5990;0.8013;1.3585;
672738.582;559008.808;568195.435;-14.6392;-491.2500;4.2880;
794073.501;525493.914;489664.173;45.1363;-32.1226;-348.5391;
735365.732;461660.067;514913.517;-56.0192;-2058.3045;-1.8721;
756057.381;469512.739;457667.105;-614.9034;-0.4872;-70.4145;
733478.434;498589.940;489305.292;10.0803;264.0553;27.8920;
715579.532;475887.035;472465.285;0.7181;6.5530;-26.9563;
672593.452;592263.974;591897.937;-0.0183;-0.0763;-5.4009;
696742.247;498052.976;433638.457;-373.5635;-36.4526;-351.4497;
781303.002;592409.188;592379.288;-41.9012;0.3481;-0.2045;
758761.073;432719.773;582095.217;11.4009;-163.8971;1182.8311;
790017.871;532380.845;512348.649;146.3849;122.8851;-2.2898;
726681.273;527580.751;419260.559;-4.7312;46.1735;-603.4408;
674569.993;560553.964;500853.932;-8.9078;840.4243;215.2516;
758799.208;567787.610;530176.841;0.4951;151.0794;38.9104;
799216.178;391358.114;390416.983;33.7883;-0.7444;-11.1100;
770255.510;439494.327;439321.278;12.2228;1.0025;-4.0510;
746053.640;522220.987;576135.777;270.8819;130.3478;450.6774;
652931.155;953967.598;585332.379;-646.6188;3178.3541;536.8094;
752406.625;534888.842;473237.775;-16.1669;-71.9946;-538.6530;
733520.801;619570.486;667258.963;-3.0982;20.0797;375.2899;
791620.583;418876.628;419678.933;199.0037;21.0879;-1.2160;
755019.508;533543.513;534775.531;-245.4867;-3.2134;22.9324;
721267.097;421801.956;426694.068;33.8657;-5.7596;57.5970;
667501.286;407596.836;407632.210;-0.1590;-0.0262;0.1773;
846857.588;476056.267;476734.542;-1.3233;-31.1094;4.0375;
