# This file was created for the Modelling and Simulation course, RUG (September-November 2019).
#
# Project: Simulate colliding galaxies, using Barnes-Hut algorithm.
#
# Students:
#     Stefan Evanghelides (s2895323)
#     Hidde Folkertsma (s2759799)
#
#     X         Y         Z         DX        DY        DZ
123729.212;454653.066;450972.457;-276.5025;220.4836;21.6962;
125631.769;228236.658;740020.380;-135.6750;-575.5917;744.1902;
233560.093;396657.063;333352.177;63.0075;3.5397;-309.2976;
322107.588;475318.217;328575.601;28.0515;20.5727;-172.6612;
261358.801;372904.658;382967.716;-39.2160;-87.7719;-47.3883;
351555.428;300819.632;780695.393;1614.5532;-348.1768;497.9639;
135951.101;204011.460;174747.028;-31.8957;-423.2063;-464.7125;
304914.658;961182.082;732140.667;-6.1975;684.9604;335.7214;
263002.422;604134.043;719828.864;-4.3158;57.6005;199.3072;
179991.625;502641.656;530713.056;-108.4139;0.5601;-88.6567;
355391.544;525939.330;253325.216;180.2691;34.0489;-367.0385;
255929.026;496013.338;523712.105;22.0615;32.3427;51.1977;
330873.475;429140.946;440039.790;185.3701;-10.3915;16.8386;
302053.580;526491.801;489897.909;86.3809;-21.8933;30.9250;
261218.396;479783.622;996669.762;-56.3062;374.7557;948.6827;
542813.619;378091.381;570236.337;659.0631;-112.3331;15.1527;
286382.023;379752.736;383106.270;-38.5954;-0.7792;18.8578;
224471.113;600135.665;734063.861;-45.3047;11.7784;244.6791;
278504.881;582750.611;473636.674;15.0843;-8.3357;-2445.7207;
310512.862;498061.894;498850.079;-26.4804;17.2907;5.8724;
234246.047;490219.156;434202.582;11.4643;45.5891;119.0220;
104283.547;388612.582;788106.985;-185.7258;-568.5824;397.9768;
840595.386;576649.457;380601.349;650.5334;95.9099;-141.5362;
377396.408;221410.221;529866.108;276.0669;-252.0662;518.0587;
274726.922;661986.768;545226.895;72.5190;189.9206;51.9480;
187110.124;12120.710;517594.230;10.0679;-599.8817;77.8300;
6232.769;473809.266;311605.985;-359.9762;-45.1893;-284.9182;
264523.274;122270.140;471950.114;-84.1263;-403.3659;-15.7058;
231645.842;394509.239;499708.670;95.6837;-112.0126;43.2505;
248429.783;752492.948;829516.785;7.7010;345.1511;412.8830;
310535.926;428077.551;929245.845;89.3216;-218.9511;1591.2250;
344018.037;675682.306;226233.127;310.2633;320.5192;-271.9423;
372847.411;54350.210;568148.915;179.6803;-809.3091;-21.0417;
205725.510;457196.558;333707.220;23.2188;-39.0511;-211.8584;
340763.213;646674.607;770617.538;255.8314;147.1055;668.2475;
230660.751;410138.676;654901.978;-157.8081;-71.7581;362.0661;
306937.950;594045.217;342670.227;-130.6376;268.1488;-301.7639;
170616.986;421138.370;941895.833;126.3544;-105.6496;1535.1330;
62868.450;529973.479;919870.032;-141.2021;21.2540;551.9368;
747444.965;614364.311;212837.194;589.3623;159.2638;-368.7926;
218979.221;536012.546;738768.732;10.5429;-2.9762;257.7933;
313679.965;623666.557;463652.203;214.4051;199.5073;22.7211;
979635.714;563602.368;343973.617;891.6070;14.1867;-345.1274;
298589.834;473957.362;379454.019;207.4590;234.2554;-55.2892;
237139.656;433431.144;463339.479;-4.3862;-7.5698;-11.4474;
202298.930;371563.050;371507.045;3.3550;2.2101;0.4639;
942667.408;313753.362;303472.122;1929.6089;-9.7377;-268.8529;
220298.512;498323.618;478111.214;54.0698;66.8908;-20.2735;
434244.884;362427.907;656893.506;390.7950;-53.8607;418.6801;
992154.001;389057.989;271626.552;2580.2736;-7.3962;-331.7482;
666909.966;575125.746;335821.043;1885.0885;82.7767;-346.2831;
184924.884;24121.788;533830.618;-137.4322;-1027.8661;6.0352;
500660.197;351166.497;389575.310;1571.7888;-133.1532;11.0859;
242863.836;279203.913;441011.509;65.3012;-323.9191;8.1993;
357386.380;609435.220;803837.179;115.2356;135.2041;393.2067;
243280.452;142557.987;532215.967;25.9310;-406.7581;92.8293;
175330.764;399189.321;585019.424;-93.3077;-210.8017;162.4941;
282542.622;631038.603;583488.806;33.2144;67.2976;-5.0758;
328335.058;495685.422;531883.138;-72.2452;-48.8434;37.2072;
214681.957;635731.556;505524.893;-50.1924;261.8509;-155.7373;
291062.126;500269.547;605484.194;4.1860;-189.1305;1.1706;
244391.910;456420.501;411319.630;26.8862;-14.7952;-48.3216;
203991.001;87979.678;493321.199;-90.0869;-552.6626;-78.1487;
587514.357;392667.644;757645.485;1081.6056;-256.7294;698.9209;
38465.994;424480.759;424854.332;-157.6652;-7.7322;3.1861;
200086.216;887361.019;175970.073;-50.9916;268.0941;-459.1206;
348664.395;594441.405;592357.423;157.6032;13.5221;-12.3014;
217222.862;654183.528;292578.188;23.1762;327.6565;-362.5785;
229816.027;427077.378;451480.409;-38.7700;-74.7778;-57.2940;
98468.713;502588.127;70737.505;-297.8812;-14.5311;-668.0036;
231418.769;433140.830;244052.882;292.8752;-22.8709;-295.5143;
359532.372;656671.063;933293.512;86.5467;178.7129;658.6555;
175173.616;605298.627;593506.011;-7.8512;12.1200;13.9033;
296397.933;680708.311;163237.890;-27.2501;270.4450;-466.5990;
375724.513;957483.299;504690.010;178.3294;684.0597;328.2368;
917985.935;485999.863;587939.659;1212.6186;-70.9097;3.1911;
84313.917;711892.444;363457.826;-653.7481;349.0123;-239.9922;
411347.714;437682.814;556134.636;121.0357;-148.2151;85.3075;
274401.713;608377.780;407429.706;-35.2975;358.8493;-6.0160;
123324.801;425404.178;947089.716;-292.3414;33.9579;757.9876;
146171.104;559535.891;973711.904;-99.8362;-70.7535;2787.8491;
209868.510;463494.222;397947.441;39.0454;38.6180;-33.5328;
701887.354;614248.588;618010.134;4470.7683;-7.9166;1.1463;
308860.563;872757.964;398349.566;-26.6364;1928.6036;-261.9963;
30477.473;811120.242;64957.100;-403.6284;2322.1613;-1748.4156;
351046.146;231323.426;488737.195;116.4369;-289.2422;-1.7762;
186940.676;378873.886;833589.946;-142.4131;-74.4793;946.8659;
343321.869;765090.188;439186.375;151.9101;302.4680;-163.2763;
709617.857;581973.698;756035.101;792.6215;51.4319;346.9320;
247608.501;363629.696;360770.581;-38.5950;98.2659;-93.0108;
240528.241;525326.693;645315.355;-37.0283;53.5369;51.4129;
406770.319;584745.417;375725.480;206.2028;-224.8336;-273.1238;
585245.522;531042.154;600877.303;443.6994;-135.5689;0.1707;
368169.564;257339.204;328611.077;-2.1092;-378.6790;-355.1455;
251137.855;937188.029;427619.342;-2.5739;978.0085;-84.8571;
215173.014;568324.594;584698.636;-11.5153;90.1656;292.7039;
235277.530;267915.784;868859.195;-24.7136;-322.6883;1232.6968;
181675.075;634985.220;479954.239;-84.4804;293.3773;-98.6248;
308853.692;598515.951;147809.660;-15.5828;-34.0000;-756.6671;
345407.084;502184.134;518443.040;-4.7645;-0.5198;265.5205;
145057.285;405036.140;435977.252;-334.4287;-1.5718;47.2404;
511291.440;336342.529;450209.720;756.4918;-509.6908;68.8224;
127921.376;598484.724;572136.575;-10.8219;104.2762;-39.7626;
212131.913;567408.374;231666.520;-111.1857;5.4616;-442.9399;
624210.347;420767.352;580066.739;374.9106;70.8302;52.0237;
252933.929;615733.659;618604.285;-44.7450;-10.2390;7.3995;
379181.321;638304.711;588181.541;281.8801;85.2539;29.4222;
669300.310;563604.655;10607.012;2731.3512;-28.9230;-603.1264;
224857.585;459896.695;369375.522;10.8292;-80.5410;-139.2385;
34799.454;594171.819;466644.738;-309.2466;8.1961;-7.8280;
350291.490;600898.153;762102.311;320.2812;7.7272;282.2115;
189104.209;593942.158;185433.841;-39.2154;918.8207;-503.0613;
529142.547;597427.375;305001.093;501.0377;284.8302;-218.3961;
200073.593;734909.079;452103.823;8.5785;580.8615;-5.2101;
209251.856;600157.876;576941.444;-72.2349;16.7950;-26.5114;
253689.392;388365.441;760678.273;-9.1057;-4.9575;1394.6471;
335032.367;912626.531;561157.391;-22.3775;1328.4090;53.9823;
172595.530;511633.930;556685.953;-14.0431;-124.0464;106.8646;
269843.962;594365.152;595070.879;49.0054;72.2958;103.4860;
147476.208;533193.486;395731.051;-177.4596;354.6162;16.2580;
295109.808;424818.464;481789.744;155.4951;-298.1264;2.1357;
460852.982;488966.945;384303.030;224.5331;-5.5080;-168.2898;
271289.831;686675.763;484842.081;-156.5724;530.2772;-47.8080;
219482.695;465937.448;574934.359;-47.1306;62.3733;191.9253;
140951.741;782307.397;505919.125;-157.9692;548.0200;42.5118;
274227.846;405342.490;465436.708;-19.1406;-158.6402;47.3529;
121954.184;491569.030;516489.446;0.7890;-102.7631;-195.4383;
243631.763;530602.538;381695.662;46.1392;25.0613;-409.8555;
865395.470;562293.358;666882.312;1509.3205;-6.9619;134.9599;
309177.761;408314.501;298087.615;-24.6298;-49.7639;-208.1836;
271924.560;547156.895;556327.165;-35.3886;23.2242;36.4817;
350607.330;624931.416;448244.966;-6.9673;167.1247;-87.5808;
114999.799;506061.212;516668.340;3.7099;157.5224;52.9191;
106032.179;750631.626;629232.570;-166.3305;219.8309;51.0162;
512895.865;379858.649;283410.941;420.0047;-17.7840;-162.1030;
206645.501;533484.292;444157.045;312.0576;165.7268;236.6604;
280213.446;655223.057;492178.526;32.6343;144.1719;-124.5330;
287763.093;405727.368;564511.332;71.4739;-531.5693;60.1008;
457873.090;316922.548;518713.982;628.0871;-146.6187;115.6856;
330461.658;520698.060;655255.558;1.3771;-62.4755;727.6804;
191451.502;508952.107;440030.566;-35.9208;28.3094;-108.9589;
318029.545;525182.623;465257.971;-7.2472;100.3908;-41.3130;
147507.336;487495.129;522813.023;-0.7755;-79.1508;-10.0112;
136322.993;464687.963;184400.180;-108.5577;-54.1778;-407.4247;
720974.184;294772.746;822979.076;577.0853;-258.6522;388.0961;
171405.648;694840.471;545862.870;-615.5381;296.4210;5.6627;
752993.146;301870.367;583792.713;749.6289;-457.3376;0.2527;
240173.940;482890.943;485197.075;24.2405;130.6580;-12.8185;
35732.911;484500.703;520012.176;-348.9146;136.0452;177.9088;
271734.360;525491.931;560145.422;77.9868;35.5961;161.7373;
141017.968;501220.430;149795.995;-78.2496;49.7678;-662.8243;
388119.456;750651.635;851162.586;1.2152;576.6048;390.7023;
168959.263;416449.048;474852.317;-255.6864;-90.2784;-165.3671;
970355.729;560391.428;463617.238;869.9305;101.3535;-34.7012;
105269.962;520118.601;682430.301;275.8550;-281.7962;236.8886;
144857.208;496033.777;16667.979;-14.1553;-354.6478;-1011.9499;
28371.005;584952.178;450120.169;-308.2335;56.1631;5.2784;
597518.603;731981.842;878304.705;2927.3626;295.5206;468.7840;
405251.712;405417.484;465939.372;124.2551;-51.5824;54.3821;
550491.978;639034.378;610015.288;302.0625;37.4529;-70.0549;
285875.201;742129.648;436717.107;17.8007;133.4120;11.0738;
198906.155;839145.899;477688.978;-99.5649;628.7845;-48.7548;
720082.430;161136.412;604873.599;534.1842;-390.7695;176.4392;
245543.442;619155.810;128425.216;-142.2482;237.1816;-595.0352;
574824.313;443811.918;607260.410;386.7740;-45.0844;229.4327;
251699.025;613595.891;577170.499;-12.2771;105.0035;36.3829;
209586.502;442072.661;390145.637;124.9054;220.2394;-38.4354;
302054.221;280180.158;418675.851;15.8378;-271.2095;-32.7840;
137670.565;490724.362;557928.105;-60.6809;-146.4892;3.8809;
198730.304;446624.488;438504.296;1.3358;-2.4798;18.4755;
191708.233;599268.466;602050.748;-215.3478;-6.6948;0.7277;
255610.422;502951.963;799969.469;-21.4882;176.3830;553.6146;
192433.466;542090.524;697943.630;-62.1608;-272.4485;258.2919;
436353.435;495530.986;540328.632;-131.3733;-9.4633;-56.1206;
215085.024;226944.604;538452.193;31.4240;-3025.0120;-58.6736;
151222.816;511702.261;309914.982;-11.4972;-27.3222;-428.6134;
309407.834;566634.591;707832.314;198.7108;142.0407;530.9385;
213133.996;609577.363;540731.419;-406.6487;165.0615;214.8163;
479997.566;476807.123;248481.507;197.7075;-54.7581;-409.1658;
978388.767;130563.410;582560.741;775.4712;-791.3890;4.8145;
109969.152;439958.669;211236.025;-141.4152;-355.0600;-399.7907;
318706.873;455347.586;412806.218;-8.5194;14.2952;-34.1392;
307033.702;548167.041;497796.676;46.7145;50.2046;-33.4749;
383108.821;637050.338;682535.072;3.5886;132.2259;154.5368;
191523.955;560162.576;515168.217;5.0949;-11.8238;-173.2571;
892781.241;893337.187;579079.311;1287.6633;386.2034;-21.5832;
256288.889;390422.377;369981.730;20.5238;-6.7392;-63.1388;
291028.588;151115.584;171634.061;48.6862;-479.3228;-442.0532;
380558.485;357546.937;539838.964;183.1778;-181.1632;38.6999;
766823.420;419089.121;472063.434;651.0599;-1381.9919;4.5053;
199908.829;640066.523;637099.885;125.6970;67.1722;71.0792;
136574.735;446802.774;719154.584;1.7078;393.5915;505.1237;
264793.086;268196.313;563988.735;-2.8657;-214.6769;393.0098;
186289.988;876913.476;568096.228;-16.1471;391.5407;9.7265;
113852.258;557001.092;416545.305;-136.3139;477.6878;27.2438;
578225.891;597174.149;549870.555;447.3932;42.8066;-18.5237;
726365.722;541528.814;328208.852;1181.0904;-177.0226;-335.5071;
276406.985;456330.375;490903.219;101.9902;-35.7573;-26.1511;
464314.746;397443.315;361606.749;265.1472;-19.5701;-83.4692;
337266.175;873740.948;473452.555;111.9555;-717.3142;52.3812;
291780.975;366492.169;720997.294;33.5114;-289.6255;666.6412;
760771.601;731109.017;601548.099;792.2363;644.3229;137.0866;
325146.838;446629.324;263372.953;69.5943;16.8242;-258.9913;
71375.611;470053.726;724889.091;-305.3673;-267.8634;232.6802;
377928.158;589776.932;564921.331;55.0830;37.3911;-172.4852;
118487.220;445278.233;495874.180;-348.3480;-84.7000;34.8819;
436412.848;474625.824;493736.152;267.9975;-28.9710;-14.2821;
352781.686;495889.490;198222.218;48.9098;-131.4094;-333.7568;
342766.401;589272.093;550489.887;146.1999;60.9876;-63.4082;
158894.042;427072.939;515459.935;-253.7071;-153.8050;116.4543;
279310.372;738230.896;358289.362;90.4660;488.8302;-238.8990;
368316.580;503149.615;561431.166;209.8893;174.1014;255.4416;
311017.039;496767.882;372079.829;10.4319;48.6594;-119.1521;
312003.260;436752.179;629409.052;7.1262;-10.4140;218.8654;
354235.567;673612.034;502892.182;171.6802;247.4443;8.5753;
245952.911;822410.451;381530.678;-35.8461;622.4645;-55.2655;
229990.016;297680.449;571922.075;9.3621;-359.2219;98.6580;
195323.912;588439.827;561662.092;-34.7851;-12.7489;-53.9329;
768057.899;427588.946;460918.767;597.3292;-23.9270;62.2634;
208598.490;409302.200;369470.681;27.0588;-221.1691;-159.6533;
199392.635;431715.353;496456.375;9.8361;-108.6004;1.6662;
206606.653;532503.101;852659.673;-12.7406;21.1131;438.1854;
352473.329;385586.716;414850.683;310.7606;-95.2714;15.9703;
97361.475;670398.421;416394.609;-153.4847;391.9780;-126.9990;
437979.070;360383.012;537460.069;429.3197;-3045.7770;450.7604;
671900.097;540139.544;158742.929;622.0480;-34.3216;-711.0137;
398997.645;554650.006;654956.835;254.8465;9.7278;1231.0538;
296229.686;520552.207;427199.190;172.3145;-5.8258;-231.5878;
72797.125;280573.370;207134.932;-304.8570;-395.4953;-479.5926;
799853.080;389736.403;401524.889;667.6630;-38.0932;-4.7601;
350464.132;382446.257;434077.883;-359.0436;-113.8836;119.9077;
424370.077;486031.019;445957.768;159.4227;-214.9000;-34.5012;
311629.940;261505.545;506663.626;46.0082;-1962.0283;-52.7970;
254020.104;630686.853;585455.746;8.0874;163.6857;31.5703;
248886.285;629799.696;566065.574;-41.1166;187.0695;26.8438;
562315.178;104484.896;493155.117;611.0602;-772.5871;-60.4983;
116503.106;510701.046;545749.835;-47.7963;-35.0140;13.1633;
214257.367;315817.626;533626.016;232.9377;-240.2459;349.6233;
161753.061;512626.811;470423.407;111.5160;-0.6541;-87.4005;
333512.102;542235.284;290351.193;34.7675;149.6238;-202.7202;
208441.730;646804.191;459816.606;54.6685;216.5600;-117.3343;
222612.038;413955.947;409736.543;-80.5030;-499.3808;-84.7346;
186113.012;424077.035;423696.346;-139.1797;-116.2258;-128.4161;
329528.962;255998.087;559127.037;33.5731;-211.4794;298.2957;
222126.927;383426.311;381522.786;27.4540;-0.4583;-7.9940;
217414.094;903307.736;806586.752;-113.1817;685.1241;1009.7660;
152929.045;429595.774;421828.150;-2.1431;16.7132;-39.4645;
260904.463;612018.468;430801.106;66.6490;234.5708;-108.2205;
199444.717;426826.309;426926.549;105.8019;9.1854;24.4517;
46201.383;388627.825;36127.477;-140.9339;-104.4235;-820.6743;
358839.865;441506.356;430575.129;110.4756;-377.2999;-137.0919;
838235.469;805160.061;249200.060;812.5797;624.7008;-313.7221;
216858.893;554349.579;520078.584;540.3544;-47.1964;-157.9346;
118273.769;353116.461;569427.094;-427.3596;-70.2243;251.3757;
389075.692;560299.721;200505.536;48.5301;-109.1869;-1074.0259;
83903.562;493236.181;986716.844;-2479.1410;-23.1135;556.8021;
250365.276;379354.052;559765.777;228.4255;-187.6665;136.9840;
320538.669;260977.961;673693.073;-0.4911;-225.1243;513.2757;
186004.067;467632.446;427531.909;47.0983;25.6189;18.1273;
196091.814;943046.076;557783.984;0.4738;1629.6143;118.1264;
117507.353;684537.937;666262.577;1038.3674;141.7003;114.4377;
259469.233;406064.348;314085.598;-30.9177;3.3913;-213.0500;
159668.869;80434.629;903973.202;6.6516;-621.1144;644.1143;
202996.458;545249.932;646863.567;163.0068;82.8890;514.2759;
316661.466;196940.802;346205.759;108.1240;-443.8362;-186.0440;
911465.565;506298.995;472505.398;887.4330;46.5606;4.5379;
326321.468;563231.167;211183.869;9.8588;301.2976;1209.2924;
389930.503;497404.791;710752.283;754.8287;-7.7873;4755.8247;
90929.928;201488.346;536743.194;-338.2633;-307.3004;149.2127;
800774.047;484872.819;673946.826;43.0048;-5.6008;269.9921;
791591.916;537719.240;645755.953;-87.2175;26.9537;360.0351;
638765.603;120148.964;436348.753;-1421.5974;-573.7480;-19.2095;
798441.171;743145.073;535194.531;-0.8426;203.6258;-214.4028;
876122.377;477906.821;642254.046;53.7532;-45.2380;138.6835;
271151.424;26585.897;833202.627;-655.5670;-616.4744;393.0039;
582405.319;488872.001;626113.930;-338.9364;-15.1420;104.2717;
750975.509;314399.292;405809.019;-5.4646;-262.7636;-149.2513;
635405.139;694754.226;507674.965;-199.7101;272.4674;19.5502;
644393.336;765349.989;590102.152;-420.0183;193.6665;-11.2350;
921492.720;533593.200;471413.911;169.8175;112.9924;-11.3943;
875206.958;476953.311;467539.329;290.2454;4.2204;-47.8767;
840998.126;321041.361;406156.766;-3.9525;-154.1267;15.6343;
627092.473;380532.540;605472.654;-12.2350;-144.6776;55.9632;
983368.795;507812.031;548458.748;304.1797;-6.1898;80.6162;
694676.818;433209.936;534582.520;-30.8222;-15.5448;165.7476;
659694.525;426615.696;506095.755;4.3299;21.8707;166.0393;
671681.732;790038.341;553897.826;9.0045;571.6696;-66.9471;
128876.110;399561.793;334627.161;-726.6888;34.3649;-102.6135;
776023.218;638138.772;356830.730;-14.1208;217.2681;-492.0792;
887857.093;851227.214;488013.091;-3.1350;562.6842;12.8938;
723756.708;631085.731;332574.928;22.8701;244.5204;-258.7500;
766160.504;997395.505;278220.816;-128.4898;1116.9764;-250.8786;
836992.156;584104.894;449178.396;26.2908;240.9631;39.1380;
900255.371;842909.854;578465.551;42.5878;1182.8531;36.6554;
833875.897;338088.192;973806.502;41.0559;-346.3778;1610.3561;
400241.371;458080.854;480625.382;-469.4349;-153.8614;-16.2590;
542077.126;20442.691;464528.619;-292.4330;-662.4572;-140.2134;
635780.566;299631.829;3284.099;-629.6904;-464.8985;-1579.3516;
646062.234;870926.303;732709.073;-419.2014;909.0625;810.9441;
914523.415;510846.545;446779.175;156.6826;45.1984;-103.1144;
854079.647;519747.137;430256.684;-6.3732;64.8954;-53.1012;
810109.645;634708.059;224558.764;-3.3183;107.1256;-406.8466;
745352.217;506545.891;114596.133;-62.4741;-45.7626;-606.0825;
725753.347;515298.512;494440.531;110.4788;75.8856;54.6332;
690794.521;667943.827;462062.751;-49.1461;163.4931;-87.9354;
494318.514;531844.011;10967.146;-293.3702;61.4468;-607.3333;
889258.352;763521.772;618776.895;130.3857;368.4379;29.0930;
869908.418;421027.573;104652.049;143.5302;-80.1312;-474.0217;
774402.495;273943.428;598913.200;-2.2579;-335.9027;156.0853;
364120.300;716019.431;361982.605;-620.7052;175.6809;-333.5180;
895427.521;617085.023;603905.550;141.1615;32.7348;-1.7082;
771852.781;505423.301;376096.679;-22.2809;159.5123;-94.3106;
758448.680;226755.822;74247.933;1.6889;-427.9586;-470.4060;
720099.871;718350.694;575224.867;18.9268;295.3567;16.4345;
722671.958;143944.995;821136.282;51.5029;-668.0057;413.3360;
727803.929;527433.880;459929.530;-64.2060;98.0589;19.6254;
809805.065;448233.318;797059.724;96.3766;52.8510;483.5525;
722581.514;635107.563;279921.030;8.8026;133.8684;-417.0461;
934584.443;640530.345;454751.691;446.3271;268.8642;-3.9893;
643376.059;497600.453;340310.227;-282.2194;-25.2983;-201.2002;
804599.925;563132.789;468468.800;-31.1583;39.7037;-151.8139;
528774.112;627307.226;626523.735;-386.0712;-2.9510;-3.0607;
545133.449;397588.945;479688.186;-539.3285;-336.0842;-13.0372;
828292.219;544767.666;712645.888;203.2874;8.2724;251.9948;
248821.183;553436.812;718249.250;-668.6973;-119.9125;2546.2578;
725496.188;545535.425;229149.555;-48.2946;-10.0324;-308.8764;
749574.542;387079.561;363395.728;2.5224;72.0291;-271.2223;
787405.422;559846.028;459865.209;605.9694;128.3365;-20.7088;
863517.340;231416.494;462173.908;84.6626;-385.8954;-116.3627;
804826.269;770726.720;537668.701;-8.3344;985.1703;45.9681;
990914.364;569106.252;543725.106;294.8381;591.2783;113.1678;
814156.792;568687.481;574060.505;-1.0361;-15.8508;-6.4991;
686334.883;402675.014;393113.252;-164.7429;-81.0926;-283.0997;
818414.799;717669.788;159490.936;204.5188;235.5497;-716.2331;
745039.217;582897.363;94532.062;94.4655;188.6415;-937.7269;
883503.069;591125.808;492752.440;364.8101;46.9390;-119.5585;
685428.470;602713.585;617460.492;-165.0737;-26.8007;6.1620;
857852.171;664883.900;538778.892;25.2758;295.0835;82.2406;
642239.229;782453.154;333631.993;-72.8757;900.1446;-221.5905;
823098.250;821950.676;340673.566;49.4081;709.0257;-2465.6220;
855913.022;488532.411;507823.337;10.8717;-64.5646;-26.3905;
799000.349;339999.284;430696.078;-6.1892;-160.1854;16.6868;
784789.449;978108.304;498280.747;75.4432;515.5554;-4.0500;
696870.561;583413.036;587041.052;0.6845;35.1704;33.7513;
696660.024;308642.130;463655.053;-48.6334;-309.5057;-75.1161;
726753.919;227053.632;369586.717;208.0830;-499.5514;-178.6539;
903580.977;559037.797;523398.541;201.8245;-17.2319;-47.3964;
905951.244;491378.364;711112.145;203.2348;-208.9751;383.8099;
766135.920;438791.137;611124.246;163.3245;33.1907;641.8367;
702865.465;984179.186;812426.297;14.1558;693.9712;528.4744;
847385.628;449603.690;497068.702;16.6317;3.6414;85.5207;
638945.481;441807.070;311718.625;-7.7615;-61.3537;-198.3929;
517899.643;335115.162;942863.530;-373.4510;-483.2829;796.8597;
268450.104;586697.689;505263.315;-1143.8141;164.8219;-4.2919;
839644.141;583600.952;532473.708;89.1912;136.5578;4.4360;
608829.427;560748.870;549505.819;-86.0513;-67.5329;-67.0163;
333338.299;800507.397;316613.023;-562.5720;399.3116;-881.6757;
643197.587;509563.069;463771.430;-41.4392;27.8685;-623.5187;
626625.890;532452.873;501737.124;-0.0705;-20.7467;-57.0508;
724181.883;612281.753;535530.432;65.7617;4876.1160;66.1945;
779427.080;527334.385;517242.180;173.8968;74.2910;78.0569;
605929.228;417200.996;591827.182;-189.9547;-482.1941;124.7045;
627515.044;545319.723;613101.584;-166.5440;-51.2445;54.0531;
711205.557;528923.095;848583.847;75.3420;-26.2712;563.2884;
634289.515;569158.392;164175.956;-0.3527;32.8183;-633.6108;
682453.366;945437.592;755266.303;138.0447;584.0885;279.4455;
707915.715;544301.993;515204.307;-33.0810;81.7535;40.6670;
929425.457;568889.589;426360.035;236.5508;-36.0451;-284.5172;
671234.862;632012.593;536166.702;13.0422;72.0507;-96.7309;
688711.119;321464.916;615594.151;4.3277;-213.3475;236.0517;
714068.231;382925.763;418648.909;-71.7861;-62.1772;-539.6681;
654676.033;559355.038;541383.218;-4.6436;-26.9612;-40.4599;
758353.142;382515.048;222522.947;-1.4519;19.6315;-2090.8000;
580840.305;110880.433;551539.862;-151.7940;-2367.2092;67.4679;
579054.354;286425.797;571856.700;-226.9599;-1505.2560;126.4426;
677176.880;515968.231;559331.644;-109.6801;59.1601;107.8680;
539081.660;651563.051;499072.922;-353.9390;394.0397;242.7026;
633948.929;537431.146;500671.245;-53.4673;26.2702;-21.3806;
948648.628;146606.161;567049.254;197.6403;-503.3624;45.4228;
884129.022;713603.413;562189.983;200.1871;252.4523;13.2374;
738943.393;436817.697;266073.692;3.4594;-47.0132;-339.0210;
702548.721;423768.434;461388.065;-59.0408;-56.7349;1.8176;
502649.406;454638.601;494085.119;-788.7754;114.3033;109.7010;
725669.491;755748.132;522325.483;14.2393;506.9034;-81.9335;
797438.595;547506.470;441628.019;58.5287;92.6361;-71.3492;
689069.980;395749.521;147938.871;-1.7417;-10.5424;-356.7237;
792760.829;949908.981;393690.975;-27.4824;864.5667;-485.0966;
672616.577;585284.160;940901.541;-148.4991;-397.6759;503.7055;
697477.002;412775.918;401742.524;10.7036;17.9403;2.0701;
713315.465;508330.479;434233.706;61.4143;-455.1784;-573.7924;
450331.861;505287.795;979406.961;-425.5718;-485.7758;2045.4773;
680042.269;266331.325;888337.064;-12.7187;-319.1250;501.0518;
782260.398;461829.180;249968.249;-36.9910;-121.2373;-1172.4149;
513432.998;620626.983;671123.024;-511.0557;16.2402;73.7822;
714856.733;360983.926;944667.994;2.3503;-336.6484;701.2232;
667530.340;697918.678;688820.211;-6.6248;245.1281;189.9701;
811480.472;741356.722;470837.158;0.8409;332.0845;-65.4648;
739959.451;650052.330;506035.764;126.7008;193.8737;-260.8958;
356487.784;487999.179;548119.260;-2563.5306;5713.9668;300.0611;
716630.860;533178.517;698205.053;244.0222;65.4040;822.1689;
146779.114;504332.687;867469.019;-6087.7221;0.7662;410.8703;
708749.224;780798.706;866320.386;87.3452;641.3151;533.7702;
811331.901;611109.987;125130.431;34.3200;153.4030;-470.8121;
631190.932;602273.257;514828.153;-20.2741;36.8731;-1027.6994;
666232.697;522651.969;602332.025;23.4825;14.0300;115.3130;
656673.079;492457.084;772931.292;-38.2399;13.6949;359.8605;
994779.634;366196.266;563616.216;260.4256;-157.3465;155.0455;
628971.954;823879.966;541088.434;-96.4497;544.8066;-0.9460;
671931.639;549998.170;523077.503;-68.6444;72.0731;-0.1598;
602402.582;483151.674;316916.058;-229.0857;-127.6341;-339.2823;
789228.121;732481.015;301206.071;-7.3876;299.5080;-369.0363;
838274.503;391884.680;447205.956;19.7776;-21.8492;84.1471;
813335.571;591880.833;727378.846;77.3500;123.5984;4563.3198;
785178.497;847540.081;537418.929;5.7408;762.1420;84.5349;
607741.289;431964.394;691070.166;-319.1423;-48.1606;353.3478;
777003.297;598785.238;585451.861;12.0625;23.5455;-77.5329;
528203.053;503411.410;218133.689;-529.1263;-66.6572;-1406.7276;
684769.791;425851.287;668842.208;11.7292;-1357.1307;188.8978;
887540.975;949565.956;531200.562;1.7425;620.1369;14.4364;
778699.573;313236.212;381271.480;39.5801;-295.3712;7.4296;
814314.660;964609.406;540205.854;-86.0666;700.7423;-36.8561;
119645.905;462886.726;524028.323;-920.9843;-42.2807;-5.1837;
743345.993;602790.228;892820.479;-95.7253;221.5357;656.1409;
798715.583;503516.053;830293.314;0.0515;-96.8545;357.1931;
668690.274;927689.441;554933.089;-144.5136;610.3036;-12.8661;
947424.358;379135.110;403195.587;2060.1794;-1.3121;53.6892;
398637.149;117559.734;498460.541;-5093.8527;-428.4484;107.2365;
368514.339;685256.964;589264.562;-652.5283;435.0068;69.3015;
860924.943;664936.512;667780.353;-29.0640;217.9025;192.5224;
608820.189;355916.590;404246.141;-142.0032;-113.6045;-33.6227;
555101.818;232750.077;429312.201;-161.7522;-432.5586;-6.7128;
752417.419;536990.972;521592.803;35.3369;106.1859;138.5821;
868125.913;642833.107;329670.529;79.1978;109.6198;-405.6232;
815922.414;556812.293;569727.573;16.5039;47.5619;35.2649;
841252.029;612434.168;524988.901;-17.9874;51.2606;-108.6516;
122979.375;508544.333;516102.965;-638.0515;-6.0917;5.5436;
769436.065;587242.547;881431.889;-3.5874;-1.2358;1135.5187;
717222.322;750493.724;672366.928;-27.6366;1105.8313;250.6609;
656808.448;440587.454;78579.732;-3.1703;-138.7686;-1043.5729;
631505.595;592235.061;508802.122;-52.1754;-12.8228;-114.3144;
619719.511;18103.893;380006.604;-170.9118;-501.6025;-64.8997;
583796.040;375765.092;528948.256;-1352.6067;-556.3337;-141.3818;
517340.291;658418.262;361146.318;-235.8445;279.0629;-151.3032;
774659.580;477108.465;508443.541;30.0140;-29.3211;2.1449;
910409.614;529830.436;910398.033;215.3058;60.5485;549.9231;
656153.975;373497.525;448469.281;-0.5378;-184.7831;-22.2444;
643740.531;447937.516;127322.338;-221.8775;57.6414;-847.0078;
901048.911;991558.695;731663.696;256.7905;2338.3628;575.0170;
737189.876;473167.495;775082.401;-7.3913;24.0502;378.9933;
442561.816;983759.371;559078.279;-590.0497;3336.6086;-116.6229;
694225.221;283186.859;636036.406;9.3736;-449.8642;124.1724;
776677.915;867839.386;610932.691;11.0231;599.0775;91.3384;
948629.874;512041.344;469344.478;215.8577;-29.8493;-26.8509;
819373.528;490297.193;589600.402;16.9650;-107.3280;88.4236;
805883.792;607922.469;404561.916;69.5523;328.4263;40.6060;
776048.452;419446.757;498671.951;-94.2668;30.2156;133.2680;
883637.472;729488.504;290676.489;81.4928;415.1955;-186.5301;
651796.611;642376.803;542669.830;-233.0870;166.8599;-19.6603;
752303.337;382168.226;245605.428;-104.3299;-99.4585;-377.4945;
786365.227;191104.707;375121.749;21.0516;-318.5165;-245.0475;
707669.603;436795.384;554409.813;-16.7456;-138.9467;43.3991;
783684.082;638244.327;616487.380;0.4996;41.2926;41.4464;
889365.799;414569.194;717961.753;312.7143;-160.7953;235.6201;
473098.744;387395.364;637170.016;-320.2767;-304.0912;215.1780;
950923.538;322011.964;838606.529;351.6593;-203.8357;606.4792;
707745.679;464998.058;450614.999;87.1197;69.4192;8.0492;
189371.709;452775.684;504773.553;-292.2319;-81.2082;-87.1278;
679944.571;458312.313;1742.196;-344.1857;-64.4977;-3096.7932;
799021.191;601099.246;593828.081;-40.8538;14.0348;5.4777;
815591.602;595592.995;137220.203;-84.7958;1.1306;-924.7071;
751459.697;124329.523;546114.604;-10.3000;-459.2861;76.0503;
507257.812;389560.711;723494.338;-1596.3664;6.6673;423.2317;
738523.751;765436.583;964411.675;-10.8422;297.8716;514.9638;
775085.762;565479.162;482106.700;70.4648;136.5437;12.6913;
751578.816;381781.441;177801.766;30.4087;1.7976;-269.6431;
618199.362;552726.844;541082.480;-95.5471;-32.6198;-17.8911;
869624.404;455107.518;490314.289;66.3610;11.9206;59.0762;
641180.779;209559.664;385038.469;-38.6283;-2126.4915;-50.6146;
275293.677;555148.368;725836.212;-4061.1321;33.8714;426.4873;
858123.948;327230.162;446234.477;286.2253;-177.3074;72.3958;
749339.197;730320.835;571323.675;46.2107;374.1970;104.4133;
610028.126;168668.137;252786.506;-109.7815;-626.6118;-351.5507;
603620.963;787794.799;534184.223;-327.6315;386.6859;106.2541;
721525.895;602251.673;631693.133;-66.1484;-25.9727;0.9750;
657350.601;390283.387;106694.536;-229.1357;-148.0201;-819.0842;
714938.292;365707.975;476317.166;-66.0451;-114.3826;-95.9938;
143368.575;589915.666;527809.310;-737.7245;111.1820;46.5416;
734607.631;231886.117;314986.186;82.1352;-690.5750;-298.4002;
887110.590;390066.034;387030.817;195.7558;8.2441;3.5443;
770659.653;401459.602;81158.865;48.2855;-304.3177;-455.6987;
521844.763;469460.143;340495.228;-272.4366;0.1669;-56.8792;
633696.938;577540.391;328956.405;-5.3063;418.8878;-240.7761;
797677.748;517104.429;46370.594;43.9757;-38.4947;-753.6145;
739153.627;588037.791;583057.026;11.6241;-5.9476;-27.6347;
559430.148;505972.575;739303.764;-368.3480;-116.3050;355.5713;
272503.689;412475.855;326836.797;-7584.3730;15.7923;-208.4390;
714825.084;546036.933;428512.201;-61.1103;29.4012;-256.8864;
115290.346;530523.788;129597.506;-1219.6977;-3.8690;-673.1917;
755920.416;854163.356;508525.756;245.2993;609.3092;28.2343;
712188.393;611224.891;613503.644;-18.9390;2.5605;5.4633;
761406.311;509441.854;562307.210;-176.7459;-64.4103;43.1062;
645722.166;651510.913;582001.473;-12.8097;111.2249;11.5711;
299691.570;501156.579;667952.242;-4566.3529;3.8599;941.3757;
711256.940;745588.847;398932.317;-79.2519;330.6288;-54.1396;
635068.647;389304.538;420394.123;-42.6568;-40.6376;4.7539;
714187.747;397478.959;200024.570;-35.9838;-196.9431;-584.9866;
812122.567;35674.110;513239.714;-10.1616;-453.1269;56.5653;
777805.185;385866.724;423937.806;0.1907;-69.6284;-14.0218;
654976.638;507482.319;493264.442;12.8022;13.4713;-26.2078;
726039.330;623927.537;600436.677;74.6581;40.6188;16.9845;
787101.822;581198.685;357927.574;33.0405;97.2046;-203.5401;
874650.612;594088.039;609173.703;192.3008;203.6812;238.8801;
658831.936;588646.241;596541.852;-14.2588;5.3666;-11.5349;
825549.713;632643.551;944999.698;2.5665;324.0486;789.0734;
784564.128;628947.749;482668.668;-24.1936;448.0495;-20.9694;
739723.127;48846.500;191174.122;51.4701;-454.7290;-281.1096;
867285.230;502296.574;592917.655;-0.7989;4.7360;154.1923;
764084.058;676972.694;883841.918;9.9508;224.5716;623.8829;
718236.554;554888.687;514000.867;5.9635;53.1127;2.5661;
678595.381;445565.705;413626.737;1.3276;37.2870;-42.0953;
699603.629;659885.869;208062.373;-98.2242;174.1539;-300.9341;
567851.837;553084.218;697023.806;-317.9571;74.9108;389.3617;
604517.722;413869.174;531465.491;-472.8515;-187.1567;-34.2475;
666257.518;690765.448;454812.554;14.9818;274.9540;-88.6250;
854109.565;413624.554;364546.749;809.3353;-126.3420;-295.3084;
613550.086;366252.893;344100.397;-338.0819;8.3523;-201.0202;
945837.894;604405.438;733992.870;365.7349;70.2835;271.5062;
748440.132;614903.636;612617.510;25.8200;2.3361;-6.0664;
759497.264;307730.287;395384.538;38.3023;-361.2547;-125.0944;
720629.611;451162.000;460934.545;6.1370;-7.6711;11.3042;
608438.764;502631.065;663837.621;-304.8579;0.1452;187.8465;
889963.610;612345.490;371030.353;518.3252;231.9842;-69.9814;
737561.724;365369.551;368143.157;27.8029;-36.8449;-4.6973;
532590.883;381771.766;675541.117;-197.9816;-15.1967;831.5073;
885910.092;539270.353;462017.397;431.0620;-29.5914;-158.4629;
799095.454;665329.658;743196.841;377.8246;256.3761;314.3358;
761308.039;671473.248;459614.729;0.1226;91.3054;-263.6239;
774616.840;500598.499;592589.894;38.3516;-19.5704;279.5886;
776317.933;842419.790;893833.919;-74.4981;322.0287;783.6996;
785976.438;864081.831;577143.695;17.0949;507.4246;138.9214;
677170.881;375753.444;314450.605;-96.3036;-162.6977;-222.8347;
732846.378;406010.176;417046.109;102.6535;-16.7061;-1.7318;
686777.597;452837.865;128282.971;-37.5042;-3.4589;-403.7779;
971879.336;435900.736;582412.333;283.8819;-288.6091;-2.9196;
623985.620;450118.568;404568.504;-494.6619;-40.3337;-103.0601;
704707.791;523032.348;498443.804;-100.6499;27.2325;534.2090;
803034.390;472130.025;600527.010;145.5863;-66.4627;113.4582;
684334.933;647563.386;155671.492;-9.4777;152.0958;-476.0435;
834515.799;332335.340;456348.631;29.2352;-165.0000;100.3843;
844929.386;358077.260;581547.316;-0.4709;-434.3347;11.9653;
752222.547;395115.041;388831.878;-27.9666;37.4585;1.5618;
635911.090;511732.832;504980.431;-15.1673;0.6574;-11.7667;
756291.123;672292.825;510095.533;68.4773;233.6130;24.4370;
273479.219;459911.245;751324.488;-752.6347;-97.8157;785.3386;
645976.445;591393.376;844447.731;-72.5026;27.5529;2499.5843;
306721.678;578824.223;189146.158;-556.3479;338.5509;-352.1832;
762262.120;610558.925;278732.403;45.7371;47.6881;-1258.6752;
744102.026;703893.719;508203.764;-29.0600;257.1767;-24.3723;
736776.679;820100.048;130435.310;-115.2495;25305.7442;-439.6202;
741243.216;636550.950;94185.917;-16.0633;174.2378;-521.3462;
751123.040;564166.425;473649.151;43.4764;295.3793;4.8051;
125983.191;608971.692;409043.091;-886.8604;341.8094;5.6721;
844702.989;468079.061;296303.319;-12.8805;-8.0811;-637.2329;
