# This file was created for the Modelling and Simulation course, RUG (September-November 2019).
#
# Project: Simulate colliding galaxies, using Barnes-Hut algorithm.
#
# Students:
#     Stefan Evanghelides (s2895323)
#     Hidde Folkertsma (s2759799)
#
#     X         Y         Z         DX        DY        DZ
139212.602;449528.017;449759.785;-276.4118;0.8903;21.6215;
133229.509;260469.793;698345.733;-135.6731;-575.5917;744.1898;
230031.010;396447.453;350677.517;63.0200;3.8141;-309.3803;
321303.970;474184.172;338244.652;11.7076;20.0261;-172.6611;
263554.898;377819.892;385667.107;-39.2172;-87.7787;-47.6876;
261141.183;320317.289;752810.469;1614.5171;-348.1710;497.8124;
137737.295;227711.432;200770.637;-31.8965;-423.2150;-464.7024;
12044.294;374875.178;374020.701;-858.8539;-3.3753;-1.4936;
305267.214;922824.299;713340.366;-7.5406;684.9604;335.7196;
263243.401;600907.693;708668.545;-4.2832;57.6487;199.2823;
186062.987;502611.751;535776.895;-108.4116;0.5327;-90.1173;
345302.499;524023.771;273879.287;180.1048;38.5853;-367.0366;
254693.598;494156.097;520845.996;22.0609;33.2359;51.2062;
320495.366;429646.349;439098.841;185.3196;-8.4057;16.7613;
297216.232;527718.005;488165.770;86.3831;-21.9132;30.9354;
264371.549;458798.332;943543.523;-56.3067;374.7367;948.6829;
505907.586;384370.313;569646.862;659.0218;-111.7837;8.7154;
288543.945;379794.780;381930.223;-38.6327;-0.7509;20.9894;
227008.156;599481.822;720361.792;-45.3042;11.6242;244.6810;
277661.579;583217.295;593402.438;15.0509;-8.3321;10.5495;
311993.369;497090.196;498403.952;-26.5984;17.5118;9.4152;
233604.027;489542.334;428149.377;11.4648;-14.8800;101.5247;
114627.004;420463.874;765820.362;-184.5699;-569.1406;397.9736;
804165.086;570115.219;388527.536;650.5391;138.9184;-141.5485;
361865.269;235525.932;500854.903;278.2367;-252.0663;518.0553;
279455.587;773503.120;959387.962;20.3229;538.6876;971.1672;
268849.748;651351.183;542318.559;116.8191;189.9229;51.7837;
186550.527;45714.085;513234.517;9.9113;-599.8791;77.8821;
26391.424;476340.435;327562.570;-359.9749;-45.2060;-284.9450;
269235.419;144858.601;472829.627;-84.1467;-403.3622;-15.7051;
226171.205;400780.648;497402.867;97.8915;-111.9511;39.7283;
247998.528;733171.731;806395.181;7.7010;344.9737;413.0569;
305533.486;440327.716;840137.542;89.4035;-218.7386;1591.2091;
326939.326;657733.213;241461.577;147.7944;320.5186;-271.8378;
362785.290;99671.522;569327.575;179.6864;-809.3091;-21.0515;
204424.756;459383.569;345630.167;23.2207;-39.0565;-213.1072;
326435.006;638430.048;733193.540;255.8977;147.3091;668.3103;
239497.036;414266.222;634642.173;-157.7834;-98.9192;361.3302;
314419.047;585501.048;359569.820;-134.4951;71.7275;-301.7844;
163541.205;427054.646;855928.445;126.3430;-105.6455;1535.1315;
70775.789;527775.598;888961.609;-141.2028;58.5785;552.0647;
714440.522;605441.336;233502.425;589.4314;159.4692;-369.2639;
15895.350;291746.970;686959.340;-434.3093;-263.6761;276.7988;
218389.668;536178.520;724332.285;10.5164;-2.9973;257.7940;
301665.221;612494.183;462379.534;214.5892;199.5041;22.7231;
929705.760;562785.429;363296.783;891.6033;14.9636;-345.0552;
286965.984;460838.640;382546.034;207.6427;234.2672;-54.8050;
237384.893;433834.379;463977.839;-4.3607;-7.0407;-11.3434;
202110.365;371439.616;371482.224;3.3602;2.2074;0.4336;
834609.125;314288.654;318527.936;1929.6100;-9.3365;-268.8550;
217266.984;494576.629;478922.232;54.1466;66.9131;26.1455;
412701.681;365443.889;633441.130;377.1561;-53.8486;419.0045;
847659.100;389886.894;290204.468;2580.2620;-33.4300;-331.7487;
561296.377;570487.889;355210.721;1886.6216;82.9104;-346.1864;
192618.974;81619.255;533493.122;-137.3801;-1026.6070;6.0222;
69382.228;493788.744;415992.992;-1499.4087;82.3582;-76.2773;
412639.447;358622.930;388954.272;1571.7908;-133.1311;11.0925;
239207.097;297343.364;440552.245;65.2899;-323.9181;8.2014;
350933.138;601863.776;781817.506;115.2367;135.2050;393.2087;
241828.313;165336.443;527018.597;25.9309;-406.7581;92.7967;
180555.827;410990.454;575965.261;-93.3002;-210.9180;161.0675;
280682.811;627270.445;583804.750;33.2036;67.3198;-5.5100;
332373.207;498494.617;529799.350;-71.8189;-49.4693;37.2096;
217485.865;621067.523;513982.784;-50.0721;261.8596;-151.1100;
290826.203;510835.478;605421.609;4.2266;-187.7871;1.1033;
242886.162;457232.140;414025.960;26.8909;-14.5042;-48.3605;
209030.689;118928.826;497697.518;-89.9276;-552.6646;-78.1479;
526946.981;403145.843;718505.980;1081.5155;-165.8925;698.9228;
47295.035;424914.558;424678.098;-157.6532;-7.7429;3.1006;
202799.532;872347.728;201680.864;-46.6636;268.0952;-459.1216;
339820.755;594118.446;593032.902;158.0884;3.8545;-5.5500;
215913.859;635832.786;312882.459;23.4598;327.7377;-362.5718;
336724.819;5327.226;475136.482;426.9551;-666.1273;91.0456;
231986.331;431263.817;454544.380;-38.7432;-74.7417;-54.0807;
115150.153;503401.831;108145.475;-297.8885;-14.5301;-667.9975;
215010.257;434427.830;260601.685;293.1478;-23.0157;-295.5176;
354685.155;646662.906;896407.719;86.5591;178.7184;658.6846;
175612.474;604583.428;592686.648;-7.8284;13.4278;17.8788;
297925.058;665563.321;189367.424;-27.3101;270.4476;-466.5979;
365739.223;919175.855;486308.839;178.1751;684.0620;328.2046;
850095.101;489970.818;587755.622;1212.1368;-70.9104;2.8467;
120923.951;692347.758;376894.326;-653.7588;349.0122;-239.9168;
404569.735;445986.922;551364.128;121.0369;-148.3477;85.1079;
854492.414;979871.345;790148.149;842.8009;707.8313;451.1451;
276602.965;588218.125;407776.934;-38.7496;361.4836;-6.3041;
139695.768;423502.579;904642.514;-292.3379;33.9581;757.9845;
151761.733;563524.433;817592.223;-99.8287;-72.3003;2787.8835;
207735.264;461331.055;399829.204;36.9142;38.6449;-33.6210;
473935.573;614691.920;617945.959;736.0476;-7.9165;1.1407;
310298.810;764756.274;413021.374;-25.6607;1928.6018;-261.9971;
53080.662;681079.198;162868.203;-403.6285;2322.1615;-1748.4048;
344525.703;248483.887;488836.683;116.4362;-307.0736;-1.7775;
194915.808;383044.822;780565.501;-142.4176;-74.4823;946.8647;
334826.548;748153.257;449389.860;151.4802;302.4207;-181.0496;
665238.344;579598.680;736606.915;792.4283;23.3996;346.9299;
249769.898;358133.189;365980.124;-38.5965;98.0883;-93.0330;
242600.623;522331.645;642435.876;-36.9708;53.3850;51.4276;
395223.030;597357.381;391020.828;206.2007;-225.6124;-273.1328;
560398.297;538627.147;599846.522;443.7008;-135.3694;39.1108;
368288.149;278545.224;348499.104;-2.1298;-378.6789;-355.1390;
251281.988;882404.446;432355.894;-2.5738;978.3290;-79.4374;
215823.099;563269.987;568309.532;-11.6432;90.3201;292.4645;
236661.789;285986.395;799826.033;-24.7289;-322.6897;1232.5253;
186404.520;618556.576;485477.211;-84.4159;293.3635;-98.9889;
309727.983;599126.045;190182.935;-15.5897;37.9726;-756.6663;
345649.066;502211.883;503191.710;1.6731;-0.4898;276.1226;
163785.738;405131.512;433331.322;-334.4395;-1.8284;47.2522;
468927.907;364885.290;451368.090;771.5541;-509.7456;-63.1790;
128526.673;592647.666;574364.835;-10.7966;104.6137;-39.7981;
12074.908;832667.875;555159.748;-818.7630;799.5129;185.3284;
218358.397;567103.240;256471.053;-111.1733;5.4521;-442.9374;
603216.717;416800.241;577145.983;374.8791;70.9204;53.0032;
11736.862;537300.454;413975.703;-827.7330;186.0295;-15.3875;
255449.372;616306.797;618189.929;-45.0132;-10.2195;7.3964;
935409.594;561034.145;535293.082;2460.7873;136.9448;29.9716;
363396.043;633530.371;586554.516;281.8791;85.2638;28.7015;
516344.843;565223.833;44993.471;2731.3472;-28.8894;-614.3078;
224252.655;464405.925;376896.017;10.6753;-80.4829;-130.0811;
302471.993;620423.809;177415.512;-19.7870;387.6940;-592.4424;
52117.781;599500.183;467083.117;-309.2779;-107.7645;-7.8285;
312136.115;600465.371;746300.605;759.8364;7.7259;282.1487;
191300.257;542491.315;213603.541;-39.2144;918.7439;-502.8985;
245410.710;5499.494;625408.510;-25.0059;-658.1833;326.5120;
501080.714;581477.867;317227.095;501.1311;284.8065;-218.2408;
199533.194;702380.840;452395.726;12.7306;580.8609;-5.2423;
243101.258;26646.744;493609.060;12.3939;-682.5884;-38.4599;
213246.284;598777.511;578424.121;-71.2757;24.1548;-26.5098;
254199.335;388642.641;682581.157;-9.1067;-4.9403;1394.4918;
336284.945;838234.524;558138.289;-22.3694;1328.4404;53.8504;
173383.204;518630.101;550685.410;-14.0429;-126.6247;107.1713;
267099.672;590316.418;589275.896;49.0031;72.3203;103.4581;
157413.146;513341.863;394820.769;-177.4543;354.5070;16.2322;
286411.445;441458.186;481670.123;154.7956;-294.4404;2.1364;
448279.052;489193.181;393729.883;224.5313;-4.9642;-168.3456;
281874.251;656976.072;487474.358;-200.8912;531.8856;-41.8515;
222120.374;462444.221;564225.727;-47.0734;62.3553;191.0221;
149800.817;751618.253;503805.465;-158.2591;548.0205;37.5664;
259731.952;65551.875;460597.589;-133.3792;-3603.6597;49.4215;
275007.668;414230.166;462509.061;-11.4518;-158.7542;51.0315;
121910.367;497320.870;527434.034;0.7815;-102.6604;-195.4415;
241036.407;529206.658;404646.899;46.6689;24.9228;-409.8324;
780879.496;561855.983;659323.926;1508.9734;8.9534;134.9370;
310554.349;411095.142;309746.028;-24.1996;-49.5322;-208.1905;
273905.839;545856.881;554300.325;-35.3762;23.2006;36.1419;
350997.815;615572.374;453155.043;-6.9827;167.2026;-87.8313;
114791.616;497239.931;513719.508;3.7173;157.5255;52.5883;
42322.835;955490.317;515924.580;-344.7668;863.1567;22.7685;
115346.545;738313.819;626394.813;-166.3260;220.0090;50.6475;
489375.597;380854.210;292470.427;420.0039;-17.7713;-161.6460;
198220.203;524202.036;430909.956;29.1645;165.8452;236.4930;
140295.146;996498.427;414968.852;65.8344;639.1479;-56.1307;
278540.334;647120.346;499153.327;29.1845;146.2544;-124.5556;
283760.598;435493.377;561136.335;71.4726;-531.4733;60.3672;
422700.101;325159.028;512235.624;628.0893;-147.3581;115.6854;
330391.149;524189.926;614509.378;1.1457;-61.3843;727.6087;
193461.936;507379.712;446130.153;-35.8509;28.0127;-108.9107;
318434.224;519561.038;467894.556;-7.2206;100.3747;-47.2914;
147550.818;491927.669;523367.746;-0.7771;-79.1530;-9.8218;
142404.138;467847.263;207215.961;-108.5961;-61.1592;-407.4175;
184498.857;362004.136;9100.117;11.3832;-286.9060;-970.4234;
688670.879;309257.552;801245.669;577.2754;-258.6623;388.0987;
205865.294;678240.915;545539.377;-613.4800;296.4205;5.8684;
710991.256;327481.272;583778.036;750.2218;-457.3362;0.2590;
238816.620;475594.051;485914.807;24.2184;130.0049;-12.8171;
28098.205;411306.769;470152.339;-1303.5210;-86.0941;50.0987;
55272.339;476881.418;510042.789;-348.9228;136.0608;178.1342;
267366.305;523504.456;551112.840;78.0045;35.2040;161.0836;
145399.976;498433.523;186912.702;-78.2515;49.7664;-662.7815;
130274.959;206902.089;429217.129;-273.7675;-6514.0111;-164.7918;
388069.092;718361.791;829288.866;0.5349;576.6044;390.4945;
183277.777;421203.618;484112.493;-255.6895;-83.0761;-165.3695;
87777.745;765536.185;961434.298;-40.3363;473.4220;1720.7627;
921639.748;554715.412;465578.944;869.9290;100.8254;-35.1648;
111715.105;535897.550;669164.681;-122.6489;-281.5492;236.8869;
245921.491;401698.163;12581.095;42.6920;-12.3954;-559.4003;
145649.896;515893.818;73337.175;-14.1540;-354.6342;-1011.9499;
45631.996;578142.710;449824.562;-308.2292;150.1418;5.2788;
433586.492;715432.689;852053.296;2927.3418;295.5207;468.7746;
398293.347;408306.984;462896.318;124.2598;-51.5577;54.3125;
533576.287;636934.984;609964.516;302.1097;37.5454;7.8299;
284878.820;734655.105;436115.348;17.7270;133.9123;10.4804;
204493.235;803933.964;480419.247;-99.8979;628.7847;-48.7549;
689914.711;183019.508;594993.165;553.5216;-390.7691;176.4298;
253509.339;605873.621;161746.927;-142.2481;237.1824;-594.9724;
553164.653;446342.712;596368.227;385.5581;-45.4423;172.8661;
252386.549;607715.720;575130.982;-12.2773;105.0028;36.7536;
202430.280;429739.009;392409.478;130.1736;220.2438;-48.5423;
301166.886;295367.831;420512.000;15.8703;-271.2088;-32.8063;
232584.274;999788.485;919674.136;-16.1419;573.6358;479.1377;
141067.876;498936.142;557702.116;-60.5466;-147.1185;4.2830;
198632.856;446760.178;437210.024;2.1977;-2.3171;29.7560;
203829.391;599619.534;602081.018;-217.0857;-11.4966;-0.8847;
256813.784;492960.907;768967.203;-21.4896;172.9311;553.6111;
195914.233;557345.261;683479.829;-62.1231;-272.3899;258.2449;
443710.382;496061.719;541379.586;-131.3765;-9.4867;66.6972;
213325.281;396345.318;541517.647;31.4239;-3025.0213;-49.4775;
151886.487;513228.472;333916.183;-11.9602;-27.1343;-428.5872;
298291.169;558685.925;678099.128;198.3636;141.9308;530.9628;
235902.901;600373.647;528702.762;-404.2872;163.2781;214.7979;
468926.615;479762.815;271394.811;182.6243;-52.5897;-409.1664;
934962.375;174881.198;582300.095;775.4715;-791.3880;4.5992;
117888.373;459806.696;233622.498;-141.4147;-353.8959;-399.6638;
319184.363;454557.418;414763.724;-8.5295;13.9577;-37.6534;
304397.789;545355.012;499670.953;47.9196;50.2289;-33.4690;
382908.499;629645.688;673873.499;3.5756;132.2252;154.7232;
191243.047;560828.132;524960.305;5.0452;-12.0116;-174.8841;
820671.630;871709.611;580287.933;1287.5731;386.2046;-21.5819;
921420.257;115631.875;684607.626;1787.5086;-587.6388;209.9225;
255141.818;390798.740;373784.894;20.4650;-6.6986;-68.5999;
288350.390;177957.574;196389.039;47.5013;-479.3210;-442.0531;
370300.535;367692.182;537621.545;183.1776;-181.1697;39.7185;
730365.097;479633.521;471803.058;650.9654;21.9852;5.1123;
192797.107;636307.288;633120.269;127.5510;67.0321;71.0549;
136479.475;436439.831;690868.683;1.7360;169.1672;505.1005;
264952.792;280218.523;542296.285;-2.8518;-214.6828;259.9578;
187213.797;854986.787;567551.522;-17.5497;391.5480;9.7265;
121478.249;530359.156;415025.560;-136.0099;364.4383;27.6524;
553168.760;594785.477;550899.765;448.7076;42.6534;-17.9523;
660224.897;551374.804;346997.608;1181.1146;-174.3763;-335.5308;
270986.300;458349.517;492367.674;94.3422;-36.0726;-26.1503;
449466.529;398550.556;366360.474;265.1491;-20.3101;-87.4713;
330996.861;913911.562;471293.835;111.9505;-717.3427;-94.3329;
289904.686;382711.180;683665.289;33.4944;-289.6256;666.6433;
716405.346;695026.936;593553.439;792.2934;643.9943;147.9850;
321261.259;445687.734;277876.465;69.3860;16.7975;-258.9913;
88476.186;485053.588;711858.974;-305.3681;-267.8503;232.6811;
345119.605;540464.700;1937.846;141.3437;136.3485;-637.6860;
374843.537;587677.424;567251.792;55.0823;37.5420;-16.5535;
137995.511;450018.696;493918.709;-348.3643;-84.5648;34.9803;
454590.535;980425.440;465878.858;775.3211;568.9600;-109.2437;
421404.786;476091.425;494510.484;268.0092;-27.6641;-13.4550;
350035.020;503245.613;216912.599;49.1190;-131.3552;-333.7567;
334585.921;585853.389;553887.794;145.9589;61.0632;-59.6642;
173078.041;435687.320;509318.844;-253.0946;-153.9415;105.9450;
274248.374;710856.410;371667.760;90.2639;488.8239;-238.9006;
356563.048;493234.286;547109.325;209.8854;181.5907;255.7069;
310442.320;493549.344;378747.468;10.0201;62.3975;-118.9568;
311605.770;437360.417;617167.906;6.9388;-15.4240;218.4151;
344668.786;659704.799;502294.616;164.5948;253.0524;11.1826;
247960.260;787552.433;384550.152;-35.8453;622.4650;-51.0711;
229465.700;317796.884;566397.094;9.3638;-359.2221;98.6597;
197229.953;589150.876;564670.579;-33.5304;-12.5945;-53.4514;
734604.651;428935.008;457428.267;597.6298;-24.2117;62.3763;
207117.985;421693.727;378410.600;25.6808;-222.2424;-159.5509;
198837.297;437781.047;496127.053;9.9863;-110.7298;6.9407;
207382.727;531320.239;828121.171;-17.0945;21.2166;438.1881;
351111.038;390912.145;413960.723;8.5703;-95.0386;15.7649;
105956.465;648447.681;423433.470;-153.4800;391.9759;-125.6755;
413937.952;530921.789;512222.453;429.2760;-3044.6419;450.5771;
637067.106;542061.659;198563.686;622.0152;-34.3294;-711.1142;
73029.425;552029.309;26165.061;-330.6029;-118.8071;-657.4390;
384726.108;554108.814;586017.445;254.8639;9.7516;1231.0860;
286575.057;520879.780;440168.588;172.4203;-5.8734;-231.5969;
89869.107;302721.026;233992.198;-304.8567;-395.4927;-479.6214;
762464.977;391917.682;401796.669;667.6337;-39.0782;-5.3360;
354516.876;388824.777;427358.736;-56.1412;-113.9476;120.1130;
415442.651;494642.614;447887.578;159.3287;2.8075;-34.3625;
309035.994;371379.105;509620.077;46.4395;-1962.0067;-52.7173;
253492.710;621521.052;583688.252;10.0902;163.6425;31.3961;
251188.797;619323.148;564553.397;-41.1162;187.0917;26.2582;
528095.628;147697.061;496541.669;611.0695;-769.6605;-60.2409;
119188.027;512630.270;545012.844;-48.1199;-34.3073;13.1604;
201211.248;329264.773;514056.976;233.0807;-240.1334;349.2147;
155512.446;512665.566;475309.775;111.4782;-0.6869;-87.0640;
331571.410;533850.560;301703.527;34.3691;149.8820;-202.7203;
205377.602;634742.015;466388.627;54.5306;213.8071;-118.0190;
227086.918;365738.106;9532.084;-112.6537;-304.1955;-873.8378;
227119.440;443030.526;414481.899;-80.4748;-543.7698;-84.7295;
193907.565;430574.457;430890.126;-139.1583;-110.4584;-128.5730;
327641.080;267840.937;542456.196;33.7634;-211.4795;296.1448;
220596.623;383458.360;381971.900;27.3878;-0.6413;-8.0621;
223753.051;864940.791;750039.886;-113.2212;685.1225;1009.7650;
202399.757;510367.479;997130.519;79.1478;-12.0744;699.2109;
153148.405;428712.219;424028.010;-4.4504;15.5142;-39.3961;
257667.775;599038.912;436845.501;55.8665;227.1176;-111.4747;
193511.147;426303.419;425554.191;106.1040;9.4953;24.5209;
54093.683;394700.463;82085.236;-140.9343;-181.8672;-820.6743;
352653.262;462319.559;437997.041;110.4748;-369.9681;-130.8640;
792730.780;770176.290;266768.496;812.5652;624.7142;-313.7221;
186597.145;556988.006;528979.279;539.2582;-47.0870;-159.4235;
142208.259;357051.828;555350.570;-427.4139;-70.3730;251.3693;
386357.987;566414.661;260644.616;48.5309;-109.1704;-1073.8954;
279368.681;972669.811;241504.026;-86.8484;6688.8985;-335.6769;
222735.439;494435.608;955535.933;-2479.4453;-11.2472;556.8019;
237630.120;389873.040;552074.566;225.7727;-188.2834;155.5543;
320566.651;273585.041;644951.368;-0.5097;-225.1282;513.2334;
183368.139;466203.478;426506.980;46.9471;25.3208;18.4889;
196065.418;851802.697;551644.853;0.4684;1629.2977;107.5766;
59358.476;676602.923;659855.274;1038.3765;141.6927;114.4157;
261200.632;405877.295;326014.763;-30.9168;3.3340;-212.9787;
159296.361;115217.036;867902.792;6.6518;-621.1145;644.1141;
193875.935;540470.411;618061.938;162.7857;89.5518;514.3747;
310602.294;221795.999;356624.222;108.3252;-443.8518;-186.0439;
919008.849;495370.227;406181.362;2620.6105;27.7558;-200.3745;
861767.944;503691.601;472262.567;886.6764;46.5607;4.1770;
325769.332;546358.217;143465.741;9.8642;301.3041;1209.2348;
347659.413;497835.198;444401.616;754.8332;-7.4987;4757.1343;
109876.649;218696.795;528389.649;-338.3631;-307.2848;149.0648;
798390.490;485186.664;658827.124;42.0886;-5.6092;270.0063;
796482.881;536203.716;625594.328;-87.2983;27.0013;359.9623;
672426.629;152278.847;437424.469;-69.9644;-573.7474;-19.2056;
798488.343;731742.821;547186.856;-0.8370;203.6050;-213.9078;
873110.963;480440.136;634487.564;53.7906;-45.2376;138.6888;
307862.199;61108.459;811194.379;-655.5194;-616.4741;393.0043;
990315.401;519110.132;858762.220;335.8663;36.1964;685.2726;
802471.215;467968.214;950555.288;-12.0060;-9.8673;1112.4697;
601385.749;489576.785;620274.452;-338.9362;-11.9605;104.3167;
751283.003;329116.645;414028.742;-5.5007;-262.9478;-139.0368;
646588.823;679496.054;506580.380;-199.6792;272.4674;19.5445;
667915.536;754501.585;590614.768;-420.0198;193.7197;-10.1384;
911983.729;527265.650;472056.628;169.7964;112.9918;-11.5089;
858954.832;476716.980;469949.654;290.1929;4.2207;-3.3590;
794696.250;4857.058;499297.792;-30.5464;-663.1858;14.6463;
841219.574;329672.476;405286.498;-3.9549;-154.1320;15.3310;
627777.631;390825.003;602340.025;-12.2347;-184.5096;55.9297;
695946.987;45076.773;458356.096;-51.2065;-998.1713;-3.8171;
966334.714;508158.667;543937.158;304.1801;-6.1907;80.6085;
696456.428;434082.032;525526.532;-32.1171;-15.6011;155.9532;
659446.296;425391.569;496801.909;4.8735;21.8485;165.9065;
671162.525;758023.951;557654.740;9.2719;571.6898;-67.1472;
169532.932;397653.175;340372.427;-724.2862;33.1792;-102.5949;
776815.330;625972.399;384385.998;-14.1578;217.1394;-492.0468;
888031.941;819716.359;487291.151;-3.1161;562.6971;12.8801;
722438.932;617392.484;347067.953;23.6755;244.5252;-258.7927;
773355.881;934844.788;292270.016;-128.4887;1116.9780;-250.8786;
843392.249;990531.623;517944.309;167.2534;879.4136;14.3061;
835521.389;570581.673;446987.011;26.1809;241.8752;39.1674;
897869.747;776666.862;576409.288;42.6055;1182.9458;36.9511;
831691.101;357485.474;883626.268;34.2900;-346.3816;1610.3704;
426529.201;466698.227;481535.917;-469.4036;-153.8927;-16.2618;
558453.331;57540.030;472380.548;-292.4141;-662.4466;-140.2121;
671043.663;325676.787;91722.448;-629.6893;-465.3425;-1579.2549;
669573.336;820017.978;687296.001;-420.0906;909.0437;810.9483;
905749.221;508315.433;452550.209;156.6812;45.1993;-103.0315;
854437.891;516108.223;433232.280;-6.4052;64.9840;-53.1539;
810290.414;628631.113;247341.847;-3.0385;108.5452;-406.8167;
748850.796;509108.595;148536.234;-62.4747;-45.7626;-606.0552;
719581.636;511049.054;491365.969;109.9968;75.8733;56.6371;
693546.199;658788.212;466997.041;-48.9894;163.4921;-88.8361;
818714.249;9559.842;402973.460;120.6205;-825.9907;-179.8707;
510747.248;528402.984;44982.304;-293.3703;61.4470;-609.8375;
881904.836;742889.203;617147.668;131.3518;368.4391;29.0937;
861873.185;425514.551;131199.378;143.3064;-80.1182;-474.3647;
291951.818;7209.277;512511.464;-671.5486;-929.4590;5.3469;
774302.926;292753.993;590172.018;2.2921;-335.9041;156.0236;
398879.784;706182.717;380658.455;-620.7064;175.6257;-333.4893;
715837.749;967930.214;417221.561;-32.2412;792.2251;-49.0372;
887522.469;615251.065;604003.980;141.1620;32.8104;-1.7412;
773100.151;496492.755;381377.128;-22.2621;159.4417;-94.2929;
758353.257;250721.502;100590.667;1.7083;-427.9586;-470.4058;
719040.698;701810.691;574304.502;18.9059;295.3573;16.4357;
526358.727;970813.486;437353.054;-187.5067;1012.3790;28.2170;
719787.828;182602.117;797989.590;51.5022;-737.3839;413.3274;
731399.698;521902.575;458834.859;-64.2325;98.8260;19.4985;
804423.974;445273.314;769980.426;96.0806;52.8691;483.5627;
722155.943;627736.700;303275.573;7.5548;130.6910;-417.0423;
909602.218;625461.264;454975.128;444.7835;269.3291;-3.9890;
659178.199;499014.860;351580.340;-281.9485;-25.2418;-201.2444;
806341.273;560873.082;476793.827;-30.9628;40.2960;-146.7076;
858639.096;28313.925;383598.997;37.7887;-575.4822;-1500.4619;
550394.550;627470.394;626695.056;-386.0988;-2.7574;-3.0509;
575336.099;416430.358;480418.220;-539.3387;-337.1067;-13.0354;
816910.093;544304.003;698534.314;203.2202;8.2814;251.9979;
286266.958;560157.678;592851.328;-668.5344;-120.0760;84.1003;
728200.397;546156.310;246446.758;-48.2103;-11.8962;-308.8989;
749433.811;385378.993;378582.141;2.5009;4.7549;-271.0444;
761847.718;552664.591;461017.082;108.7162;127.9319;-20.5569;
858776.283;253024.311;468690.166;84.7502;-385.8491;-116.3617;
805342.237;715558.403;535009.446;-9.3881;985.0656;50.9574;
974399.821;535995.233;537387.839;295.0387;591.2646;113.1291;
675491.812;618387.768;558829.405;-134.6631;172.5882;205.0548;
814221.873;569575.221;574424.416;-1.1810;-15.8547;-6.4977;
695563.698;407216.336;408966.658;-164.8524;-81.0820;-283.0923;
806966.291;704473.040;199602.949;204.2456;235.7066;-716.3253;
739748.565;572332.423;147044.726;94.4812;188.7032;-937.7258;
863078.644;588494.599;499439.307;364.4646;46.8639;-119.3563;
694782.788;604234.637;617115.738;-175.0141;-27.3242;6.0646;
856436.780;648362.921;535843.692;25.2687;294.4865;9.6120;
646320.072;732045.024;346039.327;-72.8765;900.1456;-221.5464;
797880.091;559823.662;990427.097;-56.5767;97.4891;1858.5451;
820329.693;782244.420;405256.363;49.5084;709.0677;-153.7032;
855304.677;492148.027;509287.853;10.8614;-64.5646;-33.4340;
799346.931;348969.443;429773.455;-6.1869;-160.1802;16.4428;
780564.716;949244.307;498507.603;75.4113;515.2327;-4.0510;
696832.035;581443.793;585150.990;0.4897;35.1629;33.7402;
699381.848;325310.184;467881.672;-48.5930;-287.3506;-76.1259;
627329.680;539373.571;14572.127;-8297.1691;-75.9116;-733.3655;
726062.332;255028.566;379591.353;-88.1633;-499.5549;-178.6547;
892279.275;560003.069;526053.397;201.8111;-17.2386;-47.4486;
894570.045;503080.854;689619.235;203.2356;-209.0140;383.7998;
756990.263;436950.795;575180.451;163.3108;32.8011;641.8372;
702074.990;945316.821;782831.691;14.0026;693.9703;528.4784;
846454.268;449399.652;492277.276;16.6338;3.6368;85.5926;
639360.538;445246.872;322826.290;-6.1027;-61.5027;-198.3443;
538812.901;362178.876;898239.496;-373.4510;-483.2791;796.8526;
332362.019;577473.293;505515.644;-1140.8623;164.4414;-4.5341;
834650.278;575942.198;532225.207;89.2503;136.8527;4.4283;
613650.664;564472.239;553253.708;-86.2026;-56.1864;-65.0538;
364839.657;778145.778;365993.472;-562.5093;399.3167;-881.8759;
645519.231;508003.716;484412.420;-41.4689;27.8269;-76.8729;
626629.881;533619.341;504931.960;-0.0717;-20.9960;-57.0506;
720548.145;416011.386;531895.410;64.6338;-242.4185;62.8158;
769714.737;523232.531;512921.196;173.2711;72.9072;74.9066;
616618.426;444371.541;584843.819;-190.9748;-486.5139;124.3615;
636845.823;548288.524;610074.408;-166.6213;-57.1562;54.0640;
706986.339;530394.492;817039.700;75.3640;-26.2762;563.2882;
634309.291;567267.517;199656.505;-0.3531;33.8052;-633.4996;
674718.769;912728.560;739617.355;138.2476;584.0900;279.4455;
709763.603;539723.743;512926.755;-32.9647;81.8073;40.9667;
916178.473;571030.921;442293.939;236.5553;-47.9632;-284.5536;
670504.226;627978.195;541582.679;13.0499;72.1011;-96.7035;
688468.847;333412.688;602371.738;4.3114;-213.4674;236.2630;
718100.424;386410.306;422645.885;-71.9704;-62.2572;56.4097;
654939.621;560866.477;543648.437;-4.7317;-27.0633;-40.4452;
759129.106;381423.168;339610.692;-26.0367;20.3760;-2090.8629;
589341.266;243443.973;547950.382;-151.8105;-2367.1921;56.8223;
591763.614;370720.574;564779.172;-226.9442;-1505.2682;126.3031;
683318.715;512654.523;553376.208;-109.6682;59.1412;105.5970;
558902.248;629497.266;485480.835;-353.9390;394.0247;242.7416;
636943.500;535969.599;501866.160;-53.5143;25.8539;-21.2917;
937580.480;174793.497;564447.949;197.6465;-503.3399;47.1636;
872915.884;699466.084;561449.807;200.2381;252.4522;13.2071;
738757.355;439450.441;285058.876;3.2695;-47.0147;-339.0216;
705856.513;426937.822;461286.131;-59.0981;-56.6187;1.8237;
546820.759;448237.338;487936.618;-788.7708;114.3136;109.8028;
724872.260;727361.432;526917.219;14.1942;506.9084;-82.0749;
840580.834;163608.782;579213.932;14.6873;-4828.3161;39.6484;
794118.545;542317.353;445623.839;79.7669;92.6858;-71.3619;
689167.193;396339.124;167913.805;-1.6515;-10.5472;-356.6400;
794299.772;901493.249;420887.163;-27.4832;864.5648;-485.6915;
8646.995;776353.353;621940.934;-916.6127;1328.8082;92.5308;
680939.330;582149.481;912693.195;-148.8040;93.0426;503.7328;
696879.595;411750.695;401625.057;10.5464;18.7701;2.1139;
709876.945;515617.184;466376.410;61.3291;11.5439;-574.3130;
474163.690;532491.304;864860.458;-425.5515;-485.7585;2045.4719;
680731.263;284202.425;860278.153;-12.1646;-319.1268;501.0530;
750460.011;406956.482;981137.189;-28.0813;-230.6251;3199.4021;
784321.942;468617.551;315623.541;-36.8074;-121.1217;-1172.4175;
542052.202;619719.587;667008.030;-511.0566;16.1194;73.3777;
714724.864;379841.467;905393.152;2.3562;-336.8041;701.3902;
667901.501;684191.218;678181.881;-6.7168;245.1543;189.9700;
811427.267;722759.977;474503.490;1.0929;332.0832;-65.3311;
733475.711;639195.389;520645.090;114.2030;193.8744;-260.8733;
500045.302;469159.590;531314.851;-2563.5100;33.0590;300.2159;
702967.643;529519.185;652146.592;243.9734;65.2737;822.8797;
487696.080;504289.778;844460.303;-6087.8142;0.7662;410.8693;
703854.265;744885.183;836427.634;87.4595;641.3110;533.9485;
809411.336;603224.033;151508.844;34.2758;136.1962;-471.7840;
632321.081;600210.052;573919.843;-20.1061;36.7876;-1166.8368;
664904.119;521770.210;595871.899;23.8001;16.0867;115.3817;
658946.972;491691.591;752779.110;-44.1126;13.6697;359.8573;
652051.494;418848.327;14956.470;-2.6139;-176.6171;-968.8671;
980196.988;375004.397;554930.720;260.0349;-157.2274;155.0699;
634373.299;793370.843;541144.760;-96.4553;544.8054;-1.1122;
675777.968;545840.879;523074.748;-68.7147;78.7834;0.0866;
615231.385;490284.437;335915.485;-229.0859;-125.8716;-339.2431;
789641.822;715708.597;321872.240;-7.3869;299.5070;-369.0647;
837167.461;393107.665;442602.554;19.7614;-21.8145;81.4836;
808991.927;584512.833;471829.839;78.2739;134.1114;4563.5867;
784857.110;804860.124;532688.535;5.7348;762.1422;84.4131;
625610.142;434678.886;671287.382;-322.0371;-49.1347;352.9883;
776404.169;597668.269;590010.919;7.4049;16.0051;-84.3637;
557648.939;507144.197;296910.480;-525.5649;-66.6287;-1406.7199;
684112.915;501809.316;658263.894;11.6963;-1356.3127;188.8983;
887444.316;914838.174;530391.822;1.7278;620.1397;14.4506;
776488.665;329770.854;380856.346;39.4149;-294.8791;7.2723;
11876.781;847520.626;482442.488;-1481.8149;452.7456;-49.3223;
819131.067;925367.830;542269.699;-84.9794;700.7425;-36.8550;
171220.809;465199.029;523658.356;-920.9798;-38.8212;23.5179;
748707.240;590383.409;856058.662;-95.7801;221.5570;656.5142;
798891.266;508939.905;810290.545;-2.9733;-96.8545;357.1911;
975636.508;570026.325;778430.222;625.1611;-7.7757;305.1944;
676787.958;893512.344;555649.040;-145.3313;610.3086;-12.8405;
832054.484;379225.323;400189.424;2060.2005;-1.7931;53.6469;
683892.861;141605.840;492455.596;-5093.8497;-431.4278;107.2230;
405038.004;660895.591;585373.059;-651.8448;435.0337;69.6648;
862552.397;652757.002;657001.104;-29.0607;217.4056;192.4682;
616772.450;362278.453;406124.508;-141.9988;-113.6044;-33.3511;
564166.461;256972.517;429687.546;-161.9835;-432.5424;-6.6276;
752222.394;531043.777;513835.156;-15.5883;106.1980;138.4522;
863678.309;636694.410;352384.812;79.8009;109.5882;-405.6111;
814998.909;554142.818;567752.936;16.4781;47.6574;35.2661;
842259.304;609563.097;531077.021;-17.9880;51.2707;-108.6252;
158710.525;508872.534;515772.959;-638.0640;-5.7989;6.8337;
769636.882;587351.222;817842.923;-3.5858;-2.3964;1135.5219;
718770.016;688560.088;658314.116;-27.6391;1106.3189;250.9839;
656985.459;448358.574;137019.721;-3.1380;-138.7724;-1043.5677;
634430.281;592948.557;515210.463;-52.3159;-12.5000;-114.7289;
629290.567;46193.701;383640.989;-170.9117;-501.6039;-64.8995;
659554.923;410948.741;535424.395;-1353.4217;-662.2311;-105.3081;
530551.358;642790.704;370009.075;-235.9389;279.0642;-173.1261;
773204.810;478750.326;507635.432;25.8614;-29.3192;16.2887;
898352.474;526440.075;879602.368;215.3067;60.5167;549.9215;
656185.083;383847.439;449714.987;-0.5496;-184.9004;-22.2450;
656169.065;444709.655;174755.865;-221.9533;57.6418;-847.0834;
886618.638;860610.726;699462.839;260.0884;2338.3487;575.0153;
737642.265;471820.855;753859.038;-10.4842;24.0341;378.9647;
475604.737;796909.327;565598.555;-590.0669;3336.6074;-116.2729;
693708.450;308379.259;629082.767;9.1513;-449.8647;124.1731;
771048.627;1000183.266;713860.065;176.3424;782.4418;679.7714;
776059.853;834293.094;605817.398;11.0370;598.7929;91.3393;
936534.637;513712.910;470842.078;216.0631;-29.8495;-26.5816;
818457.784;496310.972;584389.392;16.3303;-107.8825;96.8843;
802005.417;589532.321;402287.428;68.4069;328.3585;40.6089;
781325.472;417754.685;491208.719;-94.2192;30.2138;133.2898;
879075.844;706237.553;301122.583;81.5191;415.1957;-186.5602;
664850.128;633033.161;543770.215;-233.0818;166.8351;-19.6015;
758145.818;387761.402;266745.143;-104.3315;-100.0612;-377.5464;
785186.345;208941.628;388910.575;21.0507;-318.5164;-258.2810;
708599.468;444792.050;552023.949;-16.5308;-143.2927;41.8973;
783656.057;635942.374;614166.466;0.5008;41.0688;41.4442;
692951.045;590647.488;621019.607;121.6297;85.5328;94.7940;
871853.721;423578.563;704767.030;312.7219;-160.9286;235.6197;
491034.305;404413.617;625120.188;-320.2941;-303.8773;215.1672;
931224.150;333426.576;804643.535;351.9059;-203.8016;606.4842;
702855.392;460926.735;450147.734;87.4855;84.7425;8.6079;
205738.133;457324.633;509641.239;-292.1699;-81.2671;-87.0350;
699471.175;461927.537;175167.470;-359.9241;-64.6575;-3096.8473;
801301.344;600323.512;593520.426;-40.6199;13.7506;5.5171;
820473.473;595529.691;189003.503;-87.7406;1.1325;-924.7026;
752036.501;150049.517;541853.799;-10.3001;-459.2861;76.1626;
596654.256;389168.436;699793.290;-1596.3647;7.9840;423.2338;
739134.649;748755.750;935573.691;-10.9417;297.8738;514.9641;
771140.253;557831.475;481396.021;70.4159;136.5779;12.6893;
749979.774;381725.122;192902.592;28.4491;-0.0181;-269.6624;
726592.831;681593.426;971743.081;90.0124;479.2324;1044.2244;
623549.499;554555.286;542115.628;-95.5415;-33.0043;-20.9969;
865880.908;454448.014;487007.695;68.8217;11.7086;58.7905;
643325.054;328643.236;387806.834;-37.0980;-2126.4940;-37.3896;
480311.225;553237.530;701953.625;-326.5465;34.2915;426.4703;
842092.302;337159.375;442269.662;286.3375;-177.3074;42.4557;
746753.855;709363.596;565542.229;46.1072;374.2388;91.5077;
616175.103;203758.395;272473.343;-109.7593;-626.6117;-351.5507;
622365.006;766141.267;528261.772;-341.7982;386.6657;105.6586;
725210.130;606917.103;631638.604;-65.2985;-106.1211;0.9691;
670182.300;398572.092;152561.496;-229.1426;-147.9928;-818.5158;
686373.457;188538.751;582787.308;228.9962;-568.1777;20000.5616;
718636.580;372113.566;481692.206;-66.0382;-114.3868;-95.9609;
184680.299;583696.802;525203.987;-737.6028;111.0959;46.4646;
730008.056;270558.457;331695.760;82.1354;-690.5776;-298.3536;
876147.201;389552.487;386837.331;195.7800;9.6032;3.2656;
767955.659;418503.626;106677.938;48.2856;-304.3757;-455.6971;
537101.139;469450.986;343678.635;-272.4292;0.1560;-56.8309;
633994.182;554075.871;342317.114;-5.3106;419.0150;-238.4618;
795215.108;519260.206;88572.972;43.9746;-38.4968;-753.6132;
737870.798;588358.486;584630.655;24.5699;-6.5106;-28.6061;
580058.021;512486.518;719390.813;-368.3595;-116.3229;355.8640;
697228.719;411591.932;338509.367;-7584.4281;15.6294;-208.4387;
991965.629;329950.020;161295.540;798.2424;-389.0805;-432.3620;
718246.383;544394.818;442905.020;-61.0916;29.2979;-257.3503;
784097.714;459592.883;128279.408;103.4659;47.1166;-2467.4963;
183591.474;530727.461;167296.309;-1219.4552;-3.3545;-673.1933;
742182.628;820042.182;506912.942;245.3713;609.3477;28.8669;
713246.465;611081.544;613197.570;-18.6596;2.5594;5.4678;
771594.324;513048.549;559999.319;-186.7621;-64.3489;41.0728;
646439.524;645285.139;581350.655;-12.8318;110.5954;11.6620;
555411.202;500938.061;615233.944;-4566.4473;3.9139;941.3626;
715702.538;727072.847;401961.925;-79.3664;330.6487;-54.0702;
637457.288;391580.193;420104.041;-42.6531;-40.6500;6.1477;
716014.081;408507.754;232783.842;-32.2095;-196.9430;-584.9864;
812688.932;61049.217;510073.448;-10.1218;-453.1289;56.4958;
777799.151;389765.849;424721.177;0.0555;-69.6461;-13.9809;
856492.983;124823.839;944572.693;123.8334;-557.2771;5382.8823;
654241.619;506728.540;494764.971;13.1625;13.4276;-26.8631;
747770.268;489408.395;980396.892;-8.4649;-12.6832;639.2769;
721857.965;621652.808;599261.532;74.2035;40.6219;28.1975;
785251.786;575755.503;369327.683;33.0393;97.1902;-203.7006;
863880.646;582631.869;595796.877;192.4112;205.4040;238.8641;
659632.915;588349.757;597191.750;-14.6304;5.9825;-11.7723;
825403.395;614497.061;900811.569;2.5480;324.0245;789.0726;
785917.728;603857.071;483841.852;-24.1609;448.0451;-20.9431;
795689.406;394147.180;167607.855;-97.7048;-108.8388;-416.1845;
736840.783;74311.325;206916.260;51.4706;-454.7291;-281.1095;
867330.437;502031.356;584319.250;-0.8252;4.7796;152.5535;
763526.814;664396.685;848904.416;9.9508;224.5716;623.8007;
717899.182;551914.954;513859.762;6.0459;53.0813;2.3726;
678521.695;444659.058;415984.084;1.3111;13.7333;-42.0944;
683557.380;280666.073;976497.195;-56.1504;-203.5726;1137.6175;
705104.425;650133.255;224914.710;-98.6891;174.1537;-300.9347;
584202.066;548911.941;675730.422;-284.1117;74.4483;377.8278;
630970.761;424349.412;533385.836;-472.4794;-186.9771;-34.4779;
665421.084;675359.342;459773.735;14.9300;275.1480;-88.5874;
808786.612;420701.260;381083.847;809.3398;-126.3939;-295.3015;
632532.456;365804.687;352942.677;-339.6405;7.5657;-50.0937;
925356.706;600469.899;718788.518;365.7354;70.2948;271.5063;
746995.857;614772.692;612957.258;25.6963;2.3414;-6.0681;
757354.401;327971.726;402369.455;38.1975;-361.4758;-121.7156;
720286.305;451628.481;460301.005;6.0916;-7.6561;11.3137;
625487.585;502622.925;653318.383;-301.2365;0.1459;187.8398;
860929.420;597898.965;374949.526;518.6785;259.0981;-69.9897;
736004.780;367430.450;368405.637;27.8018;-36.7500;-4.6275;
543676.982;382630.626;628976.595;-197.9533;-15.6326;831.5201;
861771.399;540927.532;471142.466;431.8340;-29.6008;-202.2359;
788382.309;650953.358;725594.036;69.0497;256.0599;314.3361;
759682.751;666360.035;474369.402;46.3630;91.2907;-263.3855;
702882.760;597187.404;565931.962;39.2886;345.1014;-5.5878;
999181.659;257221.503;472843.449;419.4382;-442.1061;-89.5393;
772469.989;501692.579;576943.929;38.3240;-19.5114;279.3977;
780488.874;824386.168;849946.738;-74.4768;322.0297;783.6999;
785026.696;835662.583;569373.990;16.6754;507.7330;138.1164;
682565.173;384865.071;326853.053;-96.4437;-162.7195;-217.7517;
727074.320;406947.860;417141.958;104.9841;-16.8135;-1.7105;
688877.844;453031.568;150902.091;-37.5056;-3.4587;-404.9008;
955983.853;452063.122;582583.100;283.7988;-288.6141;-3.2240;
651686.579;452319.174;410339.922;-494.6619;-37.9087;-103.0615;
710373.106;521551.854;482695.280;-101.6314;16.0710;-10.8448;
794746.110;475852.104;594125.308;150.4590;-66.4660;121.7950;
684865.008;639046.015;182329.872;-9.4556;152.0961;-476.0402;
832878.609;341575.341;450697.353;29.2345;-165.0001;101.7091;
844948.063;382399.305;580878.667;-0.3097;-434.3068;11.9261;
753788.642;393009.139;388743.002;-27.9657;37.8022;1.6613;
636761.313;511612.965;505639.237;-15.1672;2.1555;-11.7403;
709366.538;539828.430;818702.851;83.6708;-134.2038;1346.5052;
752456.438;659211.023;508599.171;68.4765;233.6028;35.5090;
315627.420;465388.786;707345.629;-752.6904;-97.8154;785.3342;
650036.884;590127.819;704470.833;-72.5083;-3.9683;2499.5922;
337873.014;559933.527;208869.257;-556.4442;333.6848;-352.2565;
761377.200;607367.723;349181.333;-2.0689;62.3942;-1257.5910;
745730.156;689491.813;510396.646;-29.1192;257.1789;-42.5182;
743261.279;390115.755;155053.840;-117.9746;-5.1582;-439.6162;
742142.955;626746.445;123381.960;-16.0711;175.8800;-521.3848;
748701.185;547155.065;472847.766;42.7456;304.7585;40.2464;
175652.208;589847.625;408729.911;-886.9797;340.7646;5.4044;
845470.627;468531.531;331986.960;-13.9459;-8.0385;-637.0706;
