# This file was created for the Modelling and Simulation course, RUG (September-November 2019).
#
# Project: Simulate colliding galaxies, using Barnes-Hut algorithm.
#
# Students:
#     Stefan Evanghelides (s2895323)
#     Hidde Folkertsma (s2759799)
#
#     X         Y         Z         DX        DY        DZ
240214.041;443347.347;440315.307;-37.1986;33.7617;19.9659;
343434.696;863327.909;647407.333;117.0513;2887.7335;2201.7268;
217914.823;401226.439;401012.583;663.4588;-0.3181;-0.8710;
177205.575;525854.437;496923.496;-2.4613;-635.9833;-670.5607;
215970.374;396549.284;396466.619;6.5707;0.1328;-0.6714;
155063.126;598044.097;574218.973;-183.8906;198.9128;-3.6744;
460169.566;535936.907;535265.601;461.9554;3888.7252;36.6066;
316845.100;465111.256;418424.058;1.7873;16.3226;-189.4638;
264354.758;586371.305;632179.182;95.4794;108.5449;2107.0891;
312078.373;502852.192;505339.756;40.1574;-0.5662;-49.7290;
271253.013;414839.456;407361.358;-25.3670;-69.6820;-49.3739;
220730.430;412586.571;442756.538;52.5306;-29.5232;323.0710;
206894.965;592397.251;464103.592;-9.0381;16.1752;-3084.7717;
191345.725;474854.629;552155.776;9.5985;-708.2109;-68.8355;
291345.804;467928.840;551618.444;212.0649;-264.7056;240.9812;
156675.502;422410.784;415355.021;-47.6397;-459.5629;-466.5333;
288914.185;374639.700;374199.565;1.0900;3.6586;0.0939;
308297.229;609777.982;560065.489;-5.6345;685.4332;335.1802;
265340.210;573840.720;617580.865;21.8168;79.9552;199.6516;
228026.444;502189.784;547031.827;-90.4232;4.2009;170.1005;
194523.532;509524.517;502621.613;2440.5608;-37.4975;-79.4251;
269517.845;507178.433;417086.537;152.3643;40.8868;-293.7690;
63813.571;570501.803;569586.668;-657.9465;-1.5668;160.9542;
166479.217;715381.021;578460.335;-69.5424;812.5525;117.4274;
182427.228;497797.051;751054.315;0.8599;-2.7475;741.6574;
178527.283;475043.314;464273.274;-348.8202;-82.4406;-99.3536;
245147.469;483920.184;494470.719;10.0682;5.8320;69.0453;
299962.594;433044.944;431718.454;-3.4607;-10.8926;6.0153;
273401.401;489055.394;474099.715;10.5819;107.1196;29.4516;
365380.617;507145.366;515451.773;2229.4822;-11.2143;51.6962;
287887.789;437665.298;510152.693;-40.2451;-8.4246;947.9255;
208210.843;971183.990;519868.514;-52.9204;1554.0927;-2.9487;
378113.191;472304.470;459548.959;-4.9533;31.3530;3658.6670;
225766.632;456452.230;467299.231;-190.2489;-179.7378;-78.0896;
296833.612;419370.729;443651.221;-61.1837;1.4652;341.0452;
307309.707;379623.221;379629.581;-41.8516;0.3250;0.4998;
246988.556;594201.555;616178.116;-34.4253;13.4930;98.9577;
200585.178;512139.103;958286.189;-348.8214;-1.2098;1319.8784;
29242.584;624703.784;512773.024;-537.7200;1261.2747;46.6849;
278831.560;637162.858;537364.390;37.3729;1266.8791;36.5107;
270945.194;570269.116;568492.827;146.2972;1333.2265;231.7807;
225798.080;929913.034;490859.360;-4.1762;1215.1531;-75.8109;
267621.496;590854.344;590819.814;22.5761;1.8651;0.1363;
907989.821;484759.667;480574.182;2577.6804;-5.6529;-62.4501;
322300.081;494825.900;494060.003;-11.5858;-1.3454;9.5318;
229044.884;499126.142;497430.941;11.9619;-29.5069;-214.7560;
198558.505;553106.909;581491.571;-154.6016;116.7109;414.4495;
245143.249;90078.960;538946.680;-0.5972;-1151.5076;4.7407;
510145.656;505347.212;454657.655;641.1707;141.7488;-152.8479;
269057.200;470171.755;66846.342;7.2699;-239.5425;-1318.0926;
739512.622;467224.912;450647.471;4599.4407;-125.7903;-127.9340;
258906.187;573263.058;524874.905;15.9974;149.3762;158.8426;
508837.318;649133.226;535311.813;599.5223;1073.1068;597.9819;
275489.293;808018.771;498050.682;15.0737;990.2435;77.8495;
240388.857;351156.620;401912.899;251.3639;-254.9038;-1.1679;
270946.863;572800.552;554197.342;-0.8701;-5.2676;-101.5241;
179382.777;215244.484;458253.617;-10.0419;-936.6587;185.1206;
220153.405;618098.811;522577.676;-115.4458;244.7830;-65.7150;
399946.744;564008.653;537874.772;290.9256;89.6182;-37.1110;
233515.528;564095.871;530539.891;52.8192;191.5177;97.1901;
482843.377;241306.214;547486.265;832.7254;-1266.9735;-0.0944;
184179.653;321034.956;481908.851;1.6835;-602.3538;76.1323;
190358.955;495345.737;460244.926;19.9614;-39.9389;-293.6176;
247077.079;330436.169;479674.722;194.8726;-404.4573;-13.7390;
106500.373;528040.184;525566.683;-221.5875;5.1086;-6.0445;
211870.292;451775.665;480494.624;23.9957;-132.6980;37.7152;
244918.815;579167.076;593067.361;-37.7789;-1843.1458;-43.0277;
245612.174;553628.292;605411.194;1.2477;426.0883;487.5839;
346066.356;584998.103;505519.266;451.1274;359.4022;-113.6884;
255219.423;501925.128;350655.360;58.6321;10.6062;-880.4846;
285164.657;472560.962;437806.334;-5.3284;102.7220;-32.9314;
193848.806;515597.682;849045.449;69.4024;-3.7566;1439.6710;
271288.290;510210.360;503543.447;68.6988;-149.6527;-64.3574;
242787.482;507618.157;492578.467;351.6836;-26.2716;-42.4436;
168294.973;926706.019;534374.019;-302.4665;1171.3282;4.4063;
301577.823;54257.850;547347.471;127.6438;-1435.5476;122.1801;
274898.407;540601.367;379385.808;45.3441;169.2794;-334.3451;
154502.550;111721.071;583530.806;-0.7398;-2018.8064;259.4297;
314506.784;490201.961;571123.734;-5.0662;-1382.9400;6.4461;
196678.754;479078.078;440435.576;-3.5460;-47.1201;-192.4385;
236504.383;577210.088;567566.897;186.8279;-12.9678;-51.5962;
678722.026;472398.496;507864.554;1415.1991;-151.4386;27.9159;
230202.234;573978.433;512011.128;-71.7475;135.5668;-3.5315;
289627.986;556162.068;552975.219;-18.6501;10.9388;-30.4943;
304172.304;458273.400;476424.332;-20.9420;-90.0895;1.0860;
327838.872;557489.962;516460.582;-20.0791;-16.8363;-426.7429;
141878.613;458199.375;470477.165;33.9216;-65.3577;-21.3260;
140080.824;502050.263;636898.015;-159.9260;55.8309;551.4610;
445235.708;544770.467;402718.710;589.1267;94.8107;-371.2699;
214144.040;411832.647;560875.473;-431.7104;-255.1926;274.4849;
311096.268;607063.167;419924.949;-137.0367;81.9424;-1398.6641;
277684.730;461839.345;515046.903;-3.1471;18.7254;190.2925;
218627.058;573414.167;411391.945;161.4317;59.8484;-1801.7926;
198085.381;453117.305;459217.590;-3.7588;-1152.2056;-180.3105;
909186.255;456792.225;471581.894;6094.9063;-104.3864;41.6525;
277538.304;470286.859;308517.773;251.3240;147.0582;-1212.0854;
237197.431;89913.253;511945.122;-42.6501;-1855.0363;-23.6501;
214138.076;532343.858;599753.968;5.5440;5.4107;301.6437;
260810.613;520021.710;470891.823;53.2197;207.0118;10.7931;
159981.913;45302.007;504774.734;1.5302;-1165.9249;-2.8317;
206502.995;828480.545;495842.504;31.1130;860.7126;-1.1145;
177669.673;502426.448;533972.385;-30.8076;-167.2721;-7.5210;
343949.446;281044.514;431487.224;0.2088;-658.8130;-54.3168;
230074.830;56049.914;525002.454;-61.8449;-1155.9719;215.3978;
174225.271;477841.179;482991.682;4.0716;-1.8579;32.2336;
187331.108;132642.889;417939.749;0.0281;-1253.5716;-134.9477;
626089.481;482960.919;499817.047;1087.6959;-21.0804;39.4897;
522251.425;558280.794;526935.476;891.8715;0.5993;-377.4653;
201558.899;401616.045;398126.519;154.9129;-0.0873;-9.6795;
244168.516;436982.334;433873.198;-35.7485;5.3270;95.0452;
174709.052;474347.062;291081.452;-188.3216;16.5453;-796.9199;
350694.184;498239.418;161971.678;235.4905;31.7602;-1047.9867;
220989.171;627368.262;964780.941;-6.5104;546.1859;2824.0387;
201501.324;371271.872;371280.470;2.2511;-0.0224;0.1124;
239793.740;125173.023;601811.175;-7.2847;-1083.1466;284.9267;
219812.126;326631.087;437965.076;-153.4138;-536.4880;-229.0688;
195645.132;465394.447;469086.477;32.4299;61.7212;-4.0645;
243060.444;311155.744;523292.190;9.1381;-1280.7857;-9.1103;
243375.618;945888.465;172128.721;-28.2808;2181.4260;-935.2190;
247460.702;390815.175;455504.416;334.1836;-74.3749;311.5429;
188154.378;410133.169;396135.830;-47.5154;-180.7658;-155.3003;
194717.236;466852.043;787070.704;-1.2898;8.8512;863.5816;
234564.791;668795.843;272932.185;-16.5755;1281.7056;-973.2865;
319709.980;406818.976;422789.446;-21.2536;-43.5813;16.3066;
245730.746;462911.470;351268.363;30.0607;-204.8202;-777.8785;
196374.965;437193.430;171242.250;-1.1527;-2.4598;-1273.1195;
229225.150;636598.441;372461.970;-816.0023;1156.0118;-3509.6752;
292150.072;533560.959;502043.599;-155.5634;75.7637;-11.9902;
255605.295;388411.754;513403.829;-143.3292;-449.6587;30.5445;
239400.852;567390.366;472527.157;-578.2072;522.0492;-8.1926;
179857.066;466910.841;453034.207;-21.9754;16.4283;-86.1123;
308768.517;384227.649;384829.676;-66.6595;-0.6783;5.7986;
408946.402;523653.606;366571.482;573.9129;193.7691;-530.0114;
210443.249;427456.297;436794.116;34.4829;-23.5422;5.7636;
177699.665;721024.996;506840.554;-245.4616;1187.2494;-663.6441;
222470.672;410855.412;680962.008;40.3095;-398.4245;892.4375;
315892.303;561047.687;602176.745;63.9557;-51.2997;392.9084;
231516.471;357097.779;482938.899;21.6126;-437.3462;100.7847;
295974.015;523118.494;538204.476;-89.6738;-6.6143;-58.3328;
495270.413;441529.446;494575.396;1242.6191;-4.7276;588.5221;
205036.031;513456.183;542236.063;5.7421;-30.5809;234.5318;
266204.097;596890.492;584363.565;-0.5623;64.7409;1.1504;
490766.036;560791.904;558271.479;713.5303;1.1968;-35.9573;
346814.343;497808.811;511140.580;-6.8021;4.7099;43.6814;
229292.312;570380.581;562051.056;3.8321;-135.3173;-51.8011;
290712.477;598612.016;604805.777;2.0789;-199.7722;1.7095;
289392.975;619154.788;916495.350;55.8846;431.8972;1797.8159;
246578.374;458437.509;436520.741;2.1867;11.1454;-44.2759;
216125.913;369806.882;515958.801;82.5706;-546.5782;74.2595;
534792.501;536073.176;983306.800;10846.4579;-2.7245;1129.9316;
297749.223;458666.111;457259.088;-61.2050;175.5769;-1159.2352;
332269.724;480551.115;538038.885;196.2714;-218.9569;-65.3598;
186211.462;413362.151;407998.198;22.5073;115.5227;-0.0749;
119374.012;425815.200;423894.625;-158.0772;8.0994;6.9244;
283630.699;326539.588;837893.919;-110.5619;-591.0648;944.8106;
223273.071;688918.504;411564.938;-41.9210;438.7599;-459.5057;
179085.729;658336.585;492913.864;-8.3645;865.2528;6.6937;
290090.131;591836.846;591829.596;-89.7140;-0.2037;0.9586;
250526.149;524446.604;569798.255;69.8364;-16.9802;80.5364;
206520.571;486911.014;443715.540;12.4903;287.7254;127.6405;
331836.404;349074.022;507781.035;-23.9058;-1405.7312;-41.6441;
410271.029;521110.548;564687.503;596.5786;-315.1411;14.6586;
783068.765;469958.326;540536.941;5475.6194;-272.6710;-160.0272;
302063.332;450060.798;351521.182;-147.3989;-85.7024;-567.5867;
262080.798;675320.461;482169.431;99.9504;1032.3007;-12.7558;
163671.984;310650.549;446962.588;-22.5691;-668.2041;32.8348;
249926.579;463266.092;476353.616;-39.1979;-51.6357;6.2062;
308163.851;501075.190;677243.216;0.2531;-257.6212;1140.9889;
256425.104;593260.426;593614.966;-41.5611;-5.6450;24.7762;
309392.882;-2969.752;410704.213;332.0336;-3831.9209;1.1705;
250031.554;510270.781;413368.648;-163.3080;-12.1163;-649.3940;
177252.930;444536.796;395405.616;67.1176;-25.2877;-295.0235;
313150.610;562782.398;605772.774;90.6909;188.0060;616.7218;
252148.520;521191.871;913898.832;-1.1705;324.9137;1480.2899;
177473.850;598075.291;591912.975;-1.2019;13.7367;-16.2158;
243400.745;488134.580;559721.951;22.7669;-13.6192;210.3276;
307872.005;542728.795;398832.565;-11.8572;230.8047;-449.4197;
158375.064;583892.191;443314.117;0.5967;922.2666;-42.3919;
303612.630;605812.949;445685.065;36.0024;686.2590;3.1349;
265232.424;476629.284;492295.525;-459.5602;-321.2503;147.1805;
295754.123;522066.789;573570.552;1213.3821;-47.4652;51.4150;
247951.424;347719.707;20849.609;-14.4205;-839.7209;-1530.1786;
245869.652;535924.564;455114.899;23.7007;336.6967;22.5549;
239528.370;451501.201;907910.534;130.3442;-120.7488;3245.1231;
214614.602;675772.850;920298.474;-394.7184;2349.0072;1168.7312;
344390.677;486707.130;514230.405;91.5167;-45.3458;77.5040;
470023.156;656419.781;583917.588;841.1921;707.5576;452.1483;
313570.322;546685.244;353222.067;6.3603;284.1754;-814.8421;
228881.047;280633.824;435409.175;-589.7648;-760.2079;-46.7821;
351039.879;749858.558;614285.588;387.3982;638.1993;309.2837;
290278.175;423463.415;410609.124;0.8219;358.4147;-6.2194;
216385.914;436459.614;550563.342;44.9837;-258.9610;764.3715;
157544.163;596142.628;597788.659;7.5522;-72.1608;3.6403;
366261.902;442904.809;229951.391;-7.3077;14.3529;-2289.7990;
189820.359;446459.321;424186.610;17.1583;23.5268;-74.5270;
296163.882;504793.112;506270.562;80.8541;-29.3157;-20.2734;
280106.024;617384.769;617986.557;-32.6262;-5.4706;0.0934;
320412.794;577393.094;581116.588;-1.3237;-37.6807;-3.4113;
296901.728;17480.643;499063.510;-15.3833;-3047.4571;10.3851;
253460.760;200051.408;415056.895;10.0217;-729.1482;-191.5916;
423249.679;217896.290;436642.517;1423.4691;-573.9774;98.0946;
229351.667;791746.870;441393.220;-6.4175;1004.0632;9.1805;
717216.700;535451.270;226110.063;1215.8380;-201.8192;-1038.9203;
292352.509;570623.724;527884.289;69.4970;9.6053;-238.0554;
930539.846;580954.554;529951.525;1884.3337;186.7248;-9.9359;
221109.038;573785.682;553335.704;-279.5799;13.2033;-66.8989;
288013.113;388361.618;491840.781;154.0781;-301.4621;-8.1553;
260350.703;415616.007;447805.480;-141.8796;-72.9173;195.9757;
267105.695;641350.054;503266.721;144.5368;445.5544;11.1356;
253294.369;610001.058;532016.895;161.2407;302.2339;-217.4941;
304607.115;569611.205;585839.512;-52.9585;21.1343;229.5727;
263983.108;318145.971;408982.816;-24.5280;81.3587;-106.1550;
259212.586;496985.368;542253.578;-27.5305;44.5326;250.5592;
300986.654;620452.355;522162.310;206.4258;508.7130;45.1637;
357645.627;589880.856;591783.376;443.5644;-2.3309;12.3729;
368613.316;451384.653;500784.659;2.1200;-377.4849;-248.5741;
321075.769;518507.703;707348.863;-21.8679;224.9300;2582.0641;
253467.768;469621.364;469359.291;-1.6595;-3.5937;-86.0765;
220047.370;514863.992;445865.377;-3.1666;147.2973;-119.3788;
246686.448;427203.561;478656.827;-25.5175;-271.4017;-86.2212;
218078.067;443439.322;455588.116;-28.6545;-335.0704;-42.6159;
225858.849;540597.957;531021.234;-95.3982;19.6286;-97.2964;
317288.660;585169.211;534151.930;-17.3784;25.9401;-707.7239;
286679.830;535398.897;207550.343;58.7596;0.5779;-1499.0168;
297903.355;431188.816;456370.791;-174.1499;-145.8181;-26.8707;
285874.377;344229.419;501096.215;-83.5945;-1299.5036;-26.4223;
201762.325;432309.236;438336.516;-165.3160;-559.4400;-272.0259;
345975.499;499764.516;486610.280;1.7286;2.7751;-50.4094;
121381.591;451113.854;443569.926;-456.8630;108.9027;46.4967;
310113.324;402165.270;410047.911;5.5264;4.6438;51.4489;
325803.283;476480.846;480211.528;94.1833;-128.3654;-65.0198;
194822.859;329123.881;502782.007;-16.7283;-477.6636;165.7520;
132076.987;572343.657;569781.267;0.2022;17.8130;79.7068;
403691.473;804479.594;517703.291;987.4682;18378.0099;-69.8845;
710796.074;523112.834;537228.898;1349.1040;-21.6162;68.8413;
80029.818;377204.815;491544.758;-400.3739;-330.3492;-4.2531;
1006642.599;428607.603;468061.469;9098.3994;104.5216;363.1781;
296249.871;469731.212;475865.867;108.6878;776.5338;139.2629;
248190.090;741500.107;505829.065;10.4464;675.9355;2.5596;
580963.022;552598.887;464219.218;2602.2627;66.7419;-1073.5203;
688756.166;471122.208;428284.771;1736.5672;142.5799;-27.6896;
269230.004;557986.643;459896.970;-111.3905;20.6559;-446.6462;
432509.824;439926.388;547827.090;372.9702;-203.3943;116.2844;
225787.122;446512.171;420503.272;-40.9236;231.4383;-16.3885;
203217.017;581621.284;576820.033;-6.6564;-1.5796;-20.5047;
267936.957;617472.393;617430.742;-11.9130;0.8168;0.7268;
352469.899;579422.738;573416.164;2393.9634;-75.5582;-26.4786;
217092.733;505145.001;517216.868;-102.8226;5.3548;57.7728;
234961.745;595857.098;579688.473;279.9344;81.0144;-3.2944;
324596.857;776199.641;501071.847;90.8397;945.9984;-0.9161;
264116.282;454159.300;640330.133;53.1406;24.2068;13842.1987;
315094.724;575839.859;365210.072;229.8198;-21.7883;-862.3117;
217681.677;489312.085;440286.855;16.6734;-46.6037;-208.8598;
239562.236;486590.385;104457.690;-47.1665;-20.2491;-1298.2693;
310726.861;447636.983;433073.958;-0.9811;369.3443;55.1021;
199785.943;648785.732;470362.709;-283.6850;-105.9577;0.2555;
286091.301;595967.167;616455.956;35.0825;10.0279;286.7645;
194867.686;428718.696;437649.702;-2.7171;-105.0365;4.2489;
256558.822;304642.974;483169.920;-23.1137;-639.5368;324.2030;
232444.647;476528.816;528788.261;-183.3808;85.8576;1257.7437;
255777.201;536995.213;610531.987;-6.5012;109.9485;1836.6582;
276117.799;453037.787;416398.038;138.8881;279.2418;-208.1977;
196391.996;468294.257;459798.252;1.5498;-23.0563;-33.1126;
244336.135;170964.588;413267.762;66.2019;-1060.5568;-226.1195;
236842.453;710222.256;484068.442;-30.0584;873.5174;-2.2622;
293113.662;297691.472;295914.409;34.1565;-4750.7774;-781.2725;
169662.439;379101.252;410869.369;32.7974;-1893.1488;-2.3381;
237105.495;338471.489;511267.786;13.7168;-659.6459;-38.8059;
301099.443;356805.815;35266.429;166.9273;-3444.2601;-2520.5696;
229262.911;592135.532;590506.740;-30.0739;5.0013;-27.5629;
278855.671;642784.991;463185.638;-225.4762;1093.6883;29.6692;
254782.320;405750.120;407428.460;61.6983;-6.3098;5.8040;
331095.524;532202.036;532445.283;21.3645;7.8104;22.4394;
282053.082;568824.791;569618.405;-303.6573;14.0197;16.9923;
178960.770;500576.514;501862.366;0.7117;63.7899;101.9255;
240450.909;585215.363;588785.783;70.4523;-15.3553;-3.5066;
239995.578;390715.767;391793.522;-102.7063;-12.8655;-9.5164;
117489.680;516837.108;478212.540;-0.4206;-31.8402;-126.8494;
249060.169;509123.400;807322.221;22.7681;-6.4144;822.2750;
237169.934;650739.089;72653.237;-28.2685;340.7215;-1252.7190;
211146.611;500328.837;481140.715;173.4691;101.0288;-3.4493;
345919.514;473307.245;482735.047;223.7975;97.8261;-210.5260;
353602.366;503204.935;481520.145;-0.3370;173.9030;26.4720;
269342.531;287361.696;536761.297;-2.2670;-616.5951;85.4543;
241260.132;413366.500;477428.974;-20.6926;43.9749;179.3685;
221803.421;554511.293;486888.971;-159.8931;422.2309;34.5741;
245461.387;476108.780;561625.428;210.5320;-91.5742;331.8611;
265834.258;461986.299;464310.054;-45.7021;38.8782;-14.8323;
192905.189;543724.207;775503.461;-45.0894;15.4004;780.4979;
117667.468;411560.635;429136.130;-717.0683;-56.7861;-13.1968;
274517.711;432145.104;441082.641;-1.0023;20.8726;36.2203;
121555.217;526037.464;523522.688;0.3131;19.5716;16.5065;
221441.899;518436.134;514524.085;41.7661;19.8274;-15.4641;
195994.149;561281.606;598147.425;-37.6104;-5.2772;139.6720;
187580.290;469990.693;610453.086;-2.2774;-18.0300;601.1614;
321207.807;432865.126;404898.631;-27.0364;-14.4603;-208.1318;
238492.191;817592.703;437789.404;-108.6761;954.4698;-343.8949;
289014.635;536068.864;535593.868;-27.0816;13.6462;43.6241;
347221.943;538386.149;476214.968;9.7498;172.3653;-24.3230;
113769.932;489351.401;489906.190;-0.1580;13.9304;51.0339;
200007.847;561014.094;505852.390;-392.5955;863.1461;15.7642;
191246.854;637754.452;582966.911;-181.7628;220.0485;58.0969;
321255.614;496461.518;204906.381;361.6704;15.3815;-825.6516;
302667.467;388624.219;366565.915;164.4765;-22.2287;-163.0539;
305680.253;11233.750;496308.147;252.7347;-1824.3514;-56.2263;
199090.057;454829.752;419727.424;-6.4089;79.6367;-69.6963;
139285.222;708747.357;441741.971;0.0257;629.1479;-70.0101;
264579.308;585113.364;551206.948;24.8368;142.2082;-8.8935;
327989.775;484266.232;459859.578;-8.7857;164.9110;27.4383;
251372.892;539515.864;533448.630;68.5498;7.8078;64.1468;
258496.321;392388.827;461502.275;27.3141;-146.6986;88.8843;
177923.950;336694.595;443001.753;28.5043;-876.8651;10.7628;
330160.827;551197.802;564793.987;-0.4326;-59.1269;4.1686;
270976.568;961668.812;589808.172;0.4952;1552.1028;224.6710;
225720.392;495884.431;494622.873;-157.9534;23.9433;-65.8376;
170482.372;465832.349;798965.557;3.1765;-16.2589;995.6336;
314608.243;493439.106;527214.569;-5.2500;-143.9010;-94.3924;
319342.870;500070.073;493601.528;-2.1064;16.3626;-48.6091;
454159.384;525704.675;500868.168;495.8209;165.5122;3.6685;
147905.845;528234.824;528532.304;-0.9171;-85.4406;-14.6186;
294183.879;691705.105;496347.279;85.9553;913.0281;-74.3447;
125062.347;505891.993;266825.116;-0.0675;-19.4647;-1131.4407;
206831.708;494228.244;391520.134;-163.9963;-40.0918;-402.3133;
376069.747;502504.735;295378.365;369.1109;12.5265;-649.0456;
341693.240;895056.003;467109.845;28.7006;1333.4198;-199.7855;
243554.503;797376.828;629961.326;14.6991;974.6438;296.0528;
192162.979;493309.473;446265.017;-21.9235;-288.5870;-395.8134;
310978.446;572410.417;769418.465;-21.2934;58.7785;837.1741;
420825.421;427412.444;625548.057;586.4641;-257.7524;357.4438;
292483.927;545284.012;542531.202;23.2204;22.3220;4.1179;
285904.625;507953.574;976695.808;249.3180;-4.1396;4165.9730;
367414.584;536169.244;585075.961;752.2517;-450.9051;-1.6663;
224262.711;436693.720;473652.053;33.8069;60.8266;309.8673;
632467.009;560494.296;521838.728;2558.7223;99.1465;-31.4509;
173980.376;448506.739;464421.446;-25.0429;-80.1155;-17.5098;
309078.979;826697.358;500567.026;155.8885;1728.1120;23.9835;
611018.863;612958.671;576670.548;925.6035;504.4889;77.5955;
202637.632;424510.416;426916.814;32.8341;13.3819;184.4889;
244156.448;503144.423;500303.058;2.7866;53.6789;88.5109;
647189.694;262149.932;470763.067;2018.3387;61.5532;-1.0336;
276112.648;459694.250;733392.462;-739.3264;-13.4018;4133.1427;
180598.868;475557.788;471709.903;-73.9856;51.6497;5.4129;
243180.395;558739.876;517763.839;-28.7289;60.6219;-202.6516;
387891.455;534358.135;650979.954;-0.3792;83.6023;389.9194;
305710.560;281125.916;410405.601;9.4940;-912.8662;-6.9240;
270053.639;466258.593;544600.298;101.6081;-112.9392;165.5813;
160324.856;565550.953;423375.457;-200.1545;380.4388;-118.2893;
211214.035;505267.684;453171.120;-54.5475;-4.8468;-54.4445;
268458.397;451925.986;629902.510;-38.7633;-300.6444;272.7369;
537839.135;512031.464;481254.865;750.0882;95.1221;-22.8925;
289181.154;518589.015;846002.004;6.3783;43.2875;952.0696;
174747.031;581373.823;577878.123;-96.2814;-8.4590;-53.7264;
737051.399;438234.388;435933.602;1524.8789;131.8410;-10.2813;
222169.678;411016.857;266262.541;58.4476;-53.5903;-550.0301;
152185.117;590784.669;534765.184;0.1498;-7.0978;-995.1975;
258648.432;237523.675;519824.727;41.1108;-1152.9422;-32.2274;
365498.082;527471.030;327251.663;321.8470;-40.0713;-338.1102;
254734.572;112832.285;494999.975;-18.9318;-1000.8782;-14.2653;
250196.769;427246.864;430530.283;52.2439;-30.1148;42.0159;
29682.718;503490.465;498067.065;-657.4268;18.3137;6.0485;
186872.641;493044.888;470713.306;-307.1543;234.1090;-34.7418;
916457.698;415030.407;442908.951;2458.1787;-95.9849;-1.5006;
201848.200;580519.555;601389.878;42.7958;291.6295;511.3921;
314512.696;595678.043;594483.135;-8.4309;45.5829;0.4766;
285745.839;428878.139;435898.262;286.2939;-10.3910;65.8098;
396197.954;619506.245;606973.281;299.8755;38.9930;4.6902;
280458.849;576514.135;434756.608;6.8522;439.5722;-4.8514;
223114.459;613502.156;502621.706;72.0018;322.7818;-43.3312;
432235.947;361521.184;519609.583;572.2560;-390.3195;147.9568;
317077.840;500389.621;436222.375;-137.3326;230.9518;34.9962;
237766.776;542832.764;450371.838;24.2003;65.2620;-539.3617;
382362.801;470393.574;526489.964;363.8501;-53.5894;148.2278;
225109.787;196939.829;396024.469;11.7972;-911.7897;66.4353;
274451.849;373573.232;376039.411;-15.3673;-18.7530;6.3207;
307079.685;322263.965;557619.377;38.4954;-888.9755;-26.8385;
261154.016;560955.871;546606.795;-23.7459;100.0654;67.7970;
183709.867;403831.219;408622.941;28.1711;-45.9553;-3.6135;
109894.334;463919.211;336755.957;-248.2113;-24.8717;-425.9988;
290842.169;414578.758;427251.084;69.3663;-259.5665;13.4915;
244677.063;312983.545;512641.682;-73.1163;-862.7585;12.6349;
239695.771;737637.342;700463.664;-14.8663;573.6252;482.9823;
300699.753;576496.308;538133.911;1.8694;25.9487;-58.4957;
239335.033;271790.161;518030.573;142.2555;-1194.6004;-58.4415;
143711.422;549574.434;556368.805;7.8803;-45.0166;-2.4084;
198079.039;422663.360;427113.190;-1.2630;53.1209;16.9508;
472481.948;941442.408;539097.045;1143.6337;1351.6881;167.7923;
253723.288;781248.097;531031.153;22.9342;1003.7285;169.0016;
208595.056;379958.384;379456.208;-26.9207;1.7173;-1.4880;
244022.298;600912.794;601457.295;-22.5158;0.0512;3.5695;
262689.889;434775.313;516356.519;6.0674;9.4799;546.2631;
224954.440;478851.398;590372.920;-7.8143;39.5829;922.1534;
240228.509;582995.851;581726.181;-98.6379;12.3588;-4.5959;
309549.740;500099.927;506267.734;296.2117;-4.3141;114.7125;
197421.234;560986.846;560896.709;2.2067;10.5140;-18.6741;
152834.044;513758.731;526927.635;-0.0400;30.0572;-380.2013;
310888.999;12330.189;537613.993;11.4513;-3452.3284;-40.5124;
214613.955;484755.480;436329.678;191.8730;180.7168;-72.4787;
234289.153;529068.409;486853.607;0.2639;161.0648;24.7533;
256138.553;407626.919;406311.554;51.7173;1.5523;-196.7950;
186607.951;509319.841;861677.086;-2.6395;9.1934;1065.1978;
220304.763;824794.093;514916.359;150.5475;1492.3258;97.2829;
230039.687;54654.979;363472.283;-1.0144;-1072.7396;-419.5200;
282877.030;432331.677;429474.625;-96.3910;36.7092;11.6198;
258011.887;492206.740;752749.521;-37.2651;0.9587;729.7487;
385351.722;500026.059;442833.286;183.1781;-50.5803;-348.6282;
159103.563;497485.517;138290.352;-0.6612;34.0460;-1429.2489;
163529.760;674201.381;442415.897;0.3853;1164.6117;29.6471;
578318.768;535312.533;584935.491;780.0687;-784.8924;-4.1632;
181982.441;549618.757;418355.020;-138.8410;78.5800;-580.3304;
323205.460;448306.001;437833.482;-4.6766;15.9882;-45.9018;
296802.992;522518.909;508325.114;-4.7465;50.7768;-14.9396;
381171.498;572900.202;592351.389;4.0400;106.4195;189.4296;
327573.077;556799.470;585902.779;18.9207;33.8031;179.7424;
185025.316;479495.026;65808.120;-281.8476;-201.3671;-1636.1734;
189384.179;566149.926;572127.031;-0.1620;-23.6730;16.9356;
239603.969;694431.116;584431.107;1266.2679;389.7281;14.0779;
199788.503;384120.411;598904.433;3.5344;-587.3838;186.9806;
106451.185;400091.689;400245.699;-319.1136;-0.0180;1.5806;
177183.941;456455.868;504005.589;-487.2061;-3979.6248;136.8915;
247509.579;393578.839;394289.019;15.3960;-7.4099;-2.9971;
347880.842;596276.490;470200.157;-0.9843;104.0785;-4852.8372;
214646.042;499997.919;598324.104;-126.8358;-46.7261;1450.0105;
277579.627;397868.806;424316.296;-24.3368;-494.8554;-517.3795;
176918.932;489911.825;497698.400;-105.5587;-272.8018;11.8206;
395614.917;596268.640;504981.473;440.1185;1101.5127;69.9826;
304797.275;447439.180;518871.504;-22.6370;-152.5457;43.9763;
250354.174;665518.707;679564.200;7.9023;433.5390;903.2619;
254278.189;464545.373;490510.398;-108.8075;-71.8194;41.3554;
341559.412;537635.380;497043.664;26.2183;193.9183;-108.0892;
438528.661;471407.181;469892.138;632.8133;5.9978;2.1394;
180027.587;605897.083;599439.683;5.6564;66.9298;76.6085;
52081.464;508221.173;609205.828;-536.8986;145.3689;346.6168;
317926.503;250634.730;434467.031;27.6396;-977.5967;7.5338;
135751.128;479776.665;474522.515;0.7136;-20.4056;-23.5010;
200305.450;549148.471;321570.850;-7.7924;116.3662;-817.4884;
303866.273;378463.510;422828.043;30.9963;-215.2885;267.2462;
247509.494;557457.941;558927.536;-47.2397;-19.0339;-7.0600;
191887.084;648155.233;563116.647;-4.0923;471.7744;10.1968;
318919.615;369173.956;567214.103;3.8023;-1197.5898;-20.4979;
191226.012;405980.325;407511.098;-196.8709;-0.8187;3.2038;
349563.102;575369.035;561064.117;445.9083;40.4384;-25.2501;
302624.924;543650.950;499782.987;-45.0714;48.9060;-333.5517;
248262.679;477022.612;492970.019;-23.1239;-53.4357;10.5083;
216642.002;483038.659;479144.065;-231.5925;-19.3271;-19.0660;
166405.235;762334.086;577648.011;-223.4831;1013.6896;129.8219;
133348.579;513338.747;513684.715;-441.5548;-66.9128;-82.2243;
187234.843;469814.607;441076.925;-4.0536;11.4809;-664.1864;
306861.931;530309.538;678551.912;182.3626;330.4410;1310.5871;
17563.457;430466.957;392042.015;-1041.4251;1.2484;-125.0148;
328653.098;406963.550;405580.584;261.7306;-8.1868;-85.1019;
171582.285;790274.585;149679.107;-213.8214;863.6660;-936.3009;
229171.319;742020.785;570797.701;-276.3921;637.6449;134.2859;
293340.743;732227.248;515257.875;-2.1936;689.4921;-98.2214;
273557.404;513256.855;551741.717;101.8012;-152.8442;14.9296;
278422.657;498693.160;831618.939;38.3449;-1.7937;882.0497;
462484.806;541055.028;552886.382;527.1225;49.6416;67.5717;
291270.445;435951.506;396597.284;67.7119;21.4993;-266.9773;
228205.844;550581.729;605432.914;-306.8364;144.4389;233.2966;
819916.086;472851.948;385717.337;2643.1386;153.0990;-252.5807;
237871.745;564599.027;564654.373;0.5997;0.0133;4.3433;
200830.389;193994.676;763264.665;-590.9383;-932.7135;825.5149;
206114.546;501658.898;490610.542;-14.5112;76.5018;76.9715;
308288.357;525649.688;510945.352;-42.5314;-106.4033;-509.1854;
226624.416;452873.666;454052.109;-203.5434;-25.1662;200.8793;
280235.526;479822.667;293135.868;130.4065;133.1293;-637.0036;
249008.379;538685.446;527516.073;-112.5146;39.2861;9.9462;
205014.862;766440.844;489185.804;-135.2058;1623.2392;21.4247;
266974.326;778872.112;399001.023;48.7396;816.6831;-575.5516;
347684.351;576263.703;575094.933;70.3110;-6.4766;-16.3144;
943922.526;579046.694;469112.502;6890.7320;868.3324;-81.1128;
257322.029;498264.629;180130.049;-12.8315;-2.8991;-846.4081;
600206.133;406551.891;551737.179;9669.9224;-92.3082;573.5932;
223605.419;509631.905;761172.404;4.4312;29.5001;667.3956;
195917.857;468531.313;477664.321;-0.2233;-18.3761;9.9153;
237539.626;720258.298;513815.528;9.2490;568.5084;-84.3412;
299130.670;490490.538;500018.142;258.3703;-44.5288;-11.2240;
321581.508;536434.151;369298.001;103.0332;482.0795;-333.3672;
775284.957;479744.622;387006.688;3699.7440;-14.9023;-341.3819;
639288.061;488665.217;651927.592;973.6383;-72.7476;459.0256;
291296.492;574743.003;578085.392;83.8609;-2.1640;9.1861;
187818.517;449215.301;464581.731;-4.2113;16.0543;87.6391;
241429.616;507577.000;479312.654;107.5502;36.2649;-234.1530;
206737.317;515588.598;162226.960;-69.8580;31.6449;-1039.1945;
203644.233;563185.076;597615.981;39.1572;7.6919;330.6936;
595831.447;502647.511;628461.465;945.8848;17.5748;421.9756;
261424.270;473110.791;460928.189;188.9526;39.6606;-14.4778;
142271.174;463739.146;369536.086;-63.1194;288.7580;-963.6661;
309142.283;466709.343;429180.990;4.2157;72.6477;-104.9574;
309255.418;445750.164;505393.561;2.6766;-21.2877;264.9711;
335505.537;540139.748;499693.418;1.3954;272.9212;-17.4339;
263389.506;501505.698;410313.443;-28.4978;639.9282;-60.1955;
195647.721;459556.857;521208.372;83.2418;-3.1313;2075.1150;
232037.894;457476.377;518761.891;-5.5739;-225.3216;118.4165;
321716.851;69222.157;474233.685;3.3106;-2517.5672;289.5352;
199135.835;591522.783;586719.703;-0.6585;7.4293;-36.4396;
458567.733;440148.638;444234.191;606.6793;-22.6672;16.9809;
318903.345;605406.064;605436.415;4.5915;0.2369;0.4526;
147971.430;457566.796;463319.750;3.6051;-42.9056;-2.0602;
202567.729;490253.739;449081.698;-2.6546;-14.2317;-143.3106;
273474.881;311685.648;594611.366;-2.2978;-959.2762;65.8053;
191987.394;477267.841;492720.826;19.5994;-44.5936;6.1982;
218143.672;523000.816;627843.614;-163.1249;14.9338;438.4822;
349402.049;406311.438;406302.108;-2.0729;-22.1778;18.1867;
176085.276;512164.233;478198.721;-152.4188;41.0742;-76.9349;
216953.439;420372.644;558255.069;-7526.7895;-199.0372;139.0579;
335052.623;309189.144;483018.688;107.3608;-799.5033;131.5133;
136343.688;700425.073;566612.107;6.7939;766.5622;221.5056;
197659.081;522536.018;524103.414;-1.8909;10.3016;19.6962;
256276.053;512107.565;497020.801;113.1631;52.6598;-44.8421;
355171.716;557418.152;520451.953;616.5051;-8.5782;-668.4117;
208097.225;548111.006;326746.791;27.8522;28.8821;-658.5675;
271530.282;561276.879;567933.886;-27.2411;-20.9602;-3.4421;
207792.973;522456.350;524125.978;165.5452;-3.6859;3.6675;
71116.104;639210.423;513718.098;-667.8099;568.0896;28.6740;
209305.423;466615.313;450037.959;-20.8402;-221.9937;-404.0140;
448640.977;403115.573;403475.466;697.3389;-2.1901;0.3898;
248041.182;462824.603;357508.652;-31.2052;-197.1009;-833.7287;
302053.519;692262.546;378518.453;2.3431;780.3581;-422.9883;
207399.073;731926.982;558155.331;2.0373;616.3614;241.5329;
283784.596;279658.339;456502.527;10.4464;-629.1268;17.2983;
245423.489;490097.488;536425.098;248.3928;-48.7786;132.6337;
127241.404;777866.792;482772.002;-4169.2717;962.5264;-52.8943;
161600.941;570619.926;561448.259;-3571.1430;104.4775;23.3683;
340563.220;398528.246;399879.475;12.5885;-0.9668;22.1154;
208264.118;535036.292;552908.508;-722.1501;-157.4895;-134.2056;
342203.348;490751.277;464181.258;172.4518;50.2975;-52.2756;
291363.139;566431.363;534318.011;27.6888;28.7861;-110.0423;
268703.739;579657.059;569626.930;-34.6484;-84.7331;28.0097;
251548.945;556602.888;553629.411;3.7937;17.2036;18.9471;
186653.565;562306.735;201027.004;-32.1353;-0.7339;-2063.4374;
191406.740;682634.808;553805.911;-1.9160;718.9528;279.2768;
316455.080;508765.732;491894.032;-63.6110;-809.9999;3.0206;
110169.139;355253.849;377854.980;-630.0789;-464.7175;-369.7677;
137127.026;530518.036;539636.752;0.0578;-40.7063;10.6885;
201848.690;778860.062;557930.483;-77.7875;672.5327;-22.9733;
184542.235;572949.206;558738.664;-35.1217;-12.2116;-97.2712;
318768.860;63648.464;502788.330;154.6726;-1582.0672;-46.0019;
159066.166;413421.296;417505.304;0.5901;-62.6620;-95.6089;
125999.421;510882.409;513165.347;54.4905;5.3821;-63.2380;
461947.724;519428.158;511155.572;-332.9414;20.5425;2.7306;
316717.312;466080.506;394362.476;-17.4480;149.8053;-201.0329;
186719.165;532302.119;510599.925;-4.0090;92.1255;-85.7383;
279190.348;479411.472;406403.994;-114.5539;-217.8579;-862.4963;
250361.982;503224.644;464570.775;-29.6423;-0.6844;-163.5921;
247656.508;484379.186;486228.788;-5.9643;-124.7155;-111.3868;
310449.385;364414.364;429554.848;40.5261;-211.1767;-120.7304;
270135.401;482906.647;919654.927;85.6128;32.0860;1199.8380;
239822.170;639258.913;608716.021;417.4525;1912.8377;5.1664;
347304.946;541003.476;557065.240;90.9830;-135.3182;-12.6032;
215450.475;383670.181;383836.830;-1.0313;-0.6043;0.4083;
273123.896;551989.756;485534.217;-119.4834;678.2941;88.3974;
823161.762;574625.275;452575.645;1811.5531;68.4062;-296.4710;
171311.456;515862.853;677599.851;51.8736;-7.7993;699.1833;
153814.276;429832.895;447144.484;-0.2552;-40.4192;13.9731;
122919.968;472119.081;495725.998;-421.5159;-77.3823;-2.2687;
228554.080;429095.206;387508.512;-85.0282;-266.0102;-225.4587;
235775.282;486552.936;449972.678;48.8051;235.9473;50.3762;
312989.800;537138.787;662449.207;274.0089;82.2194;916.0420;
247990.652;539157.842;529781.273;11.0744;57.3909;-10.3677;
190083.645;654974.346;573638.833;-55.3771;640.0809;18.6570;
175656.363;427521.195;425170.719;34.8050;-4.0729;-1.7891;
100858.346;401521.081;402987.484;-52.5085;-6.7854;-0.0813;
301601.025;542862.270;496845.896;117.7782;22.4800;-125.0088;
178184.355;795147.550;620346.488;-5.8540;4716.9616;393.1169;
569673.791;476625.969;249591.959;850.8586;-6.4542;-1116.2491;
224332.668;590853.105;101646.725;-9.3454;210.9822;-8571.1141;
419492.506;512177.091;410199.674;818.8785;218.2030;-332.6831;
536354.135;433259.512;413481.310;-4918.2288;76.0647;-91.9345;
302377.380;534339.703;278770.392;228.8578;-4.0850;-1161.8923;
255807.386;581117.512;623783.314;183.0419;288.7263;4460.3570;
169340.870;561297.226;558069.687;8.4734;14.3581;6.3959;
195167.874;702908.579;472097.263;-77.2823;1223.8041;9.6036;
170236.521;835740.468;469494.051;-663.9392;2989.6714;5.7595;
90554.577;519642.899;522355.458;-372.7394;19.9196;14.1281;
338838.521;521454.808;767372.989;232.6418;-46.2141;1017.9166;
307876.959;503683.582;390874.467;174.6276;928.1107;-15232.9938;
285526.342;391138.508;428631.228;-187.2958;-86.1351;328.2064;
344351.642;575765.847;581551.603;109.1485;-6.8862;12.1815;
222666.319;547243.179;536227.951;1.1692;9.6056;-25.3109;
194083.671;496413.598;297706.002;-140.5573;124.5757;-618.2151;
307028.390;548709.555;393049.063;34.3412;79.1481;-326.6789;
257429.415;499537.738;701094.076;85.6420;-10.4494;556.6743;
159237.668;461437.235;480996.376;26.4105;-8.9302;155.1113;
427893.684;538762.616;534078.709;336.8716;27.0123;-14.8516;
321023.896;376507.827;454992.081;-3.3823;-225.3808;11.5061;
181651.479;466791.311;426252.565;-52.7302;12.2187;-93.5252;
665059.222;443243.378;519834.417;2040.8760;-377.7921;-18.7632;
192997.153;551914.255;539524.578;5.3341;75.8180;-25.0246;
129629.674;611894.158;606390.590;-277.3974;141.6075;119.5604;
742796.311;-138565.088;526082.930;1580.6539;-159282.6000;137.3102;
554313.587;610395.965;518692.091;1251.5600;384.3919;0.7161;
275146.366;404216.262;407762.026;-28.3548;2.8014;53.8215;
310895.266;560977.290;559046.692;-16.5864;31.3002;12.5898;
156480.469;398219.131;572394.491;2.0379;-618.5865;647.4305;
218171.967;501052.824;488157.379;-18.5463;81.7040;183.6359;
242187.747;855374.506;472430.102;-165.0185;1237.0490;8.2666;
212909.670;594688.523;594612.797;25.0668;9.7348;16.0171;
333474.483;520568.267;725620.252;271.9081;-41.2539;720.9187;
262428.958;424686.744;444834.284;101.4180;-444.5689;-197.2432;
237008.191;762745.919;115145.868;18.9791;704.0698;-1080.6547;
145710.785;484498.530;496987.237;-9.4061;-6.2863;-196.2184;
144742.345;413739.130;427014.813;-0.9720;-649.4217;10.6780;
114693.764;416626.169;453485.008;-5136.6261;-529.7593;-88.1552;
460316.068;484448.234;473750.949;870.6448;30.8111;-5.0010;
320741.861;437494.713;378662.344;13.8289;5.5956;-781.4183;
158106.542;433000.699;419447.411;-398.7591;-1.4810;-55.1729;
145033.603;743940.461;335332.634;17.2301;999.9913;-554.3677;
302652.121;525472.840;529218.393;-1.2331;-299.0086;-24.1870;
137376.459;501316.422;455140.538;238.4761;-3.0456;-132.2871;
251389.305;437794.603;531806.186;252.1014;-227.5675;109.8640;
206567.449;358787.625;461431.023;-84.9450;-305.4906;149.8232;
223689.935;529078.355;217177.926;-2.8682;69.6796;-892.8495;
777998.490;486047.572;542703.025;49.6560;5.0316;260.2332;
831776.340;537714.302;538403.757;-0.4650;-12.2722;-18.5938;
818719.692;559628.924;320922.724;45.5277;-16.2361;-957.4905;
792812.772;427699.054;431047.018;11.7130;69.8654;45.0495;
821083.842;473552.954;325271.944;49.9691;45.7681;-426.4608;
724766.310;563845.151;565849.944;60.7918;-30.3246;-1.6560;
761152.800;428497.038;902321.529;12.3826;-0.1303;1592.7162;
931973.891;352828.345;612347.390;678.4061;-613.6267;1032.8409;
695864.732;414687.686;445064.288;-17.6042;-579.3666;-10.1734;
563657.365;506646.153;498599.863;-1622.6278;88.1838;-3.8389;
808222.292;588405.058;598392.751;-2.2045;-2.3563;48.6217;
800865.376;638784.497;613164.334;-4.8815;203.1592;0.1224;
848782.325;501237.623;564832.926;52.9409;-45.9694;219.5629;
607610.351;342723.976;631505.471;-656.6629;-561.2856;393.9352;
836240.512;504160.580;540097.748;338.3760;30.7316;731.3762;
807185.946;471868.432;465948.112;-3.1611;0.0193;-35.7886;
822164.254;577936.959;573805.686;-1.7466;13.1843;-42.7008;
757849.272;495409.563;567622.509;-344.8513;-15.5114;190.9681;
849029.403;258643.771;440517.147;172.0396;-1064.7821;41.4730;
753305.517;434395.318;472041.583;-7.5460;-237.4245;-118.5659;
728168.205;552952.959;495622.138;31.5094;284.7763;33.7016;
739017.242;421216.753;78950.113;-757.4276;-376.3715;-1178.7355;
705335.273;663489.898;593912.824;19.6118;201.1024;-3.5693;
766764.031;528668.635;502215.177;-82.2664;147.6596;58.8432;
724724.331;720623.853;339802.122;37.3547;1176.9264;-527.8408;
818560.977;483352.382;477603.454;211.1245;63.6309;-17.9423;
766355.313;473942.809;471669.743;-6.3461;4.6180;-2.3245;
806821.433;307931.584;492586.323;0.4030;-663.1741;14.8125;
841406.830;393177.425;399735.239;0.3491;-33.0712;0.9435;
559750.588;557389.441;873003.085;-838.2081;423.1897;4385.1358;
636719.609;474472.035;570544.461;-18.9744;-180.2747;74.1191;
748825.895;304959.610;626267.278;8.0164;-485.5315;414.0708;
717214.606;475560.630;464150.233;14.8447;-17.8224;-40.0435;
827642.791;509943.693;499842.296;286.9758;0.5334;124.8819;
908663.556;519589.023;469286.499;438.6012;128.7861;-551.1148;
929496.460;454869.074;482824.515;527.2991;-141.8544;14.3094;
848383.283;580125.987;574604.766;35.6681;-308.7181;-26.7092;
728924.442;415096.244;423223.001;56.8523;36.2836;46.7566;
482593.599;408852.179;458402.606;-1096.5626;-315.9961;77.3751;
701442.169;440080.935;453071.308;0.5955;-0.1565;173.9621;
819365.976;715063.731;562451.369;-14.4257;2705.8500;17.4515;
753116.626;435538.439;486267.613;-17.7389;-121.7697;-16.5953;
657843.623;419963.418;421442.325;31.7474;-11.4768;7.8409;
751777.208;480126.867;515653.863;1.1626;43.7525;411.4526;
667403.642;573110.061;565124.525;1.7895;47.6303;-8.6543;
500892.556;401566.674;387471.068;-725.1931;-33.0511;-103.4305;
847916.496;523273.555;703790.572;2.6936;-616.2442;1149.5458;
783421.986;528258.926;535195.595;-23.1132;204.5958;-85.6837;
727164.926;237219.891;571753.839;171.5678;-2781.8601;11.9844;
889019.628;536185.122;481612.267;-0.0414;623.3004;12.7634;
712753.441;507240.351;464424.943;10.3473;183.4687;-255.7135;
829741.136;423612.049;406903.586;-114.7921;1121.6528;-250.7068;
794631.495;588598.287;511418.226;51.8378;879.5554;13.7833;
672677.335;548601.144;448493.495;23.2119;5.8291;-369.8019;
794570.061;748573.644;520659.013;37.7036;827.1349;8.2519;
827629.393;457617.220;429891.587;5.5649;255.0497;-4.3345;
815355.181;538643.565;592844.908;-38.2456;5.6507;186.9442;
878458.911;565970.000;563080.025;40.7752;11.5357;5.0393;
809397.459;517220.581;568645.383;46.8436;-352.8418;-7.2224;
747153.167;860679.260;513166.183;-16.0733;1005.3065;95.8932;
664176.612;487745.523;489319.360;-532.5709;-16.6998;-24.2131;
901739.631;523438.781;656518.171;388.4861;-451.3297;539.5166;
692123.688;360305.167;501054.891;-292.8020;-663.3944;105.8873;
750819.625;416034.790;727706.047;-32.3255;-260.5787;712.9732;
747849.420;537604.599;486363.709;-0.9227;118.6136;-19.0196;
807183.716;452910.647;452832.017;168.3442;-119.7364;-109.6977;
847299.231;460410.550;497892.974;-2.1811;-214.4747;18.3258;
835651.677;508369.828;521219.233;17.3444;-2.4459;22.1260;
701621.009;628971.551;325963.846;-381.0324;2316.3698;-767.7284;
859046.176;241991.531;395270.559;300.3396;-657.1720;-175.4068;
842048.404;487095.858;476353.701;-42.3216;48.4107;18.3993;
857362.685;493122.498;468236.827;-4.3881;47.0703;-79.0154;
814831.730;458797.491;432183.623;-11.7607;184.1246;-68.5550;
810389.302;578344.701;433172.727;-0.0054;108.7614;-405.9102;
777628.780;518803.022;427374.038;-63.5462;85.8655;-652.0612;
754082.235;424372.304;390966.085;39.6960;-56.1666;-2.8838;
797725.736;474299.541;482459.033;131.1226;-254.8429;-63.0164;
798372.693;395014.325;500589.094;112.7581;-107.7682;-6.5719;
758021.532;445405.792;528026.733;-29.3776;-189.2876;18.9279;
713560.180;470561.757;469374.354;-11.7660;97.2890;9.4093;
715285.406;587082.196;514544.226;-36.4259;131.9920;-101.7149;
786113.467;515698.618;581558.097;194.8046;14.6099;251.7572;
763531.253;385928.032;444662.962;120.1953;-821.4827;43.7783;
644807.616;498149.254;315709.778;-293.2951;70.6453;-459.6929;
810549.868;583176.709;587929.573;273.0493;273.1856;24.4281;
797915.475;464715.618;347941.297;135.8290;-83.9752;-474.2073;
791756.064;503307.911;484440.083;606.5937;77.5561;-138.7971;
595259.361;432013.821;505290.021;-361.9127;-930.2988;18.4917;
776097.318;440714.995;516955.979;-2.1558;-271.6044;162.6478;
682752.300;471260.481;505220.185;13.0257;-15.6767;146.7917;
685073.466;624795.283;542077.992;-627.6305;181.3967;-363.5930;
636641.241;863091.205;573474.964;0.0041;1060.9351;18.1634;
731848.919;604872.104;441432.755;-41.0542;796.5028;-54.6108;
832408.973;270644.101;422470.493;0.1473;-1146.9646;19.3665;
836134.124;604785.828;604713.639;1.7245;0.0971;-0.3730;
777032.834;433334.388;411955.301;29.2206;144.0440;-73.4242;
882064.214;570140.642;564485.892;307.8348;56.8830;96.9177;
402615.884;483943.956;560141.917;-2218.7659;-163.9968;191.1016;
754442.010;445346.679;317687.965;12.8160;-416.2162;-473.8923;
766659.408;564776.072;561748.012;-13.6500;26.5977;100.4497;
710426.483;568236.301;567976.877;15.6925;288.3493;4.1770;
615016.018;543523.859;433577.630;-197.0509;879.2285;-0.4184;
693569.834;525707.884;608246.187;63.0165;-769.6391;418.8034;
799746.258;559869.357;708746.972;-18.7526;-0.9248;913.1977;
762638.587;475209.820;449230.863;-70.2931;96.7464;38.0918;
777641.715;429946.506;551869.001;42.0633;14.9529;477.9605;
721673.160;610312.924;492178.942;-31.4131;-21.5598;-390.1758;
706950.663;505998.528;455440.791;443.9148;253.1749;7.0970;
764238.605;511010.332;447947.808;44.5145;-22.3886;-362.6497;
977504.960;467172.472;452251.183;710.9059;-24.9030;-63.8258;
891045.123;459106.916;500209.233;681.4060;-256.5625;17.1394;
795394.197;560968.432;539761.950;26.8073;1.6986;-80.9508;
839413.761;291342.054;462519.508;6.2960;-575.3737;-9.5511;
696431.959;627733.720;627668.653;2.3884;-0.1288;-1.7161;
777097.988;408882.375;776112.610;36.1011;-1.9703;2951.6945;
671650.630;503761.234;713575.991;-2.9640;-170.1717;1942.0726;
708711.609;335243.255;514533.421;-436.7561;-957.0271;29.3641;
580789.691;632663.112;445643.199;-791.7762;154.2869;-921.7966;
775149.552;464618.153;431658.777;678.2744;-0.8387;-66.7562;
792599.033;427334.278;401939.810;648.3399;-71.8566;-674.5402;
825848.110;483787.115;487180.712;-554.1271;-86.9204;-15.9484;
657833.484;293007.334;528609.425;14.3243;-704.0348;-31.1658;
685017.552;526256.272;543241.114;92.7547;-91.0747;11.6840;
952003.543;478567.121;497021.131;1373.7777;-86.9121;4.8963;
766539.282;543935.394;582302.334;42.4252;22.2147;257.5945;
942981.102;666387.787;486387.706;1132.4442;639.9789;-25.8223;
592583.329;580726.463;582383.766;-669.9326;-1.2580;13.3341;
636786.957;187388.493;418512.563;0.5098;-2635.0688;-111.6506;
830794.256;400750.762;389498.817;28.7567;-177.4090;-260.8895;
767823.854;849775.089;591458.178;-44.4929;1171.6135;0.3209;
447239.021;562878.453;476512.016;-1446.7074;248.2191;-211.6767;
740312.177;514134.029;383524.005;-20.7231;53.8700;-291.9492;
748798.252;382823.948;425243.323;2.5136;6.3326;126.8859;
713030.466;495137.816;465706.368;12.5951;124.3441;-4.1335;
751643.182;533122.969;496584.107;5.8131;290.8978;16056.2343;
526984.299;197685.231;543404.268;-537.2254;-966.0331;26.8765;
753587.168;168912.445;474654.883;17.8349;-1122.5883;18.4181;
816391.341;429179.960;522584.529;122.8348;-383.7233;-137.6181;
714551.296;559026.254;572707.373;33.2313;-31.1897;137.6178;
981595.171;435602.165;416344.464;1034.7725;4.6959;-258.9629;
814465.369;410757.052;414640.817;13.5559;-5.4282;5.1918;
811853.884;475686.345;493829.516;-19.2743;-22.4985;106.7353;
840080.878;464391.714;488751.568;242.8455;-47.3752;42.1093;
719332.514;539978.867;502639.854;-83.4808;173.3829;116.2659;
813226.146;576635.288;576486.965;2.9867;-10.0390;-1.1870;
776464.724;524522.732;491536.519;32.6500;-53.0283;-113.8576;
768564.032;446717.723;466182.916;-49.8497;-110.0936;-44.9649;
605853.794;874264.320;490381.389;-381.5529;4880.9302;-99.8712;
812091.125;727535.891;398702.940;0.0021;1386.3436;-140.6380;
713377.305;599263.612;527206.351;206.2792;228.5630;-731.0795;
817320.883;435106.852;443327.186;-1.2073;10.9997;156.0586;
665289.716;426125.304;439933.855;-1063.4964;-1185.0124;15.6043;
839135.289;479482.263;511970.432;392.8977;-309.0455;8.6123;
698815.470;486953.789;461367.023;75.9795;179.6924;-2.2651;
697668.668;567298.481;543414.316;349.3721;46.3258;-65.1755;
837166.887;475669.860;883551.444;-1.8120;3.3715;3301.5428;
842856.506;532193.105;465115.843;519.0369;282.8305;-26.0717;
752103.754;614779.006;614895.604;36.2407;0.2501;-0.3804;
845652.797;529779.427;530966.540;18.3205;-1.8387;11.6087;
645712.139;517777.274;442799.664;-0.1278;656.4887;-239.7295;
835426.316;216893.856;555724.351;64.5138;-834.6985;190.7539;
804784.236;529599.373;511433.720;-10.1513;-32.3427;-154.4016;
782643.586;761864.172;541266.823;20.6626;769.0229;123.9290;
846451.982;314844.526;527885.546;5005.6090;-750.5293;138.3550;
773106.728;505037.821;469671.920;115.9423;58.5776;-99.3317;
852043.362;520593.239;526448.332;-0.7716;-61.5734;-39.2379;
802157.475;420299.622;424402.875;-6.3930;-149.2365;-2.4605;
725818.779;506818.459;534132.632;-385.9077;-27.7357;-304.1054;
581178.222;498490.439;480838.691;-531.4844;126.7538;-7.7353;
690542.728;502235.300;501757.350;104.7308;0.5685;-34.1860;
776896.831;486835.892;974077.960;-10.3658;-6.3214;2319.1022;
738659.035;495890.599;213270.547;-27.3142;-10.7794;-726.9637;
760041.999;714266.003;500482.172;33.7734;511.0656;-4.8819;
697647.037;567698.591;570515.693;-2.1046;-9.1971;2.6513;
840843.582;454017.570;453712.146;349.6829;-222.2995;-441.6389;
613137.833;458379.141;473344.822;-560.5172;-89.3540;-68.9929;
716695.118;455395.659;502002.057;12.5251;-279.4106;-74.0414;
785419.391;349227.134;427024.924;406.1825;-310.1549;51.4420;
842503.017;537873.514;349679.927;0.7053;28.4926;-733.4275;
765934.311;476111.862;460003.284;-77.9982;38.4799;-173.4089;
798938.528;567547.465;552524.064;207.3895;-16.5147;-133.5196;
751400.208;498404.690;852246.359;-6.1049;0.3281;1049.3563;
787400.198;591292.396;591624.008;288.0168;8.9376;3.4634;
822041.143;95453.035;441995.869;68.2174;-2328.2588;-49.6011;
734211.650;455246.147;931623.849;-9.3027;-1.2624;1382.5750;
906364.160;500836.262;557881.523;1684.8680;2.1671;121.7359;
691516.379;433018.854;432634.314;122.1269;-0.1220;-24.7835;
740060.934;441771.976;434323.693;-106.7763;-118.0396;-156.1479;
694651.230;629899.553;557613.317;30.1938;678.4017;-15.7400;
757242.926;829437.274;508003.602;-187.2557;1204.1703;-34.8423;
843156.448;447556.703;454111.634;3.3911;3.0855;76.3939;
641298.241;466411.177;413471.373;-0.6193;-34.0530;-204.7441;
692358.730;27150.697;447930.604;3.8165;-1542.7276;-10.6084;
709651.062;498524.608;533841.173;-374.9005;-0.6701;797.9727;
672206.148;510790.871;507652.950;8.0511;0.2095;-6.6370;
692268.410;465575.061;650202.380;-87.2158;-165.5477;910.7978;
688414.129;559128.597;423293.286;0.6017;226.8063;-564.2442;
795975.861;529922.255;530293.684;88.5691;35.6101;1.3712;
666792.980;571397.894;561997.674;3.0063;57.3268;85.3703;
771476.707;727697.752;580795.444;23.1883;1607.6922;874.6690;
660496.838;580661.514;582236.817;-103.6881;-36.3879;-26.6024;
724117.528;807278.999;658916.373;-112.8593;6229.0442;357.2719;
632811.933;544705.145;616354.777;-178.0884;-7.4273;309.6256;
621906.903;595202.700;517331.122;-562.4061;398.8872;-30.7617;
664167.051;497114.891;490895.669;-40.8823;20.7676;-5.7500;
626554.713;543391.643;532513.168;0.0014;-23.7475;-80.4778;
755139.723;504340.732;118474.411;8.6928;15.2897;-972.5803;
690396.530;500279.117;503077.604;67.0772;0.7178;61.7411;
695765.794;488677.112;474997.431;17.6802;97.0093;141.3541;
704337.809;562583.177;566098.884;-191.2946;-12.2624;18.7302;
716323.674;586092.361;606756.057;-163.3683;-104.5752;-10.0923;
752105.814;491830.112;240884.455;53.9541;-9.6173;-793.3533;
817605.867;266076.134;436936.891;-20.8072;-1510.9320;19.1681;
673566.680;538600.511;642981.827;1.0950;6.9898;291.7048;
825851.107;471467.677;400124.047;46.6893;75.9421;-198.8303;
634471.954;554225.626;486889.481;-0.1699;23.0875;-618.6952;
703198.654;648015.451;611959.095;-69.2037;591.2816;279.3738;
853826.994;516385.909;532765.203;610.9366;0.6852;63.3429;
735986.827;169260.817;203518.656;35.9781;-1808.0423;-962.5422;
751119.699;454621.975;751767.855;-12.2915;-227.7349;1678.9025;
713964.953;502356.825;497941.346;-3.3583;80.5011;22.6338;
814264.140;593362.023;572340.602;223.2317;-38.9990;-281.8414;
670670.860;594956.751;579775.690;2.0234;71.2452;3.9697;
891240.269;453284.157;537797.560;585.8994;-347.3719;85.0203;
685675.025;432569.345;493702.413;7.1798;-218.3200;237.7296;
849680.414;499788.511;529225.888;629.5758;-1.0752;272.7064;
751978.176;434476.028;458229.485;-65.8345;-168.1616;10.3489;
656157.943;566992.000;558731.402;1.8317;-0.2207;-27.8941;
772044.459;376117.594;374730.705;-24.2651;0.1280;-67.6447;
661209.010;485746.690;511526.664;-172.2060;-65.1522;86.6484;
289637.631;552669.895;123554.936;-2573.7864;20.5649;-3559.1892;
923653.172;539024.423;551909.676;5689.0706;26.0930;590.8841;
691735.280;446002.314;503141.484;-224.9534;-31.6228;145.9360;
554492.380;409299.735;5308.837;-2295.7233;-12.9652;-5075.0335;
739292.925;490358.813;505860.643;-127.9611;21.3329;83.0815;
660035.873;493149.485;451055.124;-3.7149;227.6292;8.1010;
697232.341;512557.291;483071.273;191.5369;110.4550;10.0083;
792014.857;420289.248;412350.888;-1.9758;-3.4652;60.3238;
841053.520;778824.874;332995.103;233.2781;871.0489;-420.9800;
783941.400;549782.518;817326.960;72.9242;23.4197;852.9659;
586378.960;487847.513;875433.618;-442.0834;-57.3466;936.6895;
660823.069;523708.557;511231.302;-51.1611;24.7885;-19.2454;
772435.622;532003.537;512726.159;-49.0494;-2.4792;-3276.4988;
695739.043;557652.023;561625.027;34.2698;-49.1674;-55.6405;
800567.420;841871.990;636080.599;149.6971;961.3416;457.2704;
798399.976;409293.596;561999.490;705.1607;-5829.4013;95.3858;
847252.743;404893.784;551880.907;198.5193;-503.5054;8.4377;
775842.922;439191.646;488929.187;-19.9299;2.9021;277.2307;
780985.950;584150.329;555445.396;199.9405;251.5385;13.3455;
735710.708;457457.125;438381.111;12.9877;-48.2917;-262.9848;
725250.379;453483.225;461281.253;-35.4752;-25.1911;16.9148;
703966.298;429077.607;440002.598;1.4770;-7.8619;102.9573;
795182.910;434624.740;479642.207;-28.2912;-759.7602;8.5405;
720363.926;596761.826;739896.129;-5.9813;118.9771;5634.3424;
727187.549;551267.149;570658.539;-67.4988;230.0979;-94.7861;
753957.958;483432.859;498302.045;15.5652;-137.2151;-37.1702;
737747.201;600829.454;612920.034;-94.6451;297.3762;491.7214;
836375.940;577411.067;567554.927;-6.2457;24.3317;-64.2110;
-24636.311;430414.109;576266.825;-26983.9631;-2565.4592;164.6848;
668840.803;567388.992;562358.002;-13.6251;3.1518;-30.9249;
756806.394;509965.029;478616.507;83.4941;39.4968;-76.9244;
690138.375;400226.313;331413.467;-14.1229;-5.4614;-366.7377;
800772.290;597561.888;595103.516;-13.2949;173.1397;5.2925;
839874.924;503107.441;507123.484;252.8079;-20.5503;31.1902;
643994.282;476412.506;422109.590;0.8707;-42.9548;-1193.0237;
431393.869;589195.515;587048.066;-935.4894;9.0328;-4.3940;
748815.736;541381.392;682469.885;18.3042;72.3623;504.0893;
692417.988;401671.349;401282.903;-1.6074;2.6678;0.0467;
688578.559;509279.999;511631.423;-62.7373;17.6161;20.4709;
662300.239;590838.197;561127.011;-392.8199;62.0838;-1.0487;
904337.321;518208.075;661163.300;656.0984;66.0009;537.5792;
594713.721;161907.614;506680.734;-1106.2867;-1496.6844;13.5002;
506641.418;553319.316;474278.677;-2948.9765;-21.1572;-253.9525;
810321.424;388932.318;388390.937;0.9915;-0.0453;-0.0623;
623050.115;335786.434;502265.740;-785.4030;-1044.4956;-275.3123;
709116.964;541299.868;509883.626;-94.2107;38.2242;-73.2945;
687583.080;915858.861;482994.183;4.0782;3096.9776;-70.8155;
685618.669;431422.233;632092.322;-2.6244;-324.0343;498.0214;
634212.000;596614.164;471588.896;-0.2190;355.3328;-9.9666;
764309.374;513587.952;564913.485;-33.9452;-236.6903;17.1066;
605535.702;719453.982;499871.295;-418.8884;730.2548;-4.8276;
802167.583;519529.057;521425.115;-40.1256;-104.4280;15.7563;
746123.404;540658.605;552068.336;7.0439;-30.4000;31.1721;
678805.215;612466.747;633331.375;-3.6533;9.5348;73.5600;
714224.200;535353.912;534579.786;2.4601;-430.8296;-84.7655;
668867.985;572093.965;591096.759;5.6348;244.4011;192.5558;
731636.845;494184.616;735322.356;-100.5984;-72.1355;1296.4931;
751326.116;447726.262;808178.506;-27.4065;-93.5175;1375.9035;
700397.106;737179.273;465643.079;-234.1120;1224.3833;-0.3795;
810851.182;572742.975;495962.827;2.3114;316.8296;-10.6806;
905728.525;489313.743;480611.970;603.0459;-32.3472;118.9861;
681675.204;550716.101;597826.823;115.3504;191.6024;334.2516;
563069.554;517052.428;700113.256;-580.1825;-151.0538;1048.1965;
796754.783;945910.775;535030.287;-78.6055;1495.9546;18.7759;
715012.380;427504.535;429195.870;5.4875;-10.4443;4.9705;
753576.587;91595.913;466143.742;-24.0185;-1582.2602;-96.8881;
686240.892;454598.191;409352.042;-106.5419;29.9255;-182.5658;
689591.890;500546.540;531675.239;17.1945;31.6514;104.3719;
663278.009;604176.129;467184.161;-56.8992;1977.1075;68.0894;
781279.485;504187.690;658503.974;-2.5417;-5.0808;401.7504;
677183.599;496389.262;592081.826;17.3149;-50.7774;533.2102;
873399.992;615642.159;535990.505;778.2599;1397.7355;71.0198;
852937.591;508727.485;304937.127;284.6484;54.2967;-2624.6111;
723922.407;413622.672;502624.814;-74.4981;-182.2292;50.7747;
856756.024;464226.723;528638.333;85.2340;-63.2029;1369.7823;
708161.911;199780.471;456021.132;115.2311;-3274.9191;50.1377;
911997.975;614531.255;532059.522;2646.1757;430.4567;36.1608;
689722.031;494390.130;515396.152;113.6048;11.8400;137.4030;
781909.015;603989.377;587930.605;158.6700;441.8248;35.1924;
702126.766;343130.373;558223.307;21.6726;-795.1343;287.8267;
787853.735;543994.515;367156.550;54.5794;126.2537;-472.0622;
640018.102;582812.239;587164.548;-15.8831;4.7426;45.4577;
748463.892;449092.506;504710.017;30.8929;-989.0754;30.3983;
654675.889;510132.029;539483.636;10.6881;29.9726;191.3867;
748019.684;789053.065;512673.043;-21.0532;1338.4501;27.9610;
670908.095;486449.599;588246.536;-14.3127;10.6073;360.5184;
652354.439;413586.273;412912.832;1.4742;16.1836;19.4429;
861549.613;446861.349;483834.607;255.5141;-157.4385;158.0976;
692394.171;545095.360;744629.324;-177.2159;65.5949;608.2623;
727852.075;12067.506;599276.833;-3.6195;-1441.3892;188.9448;
750043.942;564389.479;552527.729;-65.2975;123.2354;3.8200;
923300.257;515858.402;507711.881;483.8589;45.5575;-5.8202;
720823.905;442393.755;483308.684;188.8043;6.4523;1225.4204;
678704.090;544552.617;510652.111;-95.6527;542.1211;203.4558;
687876.589;513412.080;511489.331;134.2173;54.2004;46.5160;
625574.715;581279.996;611660.043;0.5792;302.6472;1130.3499;
811941.060;424717.256;426962.835;1082.2858;-12.7361;2.8957;
704786.244;513681.017;516789.990;-11.7697;13.8737;23.0498;
745219.288;421952.235;654495.451;1.6121;1.4439;868.4776;
719439.659;521165.865;491023.610;-192.3024;7.7798;-340.1655;
787229.801;580214.294;461792.540;15.7642;295.9669;8.3851;
351972.611;722551.951;233393.130;-1078.5362;563.3461;-1023.2576;
827570.238;410185.663;415121.660;23.1210;-37.6873;-2.4467;
767615.734;527556.709;444807.919;103.2665;120.4748;-232.6067;
781801.465;530302.673;518560.203;7.7570;202.8218;30.5811;
892578.671;704771.599;508626.375;476.2544;544.5984;11.8804;
830784.439;624433.902;556273.915;-28.8878;390.2278;-1414.5972;
811065.850;643020.539;576285.697;42.3916;192.1790;-66.8644;
735631.222;456829.556;514176.255;39.3065;-44.9849;271.9713;
952957.220;505347.837;452805.902;2045.2296;-40.1635;-204.6281;
775026.458;591210.904;592556.923;-7.0799;11.5209;23.0991;
739608.732;500973.031;476461.544;70.1318;55.2821;-31.5334;
681431.231;590766.344;590766.984;-2.8923;3.9696;2.9223;
425409.822;342607.546;436604.034;-1056.0972;-445.3258;-2.1054;
886873.673;631162.036;523838.611;-0.1668;621.9783;13.9870;
406606.421;405251.347;406607.010;-2339.5237;1.8747;60.1878;
767817.668;480276.056;152874.822;-43.8154;40.8027;-1107.0836;
754290.823;409483.762;377467.920;53.2168;128.2479;7.5924;
952708.527;528880.918;522846.640;724.0878;23.7624;-21.6143;
810500.703;505927.490;515313.647;3485.3962;-54.6896;19.6444;
822693.758;423574.619;414708.039;85.7528;364.7692;82.1818;
838032.075;428724.083;91449.665;-6.6918;1.4601;-1103.0276;
683156.845;640410.520;502860.684;7.7936;453.1567;-29.2992;
741831.618;390080.404;461280.200;159.8459;-233.7720;-56.7292;
857191.554;605008.646;559114.870;-83.2916;701.0296;-44.8081;
594350.877;486017.185;512245.183;-927.3955;-47.1212;31.2369;
334353.564;463390.890;579166.621;-1882.1307;-131.1602;183.3307;
791441.945;499304.491;579261.950;-91.7095;184.7987;334.8942;
603818.616;471770.268;762445.068;-231.8473;65.8198;1000.4576;
798958.051;522830.856;647148.527;1.0124;26.3063;356.9316;
769887.953;217504.007;644775.397;35.7539;-2225.8334;624.7186;
823326.891;320796.118;691715.909;905.8157;-682.8059;1191.5863;
731925.424;566101.529;648024.027;86.2086;48.0705;280.5846;
740834.073;614811.165;522719.053;-104.6004;608.9171;74.0238;
776329.448;578301.585;662357.413;15.6553;71.0384;1088.5425;
765061.555;380122.164;378413.222;9.0044;-1.8524;-21.1682;
815006.141;338517.095;443229.528;0.3121;-430.4271;109.5927;
702916.107;576885.511;570379.718;-649.7075;49.0205;-3.3895;
845936.192;593404.991;573713.818;37.4078;127.7121;15.2461;
683064.659;413570.840;415907.125;-160.7762;-14.7419;-3.6100;
683468.512;459058.223;494285.398;60.5841;-362.6207;-6.1654;
879311.772;424619.385;423342.922;2607.8406;-0.1169;-4.2359;
639085.411;436526.966;434261.554;-164.7486;3.7970;-9.6060;
218088.565;518219.824;342998.799;-1569.6337;13.4031;-1209.0998;
758516.326;483876.731;449388.859;-7.1449;70.4541;-14.8575;
832270.367;551643.641;579983.838;41.7251;-1161.9570;15.1513;
734634.662;122426.454;517499.015;-8.5102;-1011.1360;6.8686;
830881.461;584586.829;507554.178;11.2449;270.7842;-182.4596;
731155.109;517338.221;279096.666;-56.3010;102.1474;-766.3983;
809705.604;542048.256;550488.822;-0.3832;14.6906;37.9060;
845941.347;595051.710;581556.225;-0.5327;28.2106;-113.0122;
465816.432;451889.057;455315.940;-1221.9595;-5.1262;-58.7356;
451361.273;511275.987;512681.133;-642.1384;-4.9549;4.3766;
683313.984;218975.046;310277.221;-31.4543;-1900.7639;-823.8095;
173538.690;589530.274;598397.714;-3175.1167;11.9251;55.6021;
771416.845;587920.880;587956.928;-4.5573;5.6550;5.2859;
367615.317;395968.345;501692.564;-4894.6346;-253.4891;31.6888;
775273.894;74336.880;563603.509;-21.0520;-2117.4953;119.0087;
843302.411;750335.019;483623.830;-0.3335;906.8135;5.6319;
733102.451;465865.355;538187.839;-38.0601;-143.6513;262.3853;
657041.989;507568.451;492840.930;5.4820;-100.9604;-214.4471;
731947.915;500425.049;866478.873;-26.6255;3.2188;1004.6465;
654240.959;595327.198;568978.224;4.8842;-1.3827;-122.3014;
624555.178;446289.447;442602.188;-696.1115;139.4898;185.3894;
680363.891;582944.172;600178.653;-37.5346;-109.4058;-1.7424;
707859.631;275677.060;407235.447;-172.1804;-503.0986;-16.0625;
839463.918;613597.012;580443.391;3.7450;51.9321;5.7522;
637154.385;514236.949;449344.741;-224.9898;280.4467;-175.2941;
762082.324;492046.829;500704.508;17.2833;-30.7761;14.0243;
800121.903;496426.949;626449.585;209.4488;88.3796;559.0048;
659962.547;437926.422;437007.188;-0.8933;18.9834;2.2497;
493438.260;498624.018;532443.596;-1321.8468;-65.1657;76.6359;
654235.220;465854.321;473490.515;-0.9646;-161.9774;-64.8417;
772239.094;429394.769;435518.059;-260.7290;-2.1632;-15.6210;
730145.988;1001602.198;463504.433;20.6184;1838.0626;36.8360;
770639.075;608080.793;601208.193;239.0022;29.8012;0.9961;
839971.917;514160.868;507847.153;12.7316;32.6477;74.4408;
700056.895;407924.676;408574.462;-182.5810;-4.9897;0.1198;
742967.212;484289.048;580395.916;-7.8336;-37.9450;382.6287;
876486.794;481980.627;473001.940;665.8295;125.3659;-81.6350;
736735.294;573577.652;572722.796;-141.1712;-2.8871;-17.6497;
693525.130;534887.508;607022.981;92.6382;-52.5494;269.4375;
722700.368;419329.570;316677.426;-190.2800;0.8165;-657.6435;
693050.541;514328.745;572642.566;3.2517;-452.1910;122.7806;
846275.677;383347.096;282749.675;29.8617;0.6762;-727.0143;
755225.860;497954.727;538213.343;-9.0090;-211.0185;-41.4580;
793855.668;430063.994;168579.269;-5.0224;-278.0217;-1314.0775;
706333.496;324032.115;533867.683;-55.9910;-981.3042;0.8716;
797412.675;490080.160;323107.960;-16.1404;-73.4178;-3389.1789;
712008.761;642615.624;513791.919;13.4270;782.4421;280.7107;
771000.069;622535.364;565261.506;10.6624;242.3267;86.6835;
697920.882;266900.617;587323.882;-6.7215;-1016.0127;238.0448;
836926.213;513724.215;489681.318;213.9941;76.0284;-57.7572;
801875.566;506877.910;537616.495;67.2097;101.7758;105.6895;
771051.880;433004.001;403983.073;58.8638;424.7929;-4.4137;
824320.939;409901.671;431082.363;-93.1458;-0.2604;132.8956;
842689.507;516629.157;384574.589;73.0884;422.8249;-178.6968;
757498.702;556257.886;552970.333;-30.5215;170.7481;-21.1082;
799250.041;432856.367;438354.811;4.4991;-57.0376;-14.2632;
775271.107;354623.613;458210.704;-5.6225;-319.5542;-0.4486;
519391.887;466941.863;596326.748;-1313.7016;30.4697;925.8831;
706755.309;511684.054;538164.800;42.9581;-151.9914;-2.4907;
784319.565;617400.857;610899.815;1.7194;40.3707;-0.6608;
688272.071;444031.496;478576.019;-44.9388;-96.3570;77.9719;
649260.581;573679.823;582227.677;8.9792;-8.5075;83.3941;
690491.317;404678.599;429079.376;616.6174;10.7247;183.2357;
819384.477;691877.764;574775.663;-0.0443;14601.0619;-36.2391;
665966.530;652253.216;593042.667;-207.7429;485.2404;160.4255;
393276.649;497457.639;532626.161;-1687.7833;-232.2386;-3.3335;
751455.891;499200.165;596182.562;22.1677;-168.1317;238.7451;
828131.260;982813.101;504998.937;269.2823;1904.4671;35.2147;
639044.825;558909.928;566102.657;-4631.9090;163.0918;14.0811;
697501.916;882931.160;348609.957;-11.9720;5158.7184;-2214.3382;
637674.853;503219.148;525793.066;-322.3454;35.7287;209.9485;
807019.437;504329.894;596629.962;515.5422;40.1626;473.1463;
769545.492;426522.591;527768.206;369.9984;-203.7888;528.6728;
690544.489;424921.620;432265.304;-2.5995;50.8256;39.6434;
867131.089;414731.150;415466.529;-1.0945;-21.1746;-25.5853;
823976.755;405253.988;403269.789;-1.3191;1.1081;-13.4745;
549778.699;494893.987;530757.909;-959.0657;-87.8936;62.0359;
786191.821;501265.230;547227.120;-54.8874;-70.9556;73.8288;
671133.538;409235.161;386614.600;-4.5873;2.2934;-94.5707;
835220.915;552161.725;437115.961;527.4589;-12.6582;-5386.7971;
307558.113;558519.149;575116.230;-2351.1405;-54.1444;46.8777;
803690.828;244876.168;482237.224;1.9565;-1407.4453;-8.0153;
726150.276;501790.033;678353.775;-125.1018;-5.3285;473.6663;
630506.187;339217.369;431704.089;-187.5338;-812.9511;-281.7556;
809544.269;595044.898;593812.812;0.9881;0.8192;-2.1542;
596532.259;419404.684;443011.055;-477.6611;-156.6554;167.0808;
822864.120;491657.992;801768.761;2.1547;-18.7431;2944.8378;
874426.670;579773.823;475079.081;329.0441;539.8580;2.2737;
840949.176;595364.522;573755.211;-3.8766;1.3131;-146.8188;
756768.775;359911.105;507202.762;-10.3953;-458.6362;75.3670;
767240.277;385380.352;505299.724;-167.9717;9.8774;432.3474;
743737.549;613024.192;700103.474;-9.3670;296.5619;515.1119;
738837.739;496199.290;481233.453;70.8209;135.3845;-3.7728;
569449.087;608987.781;525520.684;-995.6984;912.7211;-10.5850;
753208.599;381733.245;315443.012;-27.7678;-0.0273;-265.5196;
831534.189;428739.801;594192.717;137.0831;-1003.4189;47.9193;
709907.157;586607.971;588890.474;-134.9461;5.8738;5.1963;
667548.527;561728.007;552069.455;-96.5151;16.4083;-18.5890;
770091.676;466208.130;457346.982;-4.1171;-124.0071;-186.2847;
834399.477;450159.270;460327.029;71.1923;4.8060;54.5560;
683623.602;1001136.601;550383.410;-151.7784;3038.0523;4.9555;
656446.100;414629.979;405486.096;-2.8436;4.5142;-41.8262;
734164.293;561755.998;564473.820;-6.1534;6.3681;102.4092;
627781.613;561442.802;537609.386;-321.7729;178.3008;172.9182;
710356.617;418281.213;431445.750;289.0800;-179.6357;2.0614;
718455.909;427076.074;411844.777;371.6692;-97.6301;-252.8557;
725622.146;561381.138;529435.550;45.7281;45.1084;79.7850;
783617.264;577739.223;560143.475;-5.3457;180.3465;-10.6302;
650222.615;411734.569;414974.796;4.8572;19.3462;22.0259;
777437.363;589387.704;508454.830;-357.8985;386.6298;30.4335;
472793.371;418105.126;423455.672;-931.3508;-13.2773;8.4717;
759038.665;631493.765;631261.010;-162.5342;1.4972;0.1414;
803091.219;526684.156;57238.748;25.4935;-37.3253;-1488.5363;
739838.635;460367.808;525836.197;-36.8001;-106.8361;-813.4105;
269933.105;449871.255;535612.105;-2337.0115;-151.2551;284.0873;
714928.142;438289.691;490827.553;-182.1434;-348.1006;-65.0612;
739966.758;435852.049;521970.532;-32.3866;-196.3867;49.1010;
772414.847;575329.503;570330.218;68.2771;17.0411;-19.4212;
522112.774;537220.665;525239.722;-738.8405;77.8467;-5.5637;
692674.390;501698.251;472127.536;80.2418;137.5831;-329.3478;
804351.160;387012.600;386741.838;108.5289;0.5557;-1.9030;
685463.244;286455.275;486584.400;-205.3106;-869.4833;94.2163;
745726.652;474160.418;315003.342;48.9651;-36.9974;-455.9749;
756377.310;703440.437;609715.060;-55.6063;1140.9839;0.0650;
662330.889;471472.793;384047.761;-278.8565;0.7824;-112.9553;
655998.734;440741.270;435539.504;-56.2772;-28.0631;-170.9473;
745621.135;756572.374;473793.681;109.6595;1337.8082;-191.4548;
775180.407;537523.963;438351.503;43.4449;-44.2203;-759.4907;
729749.760;591432.087;591293.385;-7.9146;-0.1953;-2.6709;
743657.815;565107.273;586564.324;-279.1374;-109.1439;174.9415;
732674.554;411217.826;407377.172;-0.2095;0.8249;-24.8142;
746601.450;490564.340;358460.164;101.6948;4.6521;-423.6571;
699867.312;262042.954;497392.267;45.7469;-718.4416;-22.7884;
739085.668;565344.371;534643.050;-13.8904;-15.6738;-108.7274;
739149.933;437002.971;437001.253;73.0129;8.9732;-26.0898;
748229.048;779776.779;389674.250;-7.3875;718.5272;-446.7515;
665057.843;533157.826;474798.473;-101.4237;-8.4494;-664.2964;
668716.049;566385.555;495854.147;-11.9998;555.4124;20.5385;
639864.784;436052.485;122840.585;-395.3156;106.4517;-1115.6590;
722306.759;797131.628;433351.240;20.6409;1280.7002;0.4332;
686633.540;460818.026;417319.135;0.4462;242.4268;0.3484;
722961.730;610150.696;611342.691;-36.5282;-0.3392;4.2377;
753662.325;491587.860;575232.371;51.1277;-367.1154;79.4586;
738852.957;536021.753;550701.134;147.7873;-40.2401;19.2945;
656788.370;535929.201;997317.270;0.1215;34.5389;4174.3288;
783643.828;339093.457;351762.458;777.8355;-567.8515;-414.9884;
650826.974;600449.178;576934.695;-6.4787;88.9916;-14.7404;
826759.639;365225.766;528940.888;1.5758;-1138.0003;7.7137;
833320.992;492523.422;514334.797;1.8000;174.7558;230.1623;
735606.630;564833.513;522709.989;21.9598;-189.5167;-483.6485;
812544.610;500499.034;505431.440;-41.6834;-16.1207;-11.3797;
750782.246;576661.670;433379.259;-74.0833;328.0581;-138.1348;
657475.013;410852.931;414947.723;-41.2206;-24.2056;16.0559;
728909.238;498611.879;460328.581;-20.3235;-198.7941;-224.3590;
817689.401;271089.513;484122.269;-1.1495;-477.7059;57.2182;
778190.797;421067.844;431911.527;1.1555;-65.2761;-17.6950;
799449.983;379370.561;529595.872;125.0957;-556.4339;-44.4330;
833281.424;534425.283;856691.471;179.4811;192.7786;1115.8144;
504459.968;485788.972;522789.373;-5640.4777;-102.7096;-4.9848;
650805.530;503513.546;501022.133;5.7887;0.0221;-6.5691;
751369.601;494171.507;688217.972;-4.4563;-10.4626;639.4063;
690478.154;597291.153;597746.966;10.5166;63.4070;-2.8909;
764206.878;528013.836;456074.044;51.7275;112.0398;-184.2760;
805009.776;524777.960;521154.834;130.5901;-1.2456;27.7880;
809375.327;502824.670;713154.270;192.1473;8.1005;1001.7576;
666949.205;585769.372;585906.198;-16.6616;1.1437;-0.6814;
783654.692;424406.409;515784.221;65.0280;-538.9060;-37.3299;
823981.264;462880.474;537178.851;0.2910;332.9599;811.7462;
797792.704;509512.109;493035.695;-30.0738;-10.6203;-15.6914;
679262.408;522505.064;696028.954;-299.2406;10.8604;2223.0914;
783123.625;201870.584;448243.281;80.5565;-890.1967;12.1482;
821381.277;421995.721;357398.166;-13.2092;-1.2746;-396.4971;
713223.619;282031.891;336960.428;52.1513;-453.8433;-294.3848;
954751.217;508842.885;493600.045;613.7546;-39.4118;-53.7075;
867465.299;500388.626;515291.336;0.0468;3.6028;151.0515;
764973.884;520904.794;363769.917;235.8236;496.5392;-616.2506;
854211.648;428096.098;464146.853;605.4493;-17.8447;719.5232;
655907.864;433946.438;996815.737;-298.4664;-18.4266;2626.6967;
616170.574;342115.440;653410.962;-0.1192;-355.0455;6576.6323;
813287.616;998375.998;601185.204;2.5691;1838.8255;702.6070;
770089.163;482246.624;959525.202;15.6900;14.2872;1309.8214;
795342.690;436303.411;424751.590;-18.8768;51.5088;-54.8047;
758878.864;561476.468;562931.552;12.1144;228.8154;631.0112;
716570.998;528527.252;511943.055;1.5072;53.7649;7.1210;
723334.267;591213.914;513407.894;-3.1287;580.6193;91.7568;
693604.910;438522.420;436268.269;-111.3184;58.3970;-5.9017;
693226.647;373750.714;523777.256;-19.2793;-203.7118;715.0999;
748088.633;570025.178;362395.766;-0.0421;175.7291;-300.3957;
811492.178;424452.454;441209.316;-203.8437;5.9350;25.5404;
688136.544;578498.398;133340.813;-0.0439;-288.7734;-1744.5358;
659527.907;456814.327;996962.056;-274.0420;-174.8249;1611.3702;
712611.688;524442.503;515430.444;-262.7457;38.7676;-5.3556;
805394.787;377756.852;377605.232;101.0713;0.9140;-0.5689;
726277.371;513194.812;549613.338;-96.3118;-212.7370;-35.8219;
763508.454;897689.987;449133.096;-48.5571;1853.2732;-30.3617;
657088.510;543585.197;502938.573;19.4762;299.4191;-97.1378;
712490.428;499168.520;249533.383;28.9882;-122.3950;-767.1613;
717611.247;548178.807;536941.958;63.3348;-84.9912;-134.3165;
761392.123;479716.059;505749.077;-208.3123;-130.2627;-259.9819;
801409.537;458436.264;987652.957;-15.5750;-21.5994;1955.3508;
921812.891;450507.279;592164.202;1546.2909;5.3172;588.8277;
752951.725;371562.581;373016.711;-61.0624;-16.6110;0.4250;
757992.617;570183.543;595026.383;371.6111;54.3833;268.3132;
776891.695;754464.677;509181.297;318.2589;854.7838;43.4826;
735595.929;613930.985;613817.661;22.3227;3.7890;-0.4043;
744885.872;409086.087;411599.486;14.8105;-20.5149;-8.8723;
716703.962;467922.828;456136.439;1.9335;-53.5256;6.6765;
770865.445;501338.896;568161.510;-320.3374;4.4286;168.3777;
764326.943;487840.106;399749.578;-21.2937;222.9990;1.3689;
759177.144;369532.032;369867.021;-101.0839;-0.2779;-4.2908;
633410.586;389493.100;387456.970;-193.6066;-0.2738;-42.1649;
903916.790;500109.863;560590.058;508.7752;2.2163;328.7787;
843865.925;758497.628;440000.638;1.3016;2257.9507;40.7922;
789154.969;518825.563;500747.821;42.5252;-5.0698;-66.6946;
731381.633;540899.654;581029.329;155.8799;224.4203;325.6765;
682153.936;578033.733;559924.410;-64.9399;102.6263;-27.8117;
807366.901;528270.474;247646.265;4.7143;-28.3029;-1480.0296;
414251.457;565977.691;332521.167;-3868.2343;413.6767;-887.4993;
738395.802;624546.427;593576.560;47.0801;91.5494;-238.7251;
785378.070;404685.197;523935.862;31.3031;-144.5158;231.5294;
694506.379;572439.466;566874.315;-0.0401;36.2919;13.7042;
807741.361;446875.235;513754.498;415.5040;-255.2665;-89.2969;
765095.640;199033.502;455708.067;66.6202;-840.6572;-123.2834;
760388.973;507738.774;508468.987;14.3116;-18.9024;121.3159;
735043.513;641143.609;478204.524;-2.2509;1188.1091;-5.1313;
807155.212;677200.168;549473.853;-0.7185;322.2634;22.0686;
777204.062;603663.778;496773.316;18.8380;506.3266;168.0396;
427407.654;525901.692;483840.668;-1178.0509;307.4187;-22.5268;
709580.400;435231.480;426444.308;-61.6775;-19.7379;-216.6376;
733520.815;482392.829;258401.790;-82.0694;-88.5875;-5607.1429;
841303.300;562483.214;235478.809;22.1917;-4.6065;-1426.3027;
884623.736;261963.884;546295.981;396.5212;-1386.8143;-34.2305;
744213.238;598361.695;574879.155;-45.3027;-121.1387;-111.8132;
677325.427;412437.526;414793.884;110.7352;-6.2930;8.9340;
710872.321;486478.215;134965.220;-47.8217;-9.9319;-1010.6637;
707033.584;450260.918;327987.448;-40.0220;16.3914;-384.4067;
826145.149;575911.027;582654.163;284.9324;-245.8184;2.3410;
249742.679;543180.958;443351.211;-1552.1449;277.4296;-312.7330;
752326.111;468218.085;451992.975;9.8156;-28.3951;-80.0105;
807810.679;520633.092;685761.354;11.7378;14.9343;1986.5829;
798541.704;35035.410;463267.883;106.4449;-1350.0052;-53.4801;
753282.416;513924.492;497711.901;2.6677;3.3088;-67.2130;
687147.771;515543.234;525369.981;13.0000;36.5997;16.8717;
744606.311;631936.708;296728.859;-36.2369;362.8578;-2899.3108;
812147.637;569321.621;565734.655;-57.7677;73.1409;13.1605;
742385.395;507935.367;546202.335;-111.5964;-56.2264;88.8723;
660111.862;452843.884;457604.472;-107.3102;-51.0662;-23.9952;
791434.302;507510.108;732579.091;83.4180;122.4508;940.7597;
688340.665;572027.884;399563.656;-9.9494;121.8220;-427.2993;
822542.709;394699.880;415485.322;6.5536;-104.7260;16.7242;
845072.236;552667.792;574925.361;0.0506;-329.7902;-1.2979;
822818.421;586565.088;581325.421;1.8608;22.9050;-25.4357;
766564.232;388367.299;388475.578;-26.5263;-0.2878;-1.9895;
734462.906;343356.167;488120.391;-18.1640;-847.3499;-96.7786;
640402.027;510837.357;510647.672;0.5217;-2.0050;-2.6125;
799156.227;642926.625;451069.382;-256.7528;1453.1780;86.5468;
572534.189;570224.876;558903.878;-438.1068;1.7574;-87.6666;
253466.633;390743.910;484521.961;-2274.0333;-378.0144;-61.4775;
800779.966;581101.812;610037.569;-117.8026;0.3623;108.6980;
672477.733;561789.164;568855.643;79.1329;114.2637;3.1641;
765656.105;558243.128;501097.311;-305.7093;2731.7772;74.0751;
714742.725;66181.288;514672.543;-113.0439;-2060.2885;-1.2143;
648684.975;455319.607;352428.170;-518.6774;-111.0425;-781.8478;
736614.699;547225.614;493978.652;19.9227;247.8337;23.2027;
659129.229;476421.297;466323.840;-650.4076;2.6583;-30.9541;
668092.740;592287.265;591251.643;-28.8893;0.4708;-0.0484;
592000.274;491576.153;366099.343;-555.4644;-32.2880;-342.0275;
773621.204;592475.544;592351.917;-54.5064;17.0163;1.5343;
757723.989;401251.773;809387.543;-7.8893;-163.8734;1183.9219;
726028.156;537036.776;303383.685;-3.7928;48.9390;-603.5453;
757439.575;597132.667;531215.706;-15.8682;149.2858;-0.4195;
796206.257;391060.562;349601.146;-113.4436;-1.4722;-414.5683;
835865.943;458876.332;416783.401;449.1770;1368.6843;-326.2099;
830052.155;326955.191;662695.798;493.6312;-15605.3108;451.1053;
749439.005;546554.050;369618.657;-15.3196;177.3367;-539.9153;
732889.560;623428.930;737997.606;-3.3998;20.1082;364.7608;
707909.244;529097.308;523750.453;-244.8004;-22.4284;-135.1660;
728681.209;419287.324;438279.518;44.0424;75.9423;60.3021;
581076.858;434631.218;407704.766;-888.4963;337.6285;0.4552;
847210.259;470958.092;480495.083;5.6578;-16.2804;30.1333;
