# This file was created for the Modelling and Simulation course, RUG (September-November 2019).
#
# Project: Simulate colliding galaxies, using Barnes-Hut algorithm.
#
# Students:
#     Stefan Evanghelides (s2895323)
#     Hidde Folkertsma (s2759799)
#
#     X         Y         Z         DX        DY        DZ
238759.586;444662.015;441103.663;-37.3132;33.5690;20.2801;
347999.687;975949.517;733274.282;117.0508;2887.7335;2201.7155;
243786.229;401214.025;400946.380;663.3463;-0.3176;-1.7578;
177147.987;501502.173;470761.735;-2.4288;-591.1572;-670.9728;
216238.979;396555.159;396442.340;6.7944;1.1204;-0.6021;
147891.678;605803.136;569169.811;-183.8817;198.9507;-548.4563;
478185.728;687396.657;536675.930;461.9513;3882.5469;43.3724;
316918.922;465795.878;411052.319;2.0124;19.8401;-176.1797;
268079.361;590647.449;714355.469;95.5359;110.0351;2107.0795;
313676.815;502818.419;504788.400;41.4654;-1.2995;-10.8739;
270345.626;412121.901;405514.340;-20.2376;-69.6793;-46.4457;
222747.054;411459.419;455271.619;51.5771;-27.8007;320.9849;
206540.909;593512.061;342678.253;-8.9715;33.8984;-3115.7513;
191859.101;447281.592;169216.328;13.5892;-707.2115;-20082.5393;
299516.378;457396.685;561007.138;201.9718;-273.0251;239.4980;
154882.678;404600.461;397165.820;-45.7784;-423.1945;-465.7868;
288957.708;374782.951;374203.039;1.1145;3.6800;0.0875;
308077.537;636508.656;573133.799;-5.6329;684.5916;335.0369;
266189.857;576333.100;625383.494;21.7372;57.5975;200.2105;
224499.598;502353.362;553681.707;-90.4674;4.0977;170.9341;
289707.155;508064.582;499527.659;2440.5722;-37.4607;-79.4343;
275487.518;508769.921;405539.899;156.7080;40.7834;-296.8701;
38153.673;570445.796;580285.103;-657.9458;-1.3839;686.1301;
163776.068;747049.182;583039.354;-69.2472;811.4238;117.3370;
182766.442;497689.511;779979.033;39.0693;-2.7744;741.6656;
158365.719;471693.997;460403.702;-560.3719;-86.5582;-99.6208;
245762.394;484147.686;497160.852;21.1646;5.7787;68.9413;
299827.185;433032.516;432000.840;-3.4790;6.3750;17.4975;
273804.298;493300.878;475247.800;10.2326;110.9451;29.4705;
452331.738;506718.234;517477.842;2229.5290;-10.2754;52.0058;
286317.774;437421.212;547109.339;-40.4837;-7.3680;947.0501;
377921.313;473525.375;602086.208;-4.9099;31.2783;3652.0796;
218293.291;433835.254;464648.640;-191.8903;-1051.2857;-61.2896;
294447.521;419427.139;456964.760;-61.1579;1.6186;341.3631;
305675.649;379635.217;379649.469;-42.3133;0.2577;0.5444;
245645.997;594727.810;623092.273;-34.4788;13.4965;200.7781;
8271.313;673893.458;514593.291;-537.7275;1261.2726;46.6566;
280285.309;686571.609;538948.059;37.2749;1266.9468;45.1933;
276790.195;622254.337;577015.380;149.9425;1332.8386;211.6213;
225635.133;977304.007;487902.722;-4.1789;1215.1531;-75.8106;
268666.836;590309.021;590825.892;28.7247;-18.7192;0.1725;
321848.685;494773.622;494432.565;-11.5702;-1.3322;9.5893;
229439.994;497978.781;489017.626;9.3110;-29.1832;-219.1414;
192537.076;557828.077;597637.519;-154.1927;120.2046;412.9537;
245119.930;45170.066;539130.442;-0.5981;-1151.5140;4.7116;
535148.230;510876.264;448694.644;641.0479;141.8089;-153.1804;
269340.602;460826.369;15440.730;7.2677;-239.6880;-1318.0926;
918923.508;462456.911;445661.980;4600.6686;-121.3639;-127.7573;
169630.445;579087.921;531096.059;-2981.0360;149.3565;161.3593;
532217.987;690983.761;558618.857;599.2038;1073.0828;596.9668;
276006.575;846638.149;501087.078;12.2495;990.2388;78.0939;
250192.265;341215.447;401873.682;251.3764;-254.9014;-0.7140;
271362.056;572507.760;553457.420;18.5803;-10.2722;971.7985;
178989.066;178714.749;465473.315;-12.1727;-936.6603;185.0724;
215653.214;627645.464;520017.526;-117.6959;244.7913;-65.5296;
411266.523;567500.100;537761.321;288.2954;89.5172;-1.0533;
235583.359;571559.103;533577.318;55.1952;191.2071;52.9702;
515319.650;191894.247;547489.956;832.7253;-1266.9734;0.2178;
184257.264;297543.353;484705.658;2.7994;-602.3479;67.5111;
177718.414;493788.738;448801.949;-363.1009;-39.9117;-294.4424;
254677.384;314662.407;479134.557;194.8595;-404.4521;-13.9379;
97841.770;528237.832;525330.370;-222.1714;4.5808;-6.0728;
212807.319;446819.623;481964.826;24.0298;-108.1514;37.6909;
243627.046;507294.375;591387.383;-25.6416;-1842.5103;-43.1778;
245662.196;569146.877;624425.289;1.3805;397.4528;487.3907;
363697.974;599007.969;501088.446;452.2040;359.2771;-113.6194;
257614.364;502371.581;316316.544;64.9747;11.6339;-880.4742;
196556.933;515451.386;905192.975;69.5000;-3.7336;1439.6825;
273966.786;504446.617;501043.928;68.7233;-145.5598;-63.6103;
255488.081;506500.027;490877.802;291.6939;-31.6625;-44.7534;
156540.689;972387.823;534546.202;-299.0702;1171.3311;4.5018;
276752.283;547191.179;366346.297;52.3730;169.9702;-334.3427;
154473.705;32987.701;593648.328;-0.7394;-2018.8012;259.4037;
314306.613;436864.346;571460.513;-5.1895;-791.2612;3.0192;
196967.231;477234.568;432935.146;13.5168;-47.2821;-192.2076;
710496.874;425845.760;508952.322;-1931.3506;-1777.3540;27.8663;
227346.915;579263.754;511873.122;-73.5839;135.4853;-3.5642;
288582.826;556481.465;553465.301;-34.0369;7.1575;18.8959;
303365.415;454748.732;482679.706;-20.5771;-90.8199;361.1150;
327056.174;556831.202;499817.632;-20.0249;-16.8291;-426.7423;
143266.407;455641.685;469577.368;35.7430;-66.1437;-24.0271;
133843.777;504227.749;658404.986;-159.9241;55.9437;551.4608;
468209.889;548456.688;388234.596;589.0799;93.4382;-371.3863;
197302.942;401878.236;571575.196;-432.4142;-255.1141;274.2131;
305550.058;610257.744;365377.941;-150.5366;81.9105;-1398.6438;
277768.370;462581.728;522452.736;3.5731;19.0761;190.4207;
224930.566;575673.155;341121.684;161.7348;55.4427;-1801.8301;
197942.412;408203.876;452179.749;-3.5734;-1150.9470;-180.8023;
287322.282;476021.409;261246.411;250.8930;147.0346;-1212.0873;
235534.071;17566.849;511022.793;-42.6506;-1855.0360;-23.6493;
214338.053;532587.600;611517.959;4.9491;7.9554;301.6466;
262882.432;528046.865;470728.724;53.0723;204.5245;-31.4921;
160041.597;-169.047;504664.295;1.5305;-1165.9221;-2.8318;
207715.472;862047.876;495786.609;30.8362;860.7006;-1.5052;
176472.662;495833.112;533680.463;-30.6362;-169.4466;-7.8935;
343916.065;255350.885;429368.684;-1.2371;-658.8141;-54.3203;
227736.231;10969.100;533400.932;-57.9117;-1155.8750;215.3039;
174879.397;477790.865;484249.551;52.1727;-1.2944;32.2482;
187332.230;83753.605;412676.865;0.0285;-1253.5672;-134.9447;
668509.751;491232.002;501340.621;1087.7682;5077.4015;38.9920;
557036.364;558083.850;512989.999;892.0119;-7.4360;-360.4141;
207601.631;401612.872;397746.496;155.1304;-0.1291;-10.3881;
242775.891;437189.443;437737.345;-35.6177;5.4005;102.9788;
167362.718;475002.416;259982.555;-188.4012;17.0181;-799.0338;
366019.823;499472.840;121100.556;471.7180;31.6385;-1047.9727;
201576.388;371268.779;371284.914;0.9048;-0.1244;0.1148;
239515.380;82930.196;612923.312;-7.1302;-1083.2530;284.9265;
213813.739;318317.858;428728.925;-154.2295;-11.0611;-244.4250;
196953.239;467801.792;468961.666;33.6866;61.7050;-1.9538;
243395.374;261204.681;522945.764;7.8854;-1280.8006;-8.8529;
260479.973;388329.275;467669.631;332.8803;-54.6780;312.4926;
186284.842;403074.584;390079.233;-48.3653;-183.9759;-155.3114;
194666.178;467197.227;820750.393;-0.6850;8.8366;863.5840;
233918.334;718782.351;234973.317;-16.5758;1281.7048;-973.3772;
318881.156;405123.810;423428.221;-21.2125;-43.2911;16.4107;
246903.270;456218.775;320931.117;30.1328;-160.7037;-777.8775;
196330.469;436466.054;121589.992;-1.1259;-142.2007;-1273.1411;
197410.500;681682.926;235599.325;-815.4319;1156.0127;-3507.7038;
286081.004;536520.473;499909.629;-155.5139;76.2392;-136.5304;
250137.105;370874.999;515581.508;-138.4598;-449.6639;61.7678;
216896.052;587764.806;472194.844;-576.0632;522.5051;-8.7730;
179010.272;467549.643;449677.230;-17.7999;16.4358;-86.0597;
306169.151;384200.850;385055.882;-66.6801;-0.6883;5.7995;
431328.951;531161.786;346378.970;573.9097;190.8986;-486.0021;
211776.425;423541.057;437056.656;33.8360;-159.7425;10.1218;
168126.679;767327.951;480959.147;-245.4613;1187.2639;-663.2932;
224043.064;395316.860;715769.355;40.3108;-398.4250;892.5345;
318386.128;559038.345;617499.693;63.9133;-51.8814;392.9007;
232359.028;340041.257;486869.549;21.5926;-437.3460;100.7849;
292478.394;522901.568;535889.776;-76.4799;-2.8762;-56.6216;
543732.531;441347.717;517526.316;1242.6179;-4.5349;588.3236;
204963.146;513783.939;538575.850;-5.3344;11.4823;-123.2236;
266303.938;599449.778;584416.775;35.8576;66.4284;1.3785;
518593.721;661911.964;556863.042;713.5297;2661.4574;-33.2933;
346552.508;497930.590;512846.370;-6.6527;1.4683;43.7532;
229478.751;565106.601;559873.920;5.2776;-135.0412;-51.5590;
290511.735;590831.421;604871.684;-10.8440;-197.9640;1.6751;
291572.467;635998.771;986611.661;55.8862;431.8973;1797.8610;
246435.114;458876.432;434685.228;-4.4235;11.4385;-49.5164;
219190.206;348490.176;518863.667;77.6491;-546.5855;74.5474;
296181.383;465222.486;412069.634;-37.2037;161.5282;-1158.8651;
339954.356;471975.647;535481.791;196.9286;-220.5317;-65.6357;
187088.524;417868.440;408005.398;22.5032;115.5818;0.1868;
113219.562;426257.128;424232.768;-157.6845;11.9787;7.3445;
279355.752;303488.486;874741.645;-101.7361;-591.0552;944.8136;
221728.116;706030.490;393645.173;-43.4092;438.8033;-459.4604;
178760.737;692081.435;493174.651;-8.3199;865.2523;6.6645;
289594.823;591812.521;591929.556;97.8617;-2.3471;6.3872;
253246.148;523786.167;569999.657;69.6218;-31.2633;-64.3707;
206981.162;498875.363;448660.034;11.2403;310.4644;126.8646;
330902.171;294250.412;506150.094;-23.9730;-1405.7350;-41.9797;
433537.611;508805.962;565275.279;596.5797;-315.0800;15.0557;
996618.088;459242.192;534338.418;5475.6219;-275.1584;-155.8194;
296009.105;446718.530;329388.491;-186.7671;-85.6966;-567.4180;
265978.926;715580.052;482952.726;99.9582;1032.2937;40.7119;
162792.851;284590.016;450382.220;-22.4353;-668.2151;106.8088;
248397.276;461244.930;476538.462;-39.2125;-51.9190;3.9352;
308148.310;491028.098;721739.025;-1.3584;-257.6112;1140.8739;
254802.791;592924.641;594365.490;-41.6246;-15.1849;18.9268;
243677.987;509697.076;387477.154;-162.7099;-15.9778;-668.8812;
180023.457;443550.719;383901.546;74.0715;-25.2837;-294.9078;
316690.888;570041.313;629823.364;90.7855;185.1081;616.6807;
252102.866;533862.568;971630.123;-1.1707;324.8239;1480.2889;
177427.236;598615.170;591260.294;-1.1985;14.6683;-16.7704;
307430.271;552501.309;381416.037;-11.3276;270.3919;-444.1416;
158400.146;619864.346;441659.359;0.9089;922.3737;-42.4400;
305016.067;632577.030;445806.349;35.9247;686.2400;3.1196;
246597.506;464107.110;498008.975;-504.1531;-321.0372;145.7313;
343076.176;519645.808;575578.080;1213.3897;-71.1409;51.4842;
246794.791;549139.690;455994.235;23.7571;341.5043;22.5564;
199219.440;767385.567;965877.463;-395.1771;2349.0535;1168.6831;
348352.750;484935.651;517253.576;140.7602;-45.4283;77.5599;
502829.638;684015.217;601552.776;841.1914;707.5985;452.1533;
313816.855;557803.623;321444.153;6.0179;291.9349;-814.8171;
205880.177;250985.977;434808.426;-589.7818;-760.2009;38.8589;
366091.905;774748.307;626347.650;385.9095;638.1984;309.2844;
290289.362;437429.795;410366.391;-0.0916;358.0602;-6.2551;
218292.453;426863.444;580379.838;49.6863;-197.6832;764.3492;
157839.274;593331.313;597937.851;7.6769;-72.0412;4.4539;
365976.899;443465.673;140649.235;-7.3081;14.4523;-2289.7986;
190503.860;447462.143;421284.336;17.6897;25.8719;-73.3552;
299366.963;582354.745;505478.257;84.6564;3547.8956;-20.2596;
278840.035;617181.206;617960.628;-32.4922;-4.4859;-0.6724;
320369.543;575919.749;581449.939;-0.7031;-37.8315;14.5365;
253876.371;171614.478;406993.830;11.0223;-729.1578;-232.9326;
478765.304;195511.155;440378.837;1423.4774;-573.9790;96.0670;
229101.265;830905.407;439866.787;-6.4207;1004.0719;-55.7480;
764634.217;527576.773;185592.278;1215.8281;-202.0026;-1038.9137;
295059.374;570670.152;518605.241;69.3237;-4.9082;-237.7944;
210208.286;574577.287;550722.696;-280.0972;22.2972;-67.2963;
294038.554;376604.943;491410.545;154.6851;-301.4323;-13.2953;
254808.250;412772.108;455430.816;-142.1276;-72.9235;195.0663;
259588.804;621788.913;523506.211;161.3103;302.2763;-218.2837;
335379.975;570420.783;594801.066;788.6212;20.7109;229.8187;
263174.612;321326.587;405242.652;-17.1160;81.6641;-93.3829;
257853.609;498872.382;552012.131;-36.4974;51.2629;250.0989;
309030.130;640292.162;518958.088;206.2265;508.7129;-311.2531;
374944.488;589789.816;592265.963;443.5585;-2.3404;12.3745;
368696.083;436664.945;491090.805;2.1253;-377.3638;-248.6427;
320205.443;527274.733;808049.349;-22.4263;224.7046;2582.0626;
253160.673;473397.694;466003.359;-7.7917;978.1637;-86.0614;
219932.403;520669.619;443867.180;-2.4674;149.4170;325.5595;
245875.329;416622.397;475292.307;-20.2456;-270.8566;-86.3966;
216655.653;431095.296;453840.565;-43.0767;-294.9957;-48.0670;
222182.721;541363.830;527195.178;-92.3179;19.6097;-99.3975;
316609.924;586179.438;506269.191;-17.4341;25.8916;-714.6432;
288971.605;535851.431;149088.778;58.7694;23.3956;-1499.0140;
282584.176;294247.574;500065.655;-84.6373;-1276.2048;-26.4250;
195701.870;410497.368;427725.221;-69.7665;-559.2401;-272.1074;
345970.578;499827.647;482636.852;-2.5069;1.4390;-116.9321;
103565.653;455361.037;445388.441;-456.7583;108.7719;46.6528;
302278.284;402346.414;412044.941;-330.2278;4.6455;50.4337;
329476.421;471388.576;477675.897;94.1616;-131.0306;-65.0164;
132084.916;573040.777;572872.916;0.2040;17.8824;79.5977;
763553.475;522271.013;540115.865;1353.0539;-21.5332;84.2919;
64415.239;364322.937;491379.318;-400.3738;-330.2977;-4.2172;
300422.482;500185.406;481308.515;105.8101;790.2051;139.4933;
248597.567;767860.106;505928.889;10.4499;675.8695;2.5597;
682450.457;555203.154;422908.918;2602.2110;67.0766;-1054.5984;
756850.894;476679.056;427227.313;1745.1819;142.1975;-26.6188;
264885.552;558792.131;442483.700;-111.3894;20.6618;-446.4853;
447055.521;432013.517;552362.139;372.9664;-202.5475;116.2836;
224191.453;455555.515;419863.065;-41.4455;232.6733;-16.5009;
202975.988;581548.937;576013.938;-5.3500;-1.8645;-21.4028;
267448.828;617504.300;617459.415;-14.5037;0.8252;0.7429;
445835.733;576476.385;572384.137;2394.0098;-75.4823;-26.4432;
213073.951;505209.158;519459.213;-100.1072;-0.4712;56.4356;
245880.772;599010.526;579559.911;280.0104;80.0214;-3.2980;
327985.625;813093.159;501016.843;81.7869;945.9784;-2.1309;
324057.180;574987.800;331580.283;229.8388;-21.9270;-862.3010;
218338.093;487355.894;432136.647;17.1004;-51.5444;-209.2896;
237722.785;485800.669;53825.187;-47.1654;-20.2492;-1298.2693;
310696.829;462057.021;424853.207;-0.7309;369.8681;-593.1265;
187048.652;644603.185;470370.898;-329.0232;-107.4479;-0.0222;
287449.810;596358.361;627623.441;34.7566;10.0275;286.1317;
194761.484;424610.408;423667.808;-2.7249;-105.1573;-500.8726;
255657.564;279702.341;495814.203;-23.1047;-639.4616;324.1453;
225295.183;479879.177;577833.993;-183.3054;85.9032;1257.5095;
255526.932;541420.717;682159.314;-6.4035;115.2611;1836.5876;
291681.752;463923.951;408438.697;501.2386;279.2010;-202.7568;
196451.386;467413.645;458506.665;1.5075;-20.5008;-33.0863;
246918.081;129602.901;404445.363;66.2056;-1060.5555;-226.2652;
235527.194;744289.129;483980.476;-38.0044;873.4618;-2.2832;
294366.570;112411.139;265444.872;28.2932;-4750.7774;-781.2678;
170941.173;305268.610;410776.784;32.7752;-1893.1461;-2.3982;
237640.049;312046.952;509754.483;13.7043;-682.9223;-38.7992;
228090.779;592341.130;589432.852;-30.0426;5.4942;-27.3860;
270126.503;685489.040;464344.558;-222.8838;1095.1731;29.7372;
257321.772;405532.956;407667.425;65.5404;-3.7376;6.3728;
331949.633;532507.135;533972.408;22.1190;7.8415;59.3809;
215995.876;569365.522;551919.693;-2885.2037;13.7263;-696.9363;
178942.551;503292.077;505838.668;-1.1495;71.7789;101.8387;
243214.868;584604.655;588648.805;71.3305;-15.6461;-3.5343;
234295.102;390214.383;391424.625;-189.3931;-12.8496;-9.1705;
117472.879;515532.600;473137.350;-0.4964;-29.7798;-169.1513;
249948.134;508873.299;839390.946;22.7686;-6.4145;822.2750;
236066.526;664027.174;23797.198;-28.2925;340.7197;-1252.7186;
217871.798;504262.879;481012.167;171.2717;97.0698;-3.2430;
354649.760;477346.979;474526.605;223.8680;106.6312;-209.5328;
353588.258;510253.719;482553.221;-0.3775;198.1758;26.6953;
269323.819;263314.561;540094.198;6.0616;-616.5819;85.4621;
240435.497;415081.158;484545.451;-21.2104;43.9247;186.9398;
215570.929;553911.218;488233.532;-157.7472;-80.3516;34.2980;
264052.208;463544.636;463406.332;-48.2201;40.8498;-27.9402;
191106.406;544188.770;805942.762;-46.1743;-128.0624;780.4925;
89701.765;409353.952;426742.110;-717.0695;-56.1255;-201.1761;
274461.505;432960.287;442490.288;-2.1629;21.6039;36.0352;
121567.761;526797.769;524166.532;0.3465;18.4167;16.5126;
223081.186;519205.360;513929.309;42.1795;19.7213;-14.8975;
194503.273;561026.218;603106.866;-42.5217;-7.3232;126.1608;
187491.062;469288.380;633898.599;-2.3041;-17.8652;601.1672;
320277.420;432276.904;396782.268;-22.3827;-15.1432;-208.2748;
234396.947;854814.784;424389.389;-100.7239;954.4077;-337.0903;
287790.267;536643.295;537289.348;-31.3225;16.2129;43.3131;
347600.317;545117.193;475274.583;9.6646;169.7737;-22.0716;
113763.686;489895.825;491892.593;-0.1614;13.9593;50.8388;
186457.135;594676.621;506466.837;-344.6714;863.2119;15.7508;
184285.755;646336.290;585315.203;-166.3293;220.0428;71.6620;
335360.756;497061.360;172705.911;361.6703;15.3807;-825.6525;
313728.155;387774.245;360236.091;423.3862;-16.1815;-162.3033;
198753.793;457767.550;416960.221;-9.9240;75.2742;-81.0003;
139286.229;733284.104;439061.145;0.0259;629.1470;-67.9372;
265548.434;590658.402;549107.163;24.8945;142.1831;-130.1209;
327379.868;490716.762;460986.051;-19.8200;164.2969;29.4547;
254045.864;539872.770;535840.817;68.5326;9.3473;61.0179;
259557.062;386658.891;464949.954;27.9352;-146.7897;94.4521;
179001.556;302497.444;443408.357;27.7283;-876.8348;10.4186;
330143.987;548889.898;564988.789;-0.4326;-59.3248;5.4534;
219583.259;496817.959;492057.202;-157.3103;23.9042;-65.8597;
170606.260;465198.179;837795.269;3.1768;-16.2654;995.6336;
314387.130;302700.955;523692.341;-6.7479;-7000.4245;-89.8638;
319280.892;500708.002;491656.384;-1.1506;16.3590;-56.7936;
147870.668;524919.891;527954.777;-0.8956;-79.2915;-14.9150;
297544.225;727314.103;493447.864;86.1832;913.0545;-74.3421;
125059.716;505140.867;222702.631;-0.0675;-18.9771;-1131.3432;
199748.524;492664.895;375843.986;-181.5870;-40.0665;-401.4696;
390593.632;502993.391;270087.902;387.5474;12.5311;-648.4094;
342812.574;947059.387;459319.844;28.7008;1333.4208;-199.6891;
244127.657;835388.052;641507.385;14.6959;974.6515;296.0527;
191302.319;482083.059;414736.767;-22.0755;-287.3547;-970.4562;
309581.696;574702.878;802068.015;-37.4744;58.7879;837.1656;
443694.351;417358.862;639456.477;586.3395;-258.4617;356.0295;
293393.256;553296.420;542757.553;24.5223;308.0235;7.3700;
396752.455;518558.778;585011.257;752.2569;-457.3385;-1.6284;
225565.571;439077.435;485730.137;32.8061;61.1596;309.6464;
732274.467;564339.496;521729.422;2559.3512;98.3774;-0.2084;
173016.315;445387.672;463744.923;-20.4962;-79.8339;-17.1415;
315158.648;894094.294;501521.543;155.8902;1728.1265;24.9640;
647118.091;632635.145;579674.633;925.6283;504.5686;76.3329;
201354.159;425670.915;434111.384;-346.7578;33.2069;184.3087;
244738.501;505228.216;503757.598;39.2794;53.5859;88.6100;
725065.111;264549.754;470573.113;1948.3562;61.5133;-20.7085;
247278.107;459158.926;894585.231;-739.3942;-13.8550;4133.1493;
177694.569;477572.133;463773.844;-75.2717;51.6461;-673.5103;
242058.468;561104.942;509856.096;-28.5644;60.7465;-202.8850;
387880.726;538979.114;666187.244;-0.1617;222.8512;389.9349;
306084.216;245523.314;410136.577;9.6612;-912.8892;-6.9532;
266299.675;462052.074;550119.588;-176.0929;-105.7036;-147.6306;
152439.022;580382.905;418808.820;-204.1536;380.2544;-113.7011;
209195.586;505128.530;450740.974;-30.5061;-3.4559;-64.2681;
266946.734;440203.031;640539.877;-38.7445;-300.5712;272.7645;
567090.911;515742.730;480587.805;750.0303;95.7456;-35.9524;
289429.990;520277.321;883132.719;6.3817;43.2966;952.0696;
170990.763;581051.648;575790.234;-96.3398;-8.2495;-51.3491;
796612.264;443401.188;435527.400;1532.6119;133.0122;-10.9439;
224446.615;409150.778;244807.594;58.2583;-41.8835;-550.1464;
151691.051;590508.035;495957.578;-14.1358;-7.0556;-994.8943;
260251.732;192558.948;518567.459;41.1101;-1152.9379;-32.2373;
378050.114;525908.160;314057.559;321.8478;-40.0805;-338.6001;
253996.133;73798.036;494443.633;-18.9252;-1000.8782;-14.2652;
252755.641;426084.408;432050.227;67.0854;-29.3433;25.1747;
4043.212;504204.554;498302.954;-657.4230;18.2012;6.0485;
174870.278;502102.424;468794.902;-309.7276;230.0642;-53.4090;
206164.540;591926.408;621334.216;110.4625;293.4540;511.3960;
314087.205;597509.781;594501.817;-9.8655;47.3093;0.4766;
296903.980;428280.377;438398.996;285.9501;-18.7985;61.0974;
407890.819;621026.732;607157.847;299.8046;38.9844;4.7344;
280701.977;593657.620;434576.177;6.0589;439.5898;-4.0892;
225921.833;626084.108;500932.825;71.9828;322.5342;-41.6736;
454554.138;346293.946;525392.209;572.2628;-390.5375;148.3485;
311720.720;509370.444;413227.377;-137.4780;231.2527;-612.3215;
238738.233;545379.152;429325.127;24.9259;65.2953;-540.8672;
396476.646;468237.428;532123.103;361.3041;-59.2148;144.3690;
225570.129;161380.031;398615.270;11.8036;-911.7899;66.4345;
348244.504;372841.860;376285.420;10612.2114;-18.7513;6.2903;
308581.182;287601.030;556256.321;38.4994;-888.5013;-34.4710;
260244.395;564783.380;549221.456;-22.8043;97.9321;66.8873;
184789.159;402038.736;408480.317;27.2166;-45.9798;-3.6539;
100212.854;462940.992;320139.059;-248.3694;-25.7966;-426.0991;
293547.412;404455.928;427779.986;69.3740;-259.4641;13.3286;
241824.552;279682.971;513135.323;-73.1356;-849.9074;12.6714;
239114.576;760008.727;719300.013;-14.9033;573.6254;482.9889;
300773.779;577535.766;535820.957;1.9221;27.6438;-62.2787;
272808.479;225200.746;515749.652;1356.3297;-1194.5997;-58.5244;
144009.989;547906.037;556303.170;7.6508;-41.0429;-0.7362;
198031.146;424725.700;427775.173;-1.2456;52.7172;16.4565;
517083.662;994158.188;545639.117;1143.6337;1351.6856;167.6587;
254617.716;820393.497;537622.411;22.9340;1003.7265;169.0108;
207594.061;380025.405;379397.990;-25.5160;1.7332;-1.5782;
243147.423;600898.623;601596.086;-22.3806;-0.4564;3.5664;
262926.443;435148.701;537652.218;5.9448;9.7212;545.7031;
224648.623;480396.565;626336.776;-8.0789;39.6881;922.1513;
236377.268;583478.100;581546.904;-98.7407;12.3674;-4.6015;
321070.619;499930.062;510835.432;299.6442;-4.3736;117.1393;
198006.830;561437.864;560071.073;40.3093;12.3969;-27.0765;
152836.643;514930.824;512017.898;0.3089;30.0499;-426.4440;
222095.925;491772.593;457788.291;191.8698;179.5342;566.3677;
234301.733;535355.408;487817.120;0.2709;162.0727;24.7293;
258207.334;407689.210;398619.153;56.7179;1.6850;-196.2604;
186505.189;509678.392;903220.093;-2.6267;9.1941;1065.2021;
226177.267;882994.653;518807.504;150.6044;1492.3213;101.1664;
229998.374;12818.221;347111.004;-1.0628;-1072.7369;-419.5199;
279074.389;473633.151;429933.361;-105.6465;6734.0700;13.9064;
256153.324;492244.159;781209.922;-50.0845;0.9613;729.7575;
392495.067;498099.382;429723.215;183.1487;-49.2012;-324.5420;
159077.832;498837.888;82549.699;-0.6445;35.2848;-1429.2426;
163544.994;719620.273;442477.663;0.3941;1164.5625;-1028.5163;
608742.576;504659.643;584749.347;780.1090;-786.1647;-5.8900;
176573.090;552705.078;401098.859;-138.7082;79.2646;-401.1310;
323022.980;448920.759;435327.870;-4.6922;15.6276;-65.2325;
296624.447;524522.270;507746.619;-4.6187;51.8075;-14.5251;
381327.734;577055.795;599766.730;3.9910;106.7124;190.2400;
328578.139;100117.225;592888.373;30.0489;-15231.5957;178.8995;
174033.326;471641.695;1997.391;-281.8406;-201.3679;-1636.1698;
189373.399;565285.500;573021.571;-0.4550;-21.4768;28.1883;
288986.581;709630.580;584887.437;1266.1465;389.7571;0.0684;
199910.122;361209.626;606175.301;3.4188;-587.4966;183.4269;
94007.521;400109.127;400307.343;-318.9087;0.9897;1.5820;
248118.456;393289.551;394176.273;15.7098;-7.4198;-2.8218;
347777.028;600305.185;281009.778;-3.9482;103.2979;-4850.3990;
209694.890;498177.120;654873.270;-106.1531;-46.6956;1449.9417;
276662.470;378571.344;404139.206;-22.7215;-494.7550;-517.3144;
172740.370;479331.457;498159.551;-113.5168;-266.2932;11.8370;
412809.866;639216.017;580975.421;443.0140;1096.1004;2317.3849;
303779.711;441489.133;520548.434;-29.8118;-152.5767;42.8058;
250662.386;682426.690;714791.466;7.9039;433.5329;903.2639;
249910.253;461741.225;513646.160;-112.8032;-71.9383;1308.9113;
344820.506;545227.587;492830.089;98.0044;197.8562;-108.0260;
463208.474;471640.826;469980.617;632.8179;5.9838;4.1256;
180249.751;608507.252;602427.784;5.7275;66.9278;76.6132;
31142.472;501365.330;622723.853;-536.8921;-1428.4991;346.6157;
319005.003;212508.456;434741.238;27.6737;-977.5968;6.8716;
135774.063;478979.234;476321.975;0.3047;-20.4425;520.7814;
200000.020;553897.327;289688.793;-8.4715;124.6674;-817.4891;
304842.281;370067.703;433248.788;-19.7782;-215.2562;267.2745;
245670.937;557488.240;558648.752;-47.0806;3.6183;-7.4068;
191727.425;666554.468;563501.630;-4.0924;471.7717;9.5901;
319076.936;322571.684;566353.434;5.7198;-1192.4068;-24.6271;
183546.779;405950.142;407675.943;-196.9969;-0.6834;5.1359;
366954.161;576955.791;560071.696;445.9144;40.8650;-25.7261;
300824.130;545411.634;486759.568;-46.6743;41.1993;-333.6659;
247358.202;474938.289;493384.912;-23.6817;-53.7872;10.6614;
207612.949;515584.456;479224.608;-231.2336;6641.2676;17.4685;
157684.823;801867.999;582711.085;-223.7897;1013.6845;129.8164;
116128.635;510644.678;511377.136;-441.4718;-70.2481;-53.8306;
187088.332;470373.365;415153.924;-3.4207;12.1439;-664.7183;
314012.459;542050.244;729664.751;184.2764;258.6557;1310.5995;
338866.630;406760.593;402263.146;261.8947;-4.7524;-85.0428;
163243.253;823957.598;113163.375;-213.8213;863.6748;-936.3008;
218384.379;766890.850;576033.221;-276.9264;637.7232;134.2190;
293231.441;759117.330;511427.230;-2.8000;689.4727;-98.2258;
275466.056;507294.697;552302.098;38.4925;-152.9726;14.2532;
279883.022;498634.329;866018.874;29.5882;-1.3496;882.0494;
483042.552;543259.788;555522.100;527.1203;59.2165;67.6461;
293939.295;436790.113;386239.849;69.0394;21.4904;-259.8299;
216260.428;556226.298;614530.388;-305.8249;149.7766;233.2691;
923026.243;478854.057;375866.864;2644.4747;154.1333;-252.5735;
237890.523;564603.121;564825.771;-0.7616;0.1239;4.4019;
177712.570;157618.972;795459.744;-592.7858;-932.7020;825.5140;
205548.140;504392.939;495176.316;-14.5105;63.6031;134.1024;
306636.337;402263.304;491167.198;-42.3092;-5524.0407;-503.4962;
210852.610;451891.062;461773.791;-559.4294;-25.1553;197.1475;
285331.921;485012.755;268293.410;130.8616;133.0007;-636.9707;
244630.831;540217.004;527903.966;-111.8416;39.2134;9.9472;
199733.167;829747.243;490019.456;-139.3421;1623.2398;21.3626;
268842.579;810714.044;376554.524;47.8845;816.4868;-575.5511;
350422.716;576002.011;574459.261;70.0923;-6.9015;-16.2933;
256821.599;498139.518;147120.138;-12.8316;-3.7322;-846.4079;
977330.412;401301.545;574137.616;9669.8316;-368.0444;574.9177;
223806.348;510782.254;787200.778;5.1188;29.4968;667.3931;
195902.651;467814.234;478961.247;-0.4328;-18.3880;36.9605;
237919.930;742452.861;510543.417;9.8753;569.7645;-83.8161;
309445.559;488736.805;499579.882;267.1309;-45.1992;-11.1198;
325607.224;555964.145;356292.626;103.5360;-125.5709;-333.3252;
919565.264;479167.490;373703.755;3699.4707;-14.7748;-340.9375;
677282.773;485825.900;669821.974;974.9091;-73.0447;458.5948;
294573.105;575276.502;578264.839;83.9961;16.1829;-56.6386;
187649.295;449841.604;467981.407;-4.3774;16.0424;86.8145;
245152.048;508983.472;470184.531;70.9866;34.9841;-233.9204;
204122.166;516822.756;121698.008;-65.7393;31.6453;-1039.2072;
205394.338;563477.106;610511.823;47.2330;7.1885;330.6603;
632720.730;503325.933;644904.132;945.8743;17.3609;421.4025;
269005.449;474651.102;461010.348;206.7262;39.4589;74.9142;
139773.387;474832.507;331953.154;-63.7515;277.7206;-963.6635;
309306.571;469544.781;425089.467;4.2040;72.9526;-104.8274;
309359.832;444922.891;515293.588;2.6619;-21.2191;247.8772;
335562.443;550777.308;498986.156;1.5013;272.5727;-18.3972;
262191.230;526466.689;407997.356;-29.5030;640.0220;-58.3234;
198899.505;458969.450;602132.328;83.4698;-54.8860;2074.9213;
231812.760;448711.803;523379.010;-5.9637;-224.5632;118.2032;
199117.399;591813.183;585308.306;-0.4875;7.4882;-36.1623;
482228.109;439222.959;444894.298;606.6767;-24.2384;16.9022;
319082.649;605415.299;605452.172;4.4072;0.2370;0.4037;
148112.048;455902.139;463238.903;3.6066;-42.0211;-2.0674;
202240.427;488691.335;443468.932;-9.6380;-158.1388;-145.6101;
273385.336;274273.904;597177.728;-2.2418;-959.2703;65.8031;
192812.907;475528.182;492931.295;21.6278;-44.6208;3.2627;
214816.781;523583.379;644944.429;-18.6010;14.9346;438.4824;
349338.987;405442.973;407015.069;-0.2438;-22.4861;18.4704;
170124.990;513643.896;475151.116;-153.8189;37.9405;-79.2879;
339221.776;278007.537;488148.197;106.8635;-799.5536;131.5334;
136608.691;730320.996;575321.339;6.7960;766.5621;224.2434;
197588.453;522939.590;524870.460;-1.3804;10.8859;19.7276;
260693.214;514163.730;495271.364;113.3622;56.1033;-44.8724;
379215.301;557089.448;494396.179;616.4901;-13.5620;-668.0755;
209326.028;549239.053;301067.885;32.5161;28.9434;-658.3695;
278518.724;560462.289;567799.863;260.2915;-20.9601;-3.0763;
214493.072;522311.064;524267.450;173.2903;-3.7547;3.5570;
45071.551;661363.213;514837.292;-667.8084;568.0184;28.7064;
203273.423;457960.067;434279.576;-207.2146;-221.9750;-404.0168;
475928.074;403029.943;403416.644;701.8784;-2.1988;-2.5348;
246793.286;453883.410;324992.841;-32.1515;-240.6868;-833.7696;
302148.518;722697.232;362021.404;2.4707;780.5050;-423.0048;
207481.514;755964.969;567243.519;2.4122;616.3558;221.2823;
284194.006;255122.906;456543.888;10.5986;-629.1100;-593.5222;
22334.976;574666.922;562367.173;-3570.8926;103.7542;23.9488;
341054.092;398497.661;400740.431;12.5933;0.0599;22.1446;
180111.720;528891.163;547440.526;-721.6826;-157.6341;-141.3417;
348772.434;491394.601;462531.230;158.9935;4.9143;-35.4090;
292442.051;567547.092;530098.892;27.6673;28.3471;-48.8564;
267330.499;576352.379;570753.510;-37.9182;-84.7733;30.7416;
251696.778;557197.084;554397.946;3.7688;0.5650;19.9548;
185400.344;562279.332;120552.900;-32.1300;-0.7172;-2063.4389;
191320.721;710674.955;564698.429;-2.2919;718.9912;279.2657;
315040.256;477174.018;492064.836;-33.1386;-809.9751;11.9101;
85597.533;337120.656;363434.651;-630.0395;-465.0609;-369.7480;
137129.305;528926.739;540053.144;0.0586;-40.8906;10.6475;
198545.532;805101.212;557038.049;-122.0958;672.8505;-22.2226;
183172.478;572457.624;554706.482;-35.1221;-13.0146;-105.8692;
324788.467;1935.031;500994.263;155.3113;-1582.5472;-46.0016;
159095.368;410952.165;414076.611;0.8859;-64.3826;-84.9063;
128121.189;511094.326;510684.699;54.3680;5.5255;-64.4651;
448956.357;520463.894;511268.543;-333.0969;27.5750;2.9425;
318265.196;471936.266;386505.462;44.4506;150.3927;-202.9913;
186566.829;541122.805;507225.815;-3.4353;245.9740;-88.7807;
274740.584;471452.116;372767.026;-113.7006;-202.0720;-862.4441;
249199.050;503196.923;458199.519;-29.8102;-0.6765;-163.4648;
247427.193;479706.065;481893.902;-5.3764;-117.4522;-110.0216;
312029.492;356178.461;425165.647;40.5081;-211.1770;-110.9231;
273487.860;484157.994;966443.403;86.4627;32.0859;1199.5301;
256102.276;713859.331;608921.710;417.4343;1912.8324;5.6283;
350841.045;536931.918;790367.204;90.6398;-61.2446;6139.9805;
215410.213;383647.712;383852.964;-1.0296;-0.5764;0.4190;
268690.966;578618.997;489051.542;-111.0796;685.0911;154.2974;
909940.355;577375.201;441014.616;2285.7593;141.1670;-296.9767;
173334.523;515552.237;704867.979;51.8736;-12.4063;699.1821;
153806.962;428150.165;445600.092;-0.1649;-45.5892;-58.2212;
225235.530;418721.519;378715.709;-85.0648;-265.9896;-225.4456;
237688.374;495768.931;451938.247;49.2597;236.3273;50.4034;
323658.870;540289.537;698174.844;272.9314;80.4953;916.0420;
248421.685;541404.325;529167.827;11.0513;61.5998;-19.1302;
187628.529;679937.871;574359.012;-71.0125;640.0994;17.7926;
177013.626;427365.187;424875.745;34.6844;-4.0874;-8.2445;
98803.420;401289.494;402980.031;-52.9068;-5.1331;-0.3837;
306193.396;543507.685;491973.326;117.7387;6.8316;-124.9322;
177956.051;979109.050;635678.043;-5.8536;4716.9622;393.1168;
602870.795;476374.090;206058.246;851.7035;-6.4623;-1116.2490;
451428.446;520682.639;397798.188;818.8710;218.0313;-312.9383;
344543.576;435740.744;409913.985;-4918.2139;-4.8802;-91.4513;
311276.100;534181.934;233457.326;226.7654;-3.9634;-1161.7998;
262948.329;608699.139;797738.880;183.7715;1382.3259;4460.4133;
170046.374;561841.868;558318.986;25.5083;13.7994;6.3369;
192144.421;750636.842;472337.934;-77.6333;1223.7993;5.2844;
144355.350;952337.999;469718.604;-663.5551;2989.6804;5.7576;
76017.741;520428.577;522885.077;-372.7394;21.1292;12.5105;
343463.341;519631.284;807073.180;54.6965;-49.3393;1017.9634;
278574.318;387722.190;441371.979;-173.9568;-90.1636;325.8320;
348607.927;575496.731;581982.105;109.0894;-6.9180;10.7360;
291997.084;547619.385;535241.213;2038.9621;9.6898;-24.9332;
188601.207;501265.497;273595.593;-140.5871;124.3318;-618.2160;
308365.857;551277.131;380308.480;34.1043;32.0281;-326.6880;
262788.109;499130.274;722804.394;150.8303;-10.4476;556.6768;
161003.337;461030.991;487046.240;50.1423;-11.0098;155.1326;
441031.372;539824.447;533488.505;336.8483;27.4018;-15.4289;
320924.517;367719.722;455413.203;-1.5182;-225.2666;10.7108;
179586.367;467265.269;422598.396;-53.2885;12.3243;-94.5572;
744041.785;428736.843;518876.538;2024.8420;-369.8172;-32.4886;
193197.581;557324.519;538339.460;4.8437;255.3464;-31.4199;
118811.126;617416.679;611049.726;-277.4005;141.6013;119.4640;
603124.337;625387.347;518730.000;1251.5592;384.3960;1.3448;
273981.162;404325.573;409255.581;-36.1412;2.8081;28.7694;
310031.167;562190.664;559531.411;-23.1963;31.0998;12.3413;
156640.782;374093.868;597643.436;6.0692;-618.5958;647.4095;
217522.947;504251.255;495286.705;-15.6221;86.8948;170.6076;
235752.080;903619.458;472752.490;-165.0057;1237.0544;8.2661;
213861.644;770398.193;595232.438;24.1324;25057.0415;15.6821;
344079.282;518851.604;753736.084;271.9294;-45.9411;720.9188;
266407.976;407349.671;437294.205;102.3617;-445.1335;-192.2272;
237749.312;790204.646;73000.287;19.0030;704.0702;-1080.6564;
145342.388;485022.778;489329.444;-9.5026;22.1644;-196.5054;
144704.455;388401.842;386597.429;-0.9723;-649.7012;-1198.4387;
494271.136;485659.144;473555.798;870.6432;31.1562;-5.0044;
321247.292;437659.845;348194.233;12.6910;4.0658;-781.2191;
142559.772;432942.459;417325.669;-398.6383;-1.4966;-53.7204;
145706.046;782940.121;313712.274;17.4634;999.9913;-554.3683;
302682.327;513809.915;528309.944;1.2203;-298.5620;-19.8761;
147748.337;501066.423;449946.978;271.9569;-7.8748;-133.2674;
261322.523;428919.668;535976.337;254.0288;-227.5677;105.2232;
202696.017;346874.675;467185.359;-155.0201;-305.3251;146.1732;
223579.995;531800.837;182447.096;-2.7254;70.2995;-890.5363;
779869.688;486335.433;552871.971;44.6355;10.6235;260.8543;
831757.287;537235.884;537654.754;-0.5009;-12.2627;-19.4647;
820494.666;558992.984;283581.035;45.4390;-16.4452;-957.4652;
793278.734;430345.864;518631.503;13.0461;66.4660;2245.7178;
823009.981;475143.031;308655.411;47.8157;39.9298;-426.0425;
736534.632;562603.543;565797.339;648.2298;-35.3460;-1.0770;
761635.719;428494.424;964438.056;12.3825;-0.0503;1592.7372;
958431.733;328897.143;652626.830;678.4063;-613.6178;1032.6906;
695177.594;392255.238;444666.918;-17.6309;-574.2830;-10.1977;
500374.853;510083.726;498450.176;-1622.7189;88.1040;-3.8380;
808140.141;588313.602;600288.682;-2.0211;-2.3554;48.5984;
800662.638;646707.670;613171.835;-5.4692;203.1584;0.2780;
850846.915;499446.066;573379.628;52.9326;-45.9190;218.7138;
582001.272;318755.714;646870.272;-656.5764;-615.9798;394.0835;
849435.005;505356.187;568619.682;338.0259;30.6633;731.1223;
806817.613;471866.581;477290.121;-10.0519;-0.2566;1237.5408;
822096.051;578449.571;572130.522;-1.7800;13.5579;-43.0516;
744418.784;494836.811;575049.254;-344.1791;-14.3405;189.6399;
855738.601;217117.278;455611.083;171.9555;-1064.7821;560.1842;
753003.538;425136.756;467401.865;-7.7695;-237.3228;-118.8934;
729413.586;564062.558;496929.868;32.2575;284.8812;33.3794;
709477.511;406537.434;32979.430;-757.4226;-376.3909;-1178.7355;
706100.091;671334.123;593784.672;19.6094;201.1637;-3.0576;
854327.221;534431.399;504566.418;7349.6553;147.8062;77.3012;
726066.191;766524.214;319213.688;33.0938;1176.9323;-527.9425;
826794.774;485824.466;476995.731;211.2118;63.1926;-10.8799;
766108.991;474191.858;471583.026;-6.2269;7.0647;-2.0656;
806831.813;282067.954;493164.007;-0.3461;-663.1666;14.8132;
841445.559;391888.699;399902.388;1.1263;-33.0097;6.5573;
635979.747;467430.090;573434.510;-18.9694;-180.9585;74.0769;
749138.571;286023.724;642417.002;8.0191;-485.5381;414.1054;
717797.654;474869.652;462666.775;15.0262;-17.6258;-26.8380;
839267.676;509968.902;504659.725;303.6032;0.1661;107.4096;
925769.923;524610.866;447786.256;438.6443;128.5618;-551.3210;
950061.627;449967.564;482166.332;527.3252;-106.7383;-18.5644;
849774.119;566091.651;573628.007;35.5955;-388.8813;-23.5569;
731140.686;416495.130;401568.167;56.8374;35.3761;-762.6270;
439826.966;396235.345;461421.571;-1096.5911;-323.7408;77.3782;
701468.207;440037.541;459859.302;0.9564;-1.1403;174.1970;
818803.761;820591.885;563531.053;-14.4167;2705.8504;48.3056;
854521.497;430796.470;483338.910;5986.7085;-121.5310;-110.9867;
658827.698;419509.518;421746.874;10.8846;-12.6295;7.8136;
154715.347;481834.490;531761.649;-16585.4011;43.8516;411.4833;
667558.690;574982.178;564761.769;8.3066;48.2117;-10.0157;
472610.368;400277.733;383437.289;-725.1690;-33.0567;-103.4302;
848020.683;499239.524;748607.625;2.5714;-616.2807;1148.7007;
782759.661;536752.168;531865.823;-15.8553;221.2932;-84.9457;
733728.100;128727.200;572220.308;167.9110;-2781.8650;11.9731;
889017.437;560762.602;482109.691;-0.0657;633.8341;12.7502;
713173.149;515313.439;454451.792;11.1849;256.7107;-255.7658;
825263.673;467355.270;397126.083;-114.8577;1121.6257;-250.7100;
796664.853;622901.867;511957.902;52.0624;879.6121;14.2060;
673584.689;546058.076;434069.913;23.2966;-1396.9699;-369.8467;
796263.023;780831.936;520975.786;43.4851;827.1386;7.9511;
827838.890;467562.053;429888.374;5.1517;254.8642;42.9807;
813861.136;538854.216;600137.409;-38.3352;5.2410;186.9748;
880090.892;566399.899;563290.936;42.4447;10.9157;5.0081;
811225.429;503471.502;568363.467;46.8538;-351.4067;-7.3448;
746525.796;899886.203;516905.243;-16.0917;1005.3062;95.8526;
643393.180;487085.344;488457.628;-533.0738;-16.5928;-20.0531;
916890.557;505827.029;677513.548;388.4837;-451.4406;537.4273;
680705.034;334433.703;505184.576;-292.5383;-663.3698;105.8897;
749559.196;405872.624;755512.190;-32.3168;-260.5642;712.9839;
747814.866;542228.555;485716.083;-0.5857;118.6209;-16.4552;
813852.851;448241.178;448775.900;170.7831;-119.6598;-84.8381;
840529.236;452046.994;498606.803;-173.6988;-214.4397;18.2792;
836329.540;508271.664;522086.767;17.2713;-2.5865;20.4219;
686756.450;719310.147;296007.058;-381.3011;2316.3774;-768.1504;
870759.419;216361.764;388429.718;300.3395;-657.1728;-175.4058;
840397.642;488978.604;477071.275;-42.3266;48.1892;18.4346;
857192.450;494923.104;465155.907;-4.3501;43.1150;-79.0036;
814373.222;465979.065;444140.580;-11.7540;184.1708;3170.3240;
810388.814;582586.946;417345.300;-0.0172;108.8094;-405.8061;
775163.463;522111.023;402717.800;-63.1857;84.5987;-612.5781;
755639.482;422185.362;390727.713;40.0244;-56.0312;-8.3582;
803158.209;464526.749;479991.803;237.5031;-250.7470;-63.4960;
802466.986;390810.754;500367.258;7.0163;-107.8098;-5.0654;
756875.322;438215.251;528761.372;-29.3995;-177.4494;18.7360;
713255.074;474419.911;469742.891;-5.4807;107.8300;9.4016;
713868.025;592226.155;510587.332;-36.2743;131.7974;-101.6046;
793712.135;516351.136;591155.301;194.9280;17.6797;247.6937;
768222.431;353890.227;446407.194;120.3877;-821.4803;44.8655;
633369.393;500904.587;297805.468;-293.2845;70.6482;-458.9705;
821198.662;593752.758;590444.725;273.0458;270.5994;64.4629;
803209.369;461439.363;329447.354;135.7312;-84.0085;-474.1844;
815411.381;506206.513;479025.805;606.4836;78.0311;-138.9188;
572502.527;395743.740;506011.251;-670.5661;-929.8303;18.4958;
776004.542;430124.455;523298.861;-2.3898;-271.5452;162.5801;
683251.267;470649.395;510967.076;12.5611;-15.6684;147.5789;
660596.891;631874.939;527844.369;-627.0470;181.7753;-365.8593;
636641.400;904467.559;574183.354;0.0041;1060.9316;18.1601;
730248.566;635935.722;439223.712;-41.0312;796.5076;-57.5335;
832414.931;225912.418;423373.067;0.1961;-1146.9660;40.1246;
836184.272;604789.539;604695.614;-0.2717;0.0793;-1.4775;
778171.027;438891.236;409063.425;27.4416;142.4300;-74.2512;
894069.804;573869.771;568265.214;307.8402;132.9377;96.8769;
316084.101;477579.308;567590.637;-2218.7559;-162.2737;190.8040;
754938.465;429127.627;299206.977;12.6791;-415.5930;-473.8446;
765971.998;508390.530;565664.861;-24.3419;-1613.7755;100.8904;
711056.096;579520.627;568117.582;17.3430;291.9098;2.5232;
607331.157;578318.251;433431.262;-197.0440;913.6788;-4.5408;
696031.367;495794.744;624579.404;63.2947;-765.3879;418.7985;
799030.982;561802.954;744377.375;-18.2207;60.5654;914.0573;
759898.777;478988.822;450340.880;-70.1244;96.8842;20.6039;
779283.706;430612.056;570287.763;42.1070;21.1784;476.9727;
721312.837;609477.244;476961.319;64.6195;-21.4039;-390.2164;
724205.850;515779.573;455757.060;441.3420;249.4038;9.0543;
761747.675;510103.752;436672.171;-178.2055;-24.9768;-203.9653;
917699.447;449132.560;500892.554;683.5537;-255.2264;17.6239;
796444.102;559290.870;535442.849;28.0932;-68.9019;-110.7573;
839659.481;268895.832;462184.015;6.2990;-575.6297;-7.7863;
696467.789;627728.441;627602.128;-6.5228;-0.1177;-1.7035;
778505.961;408823.246;891228.976;36.1021;-1.0527;2951.7414;
671535.351;497142.221;789316.326;-2.9515;-169.5654;1942.0550;
691733.450;297920.135;517351.475;-435.3390;-957.0078;85.1206;
549862.514;638663.128;409696.319;-793.1066;153.1760;-921.6980;
802188.586;464579.305;429086.943;720.5544;-1.1476;-65.1640;
817857.725;424532.492;375632.532;647.5608;-71.7051;-674.5961;
804242.233;480403.519;486557.804;-553.9388;-86.7627;-15.9857;
658392.594;265549.971;527392.920;14.3524;-704.0350;-31.2745;
688636.827;522742.008;543701.491;92.9029;-89.6696;11.4543;
768176.612;544486.456;592350.177;41.9413;26.2224;257.6734;
987146.462;691346.908;485380.629;1132.4460;639.9784;-25.8227;
566441.116;580649.528;582897.828;-670.3740;-10.6998;13.1763;
636807.018;84620.698;414149.224;0.5157;-2635.0684;-111.1122;
831902.167;393831.825;379322.887;27.7416;-177.4089;-260.9392;
766089.189;895467.997;591470.413;-44.4760;1171.6128;0.3045;
390757.333;572514.249;468160.304;-1454.7191;246.4927;-214.2696;
739504.879;516637.586;372137.131;-20.6710;94.1512;-291.9652;
748905.686;383071.351;429969.621;2.8005;6.3686;83.0049;
716830.384;499985.883;465556.767;106.5570;123.9190;-3.3333;
506033.048;160009.866;544453.471;-537.2022;-966.0370;26.9114;
754273.927;125131.509;475369.947;17.6141;-1122.5880;18.2915;
821181.945;414187.748;517398.881;122.8233;-384.9434;-124.8324;
715975.278;557819.121;578055.620;37.4940;-30.7309;136.8107;
814994.205;410547.105;414854.374;13.5881;-5.3450;5.8426;
811125.703;474807.803;497994.346;-14.9564;-22.5744;106.7928;
851081.545;462542.483;490395.109;295.1343;-47.5063;42.1853;
716054.684;546738.279;507175.777;-81.2879;173.2975;116.4133;
813345.729;576185.841;576425.943;3.5353;-12.7735;-3.0058;
777738.110;522454.595;487094.640;32.6525;-53.0090;-114.0985;
764451.006;442508.230;464422.903;-165.9414;-105.1200;-45.3612;
812095.334;781603.291;394957.936;0.1132;1386.3436;-92.3076;
721409.137;608186.776;499031.131;205.8387;229.0342;-716.4309;
817312.531;435535.631;449372.763;1.2025;11.0075;154.6620;
623796.604;379909.602;440441.478;-1064.3075;-1185.0190;8.5727;
855832.739;467456.880;512553.547;553.2984;-308.3445;28.9319;
701780.237;493956.357;461278.445;75.9009;179.4042;-2.2823;
711292.654;569103.330;540880.835;349.0717;46.0173;-64.5253;
863078.234;543223.745;464098.807;518.3883;282.8341;-26.0781;
753129.861;614791.856;614867.700;-56.4146;0.3460;-0.7745;
846367.425;529725.727;531392.678;18.3257;-1.2584;10.5734;
645742.369;544476.336;433429.979;0.9750;813.0641;-240.3072;
837942.337;184340.563;561788.118;64.5062;-834.6999;106.7366;
804390.101;530867.348;505400.137;-9.5546;31.2797;-155.0952;
783422.221;791856.052;545819.739;17.9975;769.0225;116.4215;
777629.372;507321.106;465792.724;115.9749;58.3005;-99.7203;
852048.626;518189.334;524917.838;0.1608;-61.6615;-39.2241;
801908.792;414477.699;424318.477;-6.3629;-149.2804;-2.1138;
710768.228;505724.993;522268.890;-385.9678;-28.6214;-304.2270;
560450.199;503433.710;480536.953;-531.4875;126.8101;-7.7309;
694423.445;502261.114;500419.335;97.9343;0.6160;-35.0878;
737593.765;495470.396;184918.957;-27.3158;-10.7623;-726.9647;
761359.161;734197.557;500291.761;33.7734;511.0654;-4.8825;
697565.607;567346.659;570618.903;-2.0694;-8.4898;2.6518;
854542.712;445451.638;442605.426;351.6569;-217.4564;-222.2122;
591278.165;455275.705;595182.768;-560.4965;-79.5579;3593.1520;
717042.362;444497.713;499147.209;8.4809;-279.3250;-72.1005;
804494.933;337130.808;429031.053;546.8342;-310.1648;51.3574;
842526.346;538984.738;321078.957;0.6052;28.5029;-733.1123;
762894.388;464708.230;453236.895;-77.8916;-499.1775;-173.5585;
807026.508;566937.447;547325.193;207.3541;-15.5231;-133.2577;
752838.267;498417.405;893171.259;67.0163;0.3247;1049.3571;
798646.111;589755.271;591758.694;288.4280;-203.9084;3.4206;
824702.066;4650.891;440063.319;68.1345;-2328.2603;-49.5834;
972073.469;500922.684;562642.598;1684.8403;2.2248;124.4911;
696269.516;433017.193;431666.052;121.5562;-0.0133;-24.9139;
735893.348;437166.383;428333.677;-106.8779;-118.3273;-141.7413;
695942.410;656349.613;561904.480;35.6081;677.7649;529.1374;
749939.954;876399.914;506644.763;-187.2559;1204.1703;-34.8419;
843417.031;447676.804;457089.226;11.9254;3.0623;76.3118;
641189.072;465128.464;405718.997;-3.7564;-33.0913;-198.2521;
695033.818;498506.559;564962.099;-374.7890;-0.6020;797.9583;
672521.767;512535.456;507433.847;8.1158;91.5555;-4.5454;
688864.922;428621.538;685723.108;-88.5313;-989.4036;910.7795;
688434.987;592095.876;401312.073;0.1535;1375.6084;-563.4000;
799412.163;531475.723;530421.388;87.6739;40.3147;3.9474;
666128.739;573633.540;565311.942;-23.4671;57.2765;85.2389;
772382.807;790397.797;614763.312;23.3334;1607.7036;867.7989;
656455.466;579253.337;581182.191;-103.6252;-35.9296;-27.0711;
625866.318;544422.223;628430.184;-178.1303;-7.1501;309.6276;
599973.353;610791.981;516144.657;-562.4038;401.6056;-30.4242;
662581.472;498029.501;490667.555;-40.4726;24.1501;-5.8316;
626554.828;542472.693;529331.223;0.0441;-23.4457;-83.2100;
755478.682;504937.032;80543.747;8.6889;15.2898;-972.5812;
692953.331;500307.078;505500.694;63.7278;0.7747;63.4021;
696456.070;492603.824;480522.532;17.7910;105.3605;142.0141;
696876.931;562127.759;566901.565;-191.3654;-10.8819;25.9669;
709830.230;582015.478;606361.334;-167.3402;-104.3627;-10.1419;
754211.332;491454.882;209940.883;54.1413;-9.6227;-793.5955;
816793.831;207149.288;437684.216;-20.7999;-1511.0073;19.1542;
673608.446;538833.650;654358.315;1.0490;5.9255;291.7047;
634460.766;555120.469;462760.829;-0.3637;21.0187;-618.2532;
700506.190;670917.599;622854.687;-69.0329;579.1305;279.3741;
877654.199;516415.845;535245.610;611.0043;0.7687;63.6969;
737389.993;98747.176;165979.319;35.9789;-1808.0419;-962.5710;
750634.302;445745.149;817210.087;-12.5496;-227.4968;1677.9309;
713833.456;505498.212;498875.849;-3.4454;80.9041;24.2000;
822971.321;591768.423;561312.397;223.2690;-53.6879;-282.6895;
670749.077;597738.754;579930.915;1.9585;71.3452;3.9493;
914011.116;439734.783;541113.160;583.7596;-347.4324;85.2918;
685954.632;424053.054;502973.478;7.1695;-218.3630;237.6594;
874233.973;499749.080;539860.816;629.5798;-0.9021;272.6860;
749440.483;427972.979;458631.454;-64.8087;-166.7834;10.8682;
656228.908;566983.445;557637.420;1.7880;-0.2347;-28.0430;
771161.914;376122.524;372092.541;-29.9379;0.1258;-67.6459;
654485.976;483111.510;514906.250;-171.7220;-68.6815;86.5972;
683041.268;444752.275;508831.652;-191.8809;-32.2842;145.8733;
734295.864;491187.759;509099.826;-128.2821;21.1476;83.0098;
659859.074;502027.368;451360.282;-5.5182;227.6335;7.8351;
704513.901;516869.809;483479.377;195.3090;110.8643;10.4883;
791918.684;420252.401;414700.163;-2.9775;5.1608;60.3081;
850153.053;812795.781;316565.783;233.3378;871.0489;-421.4463;
786785.480;550694.828;850592.995;72.9253;23.3641;853.3484;
568958.113;485610.996;911964.510;-454.8845;-57.3482;936.6896;
658825.270;524697.300;510482.239;-51.2903;29.1271;-19.1697;
770622.461;531904.458;384939.913;-41.3985;-2.5858;-3276.5634;
697061.214;555888.416;559243.665;33.5351;-44.8995;-62.8740;
804940.008;879364.433;653914.146;98.9765;961.3458;457.2704;
825990.770;181967.507;565651.755;717.1787;-5828.8727;89.7846;
854973.729;385257.391;552287.572;197.9570;-503.5468;11.4407;
913819.407;439288.488;499739.257;4184.6870;2.5498;277.1618;
788803.639;593958.957;555965.727;201.1960;251.5126;13.3412;
736215.267;455938.279;426891.793;12.7016;-31.7400;-344.9425;
723866.527;452552.634;461056.767;-35.5636;-23.0022;-5.7441;
704024.280;428666.382;443974.796;1.5092;-11.2195;99.7335;
794062.224;405006.669;479975.089;-28.9184;-759.4344;8.5479;
720129.613;601401.382;959636.510;-6.0222;118.9624;5634.4080;
724568.608;561400.822;566955.795;-66.9617;280.5405;-93.8550;
754551.438;478064.946;496800.440;15.1237;-137.7148;-38.7831;
734055.230;612418.355;632110.235;-94.8070;296.8987;492.0830;
836147.213;578471.497;565281.896;-4.3964;-22.8800;-45.1910;
668308.447;567454.496;561141.968;-13.7359;0.0965;-31.1149;
760062.749;511483.871;475773.144;83.4332;38.4390;-70.0030;
689588.491;400013.398;317185.458;-14.0860;-5.4749;-359.2688;
800279.506;604313.754;595306.143;-12.6215;173.1217;5.1372;
849729.459;502306.095;508450.998;252.5942;-20.5460;34.5539;
644041.716;474746.911;375580.886;1.5778;-42.7684;-1193.0437;
394972.425;589560.465;586902.595;-927.5184;9.5257;-3.5982;
743211.412;544211.293;702129.289;-147.9492;72.6527;504.0864;
692711.117;401726.946;401283.234;11.4985;0.7073;0.0078;
686202.059;509913.724;512495.162;-59.1323;15.1052;26.4732;
646978.918;593259.480;561039.306;-393.2152;62.4957;-2.8237;
929930.600;520761.027;682128.548;656.5506;65.2552;537.5560;
551568.859;103536.921;507207.246;-1106.2775;-1496.6846;13.5004;
391631.951;551758.749;464373.903;-2948.9560;-42.1816;-253.9730;
810354.884;388925.659;388400.482;0.9895;-0.1900;0.9996;
592419.249;295049.712;491528.668;-785.4078;-1044.5286;-275.3102;
705437.597;542793.906;507024.375;-94.4407;38.3085;-73.2910;
685516.350;418815.581;651514.538;-2.6163;-321.6558;498.0815;
634203.459;610457.616;471226.778;-0.2145;353.5403;-2.2552;
762982.230;504368.394;565585.165;-34.1203;-234.5596;16.9463;
589199.038;747933.901;499682.745;-418.8886;730.2535;-4.8366;
800584.027;515442.002;522080.190;-41.5235;-104.3162;17.3092;
746397.899;539472.759;553210.394;7.0180;-30.4246;29.1489;
678657.984;612838.429;636215.951;-3.8149;9.5259;74.1804;
714317.890;518723.015;544868.656;2.7273;-340.0582;964.8810;
669086.461;581632.298;598600.373;5.5997;244.7131;191.4120;
727713.324;491365.249;785885.587;-100.6053;-72.2451;1296.4937;
750263.923;444059.053;861838.745;-27.1284;-95.9634;1375.8989;
691257.218;784930.265;465628.604;-234.3901;1224.3858;-0.3700;
810946.738;585098.770;495546.120;2.3824;317.2843;-10.6916;
929249.488;488069.256;485252.129;603.0878;-31.8749;118.9792;
686174.247;558190.591;596645.206;115.3673;191.7361;-110.0062;
540442.443;511161.189;740992.940;-580.1823;-151.3436;1048.1972;
715233.848;427120.680;426239.853;5.8046;1.4885;-121.2006;
752648.746;29887.814;462356.860;-23.7895;-1582.2588;-97.1189;
682128.854;455764.328;412867.079;-105.2722;29.9090;172.7633;
690263.225;502126.998;535751.432;17.2237;46.7153;104.6122;
661058.620;681283.193;469843.581;-56.9178;1977.1005;68.4909;
781180.420;503989.877;674175.085;-2.5379;-5.0689;401.8359;
677835.976;494408.484;612892.570;16.3164;-50.8385;534.6046;
903752.208;670168.575;538762.256;778.2627;1398.2636;71.1949;
864038.831;510843.482;202577.368;284.6463;54.2493;-2624.5914;
721123.832;406631.583;504604.860;-71.0615;-178.4241;50.7552;
860209.332;461761.955;582035.827;90.2082;-63.1703;1368.0694;
709420.639;72058.640;457980.226;-204.3515;-3274.9191;50.7870;
694111.955;494880.123;520764.618;111.2023;13.0342;137.5723;
788257.353;621163.667;587744.436;166.8870;439.9419;-4.7426;
702972.673;312122.084;565116.116;21.7275;-795.0839;-45.5213;
789983.246;548918.937;348745.575;54.5711;126.2774;-472.0634;
639397.962;584270.809;588955.214;-15.9526;40.1770;46.0170;
662269.741;410505.195;505912.393;-5312.9033;-990.0963;31.7142;
655363.191;511379.591;547071.517;21.6821;34.2079;194.5546;
747198.612;841258.897;513763.773;-21.0561;1338.6103;27.9818;
670347.973;486863.238;602330.024;-14.8975;10.5995;360.0079;
652411.414;414188.420;404170.914;1.4340;15.2120;-432.4973;
871517.219;440721.535;490009.343;255.6566;-157.4553;157.3180;
685531.497;547671.543;768351.546;-175.7713;66.4912;608.2617;
747494.510;626723.979;552669.136;-65.4121;1766.9513;3.5821;
942171.110;517651.235;507484.241;483.8752;47.1608;-5.8415;
728169.024;442642.532;531100.891;188.0079;6.3260;1225.5527;
674966.690;565686.244;518573.740;-95.9345;541.7218;202.8615;
693296.986;515509.342;513368.130;139.4413;53.4891;49.6096;
625597.310;593083.978;655743.735;0.5796;302.6445;1130.3474;
854157.413;424211.590;428007.472;1082.6453;-12.3500;73.9908;
704327.652;514117.847;515026.610;-11.7981;-14.0992;-213.0572;
745282.446;422009.432;688365.750;1.6324;1.5020;868.4645;
711287.221;521473.456;477763.038;-230.1806;8.4744;-339.7806;
787844.471;591751.492;462123.643;15.7582;295.7908;8.5312;
309911.664;744522.447;193486.065;-1078.4760;563.3460;-1023.2583;
828474.549;408731.868;415021.781;23.9132;-36.8787;-4.0198;
771645.970;532253.263;435743.433;103.4777;120.5369;-232.2446;
782107.000;538212.645;519753.950;8.4956;202.8189;30.6334;
911152.620;726010.945;509089.712;476.2579;544.5989;11.8806;
829665.795;639652.954;501106.060;-28.5674;390.2352;-1414.4445;
812890.673;650522.984;573679.125;53.3455;192.8048;-66.7995;
737170.010;455089.590;524805.596;40.0382;-44.5479;272.6901;
774735.447;591658.174;593457.352;-7.7347;11.5311;23.0825;
742342.226;503129.070;475232.289;70.0542;55.2836;-31.5189;
681318.527;590921.404;590879.775;-2.8903;3.9774;2.8924;
384222.388;325237.880;436511.268;-1056.0293;-445.3991;-2.4425;
886867.198;655397.563;524325.451;-0.1565;620.8397;11.6802;
316067.123;212425.222;408966.818;-2318.8735;-7714.1937;61.2052;
766108.903;481867.459;109697.292;-43.8135;40.8055;-1107.1728;
756357.737;414491.832;377754.395;53.1013;129.4112;5.9405;
980947.903;529807.626;522010.464;724.0870;23.7590;-21.6704;
946430.619;503790.394;516080.625;3485.3288;-54.7852;19.7182;
826047.212;438262.327;415691.666;86.4989;391.9069;-9.5508;
837771.008;428780.967;48431.562;-6.6958;1.4051;-1103.0286;
631305.469;658084.020;501717.953;-1482.1498;453.1162;-29.3088;
748079.583;380961.777;459065.620;161.5258;-233.8296;-56.7615;
853943.107;632348.936;557376.299;-83.2956;701.0356;-44.4935;
558182.426;484179.429;513463.368;-927.3962;-47.1246;31.1932;
260919.248;458760.849;586317.758;-1882.9642;-77.7640;183.4087;
787857.311;506483.328;592326.893;-91.9210;184.9567;335.1529;
594776.215;474337.385;801462.784;-231.8591;65.8235;1000.4540;
798997.371;523855.171;661069.608;1.0183;26.2123;356.9515;
771340.392;130696.498;669139.451;37.8648;-2225.8337;624.7204;
858653.402;294166.668;738187.769;905.8047;-682.8067;1191.5861;
735274.081;567996.470;658966.693;85.3188;49.7803;280.5809;
736698.162;638555.982;526131.161;-106.7460;608.8168;97.0427;
776941.111;581123.003;704811.267;15.7647;71.4747;1088.5957;
765418.069;380049.982;377820.936;9.4001;-1.8500;54.9881;
815018.336;321726.419;447484.314;0.3152;-430.7023;108.5435;
677551.195;578793.680;570400.173;-653.3178;47.9580;26.8752;
847404.423;598395.722;575743.744;36.6629;128.0696;191.3652;
676790.479;412993.121;415765.114;-161.1281;-14.7664;-3.7207;
685195.188;528764.546;494044.909;3.6978;2862.3888;-6.1684;
981017.563;424614.770;423178.778;2607.8407;-0.1236;-4.1569;
632655.344;435908.349;433881.049;-165.1932;-421.0998;-9.6377;
156681.897;518743.413;295846.913;-1574.1593;13.4275;-1209.0004;
758236.931;486684.107;452525.085;-7.1665;106.1630;171.8372;
833898.633;506307.329;580574.988;41.7630;-1162.8232;15.1567;
734302.502;82992.157;517784.879;-8.5201;-1011.1357;7.3333;
831320.112;594792.400;500437.791;11.2477;99.8587;-182.4360;
728959.721;521294.723;249207.114;-56.2513;100.6672;-766.3990;
809690.009;542676.613;552024.820;-0.4178;16.2700;40.0938;
845892.406;596149.067;577151.399;-1.2204;28.0965;-112.7923;
418160.268;451699.676;453021.461;-1221.9511;-4.7425;-58.8981;
426318.413;511085.691;512873.705;-642.1201;-4.8534;7.0520;
682087.070;144845.193;278167.668;-31.4629;-1900.7675;-823.2501;
49708.789;589953.804;601055.630;-3175.1253;10.7722;69.1802;
771237.571;588143.262;588159.946;-4.7464;5.7634;5.1930;
176688.172;386101.285;502927.527;-4901.9140;-251.6019;31.6642;
843290.636;785700.738;483841.697;-0.3010;906.8129;5.5397;
731618.103;460255.995;548417.265;-38.0461;-144.0137;262.4284;
657256.498;503624.388;484438.601;5.4966;-101.1411;-216.0965;
730907.575;500550.690;905660.083;-26.6757;3.2187;1004.6464;
654419.493;595412.692;564364.998;4.2408;9.6262;-118.2043;
597406.534;451726.152;466253.660;-696.1263;139.3325;2927.8266;
678942.685;533556.326;614330.225;-36.2601;-2930.4707;442.6199;
701144.620;256056.706;406601.921;-172.0231;-503.0656;-16.4613;
839614.875;615633.083;580667.634;3.9611;52.2156;5.7213;
628380.805;525264.413;442505.790;-224.9523;282.7557;-175.4885;
762756.639;490909.458;501251.070;17.4294;-29.1182;13.9835;
808289.714;499873.265;648250.167;209.4121;88.3308;558.9750;
659571.840;438672.996;437101.243;-58.1917;19.1694;2.4192;
441886.270;496082.451;535449.109;-1321.8446;-65.1683;77.2798;
654193.630;459596.454;470991.422;-2.5888;-158.6741;-51.8754;
762076.701;429316.069;434909.270;-260.5073;-1.8450;-15.6627;
779975.294;609246.003;601273.753;239.4711;29.8833;2.0494;
839051.381;516370.018;510752.583;-26.3993;69.1325;74.8662;
693032.862;407728.957;408589.438;-178.5683;-5.0669;3.0597;
742665.281;482809.011;595318.767;-7.2238;-37.9494;382.5887;
902419.367;486883.718;469817.913;664.6617;126.3271;-81.6387;
722260.199;573349.955;572028.277;-589.8883;-7.2890;-17.8362;
697235.690;532942.502;617533.149;103.4019;-48.6455;269.4964;
715279.093;419636.590;291029.585;-190.2864;8.9113;-657.6360;
693177.311;496693.768;577429.561;3.2463;-452.0716;122.5319;
847436.061;383373.475;254396.122;29.6380;0.6806;-727.0141;
817634.249;489747.821;536587.932;4818.7286;-209.9446;-39.1017;
793561.895;419221.460;117330.245;-10.3783;-278.0259;-1314.0772;
704152.119;285761.766;533893.977;-55.9196;-981.2933;0.5603;
796779.290;487216.880;190910.981;-16.2445;-73.4173;-3389.7384;
712545.383;673130.928;524924.941;14.4826;782.4419;285.4040;
771416.777;631986.023;568641.825;10.6579;242.3232;86.6670;
707899.199;227276.110;596609.338;313.2221;-1016.0133;238.1524;
845457.715;515326.907;487416.183;219.4727;26.2608;-60.2684;
804304.444;510859.194;541609.593;55.8579;102.2939;101.0552;
773493.067;449574.491;403810.914;67.3577;424.8516;-4.3980;
820688.049;409891.152;436214.363;-93.2430;-0.2654;129.1896;
845650.385;532829.270;377596.426;76.2364;413.9528;-178.9870;
752939.314;562917.276;552123.064;-126.7568;170.7604;-22.3157;
799388.044;430184.583;424124.179;3.0825;-83.1924;-374.2238;
776184.605;342161.447;458195.204;24.2030;-318.9333;-0.3874;
468157.224;468130.004;632436.169;-1313.7149;30.4734;925.8808;
708308.386;505817.024;538091.816;31.2527;-148.8466;-1.4764;
784356.944;618975.583;610879.446;0.9442;40.3823;-0.4889;
686474.936;440284.196;481610.764;-46.7430;-95.9944;77.7832;
649603.731;573350.327;585497.727;8.6280;-8.3325;83.6766;
714540.033;405096.652;435674.807;616.6075;10.7533;157.4349;
657861.411;671365.164;599299.799;-207.8294;503.9987;160.3547;
327453.574;488399.288;532531.445;-1687.8206;-232.3341;-2.4052;
752324.509;492634.118;605494.696;22.3072;-168.4110;238.7258;
458400.000;568579.567;566650.947;-4631.9279;255.6598;14.0507;
625112.637;504623.402;534004.438;-321.0839;35.9115;209.9035;
827132.446;505900.770;615082.612;515.7771;38.3049;473.1349;
784188.388;418564.637;548394.126;376.9975;-205.9115;528.7585;
690440.734;426903.457;433810.433;-2.6519;50.9252;39.6203;
867088.394;414328.777;414443.763;-1.0951;-2.9304;-26.4083;
823925.931;405267.517;402744.396;-1.3550;-0.6252;-13.4704;
512377.343;491465.948;533176.903;-958.9843;-87.9029;62.0301;
783423.887;498366.132;550107.105;-87.9748;-74.4298;74.0487;
670954.616;409326.144;382913.927;-4.5937;2.3409;-95.6483;
855758.276;551653.428;227029.495;526.0279;-13.6102;-5386.8385;
215872.995;556129.643;576944.583;-2350.7828;-143.1195;46.8919;
803713.579;189985.866;481924.614;0.3108;-1407.4436;-8.0158;
721271.014;501582.340;696826.070;-125.1026;-5.3180;473.6135;
623192.373;307511.584;420708.052;-187.5336;-812.9794;-282.1220;
809583.404;595161.813;593728.348;1.0143;3.8658;-2.1558;
586531.988;413285.596;433264.382;-169.8577;-156.9644;-2570.1963;
822948.465;490926.212;916616.475;2.2111;-18.7671;2944.7812;
887259.407;600854.732;475176.635;329.0381;541.0310;3.4003;
840807.772;595418.264;567967.312;-3.5786;1.4344;-148.9037;
756361.165;342023.518;510142.067;-10.4874;-459.2681;75.3670;
760686.575;385757.410;522161.219;-168.0160;8.8966;432.3365;
743372.172;624590.099;720202.768;-9.4058;296.5604;515.3665;
741600.380;501462.461;481087.865;70.8491;133.2939;-3.6713;
530615.562;644583.840;526694.818;-995.5407;912.7221;72.9019;
752128.529;381732.248;305087.355;-27.6478;-0.0240;-265.5345;
820662.999;389480.983;596062.098;-348.7760;-1008.2900;47.9102;
704644.205;586838.952;589102.379;-134.9524;5.9955;7.7809;
663781.175;562306.603;551210.104;-97.1431;14.2646;-22.0365;
769785.764;461386.815;450057.990;-11.6378;-123.4784;-187.9105;
837175.938;450246.320;462546.748;71.1882;0.2341;56.9489;
656194.286;414594.730;403853.649;-15.7712;-5.2302;-41.8673;
733896.735;469669.125;568357.431;-8.7941;-2558.1724;96.9007;
615232.171;561104.739;544353.189;-321.8081;-52.8404;172.9082;
721620.927;411289.892;431531.551;288.9246;-179.0353;2.1657;
732944.985;423121.376;401517.945;371.4093;-103.2252;-265.3402;
727396.966;563039.941;532499.166;45.3997;41.9291;77.2123;
783414.065;584723.485;253433.144;-4.6598;178.7412;-11837.0696;
650411.854;412489.213;415834.207;4.8405;19.5794;22.3708;
764187.904;604466.129;509672.203;-335.1273;386.6242;31.4384;
436470.903;417598.507;423775.173;-931.3310;-12.3167;5.8103;
753069.566;631551.677;631296.619;-71.2546;1.4824;1.4472;
804008.486;525228.260;-814.168;22.1737;-37.3403;-1488.5363;
735286.369;456580.065;494044.445;-118.7684;-91.9211;-816.2225;
178798.708;443971.932;546670.455;-2336.7290;-151.1925;283.1276;
707707.808;424721.029;488289.178;-187.6396;-347.6094;-65.2182;
738809.531;428196.871;521720.584;-28.7955;-196.2631;-95.2449;
774823.333;576215.641;569559.115;72.1792;32.3606;-20.1078;
493298.060;540257.026;525027.657;-738.8356;77.8631;-5.3212;
695797.706;507046.027;459263.019;80.0453;136.8422;-330.0678;
808588.026;387036.001;386667.608;108.5853;0.4574;-1.9021;
677454.832;252545.424;490263.213;-205.3500;-869.4840;94.3576;
747634.396;472736.404;297220.489;48.7108;-36.3357;-455.9425;
754207.804;747938.820;609717.591;-55.6537;1140.9843;0.0646;
651567.086;471493.084;379642.890;-274.3832;0.4969;-112.9421;
653839.264;439644.519;428870.512;-55.1066;-28.2589;-172.5460;
749899.140;808749.813;466326.008;109.7154;1338.0984;-191.4820;
776877.128;535827.051;408211.551;43.4918;-43.4615;-776.2585;
729454.207;591386.689;591108.933;-5.0557;-1.7706;-4.8221;
732767.117;560819.256;593462.739;-279.5800;-111.0832;181.6176;
732667.244;411248.233;406338.173;-0.1809;0.7703;-27.9055;
750567.934;485463.730;341937.502;101.7140;-325.4870;-423.6610;
701651.429;234023.735;496503.543;45.7464;-718.4414;-22.7873;
738545.552;564737.036;530400.135;-13.9924;-15.1108;-108.5017;
742063.993;438446.181;435829.085;83.5767;58.6185;-33.8586;
747939.601;807798.732;372250.947;-7.4397;718.5090;-446.7512;
661732.613;532831.158;448875.090;-85.4378;-8.2677;-665.0596;
668248.843;588053.488;496655.138;-12.2583;555.6691;20.5353;
624447.489;440283.430;79329.875;-395.3152;109.5869;-1115.6594;
723110.804;847078.940;433365.693;20.6049;1280.7011;0.3817;
686713.281;470362.757;417333.947;3.7896;247.0776;0.3606;
721577.919;610139.038;611507.902;-22.4593;-0.2717;4.2349;
692911.250;477264.648;578330.119;-4775.4782;-367.2929;79.3451;
744613.010;534398.343;551442.119;147.6744;-42.3484;16.2721;
813983.661;316946.344;335577.895;777.9027;-567.8799;-414.9900;
650574.056;603947.404;577129.213;-6.4959;90.1069;5.4827;
826830.545;320844.189;529233.769;1.8164;-1137.9836;6.6614;
833389.694;499335.752;523293.341;1.6857;174.6915;229.4958;
736459.668;556662.070;503630.047;21.8616;-215.5325;-492.5124;
810999.615;499872.032;504979.958;-36.3724;-16.3017;-11.7293;
747898.364;589450.827;428693.512;-73.7383;327.8494;-113.9942;
655869.626;410007.105;415576.404;-41.3576;-21.9587;16.1320;
728192.905;490844.317;451582.679;-17.7022;-199.5653;-224.1573;
817271.024;252461.285;486350.509;-11.0187;-477.6264;56.9673;
778132.961;418520.564;431225.113;-1.0921;-65.6118;-15.9983;
804334.485;357671.687;527829.452;125.9291;-556.3448;-50.2001;
840281.619;541932.940;900208.165;179.5195;192.2523;1115.8051;
284483.012;481805.195;522592.541;-5641.0279;-101.8787;-5.0538;
651029.682;503500.296;500743.536;5.6754;-0.4464;-7.7465;
751198.608;493771.669;713154.872;-4.3215;-10.2658;639.4142;
690888.957;599767.885;597630.027;10.5440;63.5113;-2.1219;
766234.447;532150.300;448835.790;52.0206;102.9429;-185.3309;
810100.237;524737.370;519605.569;130.4789;-0.9942;-79.0088;
816869.039;503464.228;752222.839;192.1458;24.2569;1001.7590;
666299.224;585867.404;585919.748;-16.6495;2.1879;1.4586;
786186.656;431733.695;514327.044;64.8291;2613.9175;-37.3707;
824101.380;475855.149;568856.163;7.0784;332.5777;812.3812;
796648.951;509056.143;492354.553;-29.1499;-12.1495;-19.1237;
667592.902;522921.594;782729.304;-299.1978;10.6060;2223.0797;
786259.051;167152.890;448717.297;80.2813;-890.1978;12.1725;
820867.990;421921.378;341731.808;-13.1514;0.3986;-416.7944;
715228.086;264334.309;325478.078;51.3478;-453.7179;-294.4495;
978687.374;507358.478;491360.192;613.7411;-36.6185;-198.9801;
867467.566;500539.671;521162.955;0.0686;4.0722;150.7530;
774340.637;533246.004;339913.869;241.5736;-1851.2617;-608.6304;
877821.410;427395.802;492431.190;605.2951;-17.8841;872.5552;
616165.904;328268.748;909899.641;-0.1199;-355.0443;6576.6315;
795675.113;438357.921;420923.950;12.8849;52.9839;-111.4527;
759350.184;570399.447;587540.679;12.0849;228.2422;630.9860;
716631.183;530595.378;512206.066;1.7061;53.0318;6.1382;
723218.508;613854.029;516514.081;-2.9104;580.3341;48.8862;
689264.754;440084.879;436038.560;-111.2822;6.3139;-5.8577;
692474.505;365803.919;560790.743;-19.2897;-203.8004;960.3514;
746176.414;576878.090;350680.411;-95.5798;175.6831;-300.3918;
803525.394;397726.983;442212.352;-204.4610;-2070.2756;25.8087;
688134.006;567174.574;65303.916;-0.1105;-299.0626;-1744.5357;
702364.872;525791.946;521201.420;-262.6977;34.3257;343.1237;
809093.412;377792.409;377571.557;90.2544;0.9110;-1.8465;
722530.950;504880.376;548206.767;-95.8048;-213.8933;-36.2493;
761614.730;969967.639;447948.464;-48.5570;1853.2728;-30.3952;
657846.943;555222.249;499145.579;19.4432;298.2948;-97.3196;
713673.023;494394.655;219614.525;30.6766;-122.4193;-767.1492;
885791.689;544868.394;531703.978;7953.2790;-84.8873;-133.3004;
753268.506;474633.589;495609.378;-208.2911;-131.1695;-259.9822;
982118.419;450504.154;615118.761;1546.2971;-17.4395;588.5325;
750569.671;370914.747;372946.786;-61.0841;-16.6112;-2.9742;
772482.669;572432.635;605506.503;371.5191;64.1674;269.9228;
789118.034;787801.246;510877.119;309.7647;854.7838;43.4827;
736509.106;613938.937;613801.820;23.7679;-3.9671;-0.4095;
745454.436;408297.903;411717.914;14.3076;-20.2407;4.0728;
716939.482;465841.337;456425.677;6.8423;-52.8769;8.7904;
758370.145;501510.929;574756.823;-320.6818;4.7170;170.2748;
763490.303;496575.997;399802.920;-21.5171;227.1393;1.3701;
755234.543;369521.184;369699.665;-101.1772;-0.2782;-4.2914;
625859.941;389482.364;385818.339;-193.6065;-0.2792;-42.0149;
923756.485;500196.601;555886.015;508.6010;2.2317;-157.4853;
843924.772;846557.700;441591.900;1.5376;2257.9513;40.8140;
790792.875;521648.820;498147.603;41.6815;95.7705;-66.6310;
736483.941;549738.041;593705.183;130.6483;227.5633;324.6673;
807550.585;527356.834;189925.201;4.5708;-20.3820;-1480.0265;
263063.110;582137.508;297884.710;-3847.2735;415.1505;-888.5113;
740232.239;628116.083;584261.845;47.0945;91.4562;-238.8616;
834465.176;399074.579;532981.342;2425.1732;-139.2805;231.8500;
694522.037;571913.228;567199.888;0.7008;-196.0159;-13.1072;
823904.748;436916.952;510270.904;412.9781;-255.4116;-89.4553;
767693.900;166247.869;450897.332;66.5359;-840.6572;-123.6255;
760967.907;507243.907;513172.884;15.4897;-11.2289;120.2528;
734955.641;687479.789;478004.230;-2.2816;1188.1057;-5.1353;
807126.829;689767.621;550335.095;-0.7415;322.0956;22.0019;
777914.269;623458.056;503326.027;17.1784;507.7239;167.9939;
381463.760;534815.683;482962.118;-1178.0481;211.1735;-22.6204;
707177.474;434458.668;417995.671;-61.6086;-20.8092;-217.8696;
730324.979;478938.446;39723.240;-81.7453;-88.4069;-5607.1425;
842168.545;562305.801;179852.899;22.1927;-4.5439;-1426.3079;
900087.990;207878.564;544961.211;396.5174;-1386.7414;-34.7053;
742441.502;593633.031;570522.878;-45.6182;-121.4072;-111.5705;
681644.184;412191.279;415142.540;110.7199;-6.3658;8.9396;
709008.100;486090.761;95549.223;-47.7842;-9.9381;-1010.6690;
705472.897;450891.122;312995.549;-40.0174;10.2943;-384.4080;
837260.517;566319.738;582747.951;285.0421;-246.0005;2.3352;
189202.756;553965.468;431159.029;-1552.3590;276.4751;-311.2505;
752708.740;467124.249;448777.668;9.8214;-27.8150;-84.6215;
808272.582;521227.273;763238.052;11.9386;15.3235;1986.5786;
753385.619;514403.332;495109.074;2.6149;19.6210;-66.7347;
687629.315;516990.863;526023.989;11.7417;37.2709;16.5919;
743193.078;646088.161;183655.742;-36.2365;362.8578;-2899.3093;
810142.581;438194.286;566245.446;-50.9185;-3362.2375;13.0222;
738035.535;505376.820;549840.607;-111.4421;-70.8516;97.5159;
654784.580;450411.641;456672.292;-147.1288;-62.1332;-23.8223;
794702.152;512300.214;769268.963;84.8829;122.9653;940.7727;
687988.091;576747.361;381159.139;-7.4668;120.1387;-475.6279;
822807.912;390614.317;416359.101;8.2202;-104.8385;26.8081;
845066.534;539809.973;574873.279;-0.3716;-329.5333;-1.3604;
822891.624;587422.875;580285.599;1.8769;21.5777;-29.3264;
765529.920;388356.190;388416.353;-26.5301;-0.2847;0.4938;
733747.819;310312.977;484347.961;-18.4674;-846.5143;-96.5620;
640357.225;510745.370;510440.398;-2.1928;1.7730;-9.2917;
788993.814;699600.637;454441.838;-264.4022;1453.1808;86.4608;
555455.459;570295.184;555525.217;-437.7335;1.9036;-84.7852;
164767.393;376003.098;482296.937;-2274.3569;-377.9734;-52.8573;
795844.588;579283.172;614271.334;-125.8788;-50.3333;108.4722;
675526.179;566469.768;568979.364;77.5550;131.4376;3.1009;
753733.045;664736.739;504003.282;-305.7564;2730.6795;74.8738;
628454.342;450681.999;321935.983;-518.7541;-128.5040;-781.8524;
737296.738;556919.768;494862.636;13.2436;250.2290;0.9578;
630376.064;476516.069;465115.872;-752.9782;2.1700;-31.1453;
667025.264;592305.663;591317.247;-27.0468;0.4806;2.1101;
570351.066;490316.976;352759.812;-554.9091;-32.2857;-342.0448;
771475.263;593270.867;591236.105;-55.1886;38.9409;-292.5944;
757416.309;394860.397;855525.415;-7.8894;-163.9069;1181.5850;
725880.044;545992.277;279845.423;-3.8059;2397.5260;-603.5450;
756820.284;602950.016;531175.471;-15.8835;149.1492;-2.0589;
791786.276;391003.432;333432.574;-113.2770;-1.4066;-414.6060;
853355.363;512254.078;404129.753;447.9350;1368.6537;-318.2325;
748833.255;553463.750;348562.119;-15.8992;177.0793;-539.9225;
732759.095;624213.150;752223.387;-3.3228;20.1095;364.7639;
698202.018;528222.810;518487.019;-257.5162;-22.4095;-134.8956;
730394.390;422197.132;441243.943;43.9019;73.3253;147.6937;
546473.479;447807.820;407723.055;-887.1640;338.0816;0.9570;
847429.593;471783.424;481675.013;5.4096;26.8697;30.3735;
