# This file was created for the Modelling and Simulation course, RUG (September-November 2019).
#
# Project: Simulate colliding galaxies, using Barnes-Hut algorithm.
#
# Students:
#     Stefan Evanghelides (s2895323)
#     Hidde Folkertsma (s2759799)
#
#     X         Y         Z         DX        DY        DZ
237425.072;445860.368;441834.043;-36.9133;33.2296;20.3056;
267667.093;400715.495;402477.679;663.3737;-28.9934;1676.7691;
177059.088;480229.126;446605.619;-4.3098;-590.7612;-671.0443;
216483.910;396594.305;396420.368;6.8158;1.0513;-0.6396;
141272.776;612965.366;549425.686;-183.8401;198.9506;-548.4468;
494815.975;827168.334;538238.229;461.9513;3882.5458;43.4347;
317233.447;466505.171;404710.480;10.3787;19.6600;-175.8615;
274593.640;594616.582;790210.497;249.2710;110.2510;2107.0880;
315172.718;502755.317;504397.020;41.5970;2.9182;-10.8711;
269581.793;409581.050;403842.627;-22.7157;-80.4770;-46.4787;
224631.297;410446.991;493600.297;52.4803;-28.2093;15518.1738;
206170.702;594732.528;230511.711;-10.9289;33.9130;-3115.7358;
306784.940;447533.510;569798.946;201.6996;-274.3986;249.3121;
153234.938;389366.171;380396.536;-45.7471;-423.1560;-465.8076;
288997.893;374915.393;374219.046;1.1195;3.6774;0.8843;
307872.983;661159.666;585194.997;-5.7176;684.9986;335.0378;
266479.368;578408.654;632568.680;-12.0182;57.6398;199.2294;
221242.656;502417.594;559833.786;-90.4784;0.3246;170.9152;
377564.963;506700.296;496686.633;2440.4669;-38.8851;-78.7427;
281126.295;510238.394;394345.957;156.4767;40.7933;-321.2118;
14467.624;570254.575;604984.808;-657.9458;-6.9158;686.0971;
159341.406;776260.433;587273.566;-127.1068;811.4231;117.9417;
184172.969;497589.657;806679.035;39.0796;-2.7735;741.6678;
138209.358;468921.972;456821.035;-559.6001;-73.9074;-99.2149;
246520.234;484364.982;499641.038;21.1177;6.1778;68.6519;
299701.009;432759.825;432633.476;-3.5025;-7.8634;17.5949;
274168.150;497293.120;476344.880;10.0903;110.8754;31.1783;
532594.882;506349.567;519347.008;2229.5341;-10.1481;51.8661;
284862.112;437139.035;581232.490;-40.4127;-8.1705;948.0652;
377744.500;474651.761;733573.567;-4.9188;31.2946;3652.4949;
209688.987;395372.149;431837.926;-236.9387;-1074.2447;-15363.0300;
292271.771;419486.308;471565.856;-60.7018;1.6178;433.4837;
304112.690;379644.498;379669.081;-45.2824;0.2580;0.5403;
244162.104;595156.907;630320.198;-41.6732;11.2718;200.7619;
281633.519;732181.695;540458.007;33.4796;1266.9472;41.5545;
282183.259;670228.022;584634.811;149.6526;1332.2990;211.7055;
269704.212;589634.324;590818.108;28.8357;-18.7326;-0.2704;
321436.632;494724.831;494778.172;-11.8856;-1.3789;9.5980;
229775.206;496748.722;481143.947;9.3180;-35.0747;-218.3227;
185660.765;562154.646;612400.163;-201.4576;120.1595;405.5122;
245098.396;3715.573;539300.278;-0.5982;-1151.5132;4.7165;
558225.942;515974.484;443175.761;641.0458;142.5248;-153.2010;
62312.410;584464.775;536903.670;-2981.0591;149.6815;161.2639;
553788.188;729614.246;580153.616;599.1668;1073.0589;598.9592;
276627.016;882286.735;503906.137;29.2365;990.2385;78.3679;
259239.265;332038.171;401825.051;251.3023;-254.9763;-1.2854;
272030.917;572149.313;588431.322;18.5818;-9.9780;970.9965;
178549.309;144994.767;472135.703;-11.9799;-936.6676;185.0328;
211424.052;636449.979;517542.032;-117.1293;244.2849;-69.5012;
421645.649;570722.529;532317.218;288.3237;89.5051;-288.4036;
237579.123;578444.128;535476.692;59.8328;191.2748;52.7929;
545297.755;146283.204;547507.638;832.7250;-1266.9735;3.2481;
184356.130;275857.918;487136.224;2.4834;-602.3252;67.5208;
164603.096;492341.526;438219.728;-364.3887;-40.3828;-293.5873;
261691.875;299977.984;478634.774;194.8050;-408.6765;-13.4454;
89843.634;528447.025;525107.332;-222.1663;5.9692;-6.3185;
213075.557;442926.279;483323.506;5.4209;-108.1483;37.7366;
242705.464;427589.184;589823.641;-25.5821;-2512.6245;-43.7121;
245717.668;583459.206;641968.558;1.8885;397.5395;487.2548;
379977.494;611945.967;919585.098;452.2244;359.4019;18258.9849;
259953.493;502793.550;284658.651;64.9769;11.7576;-879.0781;
199022.055;515317.149;957021.570;68.4643;-3.7287;1439.6833;
276435.365;499293.052;498726.473;68.5685;-141.6436;-64.3909;
265987.064;504355.310;489273.865;291.0520;-99.1388;-44.8996;
278488.310;553298.794;354310.058;40.5923;169.6099;-334.3454;
314122.744;408081.129;571559.236;-4.8477;-806.9966;2.7423;
197423.913;475532.576;425962.717;12.2110;-47.1619;-197.9395;
640966.929;361861.070;509935.046;-1931.3891;-1777.3450;27.2810;
227189.419;584116.423;511746.008;282.4684;134.4185;-3.4703;
287358.303;558098.807;554086.898;-34.0139;174.2409;13.5370;
302622.970;451419.943;495651.153;-20.6637;-92.9657;359.3944;
326197.177;554060.999;484453.906;-25.7553;-96.6452;-426.7316;
144598.954;453223.284;468710.374;39.8473;-67.3081;-24.1039;
128229.275;506240.312;678257.837;-154.2131;55.9477;551.4689;
489402.371;552709.599;374864.697;588.3939;129.2771;-371.3860;
181735.687;392417.782;581446.542;-432.4739;-263.4915;274.2014;
300109.114;613206.471;315026.851;-152.5138;81.9088;-1398.6415;
277703.096;450214.749;529177.168;-8.6763;-447.3810;174.3097;
230748.203;577666.895;276256.422;161.5946;55.3531;-1801.8311;
197823.478;366748.611;445666.673;-3.1878;-1152.1135;-180.9888;
296349.159;481310.923;217607.982;251.8899;146.9027;-1212.3867;
214570.391;532876.225;622374.590;6.5448;8.0928;301.5707;
264793.045;535411.164;469594.753;53.5619;204.5789;-31.5032;
208822.959;893033.097;495732.420;30.7115;860.7006;-1.5053;
175362.031;489726.226;533396.547;-30.8853;-170.3420;-7.8867;
343871.224;231641.148;427415.040;-1.2532;-658.5329;-54.2347;
176749.508;477701.282;485410.185;51.8154;-2.6332;32.2501;
187408.953;38625.568;407820.487;4.1817;-1253.5538;-134.8258;
707669.709;674086.767;502686.467;1087.7863;5079.9381;36.4366;
589149.505;557613.556;500017.053;892.0361;-14.2476;-360.4306;
213162.662;401646.357;397376.882;154.4248;3.0665;-10.1406;
241498.300;437440.762;441449.204;-35.0416;4.8652;104.2418;
160580.216;475617.422;231217.342;-188.4084;17.1432;-799.0336;
383000.916;500611.725;83373.830;471.6970;31.6331;-1047.9632;
201610.756;371264.285;371289.034;0.9241;-0.1246;0.1107;
239258.693;43932.834;623180.665;-7.1302;-1083.2632;284.9264;
208273.252;317919.620;419932.292;-153.6607;-11.0621;-244.2885;
198159.985;470024.037;469018.541;33.2387;61.7195;14.5171;
243679.214;215095.668;519236.162;7.8842;-1280.8103;-118.2619;
272454.723;386358.544;478923.252;332.4147;-54.7693;312.7174;
184362.491;396532.987;384487.907;-53.9765;-181.2664;-155.3214;
194658.131;467525.667;851842.337;0.5083;9.2481;863.7307;
233321.607;764925.614;199931.736;-16.5758;1281.7696;-973.3773;
318048.134;403612.933;416780.537;-25.8085;-38.9258;-332.0399;
247987.952;432922.938;292916.164;30.1298;-890.3014;-778.3965;
196224.000;431349.328;75756.725;-6.8385;-141.8318;-1273.1467;
168054.903;723303.394;109322.122;-815.4371;1156.1280;-3507.6872;
280474.659;539327.184;489449.839;-156.6947;77.6834;-358.0554;
245154.641;354691.615;517804.502;-138.2308;-449.3793;61.7141;
196150.438;606545.006;471877.317;-576.3609;521.4718;-8.8291;
179788.525;468141.345;446572.048;57.5618;16.4570;-86.2924;
303775.044;384176.036;385253.797;-65.4975;-0.6948;5.4231;
451989.733;538062.451;328882.979;573.9105;193.4738;-485.9998;
213686.826;417790.247;437411.569;68.2545;-159.8157;9.6660;
159242.017;810072.149;457078.870;-246.9579;1187.3407;-663.4424;
225496.817;380973.564;747902.519;40.4389;-398.4248;892.5776;
320709.581;557097.609;631644.135;65.6369;-58.0282;392.9208;
233136.305;324141.699;490498.444;21.5907;-438.7560;100.9290;
289694.372;522799.195;533847.534;-77.4306;-2.7790;-56.6076;
588467.902;441316.442;538846.200;1242.6532;13.0935;596.2796;
204771.127;514189.952;534141.566;-5.3262;11.2521;-123.1341;
267591.192;601843.265;584471.433;35.6936;66.2878;3.7863;
544280.901;757727.489;555883.980;713.5328;2661.6609;-19.0555;
346307.764;497985.734;514416.660;-9.0135;1.5403;43.6057;
229668.044;560257.285;557698.092;5.0349;-134.1826;-115.8607;
290122.887;583707.375;604930.880;-10.8613;-197.8780;1.5572;
246114.769;459305.329;432920.700;-11.3219;9.7851;-49.0006;
221990.410;328805.756;521447.548;77.9658;-546.9213;71.3272;
294837.826;471019.240;297830.320;-37.4942;160.6676;-3948.0767;
346681.088;466498.465;533208.722;179.9543;-149.5121;-59.2610;
162213.664;422021.300;408013.543;-691.8081;115.2816;0.2670;
107542.869;426792.013;424540.242;-157.6875;15.3738;8.5121;
275693.278;282210.453;908753.975;-101.7351;-591.0567;944.7946;
220135.162;721827.454;377104.580;-45.2799;438.8216;-459.4634;
178461.449;723230.544;493415.114;-8.3085;865.2536;6.7168;
292729.812;591989.867;592159.522;85.3244;7.0049;6.3799;
255813.287;522513.138;567996.275;79.6700;-36.0823;-48.6354;
207544.156;509933.409;449401.561;17.3844;307.1658;-347.3461;
330039.168;243555.526;504638.810;-23.9723;-1408.1953;-41.9814;
455014.249;497463.569;565813.005;596.5561;-314.9648;14.8133;
289291.922;443633.890;308961.393;-181.1773;-85.5625;-567.4200;
269577.376;752742.854;484416.518;99.9489;1032.3044;40.5588;
174142.786;260534.056;454227.306;427.8354;-668.2289;106.8104;
246985.598;458709.434;475234.320;-39.2154;-71.0718;-53.8164;
292857.890;481724.262;762810.473;-763.4539;-260.6272;1140.8735;
233784.126;509128.746;363394.256;-338.6917;-15.4871;-668.9788;
182690.185;442640.943;373283.822;74.1480;-25.2586;-294.9374;
319959.220;576705.497;652023.861;90.8038;185.2205;616.6797;
177384.111;599143.391;590671.769;-1.1956;14.6834;-14.9315;
307022.329;562243.216;365426.499;-11.3795;270.4868;-444.1851;
158432.768;653069.893;440130.351;0.9109;922.3813;-42.4810;
306310.581;657281.719;445918.847;36.1864;686.2408;3.1216;
228443.440;452769.950;503332.949;-504.2987;-313.9789;148.7956;
386760.647;517083.779;577431.422;1213.4650;-71.5112;51.4797;
247652.782;561394.470;456774.111;24.2584;339.7885;20.2938;
353417.527;483065.570;520051.075;140.5540;-54.4511;80.0768;
533112.532;709492.658;617803.536;841.1915;707.7490;451.2595;
314033.867;568162.625;292121.815;6.0361;285.2431;-814.3129;
184654.041;223618.743;436206.736;-589.5173;-760.2010;38.8283;
379984.533;797723.418;637480.777;385.8958;638.1987;309.2447;
289405.083;450321.182;410144.163;-28.5023;358.1435;-6.1584;
220081.595;419683.745;607896.774;49.7424;-200.2024;764.3714;
158115.657;590688.004;598090.098;7.6879;-73.6844;4.0406;
365714.560;437023.779;58216.477;-7.2872;-226.3106;-2289.7990;
191592.561;448388.570;418650.987;46.3483;25.0568;-72.9279;
302394.837;710079.452;504748.950;77.8331;3547.9256;-20.2584;
277652.514;617019.800;617936.298;-33.1779;-4.4822;-0.6758;
320343.095;574585.005;582339.973;-0.7470;-36.7241;24.5554;
220859.893;145365.824;398645.363;-1029.1074;-729.1051;-228.2953;
530010.474;174847.909;444533.947;1423.4771;-573.9800;116.2049;
228870.248;867051.827;437859.010;-6.4125;1004.0626;-55.9060;
808403.954;520305.513;148191.073;1215.7986;-201.9868;-1038.9251;
297485.570;570493.935;510043.369;65.7819;-4.5832;-237.8553;
200130.324;575382.548;554383.059;-279.8835;22.3947;116.9791;
299612.449;365745.183;490886.318;154.9381;-306.8706;-14.5088;
249692.209;410138.367;459930.760;-142.1025;-73.5889;79.2074;
265392.546;632670.433;517066.599;161.2816;302.2621;-175.3326;
363776.938;571161.926;604136.171;788.7883;20.5159;346.5820;
262558.632;324265.811;401880.274;-17.0571;81.6377;-93.4320;
256539.761;500714.357;560866.630;-36.4949;53.7572;245.2199;
316453.635;658605.311;507752.870;206.1641;508.6776;-311.2589;
390912.579;590256.358;592711.699;443.5582;23.8969;12.3948;
368772.706;423080.001;482139.051;2.1292;-377.3843;-248.6384;
320336.031;535333.093;901003.754;166.2704;214.4333;2582.0689;
252887.099;508619.191;462952.906;-7.4850;978.8673;-83.6598;
219843.829;526048.362;455604.592;-2.4902;149.4106;325.8707;
245144.793;406872.013;472178.448;-20.2949;-270.8493;-87.4524;
215104.958;420477.852;452110.137;-43.0745;-294.8047;-48.0741;
218857.144;542032.451;523616.232;-92.4777;18.2159;-99.4172;
315982.646;587111.540;479455.981;-17.4187;25.9116;-758.0900;
291090.266;536794.720;95121.860;58.8771;27.0509;-1499.0871;
279534.477;248393.404;499114.185;-84.9089;-1273.7166;-26.4320;
192996.096;390363.352;417917.059;-81.4225;-559.3669;-270.9154;
345880.455;499982.973;478428.744;-2.4688;6.8037;-116.8909;
87119.768;459277.783;447359.845;-456.8881;108.8116;55.4862;
290405.904;402490.102;413859.416;-329.3794;3.0315;51.9148;
332876.202;466665.675;475338.644;95.0687;-131.0610;-64.2575;
131950.750;573691.391;575738.159;-5.4288;18.2831;79.6172;
811946.091;641315.080;543142.771;1339.8396;13288.8836;83.6402;
50001.773;352432.162;491231.133;-400.3746;-330.3277;-4.0459;
304561.464;528652.168;486345.611;126.3387;791.2128;139.9835;
248973.764;792189.038;506021.056;10.4500;675.8016;2.5610;
776125.965;557625.236;384942.802;2602.0150;67.3218;-1054.6205;
819684.363;481816.015;426247.774;1745.2825;142.5339;-27.7458;
260875.646;559535.493;426409.223;-111.1283;21.5430;-446.4987;
460482.506;424721.919;556554.608;372.9772;-202.5401;116.9177;
222577.522;464016.688;419355.183;-47.9879;235.3932;-12.8611;
202782.752;581479.759;575244.366;-5.3711;-2.0804;-21.4426;
266929.267;617534.065;617485.896;-14.3801;0.8256;0.7192;
532020.300;573758.319;571428.607;2394.0179;-75.4937;-26.8602;
209466.122;507588.567;522478.454;-100.2829;158.7157;86.6063;
255960.242;601897.996;579460.295;279.3921;80.7655;-2.1785;
330929.923;847149.100;500940.430;81.7894;946.0079;-2.1219;
332331.598;574197.763;300538.662;229.8478;-21.9578;-862.2482;
218880.916;485498.302;426617.689;14.9012;-51.6405;-124.9865;
236024.826;485071.700;7087.472;-47.1656;-20.2489;-1298.2703;
310676.562;475426.354;403469.554;0.4685;374.6376;-594.3986;
175222.343;640757.279;470316.079;-328.4559;-106.6861;-6.7656;
288657.573;596717.210;637924.428;32.8654;9.8318;286.1996;
194814.876;420868.346;405634.293;4.1660;-102.9277;-501.6409;
254829.513;256196.067;507475.439;-22.9080;-656.1979;323.9163;
218703.508;482977.138;623103.470;-182.9899;86.0867;1257.4766;
255299.846;545422.575;748276.192;-6.2546;107.5799;1836.5435;
309718.816;474012.873;400966.367;500.7549;281.0318;-219.1449;
196507.438;480736.321;457328.676;1.7406;565.3018;-32.6944;
249301.565;91425.082;396301.055;66.2087;-1060.4104;-226.1878;
234158.683;775733.699;483900.189;-38.0150;873.4602;-2.1260;
172097.470;237118.747;410647.555;31.3913;-1893.0291;-10.9958;
238134.191;287461.747;508357.711;13.7611;-682.9225;-38.7993;
227008.958;592536.930;588452.982;-30.0681;5.3893;-25.3400;
262043.095;724915.316;465723.672;-225.3204;1095.1758;73.5726;
257724.019;405397.478;406574.723;-9.7340;-3.7726;-126.0495;
332744.522;532788.839;536123.965;22.0745;7.8088;60.0626;
112129.132;562510.442;526829.019;-2885.1841;-269.1873;-696.9811;
178436.103;505883.786;509504.321;-15.1055;72.2471;101.8316;
245796.316;584041.391;588515.776;71.5739;-15.6393;-5.5719;
227474.944;389751.894;391114.389;-189.4659;-12.8001;-6.4451;
117454.418;514411.903;467069.260;-0.5167;-31.6840;-167.9851;
250767.838;508642.102;868992.659;22.7716;-6.4286;822.2627;
224030.547;507814.528;480912.341;170.8361;101.7792;-2.7793;
362708.995;481151.843;466984.332;223.8674;71.2021;-212.4036;
353574.635;517237.666;483497.192;-0.3841;183.8187;25.4946;
269542.052;241117.090;543191.489;6.0613;-616.7138;87.6526;
239674.696;416662.062;491326.309;-21.0305;43.9109;190.4583;
209894.718;551025.093;489511.758;-157.6997;-78.8458;36.5820;
262304.256;465021.261;462393.809;-48.7151;41.1965;-28.8070;
189447.442;539663.574;834040.435;-45.6935;-124.3280;780.4892;
63887.260;407239.318;419499.914;-717.0698;-60.3519;-201.1791;
274381.402;433732.377;443776.382;-2.3506;21.4284;35.7690;
121579.778;527459.643;524760.922;0.3274;18.3700;16.4903;
224599.525;519914.831;513398.347;42.1737;19.7010;-14.7215;
205343.181;560811.134;607796.333;1506.0261;-5.1402;134.8414;
187408.106;464659.077;655541.058;-2.2925;-518.2141;601.2030;
319472.768;431733.123;389283.538;-22.2421;-14.9035;-208.3317;
230793.860;889173.486;412355.054;-99.1820;954.4102;-322.5156;
286655.839;537164.609;538847.076;-31.5507;14.4076;43.2440;
347950.160;551229.744;474473.030;9.7219;169.8286;-22.6776;
113757.935;490399.014;493728.692;-0.1583;14.0632;50.9301;
174039.025;625752.048;507222.165;-345.3021;863.1997;22.7976;
178353.331;654258.306;588231.508;-164.5406;220.0742;127.5339;
348380.790;497615.071;142982.559;361.6193;15.3811;-825.6437;
328911.571;387193.914;354392.726;420.1256;-16.0897;-162.3198;
198409.356;460480.156;414045.904;-9.0216;75.2159;-80.8508;
139287.145;755933.418;436685.655;0.0225;629.1493;-65.4814;
266638.135;595509.992;544507.434;41.5437;132.7370;-118.2252;
326665.826;496632.396;462085.251;-19.8177;164.3251;30.7204;
256511.129;541656.498;538043.252;68.4491;61.1266;61.4073;
260563.345;381373.016;468350.901;28.2069;-147.0244;94.7196;
179980.600;270928.994;443782.746;26.5663;-876.9678;10.4393;
330128.606;546756.320;565115.666;-0.4057;-59.2588;-11.2705;
213919.547;497683.000;488372.109;-157.3351;24.0873;-110.0611;
170720.502;464612.815;873638.121;3.1716;-16.2507;995.6312;
314142.659;50685.783;520135.806;-6.8037;-7000.4200;-101.4469;
319225.245;501296.967;489607.740;-2.6524;16.3619;-56.8653;
147839.769;522075.733;527409.220;-0.8755;-78.5013;-15.4833;
300621.134;760184.059;490771.288;85.3680;913.0534;-74.3588;
125057.309;504453.421;181974.280;-0.0661;-19.4495;-1131.3431;
192984.250;491222.437;361394.828;-194.3286;-40.0687;-401.3526;
404545.532;503444.459;246745.156;387.5542;12.5205;-648.4098;
343840.641;995062.536;452131.269;28.1248;1333.4208;-199.6650;
244656.719;870475.819;652165.331;14.6959;974.6712;296.0559;
190403.593;471738.082;379801.066;-28.1719;-287.3762;-970.4143;
308232.460;576819.171;832206.237;-37.4837;58.7822;837.1744;
464802.320;408052.541;653011.816;586.3267;-258.5894;388.1271;
294313.156;564391.935;543018.571;27.1479;308.3064;7.0941;
423833.698;502094.802;584952.161;752.2571;-457.3312;-1.7100;
226753.190;441277.330;491050.951;33.1757;60.3403;-13.9958;
824406.232;566183.950;521765.534;2559.2197;21.3149;0.3056;
172298.477;442542.437;463128.040;-19.1704;-79.0324;-17.6901;
320755.974;956306.864;502412.270;154.8286;1728.1272;24.6811;
680439.958;650797.436;582426.681;925.5002;504.4610;77.2333;
188868.618;428106.821;440702.863;-346.7900;68.1981;183.3011;
245995.884;507107.054;506932.460;31.8321;48.6142;83.7672;
795205.245;266764.182;469853.772;1948.3286;61.5135;-19.6011;
174991.407;479453.594;439890.225;-75.0691;52.3138;-662.1948;
236878.159;563250.378;502600.931;-292.0311;59.0115;-198.9946;
387895.132;539927.533;680224.859;0.4651;-321.3104;389.9322;
306621.940;212658.934;409882.291;21.6420;-912.9237;-7.1142;
259960.102;458243.404;544749.024;-176.0989;-105.7083;-149.8628;
145092.566;594072.769;415133.466;-204.1170;380.2503;-72.0840;
208097.196;505012.928;448510.253;-30.4895;-3.1407;-61.2913;
265567.279;429348.634;649621.101;-37.8379;-301.6219;240.6669;
594091.997;519163.741;479315.593;750.0316;93.5477;-34.7949;
289659.641;521996.328;917407.225;6.3778;50.2274;952.0696;
167533.516;581538.654;573556.170;-95.9457;33.8827;-67.6976;
851690.439;448143.702;436283.605;1529.1856;130.2694;27.3933;
226536.861;407641.756;225002.311;57.8322;-42.0044;-550.1476;
151178.266;590251.791;460139.941;-14.2548;-7.1488;-994.9409;
261731.698;151053.208;517407.337;41.1098;-1152.9371;-32.2202;
389636.205;524457.632;301868.169;321.8072;-40.4340;-338.5935;
253312.327;37767.369;493930.078;-19.0720;-1000.6871;-14.2655;
255170.439;425148.266;432954.777;67.0697;-26.0003;25.1550;
163735.590;510247.752;466863.829;-309.7869;223.1552;-54.5025;
210729.727;602546.676;639765.786;402.1902;295.4998;512.4035;
318585.127;599217.915;594505.327;163.4594;47.4711;0.0258;
307199.364;427604.101;440594.208;286.0257;-18.7564;60.9855;
418688.027;622430.148;607328.314;299.9564;38.9825;4.7362;
280916.874;609493.779;434530.123;6.3934;439.9210;-0.9438;
228479.622;637703.604;499187.482;70.6186;323.0500;-49.5952;
475155.631;332234.667;530732.299;572.2674;-390.5339;148.3313;
306753.437;517632.634;391292.340;-138.4248;229.2248;-609.2957;
239635.529;547727.790;834790.535;24.9224;65.1390;13623.7950;
409483.438;466108.918;537295.956;361.2868;-55.0567;142.8650;
225995.064;128555.511;400968.124;11.8100;-911.7925;61.6858;
730284.074;372167.972;376512.989;10612.2085;-18.7225;6.4246;
309967.112;255615.781;551503.255;38.4975;-888.4761;-305.2923;
259426.249;568312.213;551700.812;-22.0909;98.1191;70.3680;
185765.317;400229.599;408038.687;27.0332;-54.6181;-25.6738;
91270.931;462012.044;304825.285;-248.3905;-26.4105;-424.2559;
295833.255;395128.213;428265.505;56.2497;-258.9427;13.4669;
239198.535;249088.084;513591.518;-73.2245;-849.8940;12.6760;
238577.884;780659.405;736584.414;-15.0068;573.6315;479.3038;
300208.605;578515.977;533582.881;-31.4492;27.1601;-62.1090;
321719.049;182195.158;513643.640;1363.8571;-1194.5997;-58.4920;
144282.009;546060.201;556285.445;7.3203;-53.1972;-0.0939;
198001.953;427262.351;428366.525;-0.6854;81.7829;16.3749;
255443.341;856527.653;543706.868;22.9340;1003.7259;169.0183;
206690.802;380043.686;379346.226;-25.1504;-1.9352;-1.4085;
242126.405;600880.020;601725.421;-37.7575;-1.1428;3.6994;
263144.604;435491.735;557457.912;6.2197;8.9437;553.6949;
224300.934;481817.316;659540.851;-9.8249;39.3774;922.3872;
232821.608;583922.783;585315.845;-99.3837;11.9732;257.1548;
331961.543;499675.935;514839.713;302.4989;-9.3687;81.6943;
199400.872;561894.798;559107.475;38.2883;12.6732;-26.4009;
152847.803;516066.753;496664.653;0.3187;32.1407;-426.5723;
228970.195;498232.721;476021.773;190.4698;179.3144;504.3023;
234319.532;541187.404;488740.686;0.5179;161.9980;26.1114;
188494.210;510009.967;941567.374;101.6418;9.2156;1065.2026;
231598.854;936718.220;522454.724;150.5809;1492.3213;101.6309;
275267.178;716052.899;430434.376;-105.8563;6733.8269;13.9315;
254346.821;492278.805;807481.569;-50.2342;0.9625;729.7730;
399087.222;496316.669;418040.766;183.1101;-49.5184;-324.1922;
159051.653;500108.199;31096.967;-1.0038;35.2891;-1429.2425;
163414.813;761589.618;405457.282;-3.9464;1166.1741;-1028.1685;
636826.291;476353.063;584524.053;780.1010;-785.9047;-6.5327;
171570.898;555584.920;386653.090;-139.3403;80.4055;-401.3119;
322854.033;449476.150;432984.439;-4.6929;13.0981;-64.2996;
296460.166;526387.328;507215.192;-4.5313;51.8110;-14.7808;
381471.422;580893.926;606616.298;4.0015;106.5485;190.3491;
189356.999;564618.361;574052.444;-0.4596;-5.6236;28.5785;
334571.076;723658.793;584796.088;1266.2838;389.5530;-17.0635;
227498.307;340059.636;612779.761;1834.3927;-587.5010;183.4730;
82526.830;365244.169;400395.627;-318.9074;-1744.0476;4.6513;
248683.990;393040.522;394074.580;15.7089;-6.8579;-2.8254;
347635.192;604023.903;106395.416;-3.8906;103.2975;-4850.3982;
205861.030;496451.052;707070.878;-106.4650;-48.4921;1449.9349;
275844.872;360926.579;385514.052;-22.4041;-482.8136;-517.4744;
168652.199;469818.650;498586.074;-113.5737;-262.6966;11.8457;
428758.302;678675.588;664401.523;443.0112;1096.0975;2317.4025;
302705.999;435874.451;522098.921;-29.8473;-166.0114;43.4345;
250946.897;698033.649;747309.227;7.9011;433.5218;903.2999;
245820.128;459137.731;560771.534;-113.8918;-72.3954;1309.5340;
348349.048;552350.606;489080.691;98.0193;198.0362;-101.7431;
485989.878;471843.486;470115.562;632.8157;3.4432;3.8250;
180453.142;610916.645;605186.067;5.6122;66.9274;76.6100;
11814.428;449947.344;635202.023;-536.8895;-1427.4430;346.6158;
320008.539;177314.862;435081.316;27.8820;-977.6002;9.7087;
135808.086;478207.112;495074.821;1.5182;-21.2107;520.9195;
199697.417;558453.460;260259.151;-7.7506;143.5974;-817.4903;
304133.037;362311.906;442853.235;-19.4231;-215.5111;266.8247;
243967.460;557620.420;558460.978;-47.3040;3.7185;36.9146;
191579.746;683481.670;563847.173;-4.1120;469.8846;9.5964;
319282.552;279644.758;565467.509;5.8723;-1192.4169;-24.5861;
177136.009;405925.522;407870.672;-167.3870;-0.6822;5.7474;
383006.667;578444.270;559183.998;445.8653;43.6755;-23.1535;
299111.430;546892.707;474748.079;-47.3192;41.1447;-333.6394;
246510.342;472996.451;493766.509;-23.4877;-53.9405;9.8356;
199292.983;754669.820;479855.271;-231.0815;6641.2836;17.5742;
149628.448;838360.642;587386.978;-223.7881;1013.6846;129.9177;
100235.657;508127.589;509439.145;-441.4706;-69.6560;-53.8368;
212616.753;470822.812;391227.250;708.0003;12.5101;-664.6056;
320644.841;551287.409;776846.320;184.0154;254.1992;1310.5987;
348291.728;406589.854;399192.388;261.6444;-4.7389;-85.5861;
155545.693;855050.206;79456.361;-213.8210;863.8581;-936.3128;
208415.484;789848.913;580903.550;-276.9050;637.7259;136.2124;
293130.933;783938.222;507891.071;-2.7788;689.4685;-98.2272;
276854.186;496147.406;552812.423;38.0739;-309.4470;14.0164;
280945.085;498585.738;897772.643;29.4880;-1.3472;882.0474;
502018.833;545316.448;558115.096;527.1166;52.5035;73.6508;
296429.955;437560.378;376888.052;69.3468;25.4565;-259.7685;
205248.660;561610.068;622928.385;-305.8461;148.5214;233.2828;
237864.277;564567.987;564984.251;-0.7271;-12.8348;4.4005;
156372.294;124038.334;825178.274;-592.7849;-932.8362;825.5160;
204919.305;506755.036;500004.232;-21.5921;65.4634;134.1523;
305108.193;203397.664;473044.981;-42.0070;-5524.0292;-501.8235;
190699.008;451492.552;468881.491;-560.3446;-3.6222;198.3650;
290346.215;489793.667;245363.192;146.0126;132.7851;-636.8926;
240578.375;541602.996;528261.041;-113.2721;37.3388;9.8963;
195968.564;888184.615;490788.519;-79.5474;1623.2606;21.3633;
270566.362;840107.725;355834.445;47.8820;816.4914;-575.5591;
352946.334;575757.668;573872.715;70.1040;-6.2237;-16.2924;
256359.665;498005.168;116651.687;-12.8314;-3.7319;-846.3436;
223991.182;511844.359;811226.888;5.1280;29.5040;667.3905;
195890.636;467153.431;480289.924;-0.2026;-18.1140;36.8161;
238275.981;762964.379;507526.073;9.9005;569.7638;-83.8138;
319070.144;487861.482;499178.638;267.5249;-13.8055;-11.1356;
329334.118;551447.130;344292.951;103.5902;-125.4635;-333.3195;
712360.856;483217.987;686329.209;973.8433;-71.9889;458.8808;
297609.094;576020.891;576226.573;90.3980;22.8216;-56.6043;
187512.028;450419.128;471113.607;-3.8133;16.0360;87.0918;
247710.408;520789.145;461773.105;71.0209;514.2381;-232.8522;
201911.734;517962.005;84286.494;-58.2767;31.6464;-1039.2090;
207076.811;563736.165;622416.126;45.0149;7.2017;330.6124;
666773.464;503952.560;660074.765;946.0437;17.5376;421.4121;
276447.176;476061.589;463668.299;206.6996;39.2511;62.9353;
137478.401;484827.615;297269.861;-63.7489;277.6528;-964.3225;
309310.545;471969.420;421346.605;-13.1920;58.5020;-102.4761;
309450.877;444159.260;524220.920;2.4357;-21.2080;247.9962;
335620.252;560561.004;498302.479;1.6330;270.8251;-19.6302;
261126.877;549480.877;405903.336;-29.8624;625.2873;-58.0943;
201904.438;456993.557;676850.796;83.4868;-54.8844;2075.8099;
231600.669;440624.362;527637.302;-5.8907;-224.8518;118.3334;
199096.920;592081.249;584024.346;-0.7950;7.4032;-35.2853;
504068.451;438348.888;445502.669;606.6758;-24.2924;16.9038;
319243.686;605423.892;605467.521;4.6000;0.2416;0.5616;
148241.820;454389.244;463163.088;3.6003;-42.0325;-2.5565;
201894.292;482996.762;438227.178;-9.6183;-159.1710;-145.5952;
273305.130;239740.703;599546.575;-2.2109;-959.1381;65.7977;
193593.310;473924.248;493050.585;21.9030;-44.5230;3.3728;
214145.041;524120.437;660729.796;-18.7594;14.9164;438.4817;
349330.165;404629.904;407675.723;-0.2414;-22.6039;18.2917;
164592.035;514818.295;472295.523;-153.6880;30.5395;-79.3311;
343070.742;249223.695;492883.409;106.6464;-799.5094;131.5357;
136853.349;757917.312;583433.631;6.7961;766.5739;226.5729;
197565.981;523307.457;525580.026;-0.4930;9.1903;19.6606;
264776.277;516193.456;493654.852;113.5783;57.9283;-44.9204;
401406.083;556593.942;469459.700;616.3655;-13.8527;-705.8980;
199377.306;550201.092;277365.802;-338.4569;26.6627;-658.3704;
287831.306;559674.738;567722.387;254.4681;-21.8731;-1.7834;
220701.984;522175.892;524395.635;172.1698;-3.7523;3.5657;
21030.443;681811.868;515871.746;-667.8086;568.0220;28.7595;
195709.671;446289.026;417779.768;-211.2475;-323.6972;-481.9989;
501195.665;402927.458;403326.228;701.8762;-2.8374;-2.6130;
245636.654;445217.758;294975.836;-32.1034;-240.9448;-834.2839;
302236.848;750750.388;346793.240;2.2980;778.9013;-423.0044;
207568.474;778154.101;577020.251;2.4276;616.3770;283.7094;
284566.941;232467.400;435165.062;10.2807;-629.3899;-594.6797;
341516.486;398500.650;401624.592;13.0150;0.0652;25.3893;
154359.356;523200.922;542320.885;-707.9151;-159.5329;-142.7357;
354496.665;491572.324;461260.267;159.0601;5.0466;-35.2289;
293438.418;568554.916;528337.786;27.6682;27.9008;-48.9059;
265968.088;573302.701;571863.634;-37.8116;-84.7133;31.0371;
251832.165;557234.962;555110.576;3.7486;2.7132;19.4428;
184243.337;562252.783;46269.104;-32.1227;-0.7557;-2063.4389;
191222.254;736559.374;574248.573;-2.9309;719.0187;263.1740;
313841.933;448033.326;492492.781;-33.6329;-808.7705;11.9044;
62916.114;320378.467;350123.448;-630.0391;-465.0607;-369.7817;
137131.406;527448.598;540436.382;0.0584;-41.0929;10.6429;
194057.207;829323.822;556264.825;-126.8071;672.8499;-16.1305;
181908.134;571354.056;551009.769;-35.1206;-555.0243;-101.4690;
159127.403;408525.612;410887.643;0.9020;-72.6828;-89.0919;
130078.702;511291.276;508363.404;54.3968;5.4382;-64.5259;
436964.929;521449.288;429919.855;-333.0947;27.2283;-3132.5001;
319771.295;477260.108;379197.381;31.5179;147.5980;-203.0269;
186495.233;549900.936;504041.902;0.9568;240.9634;-87.8868;
270641.743;464177.486;341719.650;-113.9459;-201.8786;-862.4105;
248125.865;503171.790;452318.495;-29.8118;-0.8005;-163.5688;
245568.450;475477.834;477933.545;-134.0932;-117.7971;-109.9636;
313487.786;348577.349;429791.128;40.5083;-211.1387;291.2747;
271129.866;782721.263;609124.515;417.4369;1912.8309;5.6570;
215475.058;383628.865;383868.235;7.4563;-0.2899;0.4249;
265195.641;603281.136;494611.186;-93.9011;685.0220;153.8624;
992227.317;582460.130;430328.355;2285.7391;141.3588;-296.6805;
175201.884;515076.880;730038.883;51.8709;-13.4490;699.2182;
153799.936;427139.984;443230.846;-0.3233;-6.0909;-66.1571;
221841.141;409146.349;370586.999;-101.5941;-265.9588;-226.2284;
239419.367;504297.500;453748.053;47.7952;236.9412;50.4334;
333396.834;543155.869;731152.251;266.1962;79.0025;916.0210;
248819.555;544072.336;528480.786;11.0521;74.8170;-18.7862;
178259.515;426976.211;424573.259;34.6746;-15.8384;-8.5235;
96898.464;401091.323;395581.503;-52.9178;-5.4681;-820.9068;
310270.156;543753.097;487478.987;112.3345;6.8467;-124.8755;
633532.115;476138.951;165871.274;851.7033;-6.5040;-1116.3144;
480907.279;531381.004;386532.428;818.8206;625.1589;-312.9376;
167487.580;435887.945;406606.055;-4918.3050;6.1705;-92.3355;
319438.735;534035.747;191632.512;226.6259;-2.9005;-1161.8004;
269564.110;658462.867;958313.746;183.7718;1382.3258;4460.4131;
170873.166;562338.704;558548.567;23.6455;13.7945;6.5647;
189384.381;794693.575;472457.816;-74.4371;1223.7969;1.6399;
62599.128;521206.278;523321.210;-372.7390;22.0320;12.0241;
345432.421;517855.101;843732.428;54.6964;-49.3379;1018.3967;
272303.015;384476.968;453130.409;-174.1642;-90.1434;328.6066;
352532.648;575245.828;582266.443;109.0061;-6.8929;7.6941;
365397.306;547968.455;534337.211;2038.9146;9.7026;-25.2289;
183544.651;505742.614;251339.814;-140.4370;124.6841;-618.2161;
309593.595;552522.827;368545.370;34.1046;35.4712;-326.8016;
268215.627;498754.067;742845.373;150.6563;-10.4548;556.7165;
162798.259;460633.699;492636.389;49.2478;-11.0828;155.3329;
453158.019;540832.157;533144.370;336.8684;28.0959;-6.0217;
320858.564;359611.422;456385.956;-1.6553;-225.3008;28.0054;
177665.417;466163.665;419386.224;-53.4630;-55.2195;-87.7135;
816935.754;415420.326;517718.038;2024.4220;-369.9470;-31.9853;
193294.810;566518.792;537128.883;-0.0346;289.9071;-36.0026;
108825.287;622514.323;615340.917;-277.3813;141.6011;118.2794;
648179.176;639241.317;519296.665;1251.5040;388.1600;43.6963;
272901.357;404424.777;407412.903;-30.2970;2.7413;-212.9297;
309196.460;563310.863;559978.530;-23.1354;31.1096;12.2223;
156863.691;351817.922;620948.438;6.1826;-618.9344;647.2811;
214713.041;507287.459;501429.415;-87.8861;85.1092;170.6530;
229789.298;948153.403;473050.069;-166.5227;1237.0538;8.2661;
353868.735;517197.751;779688.905;271.9296;-45.9396;720.8338;
270109.300;391333.268;430160.640;103.0533;-443.6412;-199.5872;
238433.416;815681.583;34096.539;19.0029;730.1753;-1080.6736;
145000.340;485818.312;482271.906;-9.5052;22.1619;-195.9362;
144669.462;365060.092;343455.587;-0.9719;-648.3417;-1198.4156;
525614.230;486774.576;473376.330;870.6340;30.9738;-4.9803;
321703.716;437523.377;320447.213;12.6749;-13.5970;-769.7977;
128208.743;433042.922;415931.184;-398.6405;5.5221;-30.4755;
146334.709;818937.526;293757.436;17.4628;999.9411;-554.2788;
302725.365;818304.523;528052.746;1.1660;17214.9298;206.4948;
157537.547;500782.935;445154.003;271.8340;-7.8788;-133.0887;
270477.078;420716.851;539764.665;254.6229;-231.3453;105.2439;
197088.599;335882.680;472400.057;-156.0588;-305.3353;141.7235;
223481.822;534325.598;150387.787;-2.7467;68.9351;-890.5364;
781505.886;486717.528;562261.861;43.6889;10.5906;260.8240;
831740.318;536792.901;536248.793;-0.4758;-12.3060;-73.7361;
822130.488;558433.273;249112.295;45.4404;-15.4817;-957.4649;
793746.896;432733.521;599231.655;12.9878;66.3274;2236.9024;
824730.733;476568.655;293317.547;47.7905;39.4520;-426.0655;
759869.087;561363.785;565758.303;648.1303;-71.4989;-1.0952;
982854.305;306806.881;689770.567;678.3813;-613.6184;1031.3090;
694543.891;371583.146;444299.888;-17.5975;-574.1895;-10.2250;
441953.551;513255.410;498311.956;-1622.8416;88.1287;-3.8497;
807240.096;588322.488;602028.474;-41.4040;3.8602;48.1832;
800448.171;654021.857;613181.548;-5.2791;203.1747;0.0727;
852754.076;497793.237;580380.297;52.9672;-45.8982;152.1159;
558366.126;296580.403;661043.030;-656.5443;-615.9812;393.2091;
861601.426;506460.486;594939.709;337.9390;30.6171;731.0768;
806454.498;471591.042;521838.881;-10.2173;-7.9423;1237.4075;
822046.158;578962.854;570572.928;-1.0624;12.8781;-43.1129;
732033.896;494306.918;579695.534;-343.8643;-14.7414;107.3683;
861929.429;178785.343;475779.753;172.0422;-1064.7756;560.2950;
752881.001;416583.977;463119.539;-3.3537;-238.0484;-119.0955;
723116.936;574318.866;498133.172;-200.8035;284.9745;33.4302;
706799.054;678575.460;593666.996;19.0671;201.1491;-3.8838;
727261.757;808893.824;300210.065;33.2226;1176.9344;-527.7373;
834401.319;489174.465;476601.800;211.2884;93.8164;-10.9996;
765881.778;474459.443;471508.334;-6.3158;7.6256;-2.0828;
806589.686;258194.021;493696.953;-33.5462;-663.0991;14.7876;
841486.488;389675.598;400135.481;1.3357;-161.1125;6.4694;
635296.828;460914.804;576100.923;-18.9728;-180.8811;74.0617;
749400.744;268542.875;657324.791;0.9530;-485.5813;414.1052;
716894.385;452230.130;461706.380;-37.8602;-1064.4108;-26.5528;
850199.854;509976.438;508562.087;303.7660;0.1822;108.2182;
941575.275;529239.077;427902.753;441.4270;128.5932;-551.1730;
969045.328;446150.509;481503.242;527.3250;-107.1043;-18.4757;
851055.415;544233.505;572776.983;35.6736;-1174.7486;-23.6546;
733190.558;417802.824;374115.284;57.3181;37.6546;-762.2143;
400349.994;384580.683;464164.987;-1096.5835;-323.7399;72.3038;
701500.833;439977.335;465939.473;0.7209;-1.8126;155.7368;
818284.752;918002.513;565270.120;-14.4172;2705.8510;48.2313;
658668.815;419071.233;422197.117;-7.5428;-11.1525;22.2592;
667857.548;576728.693;564403.004;8.0903;49.1894;-9.9382;
446504.247;399090.087;379713.900;-725.1699;-32.9570;-103.4223;
848113.258;477024.120;789960.646;2.5727;-618.0587;1148.6903;
782189.928;544719.206;528826.867;-15.7159;221.2864;-84.3318;
739772.968;28580.057;572652.826;167.9080;-2781.8648;12.0040;
889013.774;583570.343;482543.258;-0.1040;632.4984;12.0725;
713402.839;524556.469;445237.133;5.4687;256.6768;-255.9802;
821137.807;507732.097;388100.635;-114.2956;1121.5412;-250.7062;
798539.596;654567.656;512471.292;52.1023;879.6102;14.3671;
674423.422;495769.732;420683.414;23.2984;-1396.8996;-374.6148;
797815.541;810608.960;521262.354;42.8397;827.1405;7.9666;
828029.502;476737.122;431382.348;4.7594;254.8668;41.3063;
812447.071;539043.810;606839.419;-43.0138;5.3173;185.7945;
881619.996;566792.021;563471.288;42.4885;10.8335;5.0206;
812911.444;490815.766;568099.177;46.7798;-351.5211;-7.4681;
745945.674;936072.587;520355.941;-16.1432;1005.1414;95.8528;
624202.477;486488.765;487740.516;-533.0751;-16.5521;-19.8764;
930875.257;489582.103;696860.935;388.4555;-451.2307;537.4278;
670173.671;310574.288;508995.379;-292.5355;-662.4944;105.8221;
748393.852;396492.329;781179.823;-32.3961;-260.5619;712.9951;
747801.637;545624.605;485123.192;-0.4189;91.3922;-16.6347;
820003.410;443933.046;445908.327;171.5260;-119.6497;-79.6512;
827291.287;468751.141;499269.361;-374.5551;948.5511;18.5208;
836951.195;508178.235;522658.141;17.2523;-2.6277;15.3477;
673029.897;802699.837;268353.647;-381.2930;2316.3924;-768.1503;
881571.635;192703.323;382115.118;300.3339;-657.1795;-175.4055;
845856.910;490722.340;477734.728;157.1236;48.5171;18.4321;
857035.807;496473.827;462305.579;-4.3490;43.1428;-79.4283;
813939.781;485473.015;558306.287;-11.8798;573.9347;3172.2185;
810388.240;586532.049;402712.522;-0.0150;109.7019;-405.9339;
772886.292;525158.196;380652.752;-63.3719;85.2689;-612.9704;
757077.512;420182.050;390426.833;39.8241;-55.6351;-8.3574;
811692.884;455501.937;477704.089;236.9536;-250.6421;-63.6711;
805633.452;386929.293;500184.580;141.7236;-107.8369;-5.0780;
755810.238;431820.794;529488.700;-30.2012;-177.6483;27.9076;
713054.983;478206.474;470921.200;-8.7803;101.4290;44.4052;
712433.444;597383.479;506927.090;-49.0307;161.0302;-101.7368;
788945.854;516843.548;600072.744;-186.1239;13.1391;247.6999;
772571.490;324316.940;448025.156;120.8928;-821.4789;44.9809;
622811.152;503447.934;277909.221;-293.2844;70.6564;-593.3394;
831025.703;603945.784;592996.301;272.4847;303.4602;84.0963;
808105.964;458432.461;312374.052;136.6206;-81.0208;-474.3399;
837353.349;509063.440;474025.890;621.2901;79.3621;-139.1273;
548362.137;362269.784;506669.667;-670.5644;-929.8396;18.1996;
775918.621;420351.223;529137.691;-2.3848;-271.4747;162.1743;
683703.296;470082.870;514057.857;12.5559;-15.7852;-23.1696;
638023.799;638403.585;514676.725;-626.9680;178.0252;-365.5712;
636641.599;942661.098;574837.234;0.0101;1060.9317;18.1638;
728771.329;664614.634;437125.535;-41.0357;796.7195;-61.6983;
832418.312;184621.650;424822.441;0.0878;-1146.9641;40.3828;
836172.744;604788.300;604640.511;-0.3341;-0.2842;-1.5814;
779155.871;443914.876;406522.167;27.3789;116.6018;-62.6286;
905152.213;578647.268;571753.946;307.8477;132.6759;96.9639;
236213.681;471743.479;574463.294;-2218.4635;-161.9352;190.9397;
755395.134;413863.364;282148.433;12.6989;-424.0417;-473.8506;
765024.541;450263.499;571623.097;-26.7495;-1621.4387;217.0442;
711675.135;590029.783;568178.526;17.1775;291.9544;-0.2687;
600147.881;611237.958;432445.995;-200.6308;914.7295;-27.5013;
698260.268;468227.709;639657.125;61.7187;-765.9388;418.9228;
798360.113;552706.447;777282.849;-21.2959;-1818.9608;914.0120;
757383.862;482474.196;451083.529;-69.8028;96.7571;20.9077;
781117.527;431370.544;587416.127;55.3583;20.6890;478.4580;
721847.235;608706.861;462909.891;-6.8367;-21.3759;-389.9368;
740097.729;524773.010;456120.352;441.6394;251.0105;14.8998;
755305.126;509356.984;429362.624;-178.9538;-16.5065;-202.8811;
942303.443;439942.320;501493.619;682.2379;-255.3110;15.7675;
797456.830;555406.727;531447.696;28.2608;-115.6835;-111.2163;
841083.004;248173.219;461885.305;69.5044;-575.6287;-8.3242;
693225.955;627724.580;627534.786;-104.6137;-0.0995;-1.8868;
779805.588;408785.364;997491.975;36.0862;-1.0510;2951.7501;
671429.110;485513.288;859230.289;-2.9508;-594.3397;1942.0542;
676061.119;263467.848;520595.031;-435.3417;-957.0095;93.2652;
521310.573;644177.467;376571.197;-793.1126;153.1763;-919.2678;
828138.114;464533.742;426758.795;720.8537;-1.3911;-61.6467;
841656.809;414480.088;351347.172;715.4746;-1246.8140;-674.5927;
784295.346;477279.494;485983.243;-554.1438;-86.7855;-15.8694;
658909.720;240205.216;526266.075;14.3653;-704.0186;-31.3205;
691981.091;519523.686;544113.864;93.9538;-89.3820;11.4566;
769687.189;545160.142;601624.193;42.2773;-3.6268;257.6040;
542307.087;580249.454;583368.864;-670.3816;-11.3138;13.1215;
832906.260;387442.922;369920.527;28.1538;-177.5105;-261.5134;
764488.062;937646.056;591481.315;-44.4757;1171.6129;0.2778;
338388.427;581388.582;460443.524;-1454.7221;246.4730;-214.5413;
738758.840;520052.623;361626.338;-20.7304;94.9273;-291.9664;
748976.639;383301.417;433138.876;0.4344;6.4269;90.4693;
720672.310;504446.951;465416.439;106.7500;123.9571;-4.3252;
486693.785;125232.417;545432.327;-537.2014;-966.0413;30.6004;
754908.024;84718.794;476028.342;17.6137;-1122.5733;18.2840;
824779.122;400336.089;513101.831;92.1794;-384.6077;-115.8711;
717036.844;556713.320;585353.390;18.9437;-30.7203;249.0242;
815403.982;410355.495;414899.174;11.2282;-5.2405;-5.0997;
810600.628;475379.605;501808.210;-15.0488;60.6181;105.7782;
861706.485;460831.645;494198.997;295.1380;-47.5791;113.5862;
713128.676;552865.107;511271.900;-81.1966;169.7151;111.8126;
813469.454;575712.490;576318.046;3.5863;-13.2728;-3.0161;
778925.453;520547.921;482986.167;33.1895;-52.9610;-114.1442;
758482.249;438843.060;462785.359;-165.7572;-99.1618;-45.7051;
812126.512;831511.490;391634.863;1.4232;1386.3370;-92.3082;
728825.504;616432.911;473244.419;206.0994;229.0541;-716.3305;
817355.640;435932.867;628756.901;1.1986;11.0529;5271.8099;
585478.983;337248.887;440738.801;-1064.4576;-1185.0201;7.3383;
875752.602;456359.315;513595.663;553.3776;-308.0528;28.9545;
704709.729;500414.203;461171.183;91.9955;179.4325;-3.4098;
724145.459;570757.395;538556.276;362.3265;45.9958;-64.6399;
881741.421;735291.181;463160.315;518.4249;5479.5588;-26.0651;
751097.806;614280.670;614909.551;-56.4651;-18.3560;5.5444;
847053.177;535633.790;531772.058;22.0434;296.4114;10.9321;
645777.507;573708.736;425598.095;0.9801;810.2542;-217.5236;
840264.502;154291.367;565619.957;64.4975;-834.6942;106.1783;
804087.078;532119.046;499826.788;-8.2245;48.8252;-154.7783;
784070.196;819540.626;550010.156;17.9954;768.9846;116.3757;
781804.554;511373.047;461710.074;115.9338;709.2989;-118.7034;
852053.211;515972.722;523502.861;0.0023;-60.4043;-39.3257;
801687.148;409055.386;424237.233;-6.0985;-150.7820;-2.4064;
696526.738;504681.966;511315.717;-410.5725;-29.1988;-304.2282;
541316.651;508011.430;480238.344;-531.4860;127.3056;-8.3332;
697938.112;502305.958;499159.510;96.8055;2.2687;-35.0860;
736607.122;495082.939;158748.041;-27.4129;-10.7631;-727.0141;
762576.939;752595.910;500115.984;33.8320;511.0653;-4.8827;
697486.955;568041.992;571851.517;-2.1667;34.9679;38.2050;
867199.961;437775.087;434606.415;351.6044;-213.3265;-222.1998;
571101.809;452490.227;724537.010;-560.4462;-76.7329;3593.1741;
716707.252;434440.405;496435.052;-38.3715;-279.4743;-75.3384;
824204.910;325964.815;429648.616;548.0441;-310.1871;-0.9320;
842548.016;540019.448;294686.407;0.6078;28.9394;-733.1544;
760090.198;446709.381;446987.927;-77.8464;-500.0844;-173.5764;
814490.447;566368.487;543978.375;207.1546;-16.3969;-79.4619;
755250.698;498429.130;930947.806;67.0115;0.3298;1049.3504;
809029.382;582411.219;591546.770;288.3581;-204.2358;-20.1468;
700645.092;433016.751;430979.950;121.5381;0.0981;-18.0601;
732041.341;432906.214;423033.527;-107.5154;-118.3625;-154.4027;
697217.340;680912.319;580947.192;35.8510;689.5071;528.7996;
743199.665;919750.180;505390.481;-186.7320;1204.1758;-34.8409;
843846.459;447824.751;459835.700;11.9355;4.9947;76.2311;
641053.888;463929.558;398581.681;-3.7547;-32.7769;-198.2596;
681544.139;498488.614;593677.438;-374.5149;-0.3531;797.5880;
672813.931;516209.163;507269.673;8.1135;118.1757;-4.5516;
685677.828;392998.095;718511.164;-88.5331;-989.5489;910.7751;
688450.741;641616.764;381029.006;0.5783;1375.5718;-563.4214;
802577.256;532925.717;530572.420;87.9935;40.2505;4.4579;
665283.773;575698.183;568400.461;-23.4876;57.4117;87.2695;
773222.816;848275.079;646004.133;23.3337;1607.7016;867.8021;
652720.661;577947.637;580203.599;-103.9628;-38.4003;-27.6060;
619453.630;550946.624;639577.150;-178.1300;526.3431;309.6830;
579726.819;625249.769;515046.519;-562.4022;401.6051;-30.0094;
661126.836;498874.607;490458.275;-40.3143;23.4208;-5.7682;
626556.847;541629.123;527038.234;0.0612;-23.4250;-63.7191;
755793.175;505487.464;45530.824;8.9031;15.2898;-972.5812;
695245.801;500335.203;507778.200;63.6190;0.7817;63.1615;
697078.310;496109.936;484348.773;16.4126;76.5954;74.5018;
689977.216;561733.101;567823.471;-192.7294;-11.2598;25.2308;
703791.086;578250.563;605988.849;-167.7699;-105.2012;-10.3776;
756158.650;491114.317;181371.593;53.9239;-9.0384;-793.5899;
816135.166;152752.632;438239.517;-14.3840;-1511.0583;8.9972;
675427.311;538866.089;664859.970;82.0072;-19.9191;291.7160;
634447.553;555876.665;440478.441;-0.3706;20.8520;-619.8665;
698020.477;691741.885;632911.997;-69.0482;578.3163;279.3661;
899691.347;516446.598;537564.131;615.6063;0.8573;64.7758;
738685.231;33756.705;131325.870;35.9787;-1804.9469;-962.6260;
750182.521;433211.064;877616.290;-12.5490;-967.0428;1677.9613;
713769.933;508431.573;499745.828;-1.7823;81.6458;24.0125;
831004.206;589844.478;551108.948;222.3178;-53.1541;-283.8410;
670819.590;600335.413;578136.155;1.9593;73.0947;-93.6106;
935026.038;427227.712;544183.462;583.7400;-347.2926;85.2551;
686212.743;416194.692;511548.467;7.1388;-218.2962;239.2390;
896898.989;499716.858;549613.512;629.5876;-0.8928;264.4026;
746788.620;421965.261;459023.108;-75.4011;-166.9126;10.8699;
656289.044;567163.407;556629.832;1.0303;16.6414;-27.6358;
770085.479;376127.118;369659.317;-29.8970;0.1319;-67.5578;
648303.809;480655.269;518024.436;-171.7275;-67.1879;86.6261;
675926.058;443590.139;514105.127;-210.9123;-32.2806;146.5079;
729464.122;491945.125;512634.240;-135.5631;20.2971;105.5928;
659671.452;510211.186;451640.734;-4.9664;226.9685;7.7695;
791458.772;420438.283;416873.346;-13.5866;5.0375;60.4226;
858553.213;844153.018;301391.679;233.3377;870.7845;-421.6318;
789410.947;551479.454;881313.511;72.9293;17.9098;853.3462;
552608.445;483546.446;945685.283;-453.8473;-57.3467;936.6862;
656980.375;525747.348;509764.830;-51.2067;29.2564;-20.0360;
769113.395;531811.783;266535.734;-43.7275;-2.5724;-3290.1014;
698270.335;554265.357;556994.547;33.5575;-45.3799;-62.8752;
808636.672;913969.792;670375.613;105.3262;961.2235;457.2448;
862091.846;367129.694;552696.063;197.6199;-503.5480;11.3420;
796046.702;603021.884;556440.583;201.1913;251.8383;13.0654;
736672.550;454744.432;414548.274;12.7697;-35.0761;-339.2243;
722588.234;450897.390;460857.906;-35.4580;-58.8374;-5.5076;
704014.693;429131.902;447566.088;-7.4966;27.6264;99.7548;
793041.762;377631.519;480289.949;-26.8142;-760.7400;9.1025;
722144.392;571290.002;563547.304;-68.1434;271.3581;-96.7031;
755095.549;472288.414;478592.308;15.1006;-962.0152;-1567.1365;
730641.965;623630.591;649824.963;-94.8449;315.5948;492.0553;
835989.960;577667.579;563687.616;-4.3705;-21.8242;-42.9052;
667795.645;568081.018;560014.152;-18.0276;25.0281;-31.3771;
763066.007;512866.641;473255.537;83.3769;38.4094;-69.8717;
689228.602;399816.546;304251.732;-0.5967;-5.4639;-359.3154;
799866.224;610570.034;595481.300;-5.6831;173.9689;4.7765;
856085.023;501566.150;509695.712;57.0628;-20.5604;34.6077;
644096.774;473207.512;332631.327;1.5300;-42.7682;-1193.0428;
361578.781;589488.982;586750.329;-927.5340;-12.6924;-5.0708;
737885.293;546825.218;720276.400;-147.9447;72.5665;504.0863;
693076.606;401752.383;401279.361;9.5109;0.7085;-0.1518;
686474.474;510459.097;513448.574;61.0349;15.2541;26.4906;
632822.735;595659.116;560941.541;-393.2315;71.6148;-1.2482;
953566.457;523123.340;701480.640;656.5551;69.8868;537.5585;
511742.784;49656.278;507693.261;-1106.2798;-1496.6843;13.5003;
285470.722;550365.921;455232.065;-2948.4993;-31.5473;-254.0122;
564434.022;257446.553;481617.534;-772.2301;-1044.5365;-275.3094;
702039.381;544169.570;504395.494;-94.2154;38.1669;-72.9210;
685422.224;407198.039;669445.360;-2.6206;-323.1084;498.0768;
634195.886;623185.320;471077.215;-0.2064;353.5542;-4.2395;
761752.046;495924.018;566190.957;-34.1860;-234.9203;16.7729;
574118.881;774228.925;499512.424;-418.8979;730.4156;-4.7280;
799091.768;511740.618;542079.435;-41.3490;-102.7388;791.6140;
746650.672;538377.522;554259.618;7.0188;-30.4148;29.1218;
678505.944;613181.275;638885.737;-4.0651;9.5215;74.0113;
714391.445;506707.287;579626.771;0.4471;-327.6768;966.4227;
669287.998;590449.986;605489.745;5.5985;244.9796;191.3459;
724090.563;488762.177;832559.390;-100.6382;-72.2970;1296.4971;
749315.796;440606.167;911371.052;-19.9942;-93.9826;1375.8899;
682819.345;829008.706;465616.123;-234.3828;1224.4083;-0.2881;
811035.732;596511.838;495162.375;2.4741;316.8631;-10.2278;
950960.592;486922.781;489535.364;603.0862;-31.8199;119.0226;
690300.576;565088.858;592671.585;113.3633;191.3837;-115.1516;
519555.795;505710.489;778728.273;-580.1846;-151.4034;1048.2097;
715417.163;427133.414;421879.118;5.0007;0.0830;-121.0667;
678341.011;456833.245;421936.151;-105.0478;29.5516;267.7436;
690883.232;503815.917;539873.574;17.2278;47.5426;117.5691;
658842.323;752459.364;472442.334;-62.3247;1977.0506;72.5150;
781087.861;503979.751;688641.107;-2.6488;0.5621;401.8337;
678636.225;499966.835;632137.825;35.5152;640.6649;534.5771;
931769.732;720506.057;541325.169;778.2641;1398.2631;71.2273;
874286.100;512796.465;108091.539;284.6389;54.2534;-2624.6151;
718565.616;400207.415;498045.794;-71.0618;-178.4441;-232.8726;
863456.342;459487.985;631286.121;90.1893;-63.1586;1368.0615;
698178.654;493940.361;529040.067;121.7781;-220.3122;609.3854;
794265.372;636999.019;588935.957;166.8964;439.7438;54.6223;
703745.125;283499.059;563483.657;21.3299;-795.0843;-44.9824;
791937.636;553464.006;331752.297;52.9109;126.1798;-471.9963;
638826.810;585705.461;590609.096;-15.7792;39.3664;45.9154;
471005.386;374861.328;507062.434;-5312.8985;-990.1100;31.9797;
656149.382;512425.976;553307.425;22.1018;26.6622;130.3721;
746440.606;889449.353;514635.946;-21.0559;1338.6241;21.2963;
669810.492;487244.717;615290.303;-14.9492;10.6020;360.0160;
652441.461;414730.280;388601.185;0.3588;13.0842;-432.4979;
880809.452;435058.516;495673.168;260.3086;-157.2615;157.3289;
679180.017;550100.032;790248.949;-176.5303;67.1553;608.2608;
745139.762;690334.357;552798.942;-65.4683;1766.9622;3.6832;
959590.657;519348.933;507268.989;483.8769;47.1546;-6.0475;
734109.823;442869.814;575203.338;-83.0166;6.2981;1224.8920;
671512.807;585279.836;525875.838;-95.9738;545.1268;202.8470;
698081.442;517435.462;515247.126;-8.4822;53.5094;51.8058;
625618.170;603906.514;696436.261;0.5793;297.7999;1130.3485;
893133.538;423781.009;431067.131;1082.7084;-10.4310;102.3154;
745341.212;422050.413;719630.471;1.6324;0.7060;868.4644;
703009.587;521738.585;465524.834;-229.9581;6.3094;-339.9479;
788412.161;602401.325;458913.674;15.7717;295.8878;-343.8458;
271079.476;764802.903;156648.722;-1083.2844;563.3459;-1023.2612;
829334.169;407404.349;415103.975;23.7823;-36.8649;8.6111;
775367.781;536595.664;427388.895;103.3478;120.6740;-231.2879;
782410.701;547561.116;520857.149;8.2498;264.8160;30.7217;
928297.902;745616.455;509517.419;476.2596;544.5913;11.8807;
828569.754;653659.379;450182.970;-30.7497;388.8721;-1414.5674;
738610.933;453486.773;536919.039;40.0014;-44.6090;353.9486;
774471.393;592071.481;594298.573;-7.2643;11.4668;23.3427;
735777.444;505119.220;474073.686;-255.0325;55.2816;-32.3703;
681222.922;591067.200;590981.799;5.0929;4.0878;2.4270;
346214.813;309203.897;436397.129;-1055.7192;-445.3811;-5.5604;
886861.447;677747.837;524742.435;-0.1615;620.8412;11.4900;
764531.610;483336.519;69839.085;-43.8136;40.8137;-1107.1710;
758269.630;420281.998;377961.533;53.0327;178.6772;5.2928;
829198.368;452370.663;415345.207;88.2152;391.8805;-9.6679;
837529.823;428821.638;8722.538;-6.7004;1.1025;-1103.0281;
577948.211;674396.718;500665.331;-1482.1472;453.3288;-29.2153;
754211.922;414560.254;462532.049;172.3035;1446.8510;104.3424;
850954.659;657586.205;555946.276;-82.8821;701.0326;-33.0941;
524796.160;482483.516;514500.097;-927.4012;-47.0821;25.1626;
193123.742;455961.390;592942.544;-1883.1954;-77.7623;195.4196;
784531.370;513123.841;610138.582;-92.3631;184.2958;584.9566;
586427.841;476707.392;837478.056;-231.9155;65.8448;1000.4026;
799014.426;524843.383;673919.858;0.3811;28.2621;356.9526;
772703.532;50565.894;691629.393;37.8651;-2225.8541;624.7207;
891201.111;269585.627;781084.800;901.9760;-682.8068;1191.5804;
741836.803;569788.829;669067.842;783.5043;49.7628;280.6001;
732664.764;660511.368;529742.083;-116.8832;609.9978;109.0866;
777508.193;583711.601;744000.706;15.7394;72.5786;1088.5949;
765791.043;379978.426;379800.163;10.4552;-2.0255;54.9796;
815029.738;306221.135;451391.968;0.3177;-430.7023;108.5030;
654030.826;580521.461;571226.658;-653.2321;48.0629;22.6496;
848724.283;603007.587;582666.050;36.6626;128.1312;193.6641;
671294.576;411727.828;415811.847;-146.6054;-47.6203;1.2138;
685330.877;631809.863;489149.017;3.7903;2862.3365;-136.1459;
626708.316;420747.316;433534.140;-165.1940;-421.1165;-9.6365;
100009.451;519226.752;252322.965;-1574.2339;13.4249;-1208.9972;
757968.866;490505.325;458694.574;-12.3107;106.1313;171.3855;
835402.418;464284.700;581503.034;41.8083;-1167.9694;39.8129;
733996.414;46645.501;518049.047;-8.4998;-1009.5859;7.3437;
831705.769;598386.867;493870.013;10.7024;99.8351;-182.4345;
726935.269;524916.636;221616.750;-56.2195;100.5689;-766.3990;
809647.876;543262.241;553469.047;-1.4860;16.2547;40.2423;
845848.389;597171.640;573093.498;-1.2337;28.7277;-112.6828;
374170.012;451526.877;451022.448;-1221.9543;-4.8467;-86.7202;
403202.076;510910.494;513128.081;-642.1097;-4.8716;7.0903;
680954.408;76417.560;248530.664;-31.4635;-1900.7679;-823.2501;
771059.620;588255.315;588343.938;-4.9016;-0.5515;4.7079;
219.306;377043.655;504067.432;-4901.9135;-251.5992;31.6641;
843279.714;818348.308;484041.138;-0.2995;907.3597;5.5401;
730261.123;455071.368;557845.319;-36.4529;-144.6302;261.7409;
657453.833;499981.971;476669.493;5.4358;-101.2046;-215.4975;
729947.254;500666.553;941827.335;-26.6754;3.2183;1004.6454;
653702.418;595516.995;559961.964;-50.1220;-0.9081;-124.2179;
572346.164;456698.282;571656.168;-696.1145;138.1045;2927.7621;
677680.568;428113.834;630265.037;-30.0404;-2928.6691;442.6434;
694898.734;237946.344;406019.418;-173.7058;-503.0656;-16.1403;
839766.314;617512.808;579385.096;4.1783;52.2113;-68.6008;
620282.232;535441.205;436210.290;-224.9632;282.6553;-174.4472;
763385.128;489861.693;501753.907;17.4706;-29.0634;13.9388;
815876.538;502243.200;668373.191;212.0485;66.1169;558.9695;
657468.872;439056.601;437190.455;-58.5631;10.0860;3.3671;
394299.029;493788.252;538231.807;-1321.8703;-62.9909;77.3062;
654086.423;453885.824;469146.218;-3.0654;-158.4485;-51.2518;
752427.632;429246.792;434004.758;-269.0182;-1.9213;-34.0270;
788561.736;610315.041;601311.715;238.4756;28.9341;1.1664;
838099.192;518853.948;513447.646;-26.4719;69.0115;74.8015;
323382.429;407547.139;408701.628;-11183.6419;-4.9817;3.1626;
742405.154;481429.093;609051.210;-7.1325;-38.4843;381.2134;
926928.182;491430.996;466865.370;686.1801;126.2993;-82.0520;
701020.867;573087.610;571424.899;-590.0119;-7.3329;-16.8489;
700997.054;531195.598;627235.002;107.2443;-48.5183;269.4969;
708425.910;419958.182;267354.692;-190.3812;8.9388;-657.6359;
693293.982;480417.299;581848.106;3.2384;-452.1751;122.9290;
848502.990;383397.974;228223.612;29.6284;0.6805;-727.0142;
991113.453;432309.722;535163.479;4818.8956;-2377.7850;-39.6540;
793189.702;408684.186;70023.419;-10.3132;-296.1840;-1314.0818;
699215.199;250435.937;533912.400;-3008.7091;-981.2702;0.5064;
796194.532;484573.132;68880.433;-16.2422;-73.8374;-3389.7367;
713066.972;701298.848;535193.010;14.4723;782.4415;285.2954;
771815.874;640709.677;571775.185;11.1393;242.3256;88.4204;
719173.835;190699.622;605182.826;313.1943;-1016.0141;238.1523;
853365.304;516266.281;485245.126;220.0533;26.0449;-60.3302;
806318.277;514755.796;545246.848;55.9390;109.4759;101.0433;
775917.799;464867.456;403671.300;67.3496;424.6973;-3.8652;
817331.052;409881.597;440857.180;-93.2430;-0.2648;128.6866;
848395.156;547721.714;371152.880;76.2513;413.4673;-178.9869;
748326.633;569067.482;551328.319;-132.8640;171.0215;-21.7606;
796857.436;426936.785;410654.109;-102.4887;-95.8557;-374.1458;
777057.507;330679.837;458181.270;24.2531;-318.9336;-0.3869;
420863.341;469173.121;665768.001;-1313.7200;25.9041;925.8865;
709376.402;500455.672;538084.709;27.9098;-149.1817;24.0215;
784363.891;620429.336;610861.121;-1.5157;40.3819;-0.4939;
684844.763;436665.101;485688.457;-44.9476;-100.6557;145.0187;
649908.435;573646.826;588522.036;8.2991;14.2511;84.1303;
734850.120;405485.842;441347.611;301.9983;10.8170;157.6490;
650346.029;689533.484;605071.814;-209.2937;504.8241;160.3312;
266626.061;499050.755;532445.590;-1700.8880;594.3902;-2.3904;
753099.218;486571.206;614094.068;21.2965;-168.2615;238.8540;
291650.701;577788.493;569496.681;-4631.9434;255.9326;104.2189;
613551.447;505907.454;541565.636;-321.1950;35.1754;210.3224;
845687.128;507280.612;632116.353;514.7627;38.2387;473.1350;
797088.011;411147.503;567605.910;351.1581;-206.1832;562.2872;
690345.253;428764.462;435235.395;-2.6517;51.8985;39.5167;
867053.379;414224.400;413505.766;-0.9120;-2.8403;-25.9965;
823885.904;405844.016;402259.177;-0.9238;27.9054;-13.4931;
477855.515;488370.996;535446.369;-958.9766;-85.2948;58.3760;
797297.278;495686.202;552779.731;398.4594;-74.4771;76.8996;
670789.250;409410.616;379470.738;-4.5920;2.3588;-95.6433;
874695.301;551171.759;33103.439;526.0361;-13.2160;-5386.8319;
131273.012;553647.873;578631.209;-2349.9327;-64.4587;46.5488;
803737.730;139317.979;481636.216;4.0877;-1407.4414;-7.9993;
716763.574;501381.209;713876.144;-125.2452;-6.1084;473.6125;
616443.991;278244.320;410198.247;-187.4449;-812.9811;-392.9863;
809619.282;595298.060;593651.992;0.9925;3.4989;-2.1023;
580417.138;407714.488;340737.602;-169.8549;-154.5017;-2570.1804;
899105.344;620331.921;475302.384;329.2668;541.0327;3.8278;
840638.918;595424.205;541806.536;-6.1300;0.1252;-921.1747;
755983.786;325489.939;512855.289;-10.4788;-459.2463;75.3673;
754635.300;386077.109;537731.764;-168.1342;8.8942;432.7113;
743032.832;635266.252;738756.944;-10.0953;296.5593;515.4116;
744152.319;506260.341;480937.783;70.9867;133.2411;-4.8878;
494775.882;677441.835;529318.228;-995.5518;912.7179;72.8024;
751129.360;381731.450;295528.911;-27.8360;-0.0185;-265.4869;
808102.295;353182.548;597787.558;-350.0823;-1008.2899;47.9442;
699778.246;587063.023;589295.701;-134.7472;6.2309;4.3830;
660276.620;562556.439;550421.111;-97.3599;5.4646;-21.8813;
769385.272;456938.965;269596.864;-9.3385;-123.6480;-5296.6194;
839652.773;450511.233;464597.522;68.1441;9.9590;56.9814;
655628.900;414313.839;402339.827;-15.7331;-10.0326;-42.1444;
733581.325;377574.479;571844.815;-8.7405;-2558.2518;96.7441;
603647.117;559194.018;552906.217;-321.8050;-53.2642;318.2948;
731978.066;404891.242;431606.242;287.4661;-177.1403;2.0096;
746311.940;419567.234;391484.252;371.3999;-98.6796;-281.3977;
729049.838;567157.903;535287.483;46.2789;370.5630;77.2585;
650588.807;413975.307;406580.073;4.9949;56.9633;-350.0743;
752140.577;618384.324;510804.104;-334.4584;386.6030;31.5828;
402943.122;417162.310;424001.386;-931.3399;-11.6438;6.3718;
750539.549;631604.960;631347.750;-66.9773;1.4798;1.3989;
730896.228;453263.010;464624.758;-122.3765;-92.6791;-818.0567;
94833.658;438527.927;553317.709;-2313.4501;-151.5391;95.9434;
700743.913;405564.724;486003.940;-208.0250;-568.6483;-62.8930;
737776.837;421132.501;518289.240;-28.5222;-196.2853;-95.3486;
777473.772;577379.740;568835.294;76.3313;32.3417;-20.1179;
466703.277;543060.680;524836.515;-738.7240;77.9065;-5.2873;
698690.496;511968.988;447349.759;82.5587;136.6840;-331.6495;
812489.833;387048.164;386598.648;107.5186;-2.4516;-1.9112;
670061.826;221244.371;493660.095;-205.3858;-869.4575;94.3581;
749388.016;471426.735;280800.408;48.7262;-36.3548;-456.2376;
752203.401;789014.252;609719.532;-55.7402;1140.9842;0.0267;
641688.960;471507.768;375575.844;-274.4076;0.3221;-113.0805;
651856.099;438628.006;422719.541;-55.0765;-28.1068;-169.7228;
753849.948;856921.453;459432.694;109.8082;1338.1039;-191.4806;
778442.740;534262.578;380272.164;43.4918;-43.4599;-775.9605;
729486.395;591324.003;590935.030;10.0638;-1.7399;-4.8150;
720948.703;556818.000;600000.876;-371.2962;-111.4231;181.6208;
732661.253;411268.317;405336.433;-0.0953;-0.3877;-27.7509;
754222.871;473744.342;326434.298;101.6820;-325.6103;-432.1686;
703290.094;208159.843;495683.199;45.3906;-718.4417;-22.7874;
738036.619;561487.713;526491.770;-14.4122;-341.2475;-108.4464;
745072.510;440667.228;435141.076;83.5645;63.7132;4.0379;
747672.135;833665.066;356167.944;-7.4287;718.5096;-446.7432;
649583.539;532587.241;424753.140;-1219.5830;-6.4551;-674.3071;
667806.098;608030.449;497394.241;-12.2786;553.9279;20.5194;
610216.140;444228.501;39166.127;-395.3152;109.5857;-1115.6598;
723852.562;893184.229;433379.810;20.6070;1280.7026;0.4047;
686850.931;479260.621;417366.352;3.8509;247.3111;1.7129;
720762.392;610154.405;611644.355;-22.7505;0.2273;3.0013;
520916.413;464041.782;581182.553;-4777.7381;-367.2802;79.2283;
749929.529;532875.003;552016.944;147.6957;-42.3420;15.5375;
841698.204;296502.739;320653.169;723.7774;-567.8737;-414.1241;
650341.498;607193.397;577327.106;-6.3930;90.1633;5.5129;
827798.642;274711.667;529576.533;28.3183;-1299.3908;11.5657;
833454.445;505442.133;531566.612;2.0010;168.7973;229.5878;
737245.420;549727.721;485900.617;21.8234;-187.2120;-492.4990;
809690.276;500111.586;504546.727;-36.3032;6.9032;-12.0790;
745239.098;601245.977;424639.475;-73.9388;327.7995;-110.8481;
654380.689;409030.556;416046.551;-41.3693;-45.2108;11.2812;
727559.695;483658.695;443517.745;-17.5526;-199.6393;-224.2446;
816875.931;235266.757;488401.325;-10.9564;-477.6257;56.9669;
778087.647;416104.520;430643.369;-1.2600;-68.2894;-16.3238;
808826.570;337643.275;524601.426;125.2716;-556.3440;-96.7816;
846744.317;548567.089;940377.181;179.5192;182.6224;1115.8062;
81408.235;478133.688;522410.542;-5640.9563;-102.0144;-5.0763;
651231.349;503485.835;500463.370;5.5709;-0.4352;-7.7717;
751009.463;493407.606;736173.787;-8.5164;-10.0387;639.4144;
691265.727;602054.472;597510.909;10.3526;63.5335;-3.9015;
768107.129;535858.103;442169.223;52.0190;103.0213;-181.7437;
814795.162;524795.746;516272.588;129.9446;1.5389;-97.0928;
823792.638;504316.841;790462.175;192.3648;21.5957;1062.2038;
665700.209;585948.742;585960.140;-16.6169;3.1455;1.0444;
788520.642;525846.057;512983.767;64.8095;2615.3975;-37.1225;
824351.763;487827.240;598101.990;6.6006;331.4334;812.3936;
795599.579;508617.684;491666.293;-29.2096;-12.2455;-19.1358;
656821.766;523303.369;862760.198;-299.1979;10.6038;2223.0807;
789157.400;135005.090;449159.609;80.9147;-892.0916;12.3748;
820394.076;421909.490;326731.710;-13.1645;-0.9283;-416.7533;
717065.432;247999.948;314879.287;50.5859;-453.7345;-294.4013;
867468.723;500917.687;526587.276;-0.0192;12.9046;150.5819;
703811.867;465389.189;318003.205;-5852.8383;-1903.8957;-608.6380;
899571.082;426745.383;523843.525;600.5095;-18.2231;872.5574;
796139.431;440265.734;416921.102;12.8799;52.9189;-111.1221;
759736.325;578584.085;610256.176;9.8656;224.3786;630.9921;
716628.587;532515.354;512426.572;-1.3454;54.0110;6.1305;
723189.685;634745.973;518273.950;-0.2324;580.3288;48.8800;
685259.428;440310.924;435821.875;-111.1802;6.3181;-6.0839;
691779.326;358467.111;595379.784;-19.3157;-203.8001;960.9100;
742735.557;583204.091;339866.276;-95.5783;175.8674;-300.3954;
795877.674;323196.930;443136.818;-213.7527;-2070.2816;25.1480;
688129.968;556422.768;2500.626;-0.1111;-298.6365;-1744.5361;
692862.103;527027.000;533619.343;-287.0303;34.3109;348.7372;
812355.919;377825.230;377504.854;91.6258;0.9141;-1.9623;
719081.544;497164.018;546904.160;-95.8692;-214.3514;-36.1321;
658548.400;565920.061;495759.928;19.4977;297.0516;-94.1083;
714791.687;489981.806;191997.178;31.1118;-123.0105;-767.1294;
745763.358;469912.259;486249.613;-208.6557;-131.1254;-260.0026;
748190.017;370316.776;371344.395;-64.7406;-16.6091;-49.7018;
785701.388;574732.358;615226.021;366.2299;63.3521;269.9934;
799986.516;818573.436;512442.224;296.9020;854.7766;43.4526;
737351.314;613795.337;613787.041;22.9209;-3.9919;-0.4123;
745969.084;407567.168;411864.597;14.2121;-20.3519;4.0791;
717201.860;463937.222;456750.367;8.1256;-53.0189;8.8415;
746820.775;501675.972;581246.605;-320.9001;4.7009;192.1999;
762717.386;504752.913;399851.666;-21.4377;227.1540;1.3386;
751595.224;369511.180;369544.965;-100.9844;-0.2765;-4.3059;
618875.195;388891.659;384305.749;-194.0569;-16.6171;-42.0329;
942041.698;500276.967;550151.312;506.6758;2.2338;-159.4696;
843980.087;927843.811;443060.631;1.5355;2257.9466;40.7193;
792340.282;525097.403;495746.462;45.5498;95.7383;-66.8028;
741171.030;557956.468;605435.220;116.1594;228.8631;326.3993;
807717.357;526623.274;136644.566;0.2726;-20.3729;-1480.0196;
124563.557;597069.151;265898.281;-3847.1596;414.5434;-888.5119;
741926.734;631409.347;574983.032;47.0221;91.5073;-269.2872;
921770.769;394059.138;541328.664;2425.1509;-139.3229;231.8826;
694570.692;564839.809;566604.976;3.8668;-198.3322;-17.9855;
838923.401;426142.227;507050.085;419.4292;-481.0643;-89.5659;
770088.411;135932.450;446442.972;66.5142;-843.3827;-123.8122;
761555.773;506851.155;517513.303;16.5553;-10.4179;120.8009;
734994.557;730252.894;477819.402;5.8532;1188.1512;-5.1327;
807059.400;701363.428;551145.666;-2.5141;322.1056;22.4498;
778539.179;641731.628;509376.415;17.4024;507.5012;168.4150;
339053.477;543220.034;482145.298;-1178.0759;236.1270;-22.7202;
704955.761;433724.771;410138.919;-62.0327;-20.3771;-217.7376;
842967.896;562250.502;128505.456;22.2076;-1.4261;-1426.3183;
914362.635;157955.856;545004.344;396.5184;-1386.7422;57.4542;
740810.118;589264.033;566405.501;-44.8502;-121.3409;-131.8466;
685630.131;411957.601;415558.616;110.6767;-6.8527;13.1091;
707287.802;485731.708;59165.137;-47.7881;-10.0115;-1010.6691;
704032.491;451261.469;299156.852;-39.9993;10.2514;-384.4098;
847528.561;557464.901;582870.026;285.3075;-246.6261;3.3443;
133313.545;563887.876;419950.966;-1552.5876;271.4392;-311.4775;
749379.107;466125.819;445731.036;-91.7489;-27.7636;-84.6604;
808719.739;521781.245;834754.874;16.7317;15.4206;1986.5784;
751619.355;515109.459;492706.693;-121.4573;19.5892;-66.7325;
688248.579;518332.060;528056.917;16.3391;37.2433;58.2080;
741888.567;659151.739;79280.697;-36.2364;362.9276;-2899.3048;
808311.375;317132.715;566739.217;-50.8971;-3362.8771;13.8536;
734833.747;502825.881;553367.085;158.4421;-70.8677;98.3208;
649481.672;448213.779;458237.858;-147.3638;-60.9069;43.4453;
797762.142;516726.288;803136.783;85.1719;122.9417;940.7728;
687719.501;581125.074;364036.202;-7.4547;148.6419;-475.6376;
823092.767;386839.974;417480.486;7.6388;-104.8437;48.7872;
845053.154;527945.624;575087.077;-0.3701;-329.6003;9.7036;
822925.608;588205.956;579239.428;0.4992;22.7145;-28.8401;
764540.391;388345.780;388434.126;-27.5711;-0.3176;0.4942;
733081.945;279838.451;480872.072;-18.5619;-846.5156;-96.5507;
640285.070;510805.887;510125.165;-1.5828;1.6879;-10.4584;
779483.676;751915.235;457558.093;-264.0586;1453.2737;86.0486;
82890.185;362391.384;480394.103;-2274.3776;-378.2336;-52.8563;
791226.079;577491.678;618176.572;-128.3088;-47.5072;108.4787;
678319.398;571226.400;569083.836;77.7412;132.7340;2.8485;
742731.994;763043.279;506698.179;-304.6434;2730.7337;74.9290;
609791.794;446056.314;293786.556;-518.3622;-128.4303;-781.9362;
737780.219;565927.386;494884.816;13.3436;249.9443;0.7797;
603268.474;476596.182;463988.284;-752.9934;2.1692;-31.3891;
666070.672;592325.967;591394.679;-20.1868;0.6037;2.1698;
550374.716;489160.092;340444.040;-554.8884;-31.9404;-342.1695;
769503.119;594553.757;580409.778;-54.9121;34.5632;-300.9643;
757132.286;388959.757;898062.759;-7.8897;-163.9065;1181.8694;
725742.983;632306.848;258117.798;-3.8097;2397.6035;-603.5452;
756250.393;608298.063;530220.592;-15.8143;148.0297;-69.8020;
787709.968;390952.744;318506.712;-113.1968;-1.4088;-414.6078;
869481.885;558279.067;392654.584;447.9651;1248.5229;-318.7641;
748260.560;559837.676;329127.140;-15.9229;177.0315;-540.1842;
732640.958;624937.130;763178.840;-3.2577;20.1110;304.3173;
688929.730;527416.075;513628.268;-257.5854;-22.4093;-134.9932;
731971.375;431469.370;446547.232;46.9442;294.4730;147.2735;
514535.608;459962.586;407754.322;-887.1614;337.4885;0.9018;
847656.064;471610.347;482810.232;6.2791;-8.0844;32.8871;
