# This file was created for the Modelling and Simulation course, RUG (September-November 2019).
#
# Project: Simulate colliding galaxies, using Barnes-Hut algorithm.
#
# Students:
#     Stefan Evanghelides (s2895323)
#     Hidde Folkertsma (s2759799)
#
#     X         Y         Z         DX        DY        DZ
243045.113;441144.095;438724.505;-37.5962;-5.7699;23.2482;
334544.229;643855.660;480254.687;116.9418;2887.8103;2197.7420;
212309.148;401250.778;401079.694;1.3281;-0.3195;-1.1678;
177372.826;547681.098;518957.577;-2.0014;166.9524;1.1723;
215089.944;396541.439;396513.133;15.8234;-0.1051;-0.6190;
164295.248;587924.032;574498.543;-31.7346;125.2516;-3.3599;
427124.873;528279.533;531892.396;314.5996;-5.3079;47.2196;
316820.947;463404.514;432909.215;0.1198;34.9691;-203.7074;
256869.658;578124.051;471942.475;105.2819;108.3344;2108.8181;
309039.799;503016.089;509093.291;39.8842;-2.2960;-48.1918;
271358.531;420151.664;411075.820;5.4056;-70.1868;-49.0999;
216677.686;414007.127;429030.777;53.4283;2.9019;122.6108;
233029.481;695082.319;944383.161;-4.4874;778.4597;1621.0349;
207190.045;591124.308;587710.637;-2.8432;17.0236;-11.4939;
190617.492;528373.948;557173.235;9.6027;-700.2966;-65.0974;
273954.762;488055.051;533306.899;312.1637;-264.5641;240.8393;
160286.874;457358.381;451008.860;-47.3646;-458.8339;-471.1952;
288848.429;374363.567;374194.207;0.1470;3.5802;0.0131;
308723.058;556928.409;534580.807;-5.6211;864.3879;335.5344;
263744.507;570414.115;602426.871;-31.4266;30.6523;199.3437;
234901.069;501774.816;534097.043;-90.6016;5.5321;170.0983;
161869.830;512368.751;508641.997;14.4237;-37.3796;-79.0417;
290144.297;36360.011;492807.190;10.0686;-3508.8832;113.2547;
261555.031;503686.860;439562.463;17.6340;46.5034;-302.0634;
221731.523;474356.669;517189.098;-42.2349;3.6942;174.4662;
113812.530;570457.631;567870.351;-657.5635;4.7807;-0.4643;
171763.110;653628.118;569696.813;-69.5133;812.5489;115.2013;
182363.435;498006.110;694660.813;0.8148;-2.7294;745.7134;
205550.460;473562.825;471809.256;-357.6792;-85.2592;-98.7912;
244427.833;483799.848;489238.192;8.4571;1.2106;68.3562;
300153.462;433858.767;431268.196;-0.4928;-3.8724;4.6473;
272576.788;480902.010;471859.855;10.9423;107.1069;29.5620;
241843.190;508254.575;512740.972;-65.5653;-15.6962;1.8544;
292250.488;438316.160;438105.854;-65.8068;-8.6991;172.6228;
212235.938;853073.075;520027.752;-52.9978;1554.0875;-1.1170;
188679.616;435456.408;674919.450;-0.7384;134.0384;4758.2630;
378489.673;471540.814;427112.480;-4.9534;8.0270;-120.1646;
240436.739;468262.597;468120.488;-192.0927;-9.0550;4.2949;
298952.893;419246.430;426119.992;36.3882;1.9659;121.2618;
310443.311;379598.596;379592.669;4.6053;0.3015;0.3930;
249605.458;593210.334;608638.288;-34.4399;12.4265;99.0337;
227075.262;512230.973;857975.430;-348.4628;-1.2078;1319.8785;
70109.255;528246.210;509395.343;-537.7187;1284.8500;41.1880;
275915.769;540840.455;534040.610;39.5772;1272.1821;75.3098;
5565.671;546422.368;522323.339;-679.9258;117.1229;-60.4795;
259687.843;491896.935;552161.529;148.4029;-101.9396;202.9227;
226113.954;837548.520;496715.572;-4.0298;1221.5614;-77.5017;
265853.298;590816.091;590802.695;24.1896;0.3314;0.1907;
695692.605;485237.020;485314.565;2934.1758;-6.3916;-62.5515;
323100.873;494928.443;493652.354;-10.3814;-1.2290;-4.1825;
227941.405;510522.415;513627.240;16.5494;-185.0592;-214.1969;
210189.970;544177.825;549323.947;-151.6781;117.6015;428.5251;
245200.188;177593.158;538578.832;-1.4905;-1151.5005;6.9314;
461402.033;501802.392;467070.735;641.4860;7.2825;-238.4119;
268504.492;488377.277;167021.274;7.2728;-239.5346;-1318.0914;
389858.445;478289.337;460257.003;4600.8764;-162.8403;-125.0456;
257691.766;562116.071;513587.375;15.9779;146.7316;141.8225;
463432.558;567580.551;472569.258;597.1511;1072.9156;912.3617;
274540.990;732765.704;492260.180;11.6048;990.1446;75.2560;
232190.919;370530.603;402124.804;6.5415;-254.9390;-3.4426;
216583.802;458788.539;466160.033;-244.6188;-0.8862;53.2827;
271018.046;572923.960;561922.290;-0.9603;0.0954;-101.7875;
180107.483;286426.006;444210.282;-0.2286;-936.0790;185.0895;
228891.322;599490.062;527584.385;-114.7477;245.0983;-65.9816;
377835.537;555933.679;540227.374;290.9265;112.7027;-4.3204;
229562.952;550146.599;523120.525;50.7221;175.2653;101.0286;
419555.081;337596.166;547477.250;832.7459;-1266.9842;0.5174;
184052.045;362567.999;474109.588;1.6807;-324.7643;109.2447;
188857.316;498399.186;482416.286;19.6331;-41.6610;-244.9293;
232271.980;361505.364;480623.266;194.8217;-413.1114;-6.1804;
132506.431;527669.412;526031.114;-416.4630;6.4780;-6.8401;
210136.068;461382.703;477661.421;22.6611;-16.0871;37.1727;
247648.295;605127.179;594639.480;-33.8164;57.7493;-18.0116;
245543.108;521255.372;568342.261;0.8968;426.7024;487.1361;
311753.408;555055.325;514178.902;451.9147;408.5614;-115.5460;
250756.185;500594.939;417364.868;58.7534;21.8817;-878.2299;
285561.907;464868.362;440425.676;-5.7459;101.3882;-35.0241;
188592.404;515916.131;739630.287;68.7916;-4.5995;1439.6744;
267485.691;521408.453;508420.338;27.7536;-145.0211;-63.7710;
216108.020;509858.474;495613.459;350.1213;-31.8805;-39.8145;
191278.526;837658.647;534032.827;-302.1265;1165.6281;4.5324;
291972.871;163359.985;538107.657;125.3803;-1435.5537;120.4499;
259118.249;527525.900;404798.707;253.1662;172.8266;-334.1698;
154558.786;265150.680;566655.280;-0.7417;-2018.8094;4.8236;
314898.459;563757.358;570843.789;-5.2116;-13.6308;0.0536;
196963.022;481420.800;452568.616;-3.8313;-30.5499;-130.7852;
295015.298;588500.835;585323.176;18.5212;13.0175;-0.8721;
222292.772;578137.803;571491.082;187.9624;5.6017;-51.2004;
571194.190;483920.281;505739.980;1414.4010;-151.6735;27.9835;
234967.245;563693.883;512091.333;-14.5637;135.1343;8.6406;
291346.139;555296.010;555116.288;-25.9134;11.5225;3.6892;
42065.917;504252.023;495342.459;-1185.1465;27.4186;21.8891;
305792.388;465170.853;476255.641;-21.4760;-91.0050;2.8363;
328526.663;558807.799;547784.811;-4.7530;-17.7794;-405.3655;
139296.872;463385.219;472101.440;34.1751;-74.1986;-21.5176;
152272.265;497926.973;594985.627;-160.5495;53.6163;551.3822;
400462.166;537565.506;431077.005;589.1185;94.5486;-373.4621;
262902.756;904800.607;548353.484;2.5739;8212.2056;123.0123;
275253.244;476885.226;475765.157;-6.9988;3.4614;-0.9224;
246529.263;431188.836;542938.270;-426.1109;-254.4551;237.8250;
309653.250;179169.582;729205.883;-0.2243;-2657.2007;1952.5019;
321520.747;600838.626;503690.050;-137.6789;81.8786;-564.5499;
277914.273;458203.626;500586.664;-2.0639;64.4930;190.3794;
206395.784;569064.497;548529.498;159.7224;63.4745;-1809.3299;
198392.039;487511.575;470339.271;-4.2459;31.2671;-142.3913;
442384.926;464613.591;468910.184;6185.2628;-102.5107;42.0447;
258423.226;459406.964;400581.106;251.6993;141.5367;-1210.9154;
240438.345;230896.169;513734.651;-42.6452;-1855.0787;-23.3050;
213741.214;531918.284;576459.467;5.6576;2.1390;307.8249;
257158.513;504288.660;468060.621;45.1119;207.1664;47.4882;
159865.640;133905.002;504993.316;1.5295;-1165.8002;-2.9296;
168619.302;968484.355;497256.909;4.1143;2662.6087;0.6911;
203909.715;763069.018;495800.581;52.3695;860.6685;1.5304;
143134.081;481065.613;695857.872;-419.0030;-36.7239;8050.2288;
179902.656;515251.203;534541.597;-27.3629;-172.1091;-7.4721;
343933.708;331076.698;435657.762;0.0241;-658.2901;-56.1287;
234765.870;143903.357;508628.858;-61.6577;-1155.9356;215.6589;
173905.007;478046.992;480790.632;4.5820;-3.2850;26.7246;
187329.565;227914.367;428175.638;0.0074;-1253.5397;-134.1254;
543986.390;484568.190;496788.444;1075.2480;-21.2124;40.6407;
454467.765;558254.254;541002.554;891.9123;0.3293;-109.3725;
230709.721;464851.316;511181.869;104.0093;151.9442;379.0917;
209166.953;914165.266;471129.248;29.1123;1396.6983;7.1228;
197522.753;401616.899;398898.366;-21.5646;-0.1066;-10.4987;
245259.833;439094.340;425018.579;17.7940;-30.6265;123.7860;
189096.878;473088.792;351636.424;-192.5135;16.5551;-796.6271;
332799.268;495148.929;241587.751;235.4579;22.5971;-1046.1622;
221504.689;585859.871;750153.617;-6.9597;545.8880;2824.0543;
201340.294;371273.556;371275.278;1.8662;-0.0246;0.0392;
241179.570;207489.010;580156.867;-21.1053;-1083.0742;284.9235;
231498.640;367371.710;456848.760;-153.7446;-535.7348;-263.3957;
193924.883;462410.750;469404.770;0.8308;-25.7969;-4.2935;
242365.747;408875.135;523981.197;9.1451;-1287.8189;-9.9927;
245557.974;780099.245;240272.111;-28.7397;2181.4346;-884.7239;
221390.694;398664.326;434281.619;359.4327;-132.2007;270.4994;
191700.586;423774.099;407921.405;-45.8506;-180.5704;-154.8731;
53982.322;541399.435;498626.134;-869.0788;162.1926;-67.5481;
194784.800;466181.268;721438.510;0.3104;9.0840;863.5809;
235823.750;571386.126;346902.979;-16.4512;1281.7208;-973.3272;
321318.857;410451.821;421528.654;-20.7684;-47.6226;16.7734;
243426.588;478469.356;410592.328;30.4422;-204.2361;-780.8913;
196380.903;437390.444;267999.271;-0.0701;-5.9289;-1273.1187;
275737.813;548764.012;434431.512;-646.2167;1153.7235;-38.9783;
303707.566;525161.434;502910.526;-146.8012;138.8083;-9.5439;
377469.170;493418.960;914829.244;0.4267;45.2912;4539.3454;
266042.849;422588.880;511159.538;-134.2508;-449.8378;26.4017;
283489.459;527928.983;472925.089;-580.4527;516.6555;7.4634;
181487.663;465798.894;459584.046;-22.4105;13.2056;-86.2812;
310487.235;384279.806;384388.811;-40.2403;-0.6827;5.8168;
365346.142;514184.148;406849.693;573.1548;-13.0753;-529.9605;
301615.370;489633.241;889499.438;-4.6459;7.6751;1616.6514;
209279.766;429222.948;436461.081;0.6582;-23.3350;0.9969;
195933.317;630074.396;521408.679;-211.6235;1200.3399;-100.8320;
219070.945;419273.255;613136.603;27.8280;-42.4505;892.4396;
311428.905;561265.453;572377.258;55.9610;10.1939;390.5802;
230098.905;390332.358;475441.420;-5.3783;-437.1988;96.5551;
302760.869;524488.362;542432.345;-88.6908;-23.4124;-50.7507;
400832.221;441886.175;461978.598;1242.4155;-5.4078;-15.6728;
204564.367;515777.752;527878.204;6.3589;-30.5615;84.1741;
266250.561;591971.309;584358.005;-0.8214;64.8165;-0.2393;
436507.504;561339.547;559973.930;714.4122;-7.7772;-3.1410;
347329.467;497331.537;507853.450;-6.8211;6.7115;41.8119;
229218.015;575481.815;566519.621;0.6912;-5.6893;-74.7900;
291427.518;604758.027;604754.657;-59.6734;-3.1498;0.4767;
113197.118;561880.509;565209.410;-1847.8674;-18.5665;207.2262;
285126.297;586329.424;779861.305;56.2212;432.3965;1797.8056;
246570.636;457549.301;440085.601;-9.1053;12.2834;-58.2953;
210050.277;411356.390;510204.430;84.0127;-546.7702;79.5397;
187713.816;536276.427;897431.986;-0.2188;-2.4824;1129.9321;
302408.521;454191.507;459362.170;-59.4426;-4.2100;-22.7444;
317420.164;496872.457;543053.251;194.6327;-204.9673;-66.3836;
184557.524;409280.082;408010.618;20.4593;5.8236;-0.4917;
132358.638;425193.856;423387.071;-182.3695;8.1585;6.3908;
291986.005;370638.382;766089.106;-109.3402;-579.6483;944.8034;
226325.990;655567.153;446380.220;-38.6719;438.9632;-456.1211;
179745.770;592582.290;492404.622;-10.5212;865.1241;6.7038;
296094.326;591795.929;591744.707;-15.4846;0.8188;1.2634;
245628.639;526709.045;563293.194;60.4132;-40.2299;86.3549;
205614.297;467710.657;434131.102;7.7491;247.8106;125.4809;
332950.419;429821.737;510945.846;-4.5250;-439.6028;-41.6051;
364930.941;544074.638;563565.762;596.5882;-300.9553;14.6001;
366932.317;493165.850;552796.036;5475.4838;-305.9627;-161.9436;
305395.214;456330.393;394658.254;13.1118;-74.3137;-567.4633;
254468.270;596865.597;482842.714;100.4382;1032.3043;2.0566;
165417.061;361427.701;444474.700;-23.6673;-668.0933;33.2496;
252991.497;467108.601;475871.410;-40.5096;-49.6011;6.5806;
308147.324;520640.274;590528.436;0.2242;-256.1411;1140.9696;
259592.772;593456.807;593484.850;-41.8414;-0.2572;-1.0005;
295037.593;288256.021;410612.466;169.6030;-3831.9081;1.4115;
262473.215;511191.994;462668.108;-164.0353;-12.1512;-648.5491;
172358.011;446457.041;415484.646;63.9153;-25.1213;-238.9588;
305253.026;548489.201;559851.325;109.0244;188.0483;604.6673;
252236.927;496473.367;801397.264;-1.1337;325.3255;1480.2814;
177567.003;597124.548;593156.354;-1.2423;12.1102;-16.5250;
241657.303;488955.824;544289.176;21.7967;-10.4569;202.4144;
308771.045;525368.971;432989.818;-11.7119;223.5777;-449.4088;
158332.868;514518.061;446551.365;0.5306;850.1481;-42.7701;
300983.883;553640.521;445297.387;28.8706;687.5857;5.9101;
292149.172;477008.269;481463.164;-178.1410;151.5888;140.7703;
203533.833;524546.749;569657.794;1213.5817;-23.7067;51.5761;
249047.376;411543.646;137143.218;-14.4206;-839.8139;-1530.1797;
244073.503;510391.880;454142.306;23.5798;334.8828;7.9038;
229625.603;460708.804;661351.070;130.2232;-121.7384;3243.6891;
244613.902;550022.754;831474.763;-394.7676;150.1382;1168.7137;
294750.581;558985.825;566581.041;34.0222;-18.6199;24.5287;
337443.805;489361.687;508378.223;88.5423;-31.6191;75.7059;
403731.146;602647.835;549579.205;886.6007;707.4909;451.1414;
313084.231;525082.215;415150.159;6.4038;284.3512;-814.8495;
180058.191;113493.823;440726.952;11.3962;-3868.3861;62.7898;
273692.024;338445.032;438357.135;-589.5375;-760.6974;-33.4083;
321590.000;701355.510;590778.924;387.8304;638.1966;309.3214;
290224.540;412491.799;411082.780;2.4073;5.1133;-6.1385;
212879.171;456154.328;491455.682;46.5096;-261.1246;783.9253;
157012.211;596799.746;597542.660;6.8776;-2.2089;3.1559;
366820.078;442570.912;403975.060;-7.3635;-7.4936;-2289.7247;
188427.752;444662.752;429887.501;20.5385;23.6420;-73.5544;
290170.111;507018.541;507721.899;84.7411;-29.0874;-18.9451;
282589.898;617764.439;617979.724;-32.7249;-4.9630;0.0909;
320520.186;580439.869;581328.248;-1.8904;-41.6624;-2.2830;
296407.374;249087.048;498273.882;11.5106;-3047.4513;10.3949;
252704.277;255412.604;429615.719;9.8740;-728.2336;-191.9016;
315065.651;261518.224;435331.547;1423.5154;-573.9698;-14.9105;
229836.825;711824.994;440806.432;-6.2457;1099.1845;6.1901;
613612.924;541832.049;305068.123;1415.9409;-13.7785;-1038.9275;
284952.052;570356.106;546036.678;118.6315;2.4627;-241.0170;
215880.581;494676.895;924789.927;-95.7103;-25.6934;1786.0277;
787293.122;563939.286;530493.569;1885.9237;228.9273;-5.9101;
255834.687;92609.365;508877.976;-23.7294;-2155.1170;-97.0813;
241607.542;572795.357;558252.972;-39.0116;13.2646;-58.8553;
288028.368;412040.136;492398.143;-21.0699;-314.3509;-4.5827;
271024.909;421133.942;439507.778;-137.7702;-70.2645;94.3781;
256239.375;607480.667;502429.390;138.4242;445.8468;10.9962;
241722.880;587058.459;548160.849;-77.5196;289.1975;-204.9167;
308629.814;568055.187;568392.663;-52.7529;29.8077;229.4768;
265852.799;358877.461;417058.472;-24.9038;-629.4733;-106.2036;
260390.997;493587.350;522214.601;-12.6228;45.5527;263.7512;
285324.723;581793.714;518742.929;205.8782;508.5999;44.9092;
323939.577;590060.668;590841.304;443.4836;-2.3625;12.2630;
368527.066;479598.753;512726.382;0.2299;-369.1123;-151.4018;
322735.095;502276.352;511105.090;-21.7235;205.3766;2582.1554;
253585.893;470143.352;475778.744;-1.5439;-9.6447;-82.1399;
220281.815;503531.125;451918.676;-3.6403;151.5337;-71.3771;
230709.748;479143.574;481632.154;-64.6381;6.0755;16.2045;
248570.996;447651.937;485656.694;-23.4640;-265.8809;-92.0630;
220369.426;469363.241;460349.743;-32.0375;-343.6912;-64.5329;
233101.008;539063.123;533328.895;-95.4583;21.8357;-5.4758;
318599.263;583207.026;559588.708;-16.6482;25.7435;-100.8226;
282032.988;535360.686;321475.609;61.3618;-0.3875;-1499.0172;
310852.245;442216.625;458406.994;40.4247;-150.0347;-26.7548;
280696.926;442993.942;503111.357;87.2805;-1299.5231;-26.5263;
214248.281;474133.985;459459.013;-158.3098;-370.5926;-283.5286;
377199.721;466214.485;485234.230;1033.4831;2.4915;-8468.5721;
345909.222;499544.025;490444.579;0.5668;3.5203;-50.1238;
131874.556;442763.879;440126.487;0.2952;109.9359;45.0268;
310074.287;401165.165;406176.255;-1.5374;17.0861;49.4792;
318746.442;486235.605;485091.642;93.0575;-129.1074;-65.1631;
196140.872;365410.418;490214.498;-17.2797;-477.3936;163.2751;
132066.178;570982.422;566720.109;0.0448;18.0002;0.4463;
437126.520;804480.355;936055.120;647.9358;1631.4595;1948.2659;
328666.219;544235.729;522782.692;989.2446;50.3134;-61.0034;
608267.114;524765.857;531890.957;1349.0524;-20.2454;69.8470;
110457.841;402310.219;491867.290;-400.3509;-330.3081;-4.1108;
315153.487;420598.651;440531.323;9098.4918;105.7104;364.7848;
287750.361;461437.656;468249.912;111.9014;-31.8233;80.1215;
247405.093;690129.863;505634.223;10.3127;675.9130;2.8011;
110958.507;611280.088;582692.058;-2147.7768;125.5786;-14.3076;
383193.401;544328.648;534369.375;2602.1935;120.5036;-25.1741;
556777.861;461612.327;430276.445;1736.4272;118.3193;-25.5629;
974775.977;476433.514;491743.981;2974.9130;7.2176;243.4233;
277784.666;556419.702;493993.298;-111.9572;17.0824;-449.4378;
249357.562;56517.662;354532.312;615.4785;-1709.9941;-425.7962;
404167.476;455406.732;538994.975;372.8029;-204.4201;116.6119;
228918.523;428812.231;421703.895;-41.8833;233.4082;-15.7357;
203658.296;581708.539;578369.968;-5.2074;-1.0320;-20.7930;
268843.504;617449.957;617431.124;-11.8992;0.1358;-0.0803;
311826.399;579844.580;575103.431;0.2948;-1.7903;-21.8435;
385881.786;21987.013;547229.377;322.5280;-2332.6263;8.3826;
195850.991;416303.386;240897.704;37.0931;-75.3531;-5837.9235;
224006.829;504668.350;512719.597;-71.2717;6.5284;60.6225;
306132.865;554988.700;568148.053;5.9801;-46.4628;-54.7452;
213558.730;589941.401;579977.399;284.5778;75.7350;-4.2635;
316343.952;704303.777;501140.919;122.9699;945.9959;-0.8825;
262414.877;452522.875;457612.342;0.0442;18.6553;43.1613;
298582.458;577496.362;430723.459;173.7450;-21.8495;-860.2763;
216412.359;491542.564;456945.907;16.6860;3.2917;-215.7759;
242925.956;488129.094;203126.681;-43.2011;-20.2577;-1298.2886;
253396.952;699975.967;957552.822;-1.0023;595.6527;1365.7539;
310797.050;431538.791;431680.532;-0.8724;0.0035;0.8963;
212810.131;618636.728;470352.841;-77.4716;743.1609;0.0718;
284153.305;595502.598;594994.094;24.2635;-0.4369;-35.8500;
195015.821;436713.834;437432.117;-1.9219;-105.1479;2.2331;
281823.626;202263.995;788981.926;136.8559;-23537.3514;1304.4354;
258341.294;353264.372;472953.870;-23.4966;-639.5904;-46.8778;
246356.149;469994.879;470018.571;-180.1519;86.2553;9.6060;
256245.735;528255.963;482497.007;-4.1201;118.7983;-29.0581;
265687.120;442221.074;427232.829;134.8124;-47.8107;-135.7460;
196244.123;470286.382;462203.421;-0.0536;-28.7518;-31.0090;
239310.935;251566.909;430454.098;66.0637;-1060.5614;-226.1636;
239078.853;643830.420;484616.808;-29.8923;873.4785;-8.3148;
291644.198;431758.561;354534.176;4.5010;-300.0187;-759.5144;
167168.435;409499.590;410814.375;32.8398;0.7785;4.8805;
236215.132;388595.629;514212.378;4.2360;-659.5357;-38.5591;
21057.349;437425.755;502380.742;-630.4343;-67.4545;469.9019;
288354.819;495367.780;226829.734;169.6060;4.5086;-2520.5699;
231619.870;591733.158;591062.055;-31.5024;6.2263;0.0793;
295805.472;559637.818;460082.250;-222.9734;1103.5532;58.8862;
250088.019;406226.314;407008.919;61.4877;-5.5621;5.7997;
329724.865;531449.871;531435.128;9.7969;6.4287;1.5797;
305171.535;567848.925;568307.129;-304.6664;13.4451;16.3045;
178898.037;495737.257;494292.525;0.7641;62.6383;99.4635;
235117.679;586502.471;589032.431;70.5241;-17.2115;-2.8394;
247776.654;391641.996;392056.847;-101.5927;-9.0340;-0.4685;
117518.091;518839.433;487847.059;0.1430;-7.2300;-126.7036;
360871.669;599313.045;687886.379;14566.4796;704.3219;1713.1225;
247329.799;509711.720;744829.325;22.7681;-8.0281;822.2749;
239331.082;624782.413;167859.944;-28.5083;341.8885;-1252.7164;
204347.015;492718.950;481456.094;-8.4528;99.0938;-3.5578;
328868.156;465846.428;498063.281;224.5606;99.5955;-200.9458;
353627.908;489988.226;481172.286;-0.3361;172.7579;2.7988;
269488.059;334227.477;530273.492;-1.2967;-618.6656;85.4545;
242821.828;410228.906;463797.076;-20.2638;31.5624;179.8386;
10848.568;397691.989;408538.020;-1945.8506;-111.8074;-125.0882;
233933.517;522430.319;484269.063;-150.3961;401.8396;34.5353;
229495.278;482839.938;536928.888;210.1691;-76.3978;319.4833;
270041.138;461939.896;465479.481;-58.2706;-42.0317;-16.4851;
196389.962;542584.425;716185.720;-47.0364;14.3024;780.4959;
172092.087;415876.573;430121.704;-712.8599;-56.7914;-12.6495;
274614.123;430436.131;440206.200;-1.3052;22.9608;-11.1299;
121532.113;524866.196;522467.931;0.2772;13.0435;5.8465;
218176.181;516987.392;514741.522;44.5209;17.0358;-0.5701;
198482.723;561377.955;587152.155;-30.5093;-0.3623;146.3479;
187745.960;471288.531;564772.846;-1.7052;-14.5649;600.9738;
323262.519;434090.710;420796.803;-27.0329;-2.3748;-210.2237;
246751.931;745053.499;461258.823;-109.0314;954.4569;-307.3537;
289458.016;535034.559;534562.268;-4.5435;10.9731;5.5684;
346908.902;525988.856;478043.810;3.8263;164.2837;-22.7094;
113782.716;488309.637;486039.564;-0.2159;12.3929;50.8444;
219210.306;502164.198;504661.185;-221.9494;9.0306;15.8060;
205048.624;622667.914;578376.931;-181.6874;173.1866;60.6620;
294811.050;495292.069;267654.944;264.1204;14.6200;-825.6370;
290131.491;390328.004;379084.107;165.3096;-23.6485;-289.5410;
290274.778;149884.754;500581.689;42.0279;-1824.3860;-56.2358;
199578.743;448789.719;422803.522;-6.4592;79.4642;-34.0481;
139283.334;660934.246;447313.610;0.0203;629.1490;-80.7655;
262485.701;574308.026;550937.637;27.4455;142.1380;9.2502;
328524.200;471790.861;447069.351;-6.4057;163.9743;275.1170;
246167.585;538915.438;533574.134;68.4009;7.8874;-17.6224;
256123.552;403537.689;454539.381;32.6071;-146.7927;92.8234;
175115.247;403119.646;442243.010;43.1164;-872.5568;8.4952;
330177.656;555771.622;564480.226;-0.0556;-61.1541;3.7377;
270938.857;843708.997;572757.635;0.4966;1552.1030;224.1872;
237809.342;494029.020;498600.776;-162.4992;26.3261;-35.6937;
170240.953;467095.734;723297.404;3.1767;-17.0804;995.6334;
314997.529;504315.470;534217.950;-5.0799;-141.7774;-75.1937;
278109.374;452292.159;447614.982;-52.6346;184.7945;7.9752;
319492.395;498876.092;497291.494;-1.6311;12.6556;-48.7680;
416478.029;512143.988;500497.078;495.8131;195.3070;9.4910;
272670.232;922593.824;413772.210;3.6583;4407.1262;-304.7190;
147972.526;534735.074;529182.933;-0.8277;-85.5881;-7.6676;
149614.569;462131.215;461447.867;-0.3758;-8.2763;-103.5559;
290660.805;622347.460;501978.735;9.2650;912.2171;-73.4404;
125066.973;507371.349;352814.248;-0.0334;-19.4656;-1131.4202;
218802.978;497241.543;422046.101;-156.5500;-39.0280;-397.6912;
348014.533;501910.229;344689.801;369.1786;0.1739;-648.6958;
339512.969;793715.713;482310.750;28.6748;1333.4436;-200.1057;
242404.343;723302.852;607461.824;15.1576;974.7484;296.0429;
193855.465;512006.583;476357.009;-22.5911;-193.0351;-396.6628;
312602.772;567936.979;705793.268;-21.4471;58.9044;837.1728;
376254.001;447103.800;598395.236;586.4493;-259.4479;357.0299;
290696.810;543505.711;541951.067;24.3988;24.1084;13.7650;
266988.229;508267.841;660081.959;248.7711;-3.9741;4165.9602;
155345.811;414680.967;541672.041;-0.2196;-228.6192;852.5450;
310238.815;570337.915;585177.325;752.2956;-443.4099;-0.0480;
221696.929;431542.212;450104.890;33.3924;74.2080;309.8514;
438176.746;552639.864;524156.968;2555.6691;104.9965;-30.2643;
175565.645;454615.618;465778.992;-17.6089;-80.2834;-18.0598;
297233.120;695348.521;498757.129;155.6961;1728.2873;23.5982;
540667.191;579208.827;572969.892;925.7152;373.9731;5.1863;
200187.232;423495.458;422224.751;30.8672;11.3431;36.2014;
243952.727;499028.566;493604.890;2.2389;54.9960;87.9818;
493795.926;292874.360;470799.392;2018.3344;-594.0482;0.3712;
326224.279;460476.706;468547.807;28.5457;-0.8711;28.6618;
186182.482;471644.032;471128.371;-72.1410;51.4265;13.0880;
245373.634;553816.149;528237.151;-28.9830;69.8897;24.4520;
387883.234;521108.792;621346.558;0.2597;-34.6085;389.9151;
305144.668;350453.527;410706.381;-0.2820;-911.9909;-0.7210;
259046.218;95870.358;505048.254;37.7697;-1518.9723;-17.2331;
267517.346;474054.725;532006.297;1.6605;-102.1187;165.5843;
172652.239;534945.658;432399.910;-38.4682;419.5699;-118.1289;
215312.518;505622.132;458119.683;-53.6505;-4.6908;-76.1071;
271416.140;474746.429;609175.530;-39.4522;-299.7752;272.7111;
480831.859;504830.387;483007.392;750.1016;92.8957;-23.5642;
288632.585;515297.988;773576.399;8.3160;43.5407;953.4642;
209982.028;441070.393;-278.435;-3.6220;16.9894;-17578.8124;
178215.954;582264.668;581985.665;-6.0383;-20.7595;-57.2868;
621176.125;436051.901;436616.508;1523.9108;-3.1696;-0.4311;
186292.374;24928.996;569887.551;0.0457;-2668.5447;321.0575;
217733.062;415092.388;308064.896;58.3261;-53.7708;-550.0326;
152174.317;591229.740;591594.004;0.1377;-3.3784;-3.3329;
255523.619;325147.291;521488.579;41.1086;-1152.9366;-19.3424;
341070.457;528219.614;352948.368;318.4064;19.8784;-338.3735;
256175.982;188910.289;496084.146;-19.1591;-1001.1747;-14.2650;
246353.595;429449.723;428829.203;36.9555;-24.9878;21.0723;
79648.251;502099.302;497607.179;-657.4820;18.2976;6.1147;
210299.704;479322.892;473337.778;-310.5180;33.8870;-38.8024;
73382.831;566299.717;562339.565;-11576.0354;25.0921;4.0845;
729627.968;422285.327;442982.382;2452.8721;-95.4447;-0.0379;
200178.018;557628.636;568862.421;10.2921;313.5916;339.2446;
315106.597;594538.489;594535.251;-7.6843;-1.1198;-0.7041;
268268.836;429662.959;433169.687;201.5650;-10.2076;19.7459;
303079.202;587812.778;589866.103;-368.7539;-63.6848;-0.8874;
373407.337;616543.481;606909.016;299.8746;38.9593;-0.9027;
279979.361;543095.312;434653.227;6.1939;439.9315;1.5793;
217542.839;588971.617;505664.723;73.6841;322.8226;-39.0345;
388741.722;391171.236;508555.876;572.3662;-390.0513;138.6263;
327981.767;482762.495;433801.093;-143.7983;238.0956;36.7522;
197693.942;312959.026;591631.442;-180.7522;-4253.8028;-22.4060;
235607.495;537916.506;491407.076;31.5062;64.6741;-540.0679;
354633.642;475173.649;515849.235;365.8848;-60.9488;131.4843;
224214.561;266290.466;391918.859;11.7606;-912.6850;-37.7161;
275666.136;374996.082;375684.456;-16.5826;-18.6635;0.0327;
304150.109;389828.079;559559.398;38.5796;-888.9777;-23.2126;
262975.348;553433.252;541425.041;-23.9718;100.1739;69.6313;
181563.903;407238.682;408797.985;28.1970;-44.6978;-0.0771;
128758.628;460562.201;369507.946;-248.2397;71.4954;-433.0295;
285561.026;434284.529;426912.487;51.7576;-258.9058;0.3265;
250477.120;378552.278;511678.522;-77.6849;-862.7890;11.7763;
240829.180;694041.876;663803.784;-14.9371;573.6227;481.7178;
217331.670;68536.199;432489.870;-148.6596;-1847.6769;-63.2993;
300560.307;574514.940;541393.390;1.7666;26.2205;-28.6631;
229161.986;362579.509;522411.973;118.7308;-1194.2153;-56.5267;
260103.217;64916.815;523225.480;-104.2145;-1680.0967;0.0591;
143110.696;553026.674;556525.963;7.9198;-48.9919;-2.0879;
198048.550;422710.562;426419.602;1.8057;-18.2732;7.3274;
385563.987;839250.662;526337.475;1143.6927;1342.7442;167.9026;
251980.220;704962.989;518267.075;22.9379;1003.7634;168.0985;
326668.497;522892.565;97951.865;17.6237;65.7999;-1658.3345;
209402.382;379853.359;379569.259;-10.5784;0.7503;-1.5072;
245672.050;600911.240;601189.880;-1.3878;-0.2124;3.4782;
262744.114;434071.847;473893.263;-8.6334;9.1182;584.7144;
225550.823;476772.113;521061.730;-7.9970;25.5080;905.6616;
247751.709;582054.608;581513.653;-100.0685;12.2580;3.8336;
299110.766;500422.268;499878.539;-24.9674;-4.1777;-14.8900;
202672.478;495282.882;174866.514;-214.0985;-17.2877;-2492.2519;
197287.722;560196.441;560737.442;1.1625;8.6568;18.7246;
152837.281;514424.204;536499.630;-0.0480;-10.2714;242.9974;
310893.842;274694.740;538488.543;-1.4684;-3451.9730;-3.1409;
205954.771;470876.047;441742.406;74.4193;183.4314;-74.4366;
55909.580;497976.368;480203.071;-1000.0535;-82.5335;-272.3346;
234218.002;516810.751;484971.398;1.3230;160.6646;25.2336;
252246.015;407516.135;407280.357;50.8570;0.6315;-2.9006;
186811.835;508869.862;780721.649;-2.6684;5.1153;1065.2065;
208860.261;711398.102;507290.450;150.0673;1491.2785;103.6291;
230055.797;136183.283;394419.351;-0.1226;-1072.7423;-315.4708;
290206.281;429599.135;428581.764;-96.2186;35.2915;11.5612;
260861.349;492133.970;697288.597;-37.5208;0.7654;729.7494;
371424.901;503869.992;469339.846;183.3245;-50.3499;-349.4104;
159153.907;494929.956;246913.994;-0.6662;32.5218;-1429.2887;
163382.584;585367.095;439798.826;3.6000;1170.5318;39.8900;
114780.547;475458.588;476324.129;-4004.1940;-16.7530;-47.5615;
519247.526;586256.288;586341.128;776.0377;-36.3106;-20.4142;
213870.765;407625.097;561002.683;-199.0914;-292.0941;591.0871;
192587.069;543677.090;462190.570;-139.6401;77.7321;-565.1535;
323535.338;447557.537;441391.131;-3.8466;9.0119;-46.0125;
320382.403;312425.908;140396.028;12.3604;-1956.6909;-4462.0432;
297211.689;518643.983;509484.013;-6.6561;51.2602;-16.5995;
380868.613;564701.504;577759.624;3.9370;108.5932;193.2129;
326171.286;553919.984;572259.625;18.1016;59.3878;179.4052;
554247.425;576818.163;625532.325;6066.6366;567.5333;358.5969;
206468.495;494799.053;190164.955;-282.2044;-201.3562;-1636.5228;
189394.215;567880.604;570826.594;-0.0891;-22.6391;17.6927;
218787.912;665113.472;583322.111;44.8167;375.3439;14.9408;
199520.425;428769.250;584652.607;3.5238;-587.7587;187.4604;
60183.731;495770.247;563247.356;-3713.6660;-10.5713;293.2938;
130701.033;400084.749;400123.658;-319.0520;0.1113;1.6101;
241619.148;455676.359;994226.858;-23.9096;-199.1946;2168.8197;
214276.833;478539.321;494799.418;-490.9561;34.7113;114.1164;
246234.736;394143.175;394511.954;17.4786;-7.4358;-2.8245;
347935.734;588736.280;566043.566;-0.6798;97.6637;-59.5664;
224299.991;503516.169;526493.520;-130.1561;-46.4122;860.8309;
278256.180;419277.282;441299.954;-6.2522;-142.7617;-9.0723;
184860.754;492709.049;496739.613;-104.2402;-7.9554;13.7009;
363567.983;508864.122;500211.995;332.4935;1162.2133;49.8751;
306471.980;459894.829;515547.650;-18.0661;-178.2882;43.6625;
249753.572;632561.810;610916.317;7.9051;434.0155;903.2620;
254639.242;470078.855;488534.020;7.2020;-73.3341;-0.9839;
340100.684;523718.500;502933.314;10.6833;178.5991;-9.9897;
390433.445;470922.518;469805.921;632.8565;6.7214;1.0000;
179610.767;600823.728;593610.149;5.0768;66.7031;76.7329;
92885.764;497172.722;582931.663;-536.8989;145.3427;344.9972;
315817.473;324932.088;433855.390;27.8091;-977.5960;9.2312;
135695.707;481329.820;476319.619;0.7194;-20.1039;-23.7219;
200631.845;541283.426;383701.761;-1.0924;101.2246;-817.4501;
255236.139;253516.977;994801.637;-19.0164;-1983.4315;1566.3079;
301492.370;390969.845;402502.948;31.3378;-0.1801;268.0594;
251099.824;557453.212;559699.214;-47.5785;1.1460;13.3202;
192195.500;610226.242;562402.358;-4.0321;476.7223;4.7955;
318640.881;460187.987;566744.733;3.5704;-1198.0076;3.5831;
206211.723;405987.695;407230.967;-197.4540;0.5673;9.8484;
315155.376;572295.987;562960.193;453.1967;40.3196;-23.2467;
304135.516;540343.458;525120.787;51.0096;16.9801;-333.1263;
249981.898;480848.592;492171.002;-23.0078;-43.8142;10.6287;
223667.964;484507.967;480676.903;-35.8719;-19.0456;-18.8137;
183389.130;685288.466;567790.803;-223.4490;1013.9251;129.5556;
166905.373;518443.776;519964.271;-441.5603;-67.3868;-82.1717;
187218.634;468883.451;459046.270;2.5918;14.0219;-127.8603;
982118.268;498902.405;726704.566;3475.1373;-10.3865;2204.0979;
170018.339;486014.631;18385.084;0.3177;-35.1749;-1526.0510;
291919.634;522180.706;578949.023;200.1970;53.6374;1310.5133;
96711.760;430409.593;401543.182;-1041.4237;0.5179;-125.0157;
308786.780;407110.942;407149.676;255.5152;-0.3513;-0.1632;
302227.943;583720.951;541759.811;32.7024;215.2035;9.3472;
187832.784;724628.414;248011.090;-213.8203;863.7873;-1367.5429;
242059.454;693564.935;560580.314;-153.9931;637.4091;134.6675;
293557.506;679813.643;522765.724;-5.6944;689.6684;-100.0604;
265821.348;525029.435;551549.345;102.0291;-159.5587;1.0000;
275510.923;498829.190;764582.263;38.3277;-1.7798;882.1031;
422723.404;537683.592;547725.349;629.0136;42.8974;67.9070;
285987.085;434051.997;416637.244;71.5333;15.9098;-209.3994;
237892.617;540876.167;587727.951;3.0258;126.0157;232.5588;
619028.101;461174.182;404905.820;2643.2837;153.8021;-252.7255;
237800.674;564620.743;564613.598;1.1552;-0.4657;-0.8072;
245739.961;264880.879;700497.706;-590.4626;-932.7133;827.2363;
235466.865;462991.891;512467.504;-14.8539;-119.9411;113.2173;
207502.989;495853.016;484806.863;-18.9628;74.2116;74.6074;
309382.388;530456.247;535884.763;-0.6267;-49.9843;-263.6844;
242089.019;455150.767;458331.029;-203.5133;-36.9255;-10.1235;
270307.408;477837.070;341552.929;130.7504;17.0709;-637.0585;
250986.763;535627.760;526774.601;11.0836;40.1649;9.6267;
215211.532;643068.566;487562.293;-134.9167;1623.3526;21.3454;
263258.749;716798.063;442741.357;49.0813;817.4160;-575.4375;
342892.430;576719.090;576167.223;62.4859;-4.8125;-6.9790;
420453.979;513004.131;475288.968;6885.8629;870.4168;-81.5417;
258371.669;498484.258;244456.594;-14.7769;-2.8890;-846.4012;
221109.865;413690.554;507936.042;52.9412;-94.6258;580.0199;
223398.275;507021.722;710451.637;1.2441;35.4466;667.3772;
1524.788;532174.170;530659.334;-3384.7040;7.6341;-5.3380;
195924.998;469927.478;476918.230;-0.0673;-18.5080;7.9378;
236868.688;677051.579;520256.154;10.3895;568.5206;-84.3887;
760560.722;537660.050;543757.895;4551.6795;-89.2325;-62.4300;
288114.439;493921.305;500896.492;-39.3353;-45.5837;-12.0615;
316553.211;536990.375;394638.018;-1.6502;193.2028;-333.5827;
255426.834;503172.024;5110.397;5.1955;-10.2013;-1606.8024;
494027.134;480875.648;412951.565;3701.7014;-15.4293;-341.6309;
565291.458;494304.347;616417.564;973.6454;-76.7408;471.2634;
290426.422;574901.018;577388.136;-1.7224;-2.0076;9.1737;
188113.655;449095.211;457215.210;-3.7043;-3.3753;100.6310;
233441.161;504653.876;488675.505;95.1128;38.4229;-79.6594;
209064.136;513183.756;241203.874;0.9119;31.6355;-1040.9566;
200728.791;562612.931;572472.880;38.8599;7.3720;331.6544;
523930.778;501312.415;596392.069;946.0656;17.5656;421.9651;
247009.787;470372.921;461961.601;187.2267;34.6417;-11.1459;
147080.650;452214.278;435285.196;-64.4534;41.2664;-8.2626;
369735.509;288436.707;863310.605;538.8277;-827.4261;2145.5617;
309015.051;461194.910;437036.697;0.6647;72.6577;-99.8720;
308740.895;447377.168;483367.022;-0.9636;-21.5242;317.4018;
335401.492;524902.262;500931.112;1.3453;53.9133;-11.5525;
265568.910;453275.760;414919.633;-23.7632;424.6615;-60.2505;
189621.810;459858.337;438297.484;80.8681;-9.5401;-191.0801;
232083.053;471285.811;509983.726;18.2584;-153.1235;113.8062;
321465.727;260557.044;452250.289;3.3045;-2517.5650;290.1272;
199189.475;590961.483;589517.634;-0.7132;7.2561;-36.9066;
412459.708;441404.684;442897.348;606.6880;2.3388;20.0337;
318560.693;605385.185;605405.707;4.7659;0.2969;0.1069;
147696.574;460802.444;463979.526;3.6288;-42.0320;-10.9837;
202776.445;491118.077;460696.872;-2.7274;-9.5364;-149.7235;
273640.800;384588.731;589612.432;-1.9673;-959.2382;65.8180;
246606.715;946652.779;396896.461;-199.3715;2975.7676;-190.0195;
190589.897;481074.986;492049.969;15.4186;-53.4623;11.1856;
225927.905;521929.611;594519.415;-72.5904;13.8037;438.5128;
349540.769;408092.294;406702.123;-1.8007;-24.4296;-21.4363;
187708.418;509048.157;484051.494;-153.1427;40.8585;-76.9507;
235328.742;435526.828;546345.042;-148.3715;-199.9407;173.1688;
326901.232;369949.979;473324.579;106.6724;-799.4959;109.7078;
135827.436;642166.769;549387.847;6.7919;766.5556;260.8219;
197790.380;521747.387;522629.560;-1.6675;11.5281;18.8533;
255667.142;508100.396;500452.117;-6.0691;52.8307;-47.2502;
304338.257;557927.635;553886.103;685.0601;-14.4525;34.7290;
206759.086;545722.588;376798.368;8.1959;31.7868;-658.5590;
273737.795;562822.620;566991.140;-26.0471;-21.0438;14.8886;
195214.282;522637.970;523880.971;165.5240;-2.3177;2.7465;
121869.812;596034.280;511538.479;-667.8129;568.2443;28.6703;
210107.772;485450.518;476226.381;-10.3724;-258.4506;-260.9141;
395643.626;403269.255;403444.537;697.3270;-1.6998;0.1264;
250411.478;477540.101;419755.663;-31.1843;-149.2930;-787.2299;
301869.236;632942.819;410665.288;2.4402;780.8183;-422.9550;
276653.995;65671.283;536997.131;-26.8449;-1381.8833;1830.8527;
207242.321;685095.513;539794.545;2.2006;616.1946;242.9449;
282996.571;327472.992;455212.991;9.5616;-629.1405;13.3107;
225731.476;493827.436;526038.856;260.8633;-49.5796;130.7081;
222502.285;704714.738;486795.543;1.4922;962.5281;-52.9660;
215127.598;562654.707;559731.073;0.7183;104.8150;22.1917;
340293.200;398597.843;398194.909;0.7387;-0.8676;22.1853;
259475.385;546945.999;561241.197;-636.7267;-156.2994;-96.1881;
328944.183;486938.724;468034.765;176.4328;50.1108;-48.7631;
287453.577;564435.775;542652.639;54.0902;25.1750;-110.7658;
271460.106;572467.407;567720.787;-36.3772;120.9473;22.6607;
251285.295;555075.733;553327.093;3.1991;21.0155;-0.9060;
188758.707;562361.935;357848.309;-20.9428;-0.6897;-2063.4327;
191561.733;628001.420;532616.156;-2.4264;718.5007;278.7274;
320816.056;517348.346;491772.933;-60.3228;154.2937;1.7733;
157816.316;390531.458;405774.163;-611.7295;-466.1051;-366.3572;
137127.229;533551.420;538860.572;-0.0245;-38.3449;10.2035;
207879.835;727748.847;534035.497;-78.9066;672.4817;-10.6034;
187211.031;573704.535;564379.246;-35.0521;-7.2580;-40.9400;
306989.734;183885.481;506854.421;155.3813;-1582.0654;-65.0068;
159000.825;418015.367;424717.056;0.8457;-56.3782;-95.0278;
122177.437;510330.456;515118.314;-0.5831;8.9601;70.9099;
253915.275;489889.253;23905.888;46.4677;106.5057;-5129.0863;
487251.445;516352.928;510950.621;-332.9613;59.5574;3.5257;
318084.834;454836.867;409225.267;-18.9256;138.3082;-174.8286;
187025.295;527677.187;517035.471;-4.0490;34.9478;-84.2694;
286778.466;495936.089;470892.358;-73.7428;-217.7608;-791.3813;
252588.058;503279.580;476788.357;-31.0702;-0.9795;-149.4806;
248175.133;494061.380;494685.781;-8.5031;-124.2363;-111.3395;
307477.939;380462.499;435354.144;36.4864;-211.1654;53.7332;
254212.016;471964.290;21239.292;-12.7687;-462.0018;-13478.3296;
263628.136;481128.407;828538.717;85.8553;-43.4827;1196.4404;
208034.299;607969.050;608217.548;418.2767;11.4333;7.2844;
339990.221;551106.145;557457.121;96.3501;-132.1473;-1.9291;
215508.973;383716.120;383805.236;-0.4672;-0.6062;0.4207;
274570.565;500459.284;478838.602;-15.2225;678.0296;87.4765;
319336.288;-1323.519;408577.438;0.3516;-1613.6467;-0.0273;
685498.413;569431.721;475097.513;1810.8283;68.1718;-296.6855;
166922.468;516632.460;624462.209;60.3949;-11.6938;699.1794;
153833.679;432874.157;446077.353;-0.2567;-40.6028;13.7206;
154952.774;478062.092;495888.717;-423.5741;-77.7809;-1.9773;
235001.566;449157.408;404640.281;-85.9547;-261.7862;-225.3658;
232089.522;469118.461;446140.280;48.4611;218.7910;50.6591;
292330.420;530847.404;592825.585;259.9070;83.4823;916.5894;
247151.131;534862.107;530608.615;11.0279;54.8915;-10.8067;
172721.858;875623.820;461129.257;-541.3322;1668.5718;-97.7224;
238251.998;537623.982;156998.735;-7.7142;209.7033;-2868.0073;
194265.505;604682.220;572264.762;-54.8482;687.1009;17.9627;
173191.537;427484.470;425200.827;31.0620;7.2068;-0.1759;
104849.201;402043.822;402993.275;-52.5226;-6.9168;-0.0555;
292488.111;541131.528;506188.867;120.0812;22.9474;-122.8002;
178566.589;560940.518;590468.815;-5.0198;716.4157;393.1804;
505008.562;477113.714;334876.430;850.8568;-6.9572;-1148.3671;
225135.898;574857.060;567812.254;-11.2711;209.8555;228.9702;
357238.952;495584.929;435523.381;819.3926;218.1784;-333.2727;
653273.054;427731.147;420480.939;1841.5025;70.8829;-94.5237;
284864.072;534665.603;367074.063;227.8876;-5.2272;-1161.8810;
248465.219;559178.224;553469.526;58.8962;288.6019;126.5724;
168677.326;560539.984;557405.403;9.0715;9.5206;44.5989;
201067.335;609817.147;471225.522;-80.8130;1225.5744;11.6821;
210122.310;608519.610;469057.247;469.7814;2989.7817;5.7311;
118882.907;518244.697;521076.903;-372.7543;10.1766;18.4438;
321166.304;524652.038;690011.236;232.4858;-20.1486;1017.9316;
294591.468;432922.552;424161.747;174.9472;929.3612;207.3312;
299707.413;394279.586;420002.256;-186.1007;-184.0680;-12.6496;
336060.076;576316.316;583794.723;109.4761;-7.3599;-61.8621;
222531.794;546480.380;538155.290;4.4504;13.3155;-25.3007;
204768.134;486945.179;345450.704;-140.7752;124.6254;-629.9814;
304486.648;542637.294;417770.346;33.4723;80.0075;-323.8649;
250920.147;500331.939;658803.598;85.6129;-10.4481;556.2122;
157219.633;462084.056;469210.373;26.6781;-6.3186;155.0162;
402288.295;536514.775;534673.064;336.9771;29.3934;-2.0406;
255141.134;953575.430;500095.638;12.9127;1490.5540;77.2675;
321276.371;393642.300;455344.961;-3.3397;-225.6822;-19.3077;
185640.532;465277.730;433445.972;-52.3006;26.5402;-125.1598;
509919.162;472034.737;521342.552;2041.3926;-380.4273;-20.1629;
192944.760;546219.201;541350.784;-0.6336;74.3619;-21.5597;
150839.599;601147.522;597214.849;-285.4074;140.9382;120.7841;
623351.806;496032.487;515678.959;1568.6103;34.9843;136.1680;
459194.826;580580.885;517831.730;1251.5634;395.5649;12.7411;
833829.922;455622.798;640319.964;5741.2096;-872.1483;747.9209;
277310.331;404008.904;405548.251;-28.5608;2.7010;4.4986;
313278.664;558975.878;558325.814;-37.6059;9.0952;8.5051;
156330.858;445373.078;545158.740;1.9552;-623.3476;-17.7158;
219586.365;494843.404;482924.192;-20.0294;81.5384;24.8420;
254727.878;761358.938;471824.492;-165.0098;1237.0471;7.8246;
215934.868;593973.507;593777.144;-53.5010;7.2086;8.8192;
312893.631;523721.526;670844.869;270.4795;-41.6907;723.9397;
254629.486;453417.084;459905.532;105.0834;-311.3980;-206.4877;
235566.720;709235.429;197275.352;18.8518;704.1028;-1080.6471;
146406.994;485887.474;511906.763;-7.8885;-20.7896;-196.3389;
144824.129;426055.058;426193.779;-1.2371;6.3182;8.3841;
222877.793;445739.339;460207.983;-2.1583;-169.9574;-89.0450;
394146.209;482106.183;474140.483;870.6585;30.7174;-5.0592;
319686.403;437196.734;438105.986;13.5967;3.0461;-4.9787;
188406.476;432935.531;423774.980;-397.6984;0.4252;-57.0263;
310358.253;570178.570;583531.510;-14.4982;-115.5910;5.1128;
143748.977;667946.709;377467.871;15.5732;999.7867;-554.3880;
302429.502;534396.683;531021.367;19.2246;-19.4790;-23.0757;
127825.618;473076.014;489671.629;-1754.1390;-43.4422;106.6250;
143482.439;501548.122;465149.444;-218.8442;-3.0561;-132.7243;
232235.992;451853.396;523639.700;251.8491;-184.0852;105.2036;
213018.562;382006.211;451363.250;-86.0847;-305.4967;110.2402;
181700.316;9315.069;509568.942;-943.6741;-2589.6656;42.3562;
223872.793;523738.649;285034.662;-1.7241;71.3244;-892.8523;
774298.316;485671.016;522921.005;46.4576;2.3211;260.4046;
831777.155;538767.611;539782.607;0.1276;-14.3124;-17.8732;
144906.745;580939.573;546713.278;-3399.4741;1311.1805;749.2064;
789050.451;867847.640;424060.128;-76.3911;3760.3023;1.0075;
815270.522;560873.384;393693.837;45.2247;-16.6137;-957.5117;
791925.847;424648.209;427675.928;11.4290;21.3655;44.2479;
817286.606;470079.170;357682.680;49.9390;45.9188;-426.4480;
720126.983;565850.893;565992.268;61.0701;-16.9487;-1.7759;
760198.465;428510.095;781176.245;12.6133;-0.1382;1595.3123;
880414.848;399464.144;538786.016;678.4149;-613.6311;724.4517;
697221.427;433622.272;445843.130;-18.6167;-67.0408;-10.2561;
618834.463;499944.820;498861.195;-0.0965;88.1536;1.1871;
808353.549;588580.530;594692.702;-0.0856;-2.2592;48.9269;
801256.262;623341.752;613155.470;-5.6911;203.2243;0.0671;
847614.445;504733.247;547782.268;7.5324;-45.4530;271.7414;
657519.919;385386.600;601565.403;-656.7346;-561.3646;393.9481;
810526.732;501832.255;515250.959;338.3451;30.5650;291.1543;
807244.838;471776.917;468144.964;0.0856;3.0184;-26.9099;
822295.740;577193.787;577041.506;-1.7332;-0.1014;-42.4392;
777578.088;496637.492;553145.165;-97.2461;-16.7123;189.0362;
835969.577;339567.591;437456.370;172.1165;-1064.8769;37.7922;
753734.988;453284.763;480746.048;-5.2535;-252.7040;-112.6954;
725827.984;535212.762;493060.045;30.2841;226.5126;33.3837;
787549.333;449790.123;168535.226;-4.4362;-375.5764;-1179.7867;
703706.027;648206.179;594245.836;21.6675;201.0221;-4.3575;
839078.968;575632.698;494873.946;792.3020;0.8285;-1915.0534;
771043.930;815734.100;920566.706;-86.3353;1345.9924;1847.3331;
773128.186;517451.437;499247.575;-84.6347;149.4001;21.4089;
996069.576;506351.088;518805.092;783.9378;5.4875;35.6853;
741328.920;531189.119;536982.823;-23.9731;30.4479;39.3462;
722019.882;634667.017;379918.749;24.5393;1095.7774;-527.8938;
802776.184;478589.458;478828.008;205.4561;62.3556;-18.8530;
766874.572;473674.403;471795.615;-10.5027;-1.2426;-1.4259;
806820.878;358333.410;491411.148;-0.2939;-663.1846;34.0713;
841380.221;395690.660;399699.566;0.2976;-33.0733;0.3177;
623445.420;521509.951;539734.531;-838.0348;477.5766;2.1587;
638162.616;488169.509;564914.112;-18.9963;-180.1714;74.0200;
748216.688;341859.094;594800.122;8.0158;-485.5169;414.0466;
715743.151;476309.196;467145.066;20.0225;6.2911;-38.0269;
805866.429;509597.897;494529.194;285.3729;10.9684;-64.6849;
875329.880;514431.886;510571.217;438.5900;30.2428;11.7310;
889438.322;465601.874;481741.490;527.0511;-138.7824;13.4103;
845614.304;603018.145;576514.086;36.5725;-294.4604;-24.9869;
726373.111;412375.614;419495.072;25.5771;35.8100;53.4420;
565936.494;432934.886;452688.058;-1096.7170;-319.5087;63.3251;
701374.832;440094.724;440359.366;1.1015;-0.2123;172.9347;
820268.817;568310.525;561818.539;-11.1276;29.7281;4.4164;
754491.472;444802.898;487435.102;-18.0849;-121.8260;-14.1294;
655422.012;420107.837;420785.106;31.8900;-0.4560;9.1658;
751697.380;476871.489;484035.266;-2.0624;33.2327;416.9218;
667275.939;569562.288;565781.988;1.0619;12.1139;-8.6689;
555862.711;404105.343;395331.671;-723.1448;-36.2191;-103.4281;
847781.913;547340.176;616420.888;0.1686;18.6443;1149.6477;
785067.660;512813.520;519189.796;-19.5519;201.0406;66.0845;
714131.422;448641.715;570902.689;171.5456;-2781.8742;3.7994;
889020.296;488787.412;481568.317;-0.0024;9.5506;-7.5731;
712026.945;493268.640;483937.086;9.1412;184.5739;-257.4394;
837075.187;415035.431;414065.292;-94.9416;13.7351;2.3205;
790739.688;520654.811;510540.798;49.4493;895.2039;9.9400;
670865.100;548101.917;476294.257;26.6086;12.0344;-365.1725;
791807.805;685737.667;520262.651;35.2104;826.5960;4.7524;
827203.651;439908.020;430215.771;5.9659;230.0313;-4.2351;
816142.934;538147.706;575568.080;15.0090;11.7126;284.9232;
875383.287;565162.535;562706.757;40.4759;10.2439;3.7676;
805810.531;543350.187;569170.845;47.7042;-333.7211;-6.8545;
748374.804;784276.211;505794.825;-16.0774;1005.2989;99.5728;
704450.746;489085.118;491149.270;-437.7339;-18.1462;-24.0146;
872234.563;520127.054;615513.371;388.1412;56.3226;539.6621;
714461.910;410727.249;493114.920;-294.2466;-663.5425;104.1688;
751050.882;435799.824;673523.062;4.0172;-258.0705;712.9267;
747914.276;528613.578;489269.698;-0.6587;117.1959;-42.8577;
913791.328;458517.261;472451.948;2371.2542;-82.2626;0.7338;
794869.655;461934.677;461147.212;157.2582;-118.0265;-109.4487;
847437.578;476084.191;496496.195;0.4083;-153.2033;18.9357;
834327.840;508579.309;518269.402;17.4261;-2.9090;44.4574;
730582.318;453445.260;384322.466;-382.0764;2304.6490;-767.9216;
836220.207;291936.597;408582.202;300.3504;-657.1717;-175.0654;
845621.364;483422.810;474956.685;-48.4211;48.2183;18.0988;
857650.306;489531.196;474716.982;-3.5105;47.2228;-94.2324;
815723.093;444797.060;435379.024;-10.8745;183.6993;-39.9216;
810390.134;569864.044;464011.601;-0.0182;112.5554;-405.7288;
782447.286;512183.710;476925.708;-63.3532;88.7246;-652.0290;
747724.115;414704.578;391187.426;74.4124;183.7659;-3.0004;
789084.580;483937.994;486717.516;-1.9122;-119.3852;-37.6475;
789810.656;403727.458;501050.505;112.5478;-164.3098;-5.7092;
760257.310;459763.042;528426.717;-28.7441;-187.8422;-4.7415;
757642.856;529957.608;103474.012;-1.0693;198.1519;-9700.5730;
714486.593;463153.230;468706.543;-13.1902;98.6138;7.3888;
718102.313;577070.336;523236.872;-37.8297;131.9276;-120.5076;
771168.712;514551.762;562385.687;201.2945;14.6738;252.4178;
753517.230;437646.260;441331.674;135.6275;2.9640;43.7857;
667094.530;492764.612;350648.112;-293.1308;72.0221;-459.7976;
790382.793;579842.699;586579.589;257.8423;-36.3800;0.4215;
788062.110;471069.620;384130.156;126.7553;-82.8423;-476.8481;
318969.133;559312.349;510074.684;-6047.4858;1453.4082;-70.8264;
748071.357;496412.248;490454.062;451.8496;92.9749;-15.8661;
622778.985;502539.813;503909.898;-362.1372;-924.3422;17.5607;
776138.399;461345.925;513446.114;0.6786;-270.6181;-18.0663;
682022.895;472564.011;495534.061;0.4457;-17.4114;192.2894;
732757.828;611008.492;557266.051;-626.7007;181.4346;-3.7102;
636640.931;782459.362;572095.000;0.0045;1060.9792;18.1353;
734526.922;544327.585;443738.259;-32.9709;796.9532;-9.7045;
684987.597;408322.904;908561.172;-0.1296;-458.1097;10624.7449;
832396.576;357801.808;421050.169;-0.9678;-1146.3605;16.6853;
836001.781;604770.457;604731.056;1.7255;0.2614;-0.1361;
775641.283;426048.962;417520.632;2.7349;-8.0600;-73.1447;
858757.690;566366.389;559919.499;305.6300;45.5939;-35.8360;
571239.577;495562.561;545296.851;-2218.6984;-142.7986;198.1437;
753436.134;463908.588;353699.548;13.7044;-118.5296;-473.8196;
767591.418;563115.035;561414.885;-8.4336;19.7810;10.5990;
709278.498;565180.580;567635.408;15.0951;-14.3904;5.2702;
629987.284;476843.620;433609.221;-197.0006;859.1541;-0.3262;
688865.515;569568.478;582555.893;45.4183;7.2129;180.1977;
800629.459;560026.054;639342.990;-4.4518;-2.9107;913.2826;
767977.213;467897.111;446331.385;-67.9103;95.9093;38.1433;
774381.207;428650.753;515056.130;43.0253;17.0269;482.1942;
723903.520;611883.804;521818.355;-25.0207;-20.1279;-390.0946;
673129.555;486507.168;454096.165;444.9897;263.8006;40.6247;
761090.526;513504.801;475382.087;32.3486;-36.8034;-359.3283;
923476.110;469060.320;457671.719;710.9049;-25.2903;-80.6793;
778467.539;368415.941;544105.975;-16.5540;-6831.0904;-50.6117;
839303.877;478478.683;498906.783;677.9928;-264.3359;17.4029;
793365.728;560828.286;545893.368;26.8935;1.8402;-78.6716;
838937.641;335024.426;463296.228;6.2096;-574.4356;-13.2423;
696210.333;627754.246;627795.786;0.6048;-0.3844;-0.2537;
777581.452;408996.466;551751.772;-18.8728;-0.5889;2953.0157;
671874.484;516695.303;566225.483;-2.8645;-169.8761;1933.5208;
727952.775;407979.114;512301.856;-49.0068;-956.8197;29.3609;
640961.953;620940.447;515623.673;-791.6037;154.1660;-164.5973;
723230.655;464505.590;436748.174;684.4973;2.4872;-66.9105;
743110.081;432945.087;438919.441;659.5708;-75.8218;1.8262;
868057.029;487595.399;488386.251;-555.5373;-33.2701;-15.9233;
657492.875;346514.007;531169.176;3.8716;-704.0337;-35.8010;
681560.850;532864.898;542577.071;2.1656;-73.0970;7.2366;
847464.544;485221.008;496473.404;1379.0643;-87.9643;12.1751;
763378.524;541466.890;563969.960;40.9523;35.0647;236.9153;
856917.572;617752.884;488350.703;1132.3925;639.9045;-25.8272;
643497.323;580824.562;581462.478;-669.0370;-1.2343;7.5719;
636745.378;387655.145;427270.525;0.5767;-2635.2979;-116.5813;
828587.148;414160.483;409326.901;29.2098;-174.3615;-260.9165;
765807.353;760732.541;591427.704;61.4068;1171.6102;0.4175;
557188.988;544050.253;492533.200;-1446.7210;243.9938;-207.5479;
722953.674;596637.183;965977.765;-1.7987;353.5056;1762.5569;
742014.004;510058.352;405701.321;-47.4163;53.3687;-291.7321;
748667.578;382579.224;415916.993;0.3754;-1.0062;132.5050;
712256.108;485691.254;466063.920;3.8869;124.2980;-6.2978;
751206.474;511072.425;438277.915;5.7458;288.0462;-80.8508;
567813.570;270787.098;539734.641;-537.2307;-961.2408;56.0250;
752234.355;254232.173;473316.691;17.7900;-1122.7394;16.2650;
807066.201;458216.309;533177.992;122.4277;-381.1926;-142.2649;
713449.297;561090.083;564427.417;-10.6753;-24.1567;15.3666;
748742.782;475369.659;902750.134;-0.5358;-8.9904;1575.3316;
902952.526;435014.626;434120.958;1034.7699;8.9589;4.9546;
813987.389;411210.487;414223.750;0.3192;-6.8129;5.5650;
813178.786;477038.981;485611.068;-15.6277;-15.4670;52.0162;
821678.667;468091.997;485446.371;239.0556;-64.9822;44.8981;
725862.716;526798.505;493876.440;-88.9996;172.8358;103.0602;
813005.646;577058.400;576553.110;3.0552;-2.4380;-0.9194;
774502.611;526178.259;500184.308;20.1553;1.0311;-113.7558;
765270.023;455170.308;469575.579;48.8522;-104.1683;-43.3842;
635521.857;522564.459;497939.558;-403.9251;65.7233;-83.2510;
812092.297;618683.077;409391.681;-0.0139;1467.5186;-140.6500;
693068.813;437478.273;438690.547;-125.0067;-43.6711;71.6782;
715808.574;581818.812;581867.139;-35.6564;230.0831;-717.0146;
817410.908;434265.219;434560.928;-1.1569;10.8249;7.5707;
711476.198;439217.052;439106.488;90.2929;-0.6462;3.0804;
808579.026;490543.978;514044.337;413.7635;-104.4711;-50.7540;
693038.749;473776.807;461564.507;75.9256;157.5735;-3.4255;
671898.532;563968.383;548407.914;336.1880;17.8111;-69.8818;
837298.482;475415.471;632633.736;-1.6836;3.3730;3301.5312;
802839.139;510637.613;467120.665;527.7390;283.9731;-27.2669;
748295.194;614804.781;614925.128;54.4714;-0.8605;-0.3958;
844173.420;529372.848;530091.249;22.3358;5.9480;11.1847;
645720.084;480797.716;461417.127;-0.0523;9.8692;-252.0479;
834458.182;280330.572;541219.925;1.0478;-834.6941;191.0162;
805333.999;531962.591;523098.076;-7.5532;-31.4779;-152.9366;
781145.865;703481.554;531663.540;15.2503;765.3064;126.5937;
770766.700;371870.337;517359.349;91.2745;-748.4354;139.3215;
764338.307;504751.245;477240.381;113.9104;-12.2764;-99.5893;
852071.470;523624.231;524928.403;0.0866;95.4355;52.6887;
802550.856;424062.752;424593.360;-0.1637;-23.2425;-2.5780;
755186.279;508733.128;545174.309;-389.8946;-25.1311;244.3730;
621572.795;488812.939;480771.535;-531.6140;126.8334;68.9493;
682650.162;502226.658;502148.300;103.6640;-0.0269;1.3959;
777641.608;487316.326;797826.377;-9.2600;-6.3216;2319.0377;
740773.615;496700.469;268519.495;-27.9639;-10.5176;-726.9452;
757579.076;675425.081;500853.086;33.2540;511.0642;-4.8793;
697724.516;568437.787;570415.350;-0.2814;-9.9394;4.4996;
818447.529;470900.873;481909.321;159.2928;-221.5356;-312.8067;
655736.796;465090.044;478879.610;-560.4886;-84.9316;-101.2330;
715827.312;478035.407;507179.608;11.0273;-310.3796;-54.9060;
754422.920;368000.881;422881.311;408.2277;-133.2686;62.0366;
842448.687;535718.708;405409.772;-0.1282;28.1979;-733.2105;
771861.469;473640.256;465204.962;-77.9582;30.5338;-31.1941;
783140.750;568788.388;562706.968;209.9610;-15.8981;-34.1142;
751855.442;498373.400;772493.159;-5.9724;0.5781;1049.5738;
766895.578;590927.649;591360.466;249.2641;-1.1490;3.6872;
817320.857;272518.429;445525.372;61.4638;-2329.9646;-38.8830;
734921.294;455340.395;826548.124;-9.3918;-1.2956;1382.5754;
778176.090;500687.147;548580.174;1690.2896;0.2913;122.2486;
682225.420;433028.158;432939.021;122.3123;-0.0089;-1.1997;
748156.565;449544.145;445216.473;-83.9024;-101.0635;-130.4706;
692200.272;578353.714;558805.129;33.5841;681.0888;-15.4930;
771477.304;737920.310;510712.027;-187.4472;1204.1708;-35.8288;
803872.252;448991.217;466569.792;1.9703;-91.7881;34.5326;
960264.853;543540.316;498335.070;822.9347;51.4305;-141.9391;
843028.983;447309.467;446845.627;0.3571;1.2858;-6.0746;
641364.089;469011.027;428995.001;-1.0577;-33.8728;-199.6871;
692230.423;144395.734;448736.356;0.2596;-1542.6630;-10.6039;
735842.847;498706.248;502377.611;-329.4555;-2.6321;10.3839;
671727.560;510821.730;508220.560;2.3196;-0.5556;-9.4595;
696479.003;478303.664;581011.760;-52.5119;-169.4625;910.2211;
750871.007;84104.392;459343.324;0.6422;-1415.8167;-2.8130;
689060.645;541901.705;466078.108;-9.5710;226.5205;-562.9097;
789299.882;527217.432;529934.624;86.6762;34.8073;7.3108;
666574.883;567090.951;558492.648;2.8046;55.9114;21.7505;
770069.459;605515.624;545119.603;16.3911;1607.6520;108.0167;
668382.050;583188.898;584041.911;-104.3451;-25.7548;-9.3174;
731755.345;593711.435;631749.367;-91.5739;187.7622;357.4200;
646347.224;545112.924;592803.359;-178.1048;-3.6889;310.7022;
664152.832;564892.763;519834.960;-552.7913;399.1893;-35.0923;
667271.380;495244.403;491512.361;-40.8670;28.2768;-8.5648;
626555.739;544216.636;538624.447;-0.0203;-1.4001;-80.3728;
754499.048;503178.719;192390.454;7.6248;15.2896;-972.5784;
685976.476;500278.230;500208.476;54.8182;0.2065;-2.5806;
694424.667;481295.847;470883.737;17.7231;97.0440;15.4512;
718991.514;563414.496;564695.457;-201.1454;-10.5620;17.7419;
728738.647;593982.714;607033.525;-164.1451;-103.9562;-0.3847;
748005.284;492443.806;301179.171;54.0158;-7.7883;-793.3439;
819208.051;380948.384;436513.610;-21.5009;-1511.5363;3.0286;
673378.164;537865.958;620809.959;2.8137;10.8904;291.8470;
822855.748;465686.515;415234.483;35.9792;76.1018;-198.7863;
634480.092;552481.207;534157.195;-0.0790;22.9158;-626.2709;
743158.641;497131.468;31353.094;-52.4265;-1.2567;-2013.8990;
708460.657;603070.792;590983.732;-69.1916;591.0742;275.0424;
818495.656;516229.587;527941.281;222.1601;0.6769;64.5097;
733252.735;306672.499;276671.908;35.9609;-1808.0508;-962.5435;
682547.303;465735.408;53265.935;-1039.5301;-11.9289;-1426.7516;
754268.065;471810.167;624230.317;-48.5678;-223.8816;1677.9416;
714214.141;499519.444;496748.123;-3.1124;16.0105;-10.3870;
797569.088;594335.305;593708.668;206.5591;0.6632;-280.3768;
670515.676;589537.480;579112.513;2.0877;71.3380;5.7831;
846717.070;479707.807;532191.392;585.7801;-347.6893;72.9476;
685462.611;447246.805;475658.811;0.1896;-63.7024;238.4321;
736867.233;427347.072;522500.974;-202.9138;9.5329;2497.6638;
801746.453;499868.263;508501.693;631.1794;-0.8383;272.2832;
757638.543;447228.902;457547.168;-78.4455;-167.3968;8.0229;
656051.453;567014.587;560767.928;1.0845;-0.3178;-27.5253;
773890.451;376108.303;376139.902;-24.7183;0.1195;0.3439;
674575.787;490685.140;504944.005;-177.5460;-64.8623;86.6102;
485237.678;551111.775;394053.240;-2573.7036;20.4831;-3559.2067;
713348.335;537897.762;527361.265;-5.2494;2.3853;-7.0302;
708801.883;448439.178;491933.855;-223.2293;-32.7012;180.3430;
728968.328;410285.012;391011.813;-2295.8795;-13.1015;-5075.0460;
747274.175;488132.874;499424.230;-102.7552;31.3710;87.4121;
660090.327;475874.843;450426.016;0.1424;226.6098;8.3369;
683055.073;504241.850;482301.883;182.8308;85.7166;9.8232;
792148.921;420549.479;414121.491;-1.4691;-3.7359;-64.2853;
823334.563;712624.378;364985.868;233.1077;871.0634;-420.9178;
780908.994;548221.107;752501.556;31.4754;17.3125;852.9653;
619977.122;492205.600;804244.709;-442.0799;-57.1481;936.6797;
664718.734;521794.552;512982.771;-51.3723;25.9474;-28.1204;
776175.653;532116.568;532734.379;-49.8102;-1.2797;1.4823;
693203.813;561487.097;564236.977;32.7984;-55.8418;-3.6824;
789472.170;768809.466;601328.003;94.4070;961.3534;457.2700;
786021.688;592645.068;554605.348;6.5047;210.7382;98.0983;
832208.554;443139.847;551238.586;197.2249;-502.4392;8.4709;
776382.726;438139.811;467821.945;10.6560;17.8769;278.8547;
765790.360;565082.743;554585.231;199.7812;252.2687;10.4500;
734969.107;461162.382;458285.136;4.4626;-50.1716;-259.2645;
728422.210;454782.730;459990.090;-42.8846;-13.5718;17.5861;
703853.476;429652.876;431891.478;1.5457;-6.6463;101.2285;
716474.543;872260.372;539656.012;-199.7926;2177.4360;6.2487;
796975.301;492476.876;482050.431;-22.3398;-762.2913;-35.4908;
720813.184;590275.641;597650.180;-5.2379;-77.4316;27.4288;
728136.633;540977.665;577842.186;5.4472;96.9696;-94.6071;
742333.520;452783.579;504350.848;9.9714;6.9340;272.8395;
752700.612;493871.534;500999.867;16.8875;-137.8239;-34.9334;
744948.028;578033.055;575550.652;-94.9913;299.1954;491.7424;
836796.166;575774.476;572451.086;-5.1632;18.2030;-64.6104;
750668.921;562440.806;563748.895;153.6763;349.4293;165.0331;
669848.310;567154.164;564614.848;-12.2050;3.1590;-29.1723;
751267.246;506745.806;484464.526;2.0331;45.0520;-77.0596;
691227.818;400638.326;359285.836;-14.3845;-5.3040;-366.7443;
800611.511;593928.386;594725.799;2.5688;8.3470;4.3354;
820637.886;504522.520;505831.299;253.6069;-17.9178;5.0781;
643929.394;479624.031;479243.139;0.8399;-42.1848;-36.6780;
502536.338;588463.965;587563.864;-936.9790;10.5015;-7.5193;
747434.205;535930.202;644164.989;18.2082;71.1344;503.8931;
692531.815;401468.859;401272.735;-1.1685;2.6626;0.1609;
693305.463;508399.875;510160.573;-62.2263;4.2745;17.4231;
692088.579;583316.300;561223.495;-392.1160;111.9217;-0.6067;
854467.331;513092.245;621736.915;656.2518;67.9194;518.5111;
678794.038;275655.492;505656.690;-1106.3531;-1496.6739;13.3579;
723332.562;554867.272;492322.973;-12.3001;-19.2928;-198.5635;
810322.182;388935.873;388417.009;-0.9081;-0.0396;-0.3123;
682623.887;414328.557;523248.084;-780.4215;-979.7270;-284.5890;
713040.515;538346.324;515464.451;-2.6421;39.1231;-73.4798;
687275.686;680488.633;488376.819;3.9743;3096.9683;-70.8268;
685765.525;453152.420;594246.765;-1.6413;-283.7637;534.7101;
634228.788;569615.418;472363.850;-0.2047;355.1358;-10.1686;
766722.372;531574.098;564354.180;-32.1042;-229.6498;0.2725;
637370.165;663954.440;500205.682;-418.8504;730.2590;-3.5730;
805146.009;525275.712;519756.214;-38.1708;-57.1065;23.0855;
745590.722;542910.026;549703.492;6.9125;-29.7821;30.8854;
679112.451;611458.101;627715.822;-4.0206;13.4000;76.4200;
714343.666;554695.381;540966.989;-0.3059;16.5537;-83.1670;
668429.533;553505.441;576492.375;5.7355;244.6798;192.3079;
739255.859;500770.644;636788.093;-100.1100;-91.9367;1296.4684;
753407.297;454575.675;703609.831;-27.3646;8.6815;1375.9037;
718255.463;644127.586;465940.365;-236.0357;1224.4383;-9.2289;
810686.181;548673.983;496651.464;2.1292;316.6777;-4.3057;
762227.517;129262.186;565360.061;-0.2046;-2217.3309;566.0150;
859903.411;491769.879;470933.134;602.8712;-32.3248;134.6523;
684628.230;536192.993;572589.827;-111.1782;191.1625;327.9006;
607168.651;524427.241;620975.833;-580.3199;32.4125;1032.2812;
801515.158;832212.583;533586.299;-3.1401;1496.0722;19.0775;
714708.998;428311.519;428779.422;3.6696;-10.5263;5.9773;
697570.055;556840.119;217523.353;-329.2643;127.6997;-1533.7566;
755399.531;211847.473;472644.580;-23.9846;-1582.2218;-81.1305;
694332.966;451642.577;423179.280;-61.1784;53.1992;-181.2592;
851654.581;549466.924;547859.689;6.2905;-3.3587;-17.7023;
688155.268;498095.113;523736.340;22.2237;32.5891;104.4174;
667606.645;460243.910;462055.840;-57.1080;38.3856;68.2925;
781226.863;504569.174;627932.574;1.3798;-5.3547;402.8900;
675950.797;500266.297;552844.336;14.9812;-51.3103;498.8554;
814206.745;521953.585;530628.025;780.4245;-9.6383;71.5052;
831133.903;504719.034;504164.756;288.1674;46.1122;-2618.6131;
729600.918;428397.965;499259.755;-75.5796;-260.6239;45.8564;
850275.948;469031.943;482861.399;85.2876;-63.2104;14.1641;
699754.328;438907.717;452222.731;107.1779;-19.2966;49.8490;
724910.806;581818.794;518046.867;-406.8869;430.4382;195.4370;
684002.558;530693.162;532661.581;14.9887;-0.4773;134.8650;
681108.016;493225.236;508871.389;114.4892;17.1788;58.9553;
769823.677;583712.027;585274.132;160.1542;27.8521;35.5933;
700488.983;403560.682;544016.171;21.3670;-795.1350;131.5181;
783190.128;534393.667;403033.326;66.4354;126.3519;-472.0850;
641225.069;582387.682;583440.412;-15.8762;7.8012;40.6573;
746117.445;511463.285;504041.432;31.0474;32.5745;-1.6185;
653878.985;507877.376;525072.261;10.4578;28.8105;183.2469;
749871.812;687336.802;510554.665;-25.1691;1338.3507;27.7314;
671994.936;485637.504;560961.972;-14.2657;10.9781;358.3222;
652241.013;412382.996;411325.179;1.3533;16.7309;21.6132;
846196.333;169555.412;505417.654;352.4999;-4017.2819;32.2381;
842128.241;458853.947;474343.486;255.5390;-149.2989;16.7505;
705825.320;540161.555;698399.017;-172.8838;64.6184;608.3886;
728140.883;121613.112;584914.110;-5.9204;-1441.4140;189.1295;
754970.112;556418.553;552242.747;-64.4587;41.6966;3.7626;
886520.692;512412.749;508166.085;483.9713;45.9316;-6.1187;
779173.384;434866.899;992977.156;13.2089;-109.2236;14556.4380;
706473.307;442253.084;442499.388;188.7230;0.6419;1.8681;
685996.919;503199.851;497789.843;-95.6702;38.2694;111.9132;
676133.585;509356.071;507363.399;173.7598;52.3175;54.8259;
625530.763;557768.112;525768.426;0.5785;344.1128;1129.0493;
784897.706;425960.211;426745.908;53.8563;-18.4705;2.9256;
705847.748;512097.687;515059.839;-13.7852;25.0480;24.5647;
736380.235;964271.688;495232.293;-123.7703;2503.3637;57.0060;
745096.800;421842.463;588485.629;1.6112;1.4489;868.5735;
28791.695;806258.565;504617.551;-3699.4968;1498.9353;194.9177;
733289.416;520637.485;512190.208;-176.7357;5.5211;-232.2050;
786059.417;557779.294;461384.003;15.3033;293.4250;-3.2159;
794371.531;506062.689;522707.689;-4.5882;-317.8236;7.2396;
433941.373;679745.836;311160.707;-1078.5280;563.1832;-1023.2600;
826282.602;413029.583;415877.476;10.8140;-37.3961;-12.5606;
759654.184;518403.096;462309.924;92.9332;120.6732;-224.8812;
781211.424;515019.275;516301.116;7.5402;201.0037;28.6451;
856383.766;663384.225;507722.107;476.3045;544.5550;11.9006;
694596.022;461190.457;524862.213;-43.0255;-72.6404;1635.9090;
831186.618;594813.647;583254.263;2.0317;388.8030;77.3432;
807839.756;615732.691;581311.732;42.3996;445.8324;-65.8994;
732597.830;460237.008;493497.684;40.1283;-44.7555;272.0228;
797527.358;507062.879;468402.061;2045.0676;-14.7598;-206.0007;
775593.668;590532.874;590839.983;-7.8578;19.9581;21.8190;
50923.625;495679.030;496107.888;-3037.7913;15.6643;7.8614;
736976.160;496747.757;479256.609;-5.2536;56.5896;-71.1479;
681662.906;590540.907;590573.131;-2.9695;2.2472;2.1444;
505673.925;376453.581;436445.620;-1056.1126;-445.3531;2.2243;
886876.993;583892.812;522614.986;-0.0166;621.6998;20.1919;
938933.561;258329.136;591735.731;820.6847;-1410.0337;363.7499;
584410.193;404999.377;404686.239;-2339.5238;4.7434;-1.1395;
771075.975;477164.575;237013.167;-7.2504;41.0905;-1107.0837;
609342.471;525172.132;525947.057;-19745.3245;-956.8292;-72.2249;
753749.964;399738.282;376905.455;0.5913;128.2614;4.4054;
897677.863;527096.605;524431.874;724.0877;23.2715;-20.6393;
796060.369;510087.191;513791.743;146.0303;-54.6282;20.7044;
818928.057;416001.203;414731.227;-16.8054;16.0119;0.0137;
838540.591;428615.851;175279.735;-6.6912;1.4138;-1103.0316;
939207.653;792743.897;457286.257;931.9955;1951.9652;14.3911;
682565.103;605490.293;505087.817;7.7863;459.5813;-29.3089;
729807.415;408260.744;465573.499;157.1790;-244.4620;-56.4455;
863517.174;564057.340;562030.546;-83.1548;13.0613;-31.5969;
664770.662;489499.004;509882.266;-926.2647;-43.2423;31.1245;
771519.840;891950.921;449898.447;-7.4212;1522.5035;-11.9491;
477394.933;473195.807;565232.745;-1882.1059;-129.0662;183.3794;
804108.888;211025.324;459591.852;-1.0591;-1134.1078;-121.4070;
798528.094;485068.489;554485.167;-97.4408;198.3996;307.0924;
621420.246;467644.177;686418.082;-231.2398;47.1079;997.1741;
798903.020;521196.013;620021.884;0.2004;11.9444;356.9341;
767181.839;386661.918;597258.636;34.9510;-2225.5830;626.7898;
778404.752;372688.682;601159.990;-16.8998;-682.4735;1191.3728;
725715.259;562437.907;626713.759;72.4667;48.4002;277.4632;
748851.915;568541.520;517045.685;-105.9604;608.3291;72.3930;
775263.696;575051.002;579626.101;12.9856;9.5566;1088.6733;
764349.437;380263.513;380024.819;9.5892;-1.8668;-21.4833;
814986.852;371227.708;434936.151;0.0834;-430.3906;108.9917;
752386.103;573165.957;570524.574;-654.6835;49.0372;-1.3725;
737423.584;107807.587;483806.746;-8.0315;-1523.6741;-12.7816;
842950.987;581243.612;572669.245;44.1579;224.0809;0.1021;
664176.443;414615.286;416110.127;265.6723;-10.5228;0.2859;
678873.065;482639.374;494764.330;60.7902;-224.4388;-6.1809;
681179.178;424639.149;423626.791;2605.1503;-0.2175;-0.2975;
651537.362;436315.850;434996.104;-162.3925;1.5254;-9.7527;
337680.813;517202.274;434868.741;-1575.7773;13.3722;-1208.4695;
759106.798;477365.113;450520.908;-8.2798;88.0248;-19.1368;
828819.473;574983.195;579120.193;44.7809;-91.2033;6.3413;
735284.070;199275.964;516979.686;-8.5694;-1011.2682;6.8221;
830042.612;565171.093;521863.157;10.9357;55.2090;-200.2328;
735434.427;509524.983;337342.561;-56.3437;103.1653;-766.3828;
809732.592;541030.780;547577.693;-0.3008;12.9160;37.8738;
845958.184;595147.675;590842.520;-0.1268;-16.9044;-275.5775;
558912.019;452281.686;458900.739;-1226.3269;-5.1792;16.8710;
500163.669;511668.508;512349.087;-642.1938;-5.1900;4.3570;
685704.873;328038.303;372887.100;-31.4699;-1244.9598;-823.8153;
411747.948;588760.656;594104.473;-3095.6562;5.9858;57.4016;
771711.219;587588.723;587735.678;-3.8632;-0.3752;0.3220;
730053.500;415241.236;499288.817;-117.6527;-249.7582;29.5632;
776871.700;235260.747;554948.705;-20.5790;-2117.3898;37.7891;
156648.016;516155.735;514800.140;-5745.5279;148.6949;181.2940;
843328.124;681397.609;482148.027;-0.1110;907.1776;29.5988;
736004.635;477349.970;521183.248;-38.1628;-158.5235;198.9252;
656690.956;515149.315;510143.547;4.4327;-101.0401;-65.6033;
734035.509;500180.372;790125.602;-28.5626;3.2210;1004.6590;
653869.939;595425.497;577736.841;4.8975;-1.2348;-79.7488;
723725.816;551165.925;600615.618;-1.1401;373.3614;-347.7551;
677681.695;435667.165;429436.728;-699.8667;140.0414;168.9497;
686737.760;591325.417;600297.698;-94.0630;-112.4990;-0.5797;
720446.017;313955.988;408457.588;-162.0645;-503.9941;-16.1595;
839161.836;608419.077;580019.527;4.0188;100.4289;5.2965;
654314.037;492906.096;462710.437;-228.0850;281.0146;-176.3907;
855328.450;476330.571;479359.540;422.6308;-21.9305;-35.6666;
761015.509;494373.284;499417.614;-3.8193;-31.1242;19.3860;
783684.009;489734.683;583961.214;258.7007;88.6341;559.0944;
660013.630;437438.515;437230.533;-0.2184;-0.6031;-3.4611;
593900.566;503521.398;527243.154;-1321.8779;-63.3918;16.3481;
654287.029;477026.347;478202.623;-0.3838;-125.8378;-59.9552;
791463.148;428715.204;433292.320;-243.1492;15.1290;58.2614;
728577.567;861909.428;460739.539;20.6433;1838.0631;36.2431;
752535.980;605805.805;601199.299;236.6031;30.0487;-1.9243;
839228.389;511722.723;502108.771;5.8733;7.2619;76.5484;
717365.510;408284.962;408543.972;-249.4221;-4.5189;1.7348;
743562.908;487213.385;560572.399;-7.8607;-38.4181;254.2668;
825886.309;478262.950;481676.479;665.4002;-46.7991;-133.2931;
996214.558;465835.713;433915.514;1163.7620;775.0540;-14.1675;
747465.907;573834.950;573586.801;-141.0979;-3.6114;-8.4541;
686539.135;538764.861;587650.145;85.4036;-52.4957;248.6524;
737194.100;419298.110;366663.370;-190.8170;0.4318;-657.7121;
694925.527;548129.518;563341.117;-42.2524;-1.6749;121.8925;
844003.915;383295.846;338002.743;29.9100;0.6921;-727.0074;
755870.753;514023.158;541296.219;-7.7347;-206.1815;-50.3944;
794264.211;441535.624;268449.044;-5.1485;-40.5790;-1314.0845;
710574.700;398610.278;518831.718;-54.1267;-981.2587;289.9722;
799230.718;495515.284;464807.066;-27.4017;-70.4302;-254.9487;
711013.243;583179.929;487388.756;13.0874;779.1354;739.1824;
770180.141;603853.677;558345.605;11.6271;248.6076;92.6927;
698260.113;344116.819;569224.058;-5.4535;-1015.9960;243.7716;
820755.107;507760.572;494074.578;211.9334;82.9540;-57.2871;
699130.748;241531.457;560742.156;12.7076;-3431.9408;-13.0013;
796793.586;504730.365;531109.828;62.8688;3.7018;25.2083;
766591.280;414360.336;404232.918;58.5630;189.4903;-0.9949;
820365.369;525692.858;530421.018;210.3964;151.6680;7.1064;
762016.051;582187.181;449812.152;3814.4150;17.9403;-679.8132;
831213.340;409915.688;421053.356;-89.4075;-0.0684;130.9005;
837198.949;484527.126;398156.969;71.2385;424.3027;-178.6683;
759679.848;543277.730;554529.584;-27.5379;170.8052;-19.1063;
798921.635;437514.446;439255.880;4.3050;-60.7139;-7.4367;
775717.258;378916.443;458219.445;-4.6404;-319.7293;-0.3115;
619233.238;464394.790;539452.114;-1313.7012;33.0994;364.7422;
703979.197;522410.780;537280.836;33.3911;-54.8547;13.9058;
784174.161;614327.702;610950.209;1.2318;40.4968;-0.6641;
691494.599;451354.484;472658.020;-42.5860;-96.3532;77.8920;
648595.677;574335.677;577234.968;8.5036;-8.9888;4.4560;
672202.233;403874.105;415144.861;146.0481;10.4671;183.3998;
819281.307;577135.740;577534.001;2.4067;-31.1991;-35.4081;
681749.267;615373.936;580862.082;-207.6570;485.2112;160.1608;
521500.616;515105.072;532890.137;-1687.1181;-231.2381;-4.4125;
751196.651;511888.206;578013.120;3.2848;-164.1550;240.7463;
807670.480;838082.009;502322.622;269.1625;1903.8220;35.2147;
838143.504;560488.949;565990.094;2.2047;-28.4913;-0.3070;
698335.422;548859.032;516899.409;-7.9250;-114.5096;-2214.3753;
703587.813;420600.234;406515.515;-87.7471;61.8769;18.7914;
662174.621;501496.370;510054.056;-322.2820;12.1019;23.4959;
767872.345;501298.896;560329.094;514.5843;22.8975;482.4923;
747817.299;437865.575;488010.921;212.7059;17.7983;503.7774;
690733.340;423106.315;429017.919;-1.8043;4.9000;53.2467;
867178.021;416328.975;417401.433;0.0568;-20.8325;-25.5750;
824054.615;405174.926;404257.168;-0.8504;1.0365;-6.4841;
622659.642;501577.958;526026.519;-959.0153;-88.0357;64.5424;
788886.029;505454.784;543670.368;-25.6240;-53.1595;38.8439;
671477.056;409058.606;394132.914;-4.2911;2.3844;-100.0387;
805113.729;553150.480;550547.880;242.5221;-13.4358;-105.1173;
486266.511;562178.368;571470.132;-2351.4354;-38.3510;49.6580;
803559.326;351840.723;482824.626;1.3566;-1407.4085;-7.2468;
735658.395;502200.062;642319.386;-125.1802;-5.6868;474.3755;
12528.459;508943.566;504898.835;-5654.0549;129.7797;75.0332;
644758.748;400997.456;438593.792;-187.5244;-812.8841;4.3191;
809464.177;594959.858;594030.078;1.2023;2.2765;-3.2263;
814108.759;568536.177;21473.127;-0.1976;30.8537;-3711.9762;
632829.905;431285.184;444541.204;-477.4802;-154.1695;-112.5446;
765611.815;499212.085;983508.891;56.2806;21.5209;4627.5309;
822700.690;493107.452;577961.142;2.1596;-20.7870;2944.8326;
849418.830;538778.601;474933.316;329.1162;525.2350;2.3605;
841146.994;595426.326;583340.577;-0.2702;-2.1672;-13.0751;
757558.153;394772.369;501524.576;-10.3482;-458.8419;74.5468;
777663.955;384629.254;472364.401;-130.9079;9.8914;432.5671;
744449.403;590666.903;660954.999;-9.3639;293.9285;515.1069;
733464.525;486169.836;481504.543;71.2073;128.6081;-3.1976;
728760.818;472142.953;34731.968;-50.0640;-296.9038;-4498.9129;
645126.846;539379.173;526320.262;-996.0927;917.9072;-10.7568;
755345.871;381730.184;335622.162;-28.2699;0.1907;-265.5312;
820783.123;504954.959;591088.914;142.2920;-1002.7633;39.7282;
720178.540;586393.836;588205.965;-135.8273;1.9533;9.6370;
670350.132;560303.991;553411.754;-1.1847;21.6264;-17.0673;
770418.105;475660.065;471497.171;-4.4557;-125.5712;-185.8958;
829012.028;449790.479;456123.549;70.6772;4.8892;55.7984;
690828.359;770244.590;550006.952;-7.4113;3038.0523;4.9580;
653896.155;414334.541;408104.327;34.7785;4.5835;-26.5007;
734662.859;561341.100;559497.271;-7.0553;5.5637;-9.6802;
651323.143;547886.364;527445.908;-306.1948;178.3147;79.4798;
688386.925;431940.576;431471.570;289.0090;-179.6285;-0.3551;
696817.250;434562.677;428760.592;234.4769;-101.5110;-99.7109;
111555.387;427173.070;424888.571;-2431.8998;4.3062;-30.6387;
722287.899;557979.837;523655.670;41.3945;44.7884;94.6410;
783800.361;563738.603;560623.134;0.9285;186.3302;-1.8014;
649857.336;411068.164;413202.208;4.5816;1.5723;24.0204;
804806.986;560220.497;506168.909;-364.0979;381.9683;30.0308;
543349.965;419256.647;422817.908;-927.0051;-17.5031;8.3459;
771385.499;631389.241;631255.002;-162.4899;1.3021;-0.0162;
802650.283;529534.556;170367.604;4.9773;-37.7172;-1488.5522;
742018.814;468510.381;522990.080;11.4969;-107.9096;162.5997;
447538.817;460796.849;514029.684;-2336.7574;-139.9402;283.6053;
728673.609;464893.083;495396.596;-178.5908;-405.8025;-58.3140;
742456.489;450777.004;518266.537;-30.4773;-196.0001;48.0673;
768104.963;574026.089;571861.736;49.6984;17.0844;-25.9593;
573652.953;531310.312;525653.315;-671.9695;78.0956;-5.3010;
690082.458;491254.849;493452.952;-7.6900;137.7379;41.0180;
796103.028;386976.238;386877.408;108.5256;0.2635;-1.6712;
701066.602;352539.018;479421.507;-206.3776;-869.5605;94.4657;
742014.721;476800.105;349658.011;71.7498;-34.5703;-455.9827;
760558.580;616724.144;609712.987;-55.5965;1141.0475;0.0222;
683364.498;471497.420;393909.035;-275.2657;-2.3733;-161.8785;
660508.532;442219.119;442250.941;-59.2380;9.2600;14.4333;
735142.465;654899.534;488304.030;236.2990;1337.7985;-189.1675;
771871.750;540623.856;496047.268;43.7434;-37.6663;-752.2029;
730101.046;591502.106;591497.586;-3.8119;-0.9892;-2.6912;
760983.858;580424.327;580931.883;-212.3003;-234.8596;12.6960;
732697.600;411142.688;408612.447;-0.2960;3.0126;-16.1696;
738864.736;490398.231;390761.360;102.0105;-1.7096;-425.4802;
791686.237;468899.511;519200.636;171.7297;-574.6719;24.3011;
696392.175;316644.614;499124.306;45.6755;-718.4431;-22.7921;
740148.156;566527.839;542895.795;-14.0836;-15.7377;-108.4544;
733567.710;436703.365;437537.138;74.0260;-0.6243;3.6728;
748538.179;725162.403;423629.837;-3.2659;718.6287;-446.8987;
672734.988;533908.264;511725.059;-101.1247;-7.4663;-140.8305;
669739.339;524029.553;494290.136;-9.9516;556.8391;20.5165;
669908.812;427955.967;207630.688;-395.3167;106.7190;-1115.6641;
720768.493;699798.510;433326.180;19.4432;1280.6918;0.4156;
686602.512;442378.358;417266.852;0.3693;242.9516;1.5392;
725628.223;610175.766;611011.405;-16.4553;-0.2277;4.5091;
749748.995;519488.094;569190.200;51.3106;-367.5472;79.9016;
727704.962;539336.669;549271.340;139.1185;-46.4152;18.6596;
656786.184;533319.044;680056.553;0.0508;33.0015;4178.8847;
724471.228;382253.097;383302.312;780.2811;-567.8734;-415.0455;
651299.939;593701.687;579195.399;-5.8497;88.0488;-17.7348;
826633.836;451712.537;528285.852;1.5753;-1137.7475;4.4205;
833037.110;478914.437;497006.863;2.3587;185.3596;226.0744;
733686.675;575546.641;559445.379;29.3324;-14.0517;-483.5883;
688894.598;609177.054;780989.576;38.7596;599.2039;6201.9293;
815712.217;501725.352;505737.655;-41.6421;-15.9880;7.4658;
756407.097;552284.972;445106.904;-73.9791;315.2608;-165.2804;
660517.179;412527.514;413943.630;-37.4928;-20.2565;6.5590;
820612.311;555483.436;512037.370;391.6582;154.8366;10.9254;
730455.142;514937.543;477376.014;-20.4083;-222.4273;-224.3652;
817713.970;307394.724;479797.272;-0.0243;-477.6985;56.4203;
778111.617;426029.323;432011.931;1.2537;-65.3101;0.0367;
789951.844;421662.316;532252.310;124.8197;-556.8661;-24.9817;
819621.348;519781.078;771811.132;180.5890;190.7830;1116.8148;
714228.482;493976.631;522011.371;-36.7387;-115.1532;45.9034;
650430.952;503508.674;501577.807;4.0144;-0.0405;-7.9827;
816894.509;118016.569;431858.658;907.6956;-2075.7147;-470.2523;
751162.715;494925.736;639626.398;3.1472;-8.7043;639.3217;
886158.952;181122.004;468550.765;767.2807;-2627.6022;-245.5098;
689686.976;594271.222;597867.774;10.4863;-0.3574;-0.5865;
760268.294;520323.612;470081.091;50.7994;94.5172;-184.2849;
800601.347;524921.809;519876.041;16.7864;-2.1564;-14.9706;
794762.944;502190.629;636962.995;192.3889;8.8525;1006.2307;
668028.839;585785.497;585998.275;-12.9653;-0.9914;0.5944;
778665.045;464043.506;518564.572;65.7469;-508.9615;-35.7036;
823964.910;438096.609;475710.885;0.2266;325.9301;809.2451;
800041.399;509817.938;494225.066;-28.9435;9.1323;-15.6950;
701926.989;521765.128;527703.277;-297.8076;6.4046;2210.8691;
777152.669;269524.553;447297.705;70.9517;-890.1454;12.4647;
821758.907;422072.145;387469.357;-3.8613;-0.9501;-393.3167;
709893.152;316534.837;361164.982;40.3770;-454.2346;-359.8881;
908105.849;511814.819;497684.473;613.7564;-38.1228;-53.7981;
867462.208;500133.695;503814.224;0.0293;3.3111;150.9689;
745988.264;503143.981;410605.779;260.6313;42.4750;-616.2640;
887552.709;506604.739;529626.582;1610.6617;22.6344;111.5251;
808169.374;429376.621;429698.958;606.2394;-21.2273;-7.8826;
678584.096;434227.484;797186.358;-298.3659;-0.5626;2626.6855;
616175.764;369111.448;461902.392;0.0350;-354.3249;16.7622;
813167.083;858625.280;547773.599;-1.5697;1838.8248;703.3190;
768929.396;481177.053;859978.763;14.1521;13.3590;1309.8226;
777314.051;433079.401;427906.477;424.4901;42.8565;-37.4347;
757877.135;544118.756;515414.496;14.4212;228.2149;612.1482;
716542.379;524467.792;511551.615;0.2877;53.1634;4.0063;
724011.891;993895.362;435873.539;192.2097;19341.7033;-18.4478;
723419.303;547102.745;506579.492;0.0427;581.0351;89.1686;
702062.244;436239.166;436475.951;-111.3025;14.5168;2.0183;
694677.588;389290.601;469409.044;-19.1007;-209.4785;715.1573;
748098.167;556609.818;386748.525;-0.1986;190.6410;-323.3615;
821960.704;424006.056;439359.880;-0.2302;4.1544;23.3621;
688149.487;585473.568;265975.660;-0.2003;-51.1206;-1746.3266;
680354.653;470094.305;874498.280;-274.0299;-174.7548;1611.3529;
732498.655;521319.099;518366.288;-259.7434;41.9948;-53.6678;
797666.734;377688.890;377644.945;101.8801;0.7231;-0.4320;
816975.945;827156.710;478216.264;1.4086;3213.6146;-8.9557;
733610.075;529429.577;552354.115;-96.2763;-213.6701;-36.3660;
767179.968;756840.657;451440.484;-48.0579;1853.2732;-30.3617;
655632.942;541411.494;510324.987;18.8772;17.5989;-97.4212;
780153.308;445111.961;680234.100;15.5279;-65.3352;10758.2898;
710686.032;508470.512;307823.103;22.0215;-122.3944;-766.0409;
714171.969;554644.444;547122.613;1.7911;-85.0204;-132.8535;
777232.983;491580.920;523273.994;-207.6446;-176.2946;-223.3391;
802536.734;460077.475;839046.270;-10.0743;-21.5691;1955.3514;
705069.039;970631.533;582393.686;1.5380;4220.6494;5.6597;
804293.655;450151.117;546814.002;1546.3921;4.3916;648.2178;
754823.924;372826.789;372983.711;-0.2355;-16.6746;0.4323;
729808.612;566486.498;574497.793;366.0959;47.2927;268.0055;
752718.559;689501.087;505818.797;318.0916;854.7956;44.4316;
733907.408;613845.692;613848.799;22.0647;-1.1154;-0.4090;
743766.795;411320.621;412236.090;14.1372;-34.5712;-8.1555;
716506.081;470501.108;455894.144;2.8912;-21.3453;3.5335;
792308.096;502256.459;555285.811;-311.2412;-14.7171;170.5384;
765156.877;471233.683;399841.816;-4.1659;209.5737;-1.4678;
688667.493;17264.565;473776.969;0.0168;-2084.8332;0.5281;
766852.305;369553.167;369837.556;-100.9834;-0.2767;1.0671;
648127.488;389513.984;389658.624;-193.6783;-0.2773;1.6082;
865236.620;499939.365;536200.179;509.0319;2.3246;292.8775;
843764.231;586891.243;438892.182;-0.7419;2258.1819;-25.6396;
784554.055;519163.341;505815.810;78.3048;-6.2507;-67.6960;
719684.221;528071.998;554775.680;150.8630;148.4872;346.9244;
687098.238;570176.941;561993.707;-65.5007;104.7205;-27.1910;
751350.180;263747.491;376319.121;173.3937;-1061.2287;-801.8043;
824768.904;575974.964;473480.770;235.2992;1858.9573;-59.8237;
807005.409;530418.223;360126.681;4.7694;-26.9097;-1479.9277;
708237.840;534645.434;400276.155;-3868.2126;410.8566;-893.5215;
734825.318;617586.217;611703.927;47.0063;91.5870;-238.1643;
783826.602;415669.186;506317.941;11.2980;-144.6038;232.0300;
694515.678;569549.989;565806.968;0.4261;39.5888;14.2616;
775771.450;466277.586;519491.352;428.1978;-253.5208;-37.9020;
760025.082;262932.074;465062.302;66.9055;-840.7842;-122.7901;
759890.579;509378.335;509395.637;-6.8130;-20.6564;3.6050;
735217.811;551331.299;478594.982;-2.1064;1181.4485;-4.0175;
807202.278;652512.151;549620.957;-0.5221;328.0297;-5.1729;
775628.649;565164.851;484002.076;21.1646;507.4764;168.0622;
516938.734;502434.057;485552.021;-1178.0212;310.9468;-22.5155;
714227.953;435962.121;434216.777;-57.6705;-5.2482;-13.4439;
737255.871;489158.625;475867.220;-13.6461;-88.9490;-115.9294;
839631.839;562841.230;343879.585;21.7542;-6.5098;-1426.3501;
854488.089;367366.115;548847.212;396.5287;-1387.0192;-33.5255;
84217.616;478739.853;476081.386;-8113.4415;105.9028;34.4180;
747660.075;607135.834;583660.856;-45.3029;-114.5055;-121.4667;
674213.200;412905.214;413923.432;-15.4836;-5.9598;4.1452;
714494.581;487233.001;211768.229;-46.0531;-9.9296;-1009.9741;
708610.595;449038.866;357201.277;-1.1693;15.9835;-384.3884;
803322.519;581029.633;582603.576;361.8610;-23.5199;-2.1012;
367735.584;522008.149;470182.237;-1552.5857;281.4533;-363.2890;
752153.868;470391.068;458972.293;-2.4481;-28.2751;-104.5498;
807432.397;519736.789;534767.309;-30.7958;9.3125;1986.6739;
790474.140;137638.653;466983.195;106.0964;-1350.0857;-49.7500;
753250.647;513686.063;503134.556;0.0497;2.9423;-72.9319;
687205.527;513384.844;524049.208;-1.6795;19.4825;27.0019;
190176.091;618962.560;671913.883;-6887.8438;184.2432;366.9625;
747351.428;604359.741;495074.497;-35.1263;362.8106;-590.3023;
816537.105;563741.379;564737.594;-57.7468;75.2335;13.0464;
751141.711;510344.106;539453.464;-120.7974;-20.9394;88.8964;
669741.996;455931.585;459355.597;-128.8892;-26.6205;-24.1385;
785393.729;498222.015;661017.950;44.9289;121.9607;942.0298;
688409.717;562785.954;432028.376;0.0093;121.4277;-426.9767;
821990.725;402662.860;413313.362;7.3845;-104.8061;32.6752;
845078.900;575732.432;574973.251;-0.1541;3.5536;-0.4658;
822731.978;584704.480;583308.479;1.3275;27.8078;-45.9760;
768241.660;388389.904;388416.825;-21.6158;-0.2794;0.8953;
735659.587;407754.759;495509.831;-14.7358;-847.6483;-103.2091;
640357.871;510943.285;510846.495;0.1075;-1.2903;-2.6261;
818667.958;532232.327;444365.678;-256.6292;1472.5720;88.4772;
670051.680;-1559.454;566799.505;-192.5289;-3840.9875;-1.2434;
605665.200;570301.743;565586.839;-435.1716;-1.2960;-88.0450;
426297.445;419484.064;489204.006;-2274.0729;-378.2874;-61.7285;
805784.686;581025.954;601776.048;0.8213;0.7090;108.7305;
670931.976;551884.776;568610.994;-14.8624;130.5761;3.3140;
789194.187;521858.863;495477.747;-312.5117;-31.9955;73.4077;
723279.514;222770.979;514774.006;-112.2333;-2060.7612;-1.3764;
688539.675;462758.250;411849.261;-522.8226;-97.7068;-781.9702;
735130.584;528113.711;492272.752;17.1969;254.6581;22.8560;
708547.542;476214.365;468767.269;-650.3428;2.4557;-32.7686;
670028.832;592264.039;591310.894;-20.7973;0.3356;-1.1733;
634194.338;494061.461;392787.559;-555.1588;-33.7432;-351.9488;
776849.597;592340.385;592372.166;-34.8403;-11.2106;-0.0491;
758315.213;413708.188;719409.912;-7.6862;-163.9449;1183.9113;
806616.422;546579.952;511657.699;138.5295;122.0138;-3.7221;
726305.566;533316.280;349253.388;-3.6320;48.9016;-603.5469;
758576.580;585529.962;530993.109;-14.2868;158.1259;4.2550;
803196.645;391170.842;381093.222;34.3736;-1.4461;-413.5018;
801723.345;441603.083;438405.204;449.2322;46.8269;-162.0501;
792533.160;537344.093;628411.853;495.1671;130.4590;451.1073;
750602.293;533161.057;410652.501;-15.3043;175.1956;-539.9190;
733138.130;621900.474;710276.219;-3.3393;20.0879;364.7514;
726547.469;530864.827;534053.687;-245.0291;-27.9859;-135.7687;
725116.826;418358.671;433672.516;31.7138;-90.9317;60.7379;
648597.605;408971.336;407664.487;-888.3500;337.6720;0.0289;
846775.429;472309.809;478057.054;5.7366;-25.1159;33.2687;
