# This file was created for the Modelling and Simulation course, RUG (September-November 2019).
#
# Project: Simulate colliding galaxies, using Barnes-Hut algorithm.
#
# Students:
#     Stefan Evanghelides (s2895323)
#     Hidde Folkertsma (s2759799)
#
#     X         Y         Z         DX        DY        DZ
181804.705;449391.235;446478.344;-276.6216;0.8912;20.8192;
419038.477;391745.762;785227.557;663.9414;-63.4672;1679.1539;
154120.944;348930.626;583736.571;-135.6573;-571.0798;744.3166;
222822.770;396673.167;396174.093;42.6721;-2.3775;-1.4466;
103373.322;658443.615;39991.397;485.9799;200.0636;-28198.2355;
319617.459;471038.038;365014.416;10.4679;20.5566;-174.0092;
325407.818;502428.703;501977.698;52.4210;-2.3429;-7.4906;
268360.691;391252.653;393014.326;-8.1699;-87.0703;-48.2088;
224652.318;373944.035;676087.615;-445.1447;-348.3434;498.9943;
142672.083;292886.493;273111.013;-45.8731;-423.2141;-474.2125;
144270.466;375394.730;374244.830;-844.6861;-3.3785;-1.4234;
306482.190;817340.524;661648.448;-7.9233;684.9691;335.3742;
264079.523;592064.355;677984.815;-7.4514;57.5604;199.2183;
201036.111;502542.778;549549.244;-86.6167;0.3880;-87.9030;
934557.322;493218.174;478748.964;2444.0432;-82.2900;-79.0211;
317580.241;518541.955;321117.974;180.5799;30.9143;-321.2172;
136988.845;961261.376;615523.345;-33.2551;811.4107;127.5140;
10581.707;451514.134;440113.881;-560.4087;-78.5152;-71.7246;
251290.956;489055.257;513329.561;21.9993;32.4684;46.8548;
307083.301;431016.979;436298.373;74.0211;-9.6635;16.0356;
283893.206;521781.032;483422.546;86.5941;104.6769;30.6652;
273042.767;437868.361;797449.240;-56.3090;6.6358;948.6705;
404419.730;401580.376;568293.699;659.0137;-111.7096;8.5567;
294495.306;379753.858;379917.105;-38.7026;0.5728;1.6642;
233978.694;597728.261;682681.115;-45.1181;11.2635;244.6775;
275303.797;585345.026;591762.314;15.5684;-17.8541;10.3854;
316092.386;494526.120;496949.034;-26.7807;-0.8994;9.4326;
231956.503;491823.020;425202.893;10.4570;-14.8664;-255.2153;
143073.978;508021.435;704431.119;-184.7655;-566.3783;400.5582;
704288.415;548430.100;410279.170;641.2603;142.1946;-140.9191;
318929.718;274344.682;421134.081;279.1765;-252.0718;516.8306;
276330.793;690532.648;809825.594;20.2976;538.9761;971.2153;
178183.441;692103.055;500517.772;-495.6839;243.9754;-75.3829;
251583.770;621997.905;537957.401;63.3745;190.9215;7.3415;
185345.402;138504.675;502587.412;14.8005;-602.5614;68.5516;
81829.734;482866.549;371443.959;-359.9514;-42.9219;-284.9427;
282193.584;206966.032;475244.813;-84.1203;-403.1501;-15.6540;
39304.092;531866.545;523646.940;-221.5829;14.4089;-6.4556;
214242.550;418042.286;491561.874;4.9563;-112.2314;35.0661;
246845.280;676213.797;742779.567;6.7057;406.7776;413.1126;
275200.736;505233.450;84504.137;68.0945;10.4076;-873.3750;
292565.951;466418.861;595084.979;71.7876;-139.4957;1591.2201;
331300.388;477503.355;841605.420;282.4197;-119.0479;3958.9593;
304154.092;606163.398;283324.583;148.1766;353.2098;-271.8321;
335108.964;224068.729;572391.285;179.7267;-807.1172;4.5035;
200838.161;465399.760;378442.675;23.3718;-38.6581;-213.0889;
286988.632;615857.792;630250.709;255.4189;141.4996;668.8712;
263306.630;429497.973;579023.702;-150.2673;-98.2507;361.5821;
320106.174;574352.279;405738.942;-27.3857;72.8391;-295.5472;
153158.256;438417.002;619518.346;36.9086;-64.6940;1535.1166;
93075.310;519053.505;803999.022;-154.1498;55.7622;551.4992;
623664.860;581496.870;290361.279;589.4865;154.6365;-369.1149;
82778.360;332341.823;644340.337;-434.3663;-263.4905;276.6712;
275183.399;709387.787;566253.653;-13.1861;2582.9893;161.8586;
196920.774;102139.165;406381.421;-5.6875;-1161.7590;-160.1601;
216763.289;534955.913;684634.251;10.6788;9.2192;257.7815;
277386.730;581741.889;461906.995;55.1558;201.7418;-34.4859;
343761.385;81287.483;415076.289;0.3028;-659.8407;-53.9285;
792580.206;560225.755;417888.794;890.8118;22.5658;-362.0764;
255309.150;428182.239;390945.142;205.1757;210.8230;-54.3271;
238466.527;435321.246;459107.809;-7.7940;-11.5074;45.4506;
117594.728;479528.752;49260.311;-188.6224;17.1803;-797.9342;
201759.724;371221.114;371420.251;1.7073;-0.2651;0.3637;
492935.427;315697.714;359937.512;2269.3686;-8.8654;-268.9327;
208939.527;484288.776;474805.498;54.0785;66.6307;27.1994;
354609.186;373841.913;569783.139;377.2675;-54.8404;403.8820;
450265.141;395142.144;341292.830;2580.5012;-36.4391;-331.7322;
254658.150;397332.345;115435.454;28.0609;-121.7280;-778.5126;
276235.561;557801.124;408852.584;516.9758;81.9219;-351.8408;
213773.108;239714.291;529878.817;-137.4667;-1026.5880;47.4990;
64777.356;725634.777;468562.451;-576.0976;522.3898;-15.4395;
192960.928;481052.958;427653.021;56.3642;83.2486;-75.0766;
291730.846;376344.614;387230.334;-43.9937;-81.5579;11.2325;
229083.573;347228.427;439300.106;66.0283;-323.7375;7.9830;
234707.413;290125.372;951298.596;40.3196;-398.4905;891.7722;
335584.268;582341.655;721261.906;65.4145;112.8152;393.2219;
238048.350;227977.066;512353.155;21.8241;-406.7487;95.7629;
273612.693;520964.809;990462.328;-47.4151;-9.2486;16719.1797;
866052.134;440036.562;675388.305;1149.2180;-8.3867;600.3083;
194999.226;443334.531;550654.416;-94.0190;-208.6967;166.5539;
275639.004;616955.223;584436.853;32.2132;66.4784;-2.5203;
341643.925;504879.537;523925.620;-25.4715;36.3931;39.1278;
224849.142;580725.787;532815.703;-47.5939;263.0424;-105.9623;
290115.423;539773.856;605254.290;3.4520;-189.2365;1.1395;
239275.333;459494.157;421033.103;-33.4408;-15.7211;-42.1181;
220997.854;203992.885;509733.511;3.2905;-551.9913;-78.1648;
386812.997;429038.296;603755.408;170.8173;-175.4736;847.8590;
10668.854;411720.698;395162.872;-656.5007;-75.4857;-56.7229;
71578.849;426013.083;424364.109;-157.7215;-6.4639;1.9378;
209870.426;821958.121;272379.443;-45.8301;439.8003;-459.0005;
178136.181;919095.464;494944.893;16.3162;847.3609;6.6583;
315501.933;593379.757;593346.680;157.1142;5.6516;5.7614;
273712.240;851433.493;547686.080;78.4888;8365.3823;-104.8763;
212255.017;585624.844;368737.119;23.7326;322.6254;-362.7182;
299675.013;983730.182;493705.082;134.7672;999.1472;41.0827;
271133.862;108184.387;460085.450;425.6741;-668.1686;104.2563;
237958.713;442420.246;462875.487;-38.8013;-71.6367;-54.3289;
161027.243;505635.038;211016.953;-297.8886;-14.2411;-667.9900;
199245.168;437671.441;306037.608;72.2556;-20.7145;-294.9406;
340717.779;618853.781;794958.460;91.1776;184.7600;658.9038;
176757.119;602514.268;590138.215;-6.9146;13.3788;16.8038;
302109.548;623914.023;261242.004;-27.0645;270.4423;-466.9158;
119586.520;863347.235;496609.018;-1052.7394;922.1897;-233.2758;
337689.647;813742.365;448451.651;183.2960;685.7344;14.3808;
81971.200;375626.250;519885.262;-1118.9314;-374.7679;69.8441;
663416.613;500893.200;586107.173;1213.2693;-70.9247;29.8649;
221348.362;638936.598;413846.722;-651.2866;340.2421;-239.9629;
385562.873;468909.436;538225.904;143.5827;-149.9068;84.9853;
724819.932;870865.325;720671.886;840.7581;707.8002;451.1440;
320608.205;633309.070;107943.590;34.2680;286.6895;-804.7154;
50240.605;50443.349;445092.740;-589.6737;-758.4276;39.1911;
467840.834;943224.654;707988.563;385.3415;638.1256;309.2345;
282109.035;532526.587;408636.740;-34.1131;361.6546;-7.2644;
184756.242;418565.271;787227.014;-292.8832;-20.6318;795.3742;
157990.420;574331.940;599620.379;-10.2072;-68.1817;6.8644;
201546.301;455247.199;404984.450;41.2738;40.0834;-33.9334;
360572.986;616006.200;617826.864;736.2113;-4.1799;-0.2729;
312638.463;59696.438;588501.043;-84.5989;-3347.2515;28.9934;
853904.362;43991.445;470945.783;1412.3143;-573.8755;113.8361;
312856.919;569694.661;453406.873;67.7697;-5.6428;-262.2245;
115236.754;579034.035;432126.587;-403.6172;21.1855;-1748.3978;
326573.216;295773.098;489110.571;116.9976;-306.9530;-1.7790;
216877.517;394322.968;634751.096;-143.4865;-70.9664;946.8332;
304881.061;701586.117;477132.073;221.0138;302.3021;-176.0718;
543612.726;576065.161;683173.698;788.8141;21.5753;346.9662;
255418.138;343269.957;380441.913;-33.8785;83.8352;-94.5622;
248261.221;513040.516;617490.460;-35.9823;61.8144;249.4140;
363467.506;632072.188;437030.383;206.2056;-225.2820;-306.6507;
492066.961;558049.927;594939.595;443.7129;-123.5019;10.6191;
368614.834;336861.859;403198.375;-2.1342;-378.6602;-355.2204;
251747.393;731741.760;444367.205;-4.4918;978.3269;-73.3289;
217859.737;549242.708;523224.857;-14.5908;93.5240;293.5797;
240259.736;335899.729;610053.787;-20.6517;-326.3615;1232.0288;
199408.411;577588.329;500809.255;-84.9138;208.9731;-100.2176;
312122.530;593416.095;306720.399;-15.2862;31.2534;-756.7479;
345486.866;501597.084;460900.844;-1.4586;7.3683;273.6835;
215289.521;404155.443;425718.844;-333.8614;9.3792;52.0751;
372669.267;436073.422;460894.189;234.2079;-146.3695;-63.6281;
130204.857;579532.500;580373.053;-10.7036;71.0778;-35.5915;
137588.853;709564.161;527356.224;-813.9907;794.5259;179.7005;
251361.452;946353.255;506651.685;10.4710;675.8499;2.7959;
235502.074;564140.746;324759.045;-111.4648;19.9314;-443.5685;
545505.421;405445.443;569002.614;372.8735;74.8191;52.8911;
138888.197;509484.925;416298.492;-825.3369;178.5734;-14.7299;
204737.212;634520.696;501013.761;11.6732;469.1121;-373.6638;
262363.101;617482.844;617649.390;-44.7719;-7.0752;0.7564;
556260.683;540009.437;530663.656;2463.0910;136.0381;28.9423;
320014.510;620420.894;582185.934;281.0818;84.9750;26.1140;
375425.887;569203.437;139611.558;187.1432;-21.9519;-614.5295;
222150.509;473262.649;396819.877;14.0133;-54.5354;-127.1517;
306915.168;560917.596;268587.617;-30.4626;374.8517;-590.4240;
100475.743;616258.125;468450.041;-326.3016;-107.9609;-9.7387;
296138.687;598904.681;702730.722;33.1345;9.5873;283.6397;
195182.085;399522.676;291047.444;-2.0244;956.8996;-502.8697;
249261.606;106586.237;576282.930;-25.0057;-656.1428;270.4788;
177523.385;502403.038;907799.368;-166.8741;84.5496;1246.7677;
423914.294;537860.343;350828.079;501.0023;276.4196;-218.2887;
197550.721;612898.102;453298.384;13.1686;580.9482;-8.7435;
224868.608;974880.194;483408.074;-41.3129;873.6729;-2.1801;
241192.546;131765.731;499583.603;12.3966;-682.5929;-38.9848;
220147.228;595073.847;582488.814;-27.0664;23.9221;-26.3028;
210666.250;975618.496;486163.555;-225.3375;1117.9515;103.1041;
255601.677;397442.809;468270.663;-9.0622;-87.8320;1390.5404;
337699.231;634844.078;549805.971;21.6188;1318.1483;54.2139;
175527.757;514810.583;533966.751;-10.7360;39.5666;108.4300;
259353.806;580361.433;586201.327;55.8398;-21.0888;-20.5706;
184746.063;458360.002;392350.779;-177.4645;370.1377;15.5815;
261647.348;486990.030;481359.971;163.7912;-298.1179;1.7899;
413787.982;489957.383;420798.625;223.8466;-4.9612;-184.1343;
313568.721;575066.241;489579.079;-206.5905;532.1254;27.8020;
229354.229;449269.857;534804.794;-46.9022;165.7751;191.0356;
174121.279;667218.997;497984.923;-156.6367;548.0485;37.9320;
263372.539;474488.268;456251.988;15.0565;43.4054;-26.1608;
274191.837;438379.327;454650.564;9.6216;55.2033;51.1716;
121781.519;512818.605;530953.937;0.8240;-98.5943;45.7126;
234188.868;525349.182;467780.051;41.0279;25.4493;-409.6416;
548722.058;560477.722;638541.408;1505.9935;9.8517;134.9617;
314226.060;418829.255;341802.929;-23.5246;-50.5058;-208.1500;
279342.755;542267.786;548713.784;-34.6362;23.5389;36.7388;
350473.704;589721.918;465824.552;12.5135;167.9494;-49.4627;
114223.189;493630.030;505621.920;3.6850;14.0648;52.6039;
95417.046;822560.979;512418.176;-344.7692;863.1964;22.7713;
140779.593;704433.291;616715.911;-164.7627;219.9914;121.8411;
424693.092;383573.814;317352.875;420.0100;-17.8337;-161.6940;
195921.637;498368.048;396667.397;-12.9527;168.3564;-71.8495;
139340.579;899396.685;423628.946;0.2992;627.8060;-56.4594;
274056.664;625789.342;517663.516;29.1260;132.8692;-116.6327;
272770.552;507156.526;551838.419;73.2262;-335.7113;60.3777;
325977.399;347868.379;494428.035;627.7864;-148.0794;115.6221;
185936.072;70991.534;446196.008;25.4362;-876.8700;11.0211;
330129.502;533485.465;580708.868;1.3849;-58.3672;89.1629;
199370.750;503115.631;462935.023;-38.6458;23.8409;-109.1615;
319048.989;505128.622;475179.208;2.9048;17.2404;-48.0208;
147653.753;504118.099;524897.756;-0.8115;-79.4252;-10.4779;
319785.908;968370.483;473721.215;84.8583;913.1004;-77.8012;
159105.635;477339.869;269882.118;-108.2005;-66.6998;-405.8072;
492881.747;506621.386;98499.231;387.4224;13.8600;-654.7244;
183980.699;406213.167;158545.557;-28.1571;-287.3648;-970.4260;
598492.451;349093.827;741478.551;586.5403;-258.6556;388.0910;
298487.268;632509.237;544645.317;9.5987;297.5298;6.6123;
595346.704;397894.359;583856.046;752.2391;-456.9630;-0.1719;
235033.233;457521.086;487905.236;24.7504;79.8582;-13.6056;
165319.083;424588.379;462420.268;-33.5495;-78.8863;50.3274;
892372.542;765795.350;626591.528;938.6860;504.3653;196.2919;
108875.605;455905.622;482157.641;-347.7671;137.4611;181.5293;
255876.333;518122.840;526328.595;73.7692;46.5972;160.9404;
157344.390;490769.646;288899.113;-77.4407;49.7637;-661.8734;
172422.499;576854.887;457636.295;-273.0255;81.3241;-194.0132;
387996.433;629575.019;769156.679;0.3843;576.5056;390.0901;
220271.234;434305.998;509106.139;-172.4157;-104.7135;-159.6648;
98155.261;692641.768;696404.601;-206.8359;473.0237;1721.1077;
171098.019;503600.287;435404.681;-238.6501;-8.3783;-54.1736;
264286.778;483562.686;704730.576;4.9432;46245.1556;242.4831;
787706.378;539601.284;471107.582;869.5613;89.4733;-36.5296;
130599.369;580717.340;632682.439;-122.5963;-290.4614;236.8303;
239336.406;403596.592;98734.697;43.0098;-12.7409;-559.3398;
147887.812;570187.860;229180.331;-14.4795;-353.1906;-1012.0416;
93164.470;553989.262;454481.706;-308.6974;160.9386;-54.1651;
285065.405;669921.618;766993.972;298.7453;295.4984;587.1932;
354515.603;919609.398;627147.533;155.8494;3238.6948;148.6131;
376707.667;416478.292;454512.937;308.4477;-55.5034;54.5133;
487076.768;631168.080;608775.062;299.9228;37.4064;7.6590;
282827.615;709750.184;434252.998;9.9055;439.5753;-1.3354;
214796.861;711379.636;487947.035;-61.8075;323.1669;-48.5535;
604800.848;243181.144;567979.206;552.5379;-390.5642;178.8319;
275409.435;569911.551;253383.144;-137.2995;229.4797;-595.3239;
493772.204;453529.812;570164.795;385.7983;-55.1024;143.8466;
319105.044;52585.593;481754.312;40.8292;-900.3576;-306.3075;
254526.887;591464.104;566076.088;-15.3639;106.0928;68.8057;
191629.161;395637.801;399905.226;23.8156;214.7790;-49.3883;
22926.639;455371.379;208045.269;-302.8587;-42.2269;-424.5180;
298688.402;336085.866;425559.231;16.4094;-258.9077;-33.6480;
222524.075;55326.430;516109.890;-73.0805;-849.6741;10.6326;
235070.396;911448.095;845867.641;-16.1339;573.6375;479.3827;
145901.376;521599.059;557140.768;6.6207;-147.3022;4.2786;
198303.655;446105.974;432648.722;2.8581;121.8428;29.5323;
198737.586;338309.518;378074.628;-38.0354;-314.7690;-8.9048;
232835.635;600577.899;602406.996;-41.9739;-1.5227;-2.6072;
260123.119;466338.745;683705.842;-21.4817;172.8533;553.6175;
226680.586;490775.184;869832.570;57.0020;39.2693;922.3523;
209887.808;586704.807;643891.203;-102.8760;11.2967;255.1232;
401548.862;497522.508;531077.001;308.0110;-9.4852;67.1715;
208350.625;659956.115;549401.393;38.6698;862.1809;-62.0296;
152850.975;517428.818;399913.155;-0.8148;-27.5684;-428.4307;
270230.861;536623.051;596334.355;178.9734;143.5739;530.9554;
234474.566;575434.705;495612.033;10.2324;153.7226;214.9096;
242873.300;492520.471;974801.347;-50.3881;1.1187;735.3519;
440790.555;487724.601;334624.346;182.8136;-29.8197;-413.9875;
815193.655;296728.555;581226.507;778.4116;-788.6692;7.9297;
139628.721;514330.657;295181.624;-141.1526;-354.1667;-400.3819;
321023.553;452428.688;421299.802;-12.7373;13.4999;-46.3541;
297000.732;537738.578;503921.915;48.1157;49.1417;-14.6726;
382350.682;609262.613;649135.300;3.7016;132.4323;182.0716;
190465.621;562669.222;551408.296;5.0397;-12.0307;-169.8809;
623302.529;812235.200;582188.176;1266.3629;386.1951;-11.1272;
644824.519;206104.567;654552.143;1828.5385;-587.4485;182.6932;
252287.919;391780.822;383125.646;15.7339;-6.0045;-49.2986;
281024.927;251757.137;268619.048;47.6693;-479.1788;-509.0245;
342094.688;395612.011;531515.145;183.1300;-183.3573;39.4561;
252749.377;796877.575;954136.651;7.9171;433.5250;912.3908;
219169.885;442671.505;859506.523;-117.2215;-72.0729;1311.9146;
370721.248;598501.969;464593.129;98.2115;186.2261;-71.0267;
630270.431;476218.567;471113.844;632.8622;24.0153;3.4414;
181621.229;626095.645;622169.975;4.7877;66.3190;71.1545;
136201.980;448451.057;613093.366;1.9012;-98.8669;505.0780;
207208.891;591638.025;73928.368;42.3205;147.7843;-817.1104;
282218.634;313278.995;502263.450;-147.5350;-214.6850;259.9876;
229661.884;99657.588;566545.177;-79.8284;-3153.5429;33.8398;
189884.594;789554.225;566057.453;-17.1687;464.8573;9.6946;
319442.848;7550.371;546437.680;-45.3955;-1196.1363;-118.6737;
142420.938;474559.600;410378.839;-136.0000;361.7779;34.2870;
484329.429;588211.746;553653.790;444.3552;42.7515;-17.8887;
478240.017;553615.864;398668.382;1183.7934;8.0001;-335.6771;
256891.385;463882.720;495916.655;89.7622;-35.5285;9.3517;
-423.054;491994.277;501701.189;-441.8024;-70.5222;-31.1494;
390640.804;473576.928;309394.688;860.0597;10.8412;-187.2200;
408545.701;402155.601;379674.718;265.8483;-23.6818;-85.6526;
145513.503;935219.931;612336.432;-273.2871;637.4916;138.1362;
313716.888;941324.517;485842.911;112.3497;690.3883;-94.5379;
284384.452;427314.324;580839.427;39.2467;-289.9592;668.1248;
623518.550;595964.461;575028.192;536.8563;641.6156;74.1960;
311432.478;443056.546;317757.657;63.2842;18.4196;-258.9319;
135510.418;526274.828;676019.997;-305.7809;-267.5927;232.7388;
63672.584;465185.620;510415.905;-559.5583;146.6827;183.2836;
323344.585;519740.974;100122.481;141.5371;131.1143;-637.5227;
208613.579;985500.018;530655.451;-145.4106;2540.2780;10.7720;
366361.228;581899.233;569916.879;55.0758;37.3798;-17.5094;
272696.511;518567.216;973127.762;353.5089;29.4795;725.7167;
186716.684;461501.471;488543.618;-309.4933;-37.6064;34.9198;
335190.785;892802.101;482700.737;775.3051;568.9941;-109.2300;
380144.482;480650.623;496424.061;267.8671;-29.2644;-12.1162;
342458.640;523591.267;268282.488;49.2387;-120.3006;-333.3443;
934468.862;466836.153;790952.266;973.8043;-71.5608;459.3877;
318629.143;579450.653;563070.046;93.4561;13.3543;-59.6156;
186343.934;451932.720;493377.213;-5.9348;-45.7189;103.0413;
263248.227;635038.744;408249.892;66.9792;495.0275;-235.4550;
219318.182;553806.374;698338.584;70.1044;-47.4450;336.4423;
881721.715;509064.163;756325.116;938.6373;23.3931;422.8814;
324251.651;482498.814;507837.326;210.2818;9.0793;252.0259;
122947.980;548144.457;81986.655;-63.6401;277.6936;-942.4693;
307443.829;483942.673;397076.258;19.5744;62.3609;-119.0094;
310544.864;439853.982;582112.517;6.6382;-16.5292;262.2285;
336252.351;620753.676;500595.477;2.5585;252.4774;10.9330;
253428.767;691667.929;392596.723;-35.0700;622.7800;-58.4050;
228192.088;373279.033;551129.974;7.7162;-360.9003;98.2129;
198204.784;591514.652;572834.823;4.9084;-15.6595;-52.5226;
642129.705;432755.202;447818.495;602.2697;-31.3269;63.1348;
203226.771;447255.930;402999.085;23.8695;-154.6861;-160.2829;
272675.373;21261.412;614549.222;-2.7095;-955.0777;65.8685;
197365.654;454845.493;494789.113;9.1067;-110.9697;9.7313;
210017.929;528086.042;760639.826;-17.1449;18.1564;438.1916;
349827.879;399173.244;411295.107;6.4524;-25.7128;15.8246;
129590.901;588118.386;443097.069;-153.4397;391.2592;-133.9775;
367436.059;67020.512;522898.540;106.8672;-798.8499;131.6195;
138402.536;932687.573;640361.209;6.7736;766.5238;271.6464;
202153.928;525373.328;527956.563;41.6389;9.0719;2.8378;
347844.578;529963.198;482806.406;429.1377;69.9741;-48.9818;
541862.237;547435.647;308124.292;616.1534;-34.5684;-711.6018;
123943.742;555448.967;127413.665;-330.6460;14.0227;-657.4783;
345476.446;555050.783;567479.546;254.7460;-10.3535;0.8591;
259953.911;521648.317;481197.089;172.9102;-1.8357;-285.7874;
136816.006;363626.940;307939.123;-304.8498;-395.4937;-481.5791;
659605.046;397525.652;402626.001;668.4476;-30.6688;-5.4364;
238787.798;392033.395;99589.419;-29.9041;-223.2738;-858.6844;
302259.651;928354.043;250397.478;-1.8642;779.5612;-422.7631;
208227.928;921537.948;645740.557;2.9052;637.9242;325.4066;
289411.307;86791.820;293424.893;48.2922;-641.5556;-668.7494;
358609.798;406408.624;408926.788;95.0595;-117.9447;119.3303;
390890.405;494376.209;453223.126;159.5822;12.7637;-34.1237;
301864.676;570764.070;517348.779;46.6914;-24.7270;-47.6621;
257149.566;596719.496;578966.049;-40.6897;160.8226;30.3168;
252684.486;590578.358;560483.647;3.2310;185.7637;26.3848;
260970.435;900907.618;633382.894;-336.2710;722.5524;257.8057;
433998.488;266225.476;495206.518;610.9222;-769.6679;11.9887;
126633.798;518327.176;543044.835;-48.3911;-37.1520;11.8947;
151789.962;983533.539;522681.960;-1990.8201;678.3726;-169.5426;
160281.155;444818.643;527780.766;-102.6189;-552.9604;-100.3946;
165328.742;366235.568;460266.629;233.7480;-239.9841;348.6061;
142369.990;512388.653;488713.204;53.6206;1.8836;-87.4640;
326290.621;510737.978;332923.557;33.6010;145.7142;-202.9539;
199008.229;601828.001;483087.607;32.6525;210.4133;-103.5844;
244521.482;413164.158;144100.493;-114.4312;-309.3801;-873.8038;
239276.040;504624.422;424905.146;-43.2407;-29.2561;-66.8720;
214932.377;448202.631;450804.688;-135.2896;-113.4667;-131.7516;
322476.453;300408.810;496892.060;32.4620;-211.4802;295.3440;
216372.336;383562.227;383146.306;27.6140;-0.2505;-7.4800;
240893.598;759434.897;596212.755;-110.9905;685.0966;941.9230;
190425.688;512226.944;889454.788;77.5081;-12.0745;699.1777;
153967.559;427173.714;431177.183;-5.7691;9.0171;-50.6327;
197931.575;352852.100;315623.789;-116.6731;-169.2021;-275.0048;
250224.967;560967.443;453889.330;45.6552;251.8240;-110.9532;
394076.438;486902.861;940029.366;266.1348;-315.5102;916.0844;
186481.322;425466.635;424689.310;42.7073;-4.5323;0.1825;
75807.491;399184.432;208469.829;-140.9993;-2.6938;-820.6349;
335638.375;519269.240;458151.051;110.4908;-369.8769;-130.9098;
667500.962;673951.625;315080.504;819.3504;625.3430;-313.6976;
175128.088;563867.663;553943.777;15.6266;-36.0157;-164.6842;
208019.285;367884.703;516582.708;-408.0536;-70.3138;252.1912;
377382.942;573663.583;426025.018;108.9923;-7.9751;-1073.9139;
835324.990;550097.610;528195.569;2124.7003;8.5493;-27.9650;
292906.452;575033.698;293128.930;-88.8101;103.9712;-333.6099;
302230.293;496178.596;869789.073;149.3197;-11.3490;556.7939;
202873.725;418908.647;527993.189;225.2136;-189.1273;156.4861;
320648.702;308256.921;565913.996;-0.6928;-225.1592;513.1878;
176147.440;465828.399;423438.149;46.1590;-0.2437;23.1919;
195287.717;633168.113;535048.500;8.9779;292.7599;107.3038;
45531.953;654790.997;642173.531;-277.6938;141.5742;114.7905;
932557.929;727625.255;529311.061;1245.4978;387.5168;44.9984;
265957.990;405358.855;358818.477;-30.7913;3.5878;-213.3160;
158265.543;210711.096;768461.324;6.7615;-618.8922;646.6570;
194596.361;526975.160;546381.896;-85.2680;88.1993;198.8346;
416131.326;506311.563;944049.590;277.3166;-48.0798;720.8976;
294002.249;290149.053;385247.626;106.9698;-443.8506;-184.2104;
515365.628;491117.915;437039.346;2622.9215;24.3898;-200.1387;
144428.252;217250.592;70357.106;-1.3060;-648.2706;-1197.6534;
725217.657;496589.473;472304.882;886.6100;45.2417;-4.6281;
324241.193;499595.793;144954.652;10.4944;307.4896;-766.6648;
37514.504;434585.280;413186.805;-395.9003;8.4838;-10.1082;
232748.573;498987.220;421805.528;706.8402;-7.4463;-8.9219;
910962.241;375204.545;563677.949;4414.3378;-181.2711;104.9757;
161930.430;266018.686;505578.179;-338.8603;-307.2853;148.2341;
791635.324;486028.989;619564.393;45.3093;-5.1519;247.3421;
810074.489;533917.306;571297.428;-88.6358;-3.6117;344.7290;
829160.573;554778.714;30749.563;-57.0696;-15.4246;-957.8960;
863514.191;486271.162;196175.133;2442.5173;43.9913;-426.0609;
907704.738;545067.071;531637.402;648.7947;-71.3353;-167.9658;
682531.966;240635.652;440229.039;-56.4911;-573.7451;-17.3831;
72154.478;533471.164;492195.157;-1621.1965;98.6776;-28.1635;
799391.971;589981.153;615979.515;-18.3991;7.1355;131.3993;
798750.521;700408.560;580173.015;-6.0076;203.4385;-215.8367;
864856.127;487409.451;613050.735;53.1807;-45.3047;140.1530;
408810.495;156046.415;750667.379;-655.7626;-616.4900;393.0329;
938589.055;513535.725;752956.070;336.2135;36.1980;689.8372;
804236.931;469480.470;779234.433;-11.1625;-9.7778;1112.4799;
821660.843;582274.027;566704.074;-3.8871;15.9950;-8.6569;
653798.696;491415.220;604194.949;-342.7187;-11.9483;104.5170;
752102.222;364581.937;435491.950;-3.4253;-223.5672;-117.9679;
677342.246;637534.306;503402.086;-199.6719;272.5005;23.3998;
700014.121;724670.307;592159.488;-72.0624;193.7063;-9.9627;
883638.583;510939.461;473991.430;216.0792;101.3835;-11.3152;
814252.516;476013.757;470479.629;290.2596;5.1555;-2.7214;
799417.033;106988.666;497042.084;-31.3591;-663.2034;14.6478;
841653.146;353383.927;402930.327;0.6179;-153.9648;15.2559;
630796.975;419213.849;593942.789;-19.9737;-184.5824;54.0481;
749608.979;157846.809;808990.346;1.1115;-485.2608;1536.6889;
704724.827;207492.460;459189.807;-58.4420;-1075.8326;-6.0726;
919493.459;509380.244;531518.639;304.1369;-2.7623;80.6650;
149275.502;310788.151;482893.413;-1094.8068;-323.7261;215.5499;
701377.507;437938.242;501519.043;-31.9079;-25.2429;155.8595;
658690.738;422528.225;471265.308;4.8605;18.5094;165.0235;
669773.645;669983.367;562203.710;8.5377;571.7036;-9.9213;
281156.906;391780.131;356197.203;-725.2888;-31.8308;-102.9043;
778951.317;593226.160;460184.561;-13.7215;210.1705;-492.7594;
888511.766;724950.100;485307.818;-2.9588;617.9519;12.9408;
719542.704;580034.764;386464.251;16.0477;239.7673;-255.4388;
793188.703;762830.242;330905.519;-130.4604;1116.9765;-250.8975;
817674.243;855098.303;515741.002;161.1516;879.4542;14.3656;
680961.904;177204.716;333525.908;43.3449;-1397.2390;-388.7789;
831484.002;533253.338;440674.779;26.3936;245.6050;40.7838;
800931.574;539953.777;870379.446;-61.9709;2.9959;2131.5596;
891309.551;594493.585;570734.704;42.5726;1182.9483;36.9656;
823585.019;410956.301;635628.799;60.9079;-351.6014;1610.3735;
502647.046;481773.837;484039.334;-533.2109;-29.0966;-16.2430;
603484.481;159552.436;494011.025;-292.3902;-662.3339;-140.4853;
740925.231;337206.136;944966.513;-32.7751;-259.5450;736.0644;
329440.718;568192.360;481430.230;-2214.2318;92.3956;-15.5242;
756149.133;396733.066;331207.003;-591.3645;-459.3275;-1518.4754;
734342.812;680025.094;562457.163;-421.3695;909.0603;810.4211;
839292.567;508492.432;526217.477;8.0737;12.3281;15.6077;
950034.115;42864.386;341934.716;300.1942;-657.1932;-176.7049;
881613.699;501276.190;468422.010;156.8567;45.5763;-103.0672;
855460.279;506313.325;444300.031;-8.7138;43.1797;-78.1566;
810360.800;611727.917;309991.688;-0.2206;111.4589;-406.8150;
758490.030;516206.000;241872.950;-62.7430;-47.9296;-606.0898;
707326.334;498506.985;482592.457;-26.7367;85.7885;57.0387;
701074.377;634100.223;483862.521;-48.8536;160.2143;-100.4504;
800136.053;136761.687;430665.387;120.6450;-825.9793;-179.8259;
555926.288;518924.492;138913.850;-293.3670;61.7762;-609.9539;
861651.327;686150.483;612667.183;131.7273;368.4322;29.1207;
839807.507;438578.594;204244.747;142.8284;-88.8910;-474.2220;
978714.341;530673.638;442483.237;621.1429;130.3072;-139.0915;
395370.564;150343.447;510339.022;-671.5702;-929.4301;14.7229;
773953.818;344516.331;566292.461;2.2593;-335.7420;154.5764;
494733.701;678987.595;432018.202;-630.1532;177.9432;-333.5449;
720802.265;845927.900;424906.085;-32.2302;792.2604;-51.3723;
865783.708;610188.528;604263.169;141.1898;32.9405;-1.9034;
776521.799;472007.333;392539.252;-22.1462;158.0827;-61.2887;
975324.909;617009.358;594370.391;307.7480;175.5280;99.9863;
758089.285;316627.124;174015.168;1.7431;-427.9536;-476.4540;
728721.326;80517.169;620975.369;-248.2613;-1621.7239;216.0639;
716135.182;656432.254;571737.779;18.3772;291.5296;16.7272;
555244.300;819784.618;433054.883;-187.5917;914.6385;28.1745;
711755.379;296190.847;734338.023;53.4853;-740.1613;413.3196;
793372.539;135068.071;985669.027;-23.1734;-1836.4145;913.9700;
741724.629;506669.292;455808.492;-68.5876;99.3704;20.3663;
793710.662;437140.029;695931.953;59.6949;51.9924;474.9745;
721176.767;613727.589;368343.921;4.9217;91.2202;-433.7662;
841026.250;583989.563;455605.851;445.6549;269.2766;-4.1545;
702741.993;502902.473;382950.408;-283.8198;-25.2445;-203.8651;
803923.120;554607.318;499486.285;27.8265;41.3308;-147.8283;
852819.149;116939.983;463003.328;37.8029;-575.5140;6.5665;
609860.018;627731.778;627076.021;-386.1513;0.3640;-2.0948;
576760.646;45306.823;539350.396;-435.5646;-956.5140;82.2394;
992593.537;464197.777;412611.348;721.4174;-2.0480;-62.2033;
658395.800;457958.875;482409.235;-539.3878;-83.2756;-13.7442;
661742.461;79495.199;518969.743;11.2652;-706.4796;-32.1342;
785918.220;544275.163;659721.796;195.2861;-4.7175;252.0234;
389435.102;576830.121;585854.164;-670.6171;-25.6943;12.6115;
6140.061;481628.311;411982.693;-1422.9595;-469.0151;-213.5133;
733171.807;541288.307;294024.332;-24.7177;93.1713;-309.0766;
749052.434;384596.149;410880.145;0.2508;5.0981;-137.9322;
745120.839;532951.229;463751.869;108.4887;127.9344;-16.8446;
845474.865;312460.215;486622.709;87.0759;-386.0040;-116.3676;
740695.620;71567.413;650806.886;145.9779;-2732.2253;301.5103;
806929.516;563885.895;525866.582;-13.4236;984.0834;103.5617;
928964.968;446945.355;519982.534;295.0162;-61.7438;112.9316;
696223.653;591847.274;536561.880;-73.9516;171.5899;110.8921;
814300.548;572136.902;575358.925;3.4022;-17.1340;-5.3715;
720824.493;418881.464;451623.713;-163.9645;-74.5755;-46.5974;
775523.633;668676.535;309917.961;204.2628;229.2416;-716.3439;
342760.491;67062.456;442396.257;-1064.6023;-1185.0575;7.1498;
991734.313;239606.434;520208.704;499.2289;-1737.5915;28.8494;
725266.461;543275.920;291460.407;93.7878;188.6527;-937.8325;
806982.476;581287.747;517836.576;363.6966;46.4639;-119.6554;
722261.414;608427.975;616201.203;-181.4368;-26.7951;5.9838;
852546.285;603097.154;534288.893;25.2803;293.4733;11.0369;
646148.071;593287.665;378623.649;2.2310;901.3706;-207.0603;
802309.844;547154.925;704190.573;-7.5305;77.3110;1858.9162;
788175.876;994868.107;576824.191;18.0115;769.0002;119.6934;
811680.516;673048.673;428970.310;150.3640;709.1078;-156.3652;
853852.304;502010.005;514708.101;8.9654;-62.9737;-38.0049;
800309.422;373637.337;426515.065;-6.4536;-160.1845;22.0488;
837083.351;494390.832;490909.344;913.1412;-48.7434;-37.3492;
770291.616;869903.295;499130.962;33.8365;515.0886;-4.0426;
696893.508;576028.863;579957.396;-0.9042;35.2456;34.4400;
947792.855;378226.532;385963.858;354.0726;-326.3590;-201.1525;
707088.719;369559.159;479474.325;-42.7536;-287.2835;-73.9535;
949222.910;255108.366;429813.287;548.4912;-311.3453;1.3049;
842702.740;546446.687;127510.724;1.3718;28.4087;-733.3685;
739464.828;332349.931;407069.474;-93.7513;-502.6328;-178.6144;
861199.532;562697.994;533100.855;201.8202;-17.7318;-44.9432;
863273.477;535288.358;629656.563;203.2162;-209.3226;392.8192;
731888.294;434046.233;476330.548;161.8436;17.6027;641.8901;
821676.122;407664.492;232825.078;1908.0811;-121.8641;-914.0720;
700074.158;838450.973;701445.644;12.2326;693.8955;528.4980;
844735.769;448889.430;479086.277;3.5309;3.1618;85.6638;
640112.398;454263.466;353365.341;-4.2005;-58.4236;-198.2681;
596326.631;436616.578;775524.887;-373.5232;-483.4944;796.8454;
508058.659;551621.205;506195.780;-1140.8896;170.8569;-4.3537;
667409.792;167393.513;926178.814;-79.4402;-989.4440;910.8408;
688450.317;955255.406;252534.875;-0.2160;1375.6103;-563.5451;
821183.872;547214.577;531639.741;82.9342;255.4049;4.8515;
629004.558;569831.792;563445.947;-103.0297;-34.4364;-122.8914;
451468.134;716653.231;501851.904;-562.5484;399.2961;-882.0546;
651863.732;504118.255;489013.901;-41.1444;22.3145;-6.5370;
626618.380;536817.490;513805.271;0.9104;-21.5772;-57.7555;
710598.827;453627.528;522183.663;66.0178;-244.4484;63.3607;
733858.343;512238.212;501378.868;264.4067;65.1621;74.0293;
646114.304;519389.018;576162.797;-192.2521;-488.9427;36.3251;
663587.578;556983.614;602487.362;-183.5429;-53.6940;-22.5185;
768452.066;489053.260;432.122;53.8914;-9.0400;-793.5951;
694436.144;534417.312;731354.470;83.3663;-23.7055;291.4845;
634362.681;561862.269;297148.037;-0.3406;39.4012;-633.2568;
681848.338;823602.713;696582.702;-74.0772;578.3198;279.4462;
714616.278;527067.451;506916.386;5.4703;82.4413;34.2083;
881167.119;578470.946;486173.752;219.0819;-48.9918;-284.5916;
669051.374;616874.910;556513.910;-11.7532;72.0968;-95.9345;
687801.868;366531.012;566035.859;4.3470;-217.7970;235.9482;
729582.255;395708.204;415002.955;-75.6393;-55.9244;-216.2451;
655635.435;565036.077;549753.001;-3.7117;-27.1543;-34.8938;
763245.724;378270.837;354202.452;-30.4455;20.4500;-68.4363;
612720.481;465359.208;537385.469;-151.8157;-66.8107;78.8310;
626472.903;435156.110;545329.833;-222.2365;-40.4600;126.2395;
700295.178;503549.402;536696.434;-112.6336;61.2633;105.2235;
613407.108;568698.020;459018.580;-353.9164;399.0206;36.9000;
645187.914;531947.087;505142.605;-53.4508;26.4144;-21.0715;
907145.525;252323.526;557186.214;197.6276;-503.5345;47.1445;
842063.686;660581.264;559422.584;201.9170;252.4661;12.5490;
738243.030;446658.967;337266.771;3.3999;-46.7834;-339.0035;
714804.469;436353.146;461017.107;-32.2309;-62.2368;1.6726;
668294.619;435069.880;471081.190;-788.5529;56.6716;105.7197;
786932.707;204185.787;159508.781;-26.8454;-760.6121;-1747.0234;
722975.838;649290.278;541314.123;19.8187;507.0750;-96.6477;
758468.532;253314.787;121639.387;25.5324;-960.4290;-1566.0360;
838280.424;574335.237;570197.454;14.8932;-4.6964;55.7320;
781813.220;527277.426;456655.576;80.1479;99.6835;-73.4529;
689125.593;397849.766;222779.982;0.6448;-9.7049;-356.9027;
797846.541;768346.048;495669.272;-13.4375;864.6018;-485.5427;
644445.625;463856.914;71441.286;1.5329;-62.5031;-1139.6250;
150426.144;590508.211;607652.551;-921.6493;76.6795;101.3277;
703853.662;567868.561;835118.569;-148.6171;91.8854;503.7286;
695300.997;408847.195;401297.544;10.1100;19.0365;0.7621;
700454.909;513776.647;519467.059;60.9057;14.2068;25.5435;
539747.140;602044.513;555651.643;-426.3211;-41.3433;-133.3219;
388398.991;19680.432;418936.702;-771.9656;-1043.0796;-276.5038;
682821.533;333515.619;783115.965;-11.7534;-323.4072;501.0374;
634112.053;703617.634;896578.380;-1.0068;350.1480;5260.8766;
754811.213;442695.126;570969.347;-28.2714;-232.6680;24.8278;
478633.208;939512.888;502378.542;-418.7766;721.1251;17.4184;
789793.362;487005.946;496607.620;-42.9163;-102.6870;-1176.0614;
748300.705;530820.541;728443.872;7.5586;-37.0714;9259.3296;
620772.211;617176.191;655736.892;-511.3046;17.9078;72.9809;
714456.781;431710.928;797378.920;0.3757;-329.9830;701.3935;
668945.024;646443.145;648941.769;-6.9277;245.0880;189.3011;
811268.109;671620.307;484086.475;1.1700;332.0751;-59.6900;
716012.165;609312.295;558453.814;113.2421;195.3024;-241.0767;
716147.007;614236.219;394262.160;1.8932;43806.1742;-120.8993;
654358.586;464042.651;485330.109;-105.2773;34.7503;279.7401;
694910.417;518958.291;568914.235;22.4413;71.2028;153.7279;
782950.424;504169.019;781167.064;147.7300;0.8362;410.9903;
691122.924;646123.030;754075.098;71.0239;641.3088;534.7988;
884020.919;439272.392;943194.220;90.2247;-136.9211;1367.9710;
832246.832;736631.152;599222.578;163.0309;436.7275;44.6121;
714468.773;102177.462;529444.994;69.1604;-795.6384;-1674.8196;
803971.483;582553.415;224163.197;53.1093;127.7921;-471.8283;
635195.368;594345.096;599627.378;-16.2976;41.0528;35.8678;
661227.452;518655.520;578693.277;23.5643;25.9180;108.6765;
665388.807;489740.437;697359.716;-19.2796;11.3537;359.8773;
652433.227;424970.712;164161.541;-2.4397;62.5804;-968.8628;
940139.437;399218.956;531049.727;260.0984;-157.2659;155.0741;
638992.409;546030.588;928875.247;-176.2645;-128.2702;607.7647;
715219.618;443396.148;855167.085;-82.7783;8.5629;1229.7085;
649264.499;709492.356;540757.968;-98.1425;544.6190;2.4031;
686176.835;533709.646;522031.638;-64.3201;78.8488;15.3477;
625750.011;671790.875;954155.683;0.5773;297.8178;1129.5777;
650566.939;509671.792;388160.591;-230.7825;-125.9109;-339.2290;
790772.877;669889.542;378707.489;-7.3119;295.9203;-369.0653;
834130.766;398908.119;430166.756;19.5673;-37.3178;80.1849;
796926.063;564536.504;376927.075;78.3538;129.3522;-218.3858;
783990.282;687492.336;525321.031;5.6195;762.1112;18.2466;
821659.932;742363.804;127740.548;-31.0326;388.6208;-1414.1505;
674037.794;442393.847;616970.467;-313.5419;-50.1885;350.5369;
775256.430;595182.474;602126.448;7.4003;14.3341;39.3707;
638584.104;517384.147;466603.285;-525.5500;-66.0912;-33.1421;
682500.926;588088.326;627980.132;6.0224;-400.9405;197.7987;
105511.479;207130.735;433955.917;-1055.7038;-452.4887;-14.0652;
887179.898;819286.482;527989.178;1.6781;620.5028;18.4141;
770291.368;374466.709;379717.577;51.1296;-289.4426;7.5803;
852377.307;541568.675;61729.854;338.3613;391.2619;-29208.6729;
240052.035;777754.960;490080.152;-1481.5751;453.2879;-50.9009;
756129.182;762555.961;486871.410;-65.5064;1566.7609;99.3186;
832060.069;817448.704;547946.256;-82.7953;700.9416;-36.9217;
313380.248;471891.913;519918.519;-927.2900;-46.5185;25.2759;
763433.227;556280.810;754951.641;-95.6107;221.5079;656.6003;
799194.068;523854.297;755306.020;-1.5616;-96.8515;356.9594;
879334.429;571625.980;733053.044;625.5854;-12.3372;280.9632;
699253.663;799524.642;554945.188;-146.3180;610.3154;112.5558;
781103.723;601120.778;992198.733;15.8106;75.4870;1088.5836;
768563.055;379503.590;391954.197;15.6008;-1.7846;53.4009;
815085.516;208020.331;475941.932;0.7887;-430.7393;107.2357;
505419.048;593940.091;577258.655;-651.8054;435.1163;34.3726;
857191.099;626378.936;627136.164;37.5856;90.1370;195.7299;
638642.303;383329.230;410855.781;-142.0227;-154.5494;-22.5382;
589223.726;323183.620;431124.669;-164.2220;-429.0686;-10.2633;
754625.557;514702.290;492511.850;-15.5595;106.0388;138.4455;
844797.967;178128.482;592683.431;41.0813;-1273.5091;66.0337;
851375.893;621037.761;415198.753;80.0462;101.6022;-411.6030;
704415.452;548764.774;46877.598;-253.7047;112.8403;-766.4060;
812451.171;546808.499;562301.490;17.8537;47.5961;36.7687;
844804.045;603933.873;547873.143;-12.2987;30.0116;-109.8711;
256977.362;509731.518;514718.847;-638.1502;-5.3514;6.7855;
770177.215;587732.676;642982.841;-3.1759;-2.4318;1135.3227;
722974.590;507850.535;617632.682;-27.1028;1901.2192;266.7908;
657463.597;469938.949;297750.283;-3.0227;-144.1555;-1043.8204;
642272.754;594484.947;532626.855;-49.8203;-9.4355;-111.7143;
413625.715;446547.495;1001658.461;-696.1599;-191.5218;1746.3275;
655610.189;123442.400;393577.870;-170.8955;-501.6365;-64.1609;
839620.057;510834.177;552860.783;-7.4620;-645.5588;-135.0066;
566890.150;599812.258;396670.173;-236.0004;279.1424;-173.1255;
769216.041;483256.682;505136.161;25.6820;-29.0921;16.0749;
865164.049;517080.023;794909.337;216.0640;61.3545;549.7996;
860985.834;441642.351;416389.831;3132.4645;14.3731;-419.4197;
656454.331;412463.013;457314.962;-8.5024;-187.2606;-52.0846;
691416.794;435787.471;305343.176;-270.7225;58.8683;-849.0083;
846563.736;622888.807;610844.042;260.1946;67.3042;577.4449;
993963.309;527718.961;533556.219;788.3278;-275.3740;114.0306;
739254.851;472511.508;695498.129;-10.4560;-38.8722;378.9646;
566471.120;552506.535;577541.610;-590.0454;-160.8956;37.2214;
692967.604;377668.766;609962.887;-3.8440;-449.9964;124.1314;
855239.932;383557.907;62469.315;29.5520;0.6453;-726.9170;
13258.463;26038.024;533689.204;-3007.5531;-987.1228;-4.2327;
743891.562;879687.219;622578.377;176.3476;782.4400;501.1414;
774355.769;742082.588;591971.340;11.1518;598.6698;89.8161;
903261.066;518260.891;474587.917;216.0671;-29.3428;-24.5962;
814102.190;513077.350;568937.747;32.7351;-110.2261;103.3956;
791341.562;539416.424;402753.680;69.3408;321.6922;-4.4776;
795861.098;413109.487;470677.513;-94.8955;30.1068;133.3753;
866512.895;642350.328;329845.019;81.6472;414.6373;-185.7240;
698966.685;607300.505;546756.055;-217.1646;167.7774;-18.7872;
774089.295;403564.308;324885.075;-103.8327;-103.7990;-377.4551;
782070.655;257990.999;428610.399;20.0999;-318.4890;-256.0392;
122210.444;475161.109;876846.360;-1306.5833;26.4165;925.7586;
711115.570;466801.012;545730.583;-16.2940;-143.0488;38.8367;
783556.886;629643.916;610267.880;0.7226;40.5948;-4.5258;
207425.937;413716.978;519180.215;-2320.4301;-100.8712;151.0292;
674222.980;578186.673;607510.323;121.5908;82.9981;82.9987;
803642.874;408562.538;468943.013;301.9302;-16.6061;-38.4410;
823692.241;448711.077;668480.934;312.7504;-164.6054;235.6275;
540371.576;451644.891;592032.159;-320.4775;-311.4408;214.9851;
963007.794;511456.441;739963.576;514.8229;-45.5491;472.6954;
877094.280;364616.903;709622.271;350.9917;-202.5054;630.7021;
694071.932;447836.224;444456.790;36.4360;85.3526;39.7065;
368520.626;412036.463;380933.436;-4460.8042;27.2599;-131.2204;
259500.500;469980.154;522816.438;-956.3778;-82.7261;-76.3567;
754626.409;472037.978;569710.385;-325.2014;-64.7110;72.6137;
574583.675;92851.929;320459.331;-166.8793;-813.1540;-393.4754;
805782.072;598186.688;593222.471;-25.3451;13.8001;-0.3648;
974189.812;743702.627;475260.961;329.3480;541.1871;-12.4016;
834146.425;595484.332;331401.798;-88.8464;0.1920;-924.6447;
753622.711;220779.601;530123.411;-10.3001;-459.2849;76.1655;
714688.563;387943.458;634612.361;-175.9420;7.8463;423.1976;
740809.630;702883.171;856269.358;-8.9839;297.8738;514.9630;
760297.139;536914.130;480282.148;70.3818;134.9615;0.6876;
267777.750;885527.573;630861.546;-995.6257;912.6452;451.5633;
744706.829;381727.020;234435.170;81.7772;-0.0223;-269.6931;
728170.581;123611.659;607662.242;-351.0645;-1005.1254;40.3385;
712734.035;608287.466;810859.514;89.9303;473.8270;1044.9256;
638271.050;559661.937;545353.595;-96.5120;-31.9867;-21.0880;
855282.021;452643.181;477954.850;68.7548;11.7474;58.8141;
649023.868;411258.438;393566.526;-36.7496;-14.5753;-37.3839;
530300.466;553805.915;639843.537;-321.7754;-23.9564;393.1493;
797583.797;364472.528;435697.491;289.1613;-177.2593;42.7296;
868718.476;404554.956;314571.066;1401.3252;136.4136;-368.6866;
739640.169;651973.813;553237.409;46.2177;372.2770;79.1636;
633078.426;300256.431;326611.336;-109.7639;-626.6114;-351.5367;
674912.334;706526.058;519658.132;-340.3208;387.2428;39.6301;
735346.989;623479.313;631520.155;-66.1976;-109.1960;0.5979;
700447.477;421370.495;278354.956;-134.2414;-147.9947;-815.0782;
653294.058;276015.355;471758.562;-208.2755;-567.9858;-60.6395;
728577.414;389540.941;496450.585;-62.4357;-113.3147;-95.7691;
298271.927;566752.496;523342.877;-739.3552;110.2123;-6.5367;
717349.368;376907.227;377691.903;82.4535;-690.5399;-298.9834;
846014.332;388118.607;386351.867;195.9039;8.3013;1.3989;
623246.993;23052.084;515135.394;-205.3153;-869.2509;93.2299;
760509.058;463681.211;176855.538;48.5895;-33.1925;-455.6995;
579106.409;470119.580;352458.855;-274.5805;-7.3998;-57.3386;
639322.173;490592.846;379150.126;-54.9504;411.2769;-242.3182;
788443.814;525185.410;204629.335;43.6920;-38.4716;-753.6135;
734093.615;589754.536;588916.511;24.0499;-9.0397;-26.9255;
636793.026;530686.743;664648.587;-368.3659;-121.0634;352.3109;
736648.341;411138.220;370617.933;41.0830;-0.5326;-208.5226;
869042.657;390457.070;227881.979;797.9035;-395.1390;-432.3823;
712804.174;44354.899;490513.924;39.6609;-718.3993;-22.6366;
727748.759;539975.379;479394.145;-66.8974;28.3069;-265.0350;
768155.787;452347.368;434384.045;103.6551;47.2923;-4.5327;
747595.589;997531.931;254307.487;-0.0475;718.8384;-446.8226;
371448.787;531404.283;271051.106;-1219.8822;-5.0814;-675.5198;
704555.039;734333.895;502468.023;194.7991;554.0037;28.8718;
694582.888;531489.436;311765.577;1836.4111;225.3589;-1907.8546;
716338.011;610753.281;612465.240;-21.1814;1.5428;4.6581;
780144.667;522969.621;555597.052;119.7748;-66.4383;25.8885;
648406.280;628243.364;579657.694;-11.6342;111.0541;10.4307;
833947.608;186510.342;579427.823;1.7372;-14723.8153;209.5357;
801062.253;500340.620;501756.437;-37.7450;3.6330;-12.4466;
727939.046;676151.898;410291.603;-79.7469;330.6592;-54.1741;
644195.213;398264.450;418571.074;-44.2245;-49.0953;11.3216;
720971.347;438823.122;322872.141;-32.1791;-196.7122;-584.9920;
814284.366;130831.351;501373.092;-11.3698;-453.1308;56.4957;
777820.734;400461.181;426916.693;-0.7455;-69.2857;-14.9181;
837406.804;210634.820;525571.103;124.8854;-557.3927;58.6792;
652517.407;505046.668;498517.458;5.9070;9.0420;-22.0245;
749073.998;491155.055;881944.077;-8.4671;-9.7351;639.3285;
710396.138;615581.115;596606.819;74.3090;38.2435;0.4474;
779138.560;559717.778;399554.761;42.7857;105.5753;-183.9438;
844041.464;551638.218;561388.747;126.3015;198.9155;225.4732;
661938.108;587406.242;592143.342;-16.2548;10.4407;84.0982;
825005.867;563469.581;779294.395;2.7305;332.1945;789.1091;
789633.917;542305.535;487086.194;-22.8027;332.0647;-21.3078;
810765.395;410819.303;231744.762;-97.9899;-108.0791;-416.4843;
728914.248;144340.231;250186.651;51.4715;-454.7362;-280.9658;
867425.379;502031.480;560808.290;-0.2379;-0.4512;151.4043;
798087.042;102724.099;390623.359;-29.1921;-4060.9585;-120.3222;
761995.432;629806.576;752840.102;9.9451;224.7360;623.8640;
716965.359;544610.087;513457.193;6.1681;47.5420;2.8765;
721657.077;767708.901;528582.332;-8.3794;583.2684;-145.2661;
670190.190;442733.845;423402.489;59.3234;12.1071;-70.9451;
688567.815;312015.603;801304.504;42.0450;-203.5545;1137.6128;
720311.288;623345.052;271258.302;-98.4656;173.6011;-300.9291;
627942.038;537865.621;617550.190;-284.0215;67.4396;377.5832;
697314.859;452598.248;538779.540;-94.7097;-182.2950;-35.2463;
662877.205;632999.351;474066.315;19.3148;275.0255;-95.6337;
721889.651;461701.238;17198.866;31.2569;-124.6934;-766.0956;
702574.680;440224.660;426564.073;-156.9453;-129.7558;-295.3303;
684834.369;366299.588;360396.630;-339.6296;-17.7930;-47.9365;
869036.004;590307.675;676993.401;365.7317;70.8996;271.3804;
742977.829;614416.837;613626.623;26.1231;2.2456;-0.8021;
751597.275;383275.422;411857.743;35.1050;-359.2386;-0.0859;
719086.906;452838.445;458946.189;7.4936;-8.1067;8.4620;
672650.161;502472.913;624393.176;-335.0147;1.8139;187.7476;
779535.187;557916.194;386798.865;534.5235;259.2152;-79.0938;
732186.176;369733.344;368662.053;21.4538;1.4168;-0.7383;
574155.877;385110.727;504674.976;-197.8705;-16.3633;551.4975;
797131.350;545375.154;481035.200;120.1427;-27.7862;-61.4305;
770351.920;612240.721;677190.340;128.6313;249.9331;314.2318;
752560.702;652286.684;514922.677;46.3666;91.5074;-263.2997;
696140.047;546798.127;564372.788;9.1692;323.7609;9.7081;
934587.773;325304.589;486611.268;419.5611;-442.0433;-89.5362;
766561.380;503946.785;544776.264;38.5792;-14.1204;116.5892;
735085.786;1000376.895;475535.874;-6.9592;1184.1981;-10.4904;
791914.058;774794.081;729390.131;-72.4762;322.0418;782.6072;
782440.459;757471.962;547044.710;16.8097;507.7306;147.1036;
692774.798;410033.425;360385.338;-55.3368;-163.5977;-217.9937;
710770.447;409707.597;417402.680;109.2007;-18.7190;-1.6719;
694917.028;453275.299;212779.898;-39.1494;7.9940;-376.8433;
912274.804;496537.882;582961.541;283.9331;-289.0791;-0.6712;
727882.133;458143.367;426400.506;-495.3628;-37.6913;-114.6304;
725942.298;519075.867;484337.393;-97.6791;16.1471;-10.6062;
692355.593;526625.278;543264.021;22.4535;37.7690;-1.5341;
770997.511;486630.534;575754.980;154.2605;-71.0229;97.4137;
686049.864;615611.254;255590.049;-6.8697;152.8084;-475.6443;
828355.406;364999.857;435100.334;29.6163;-94.9621;77.2243;
844963.661;449283.705;578443.117;-0.4796;-434.0680;18.1676;
823051.624;592298.672;515549.006;0.8940;-5.7586;-3840.8483;
758008.465;388065.277;388579.609;-27.1090;-2.9010;0.9797;
763019.558;86825.269;458745.715;294.9229;-846.5994;-94.3106;
639100.600;511269.353;507448.539;-15.2084;2.2727;-11.7552;
696076.327;560680.503;676088.149;78.2922;-138.2991;542.2852;
491605.190;417178.095;115501.703;-518.3623;-126.6552;-782.0035;
741943.070;622420.216;503004.829;68.0164;248.8464;34.7000;
431573.957;477098.222;586404.802;-753.0708;2.2858;785.0989;
661219.848;591513.745;590734.885;-72.8040;-19.5068;-12.9321;
423594.096;508957.492;262343.487;-556.6690;330.9690;-342.8331;
761745.531;600698.372;511389.693;-3.0447;26.1102;-304.3334;
750184.077;649890.586;516954.516;-28.7893;257.0936;-42.6354;
761393.907;390554.544;222667.416;-117.4688;-2.5365;-437.1558;
971617.812;843117.418;320491.546;447.9638;1249.8112;-312.0498;
744609.396;599778.739;206002.601;-16.0140;175.0165;-539.9485;
742107.231;500077.251;466587.901;42.9393;304.3975;40.4694;
312243.236;537423.793;408101.307;-887.0798;340.4752;1.3586;
847118.208;469772.809;428473.387;-2.5746;-8.1681;-588.8792;
