# This file was created for the Modelling and Simulation course, RUG (September-November 2019).
#
# Project: Simulate colliding galaxies, using Barnes-Hut algorithm.
#
# Students:
#     Stefan Evanghelides (s2895323)
#     Hidde Folkertsma (s2759799)
#
#     X         Y         Z         DX        DY        DZ
182634.569;449390.520;446415.885;-276.6216;-0.0898;20.8203;
417046.653;391936.164;780190.095;663.9414;-63.4673;1679.1539;
154527.916;350643.866;581503.627;-135.6570;-571.0798;744.3138;
222694.752;396680.302;396178.433;42.6744;-2.3792;-1.4469;
101915.382;657843.424;124586.104;485.9799;200.0636;-28198.2347;
319586.055;470976.368;365536.444;10.4679;20.5567;-174.0092;
325248.553;502435.732;502000.229;53.4222;-2.3430;-7.5201;
268385.201;391513.865;393158.952;-8.1706;-87.0728;-48.2087;
225987.753;374989.065;674590.627;-445.1447;-348.3432;498.9648;
142809.702;294156.136;274533.650;-45.8731;-423.2141;-474.2125;
146804.526;375404.866;374249.113;-844.6866;-3.3785;-1.4325;
306505.960;815285.617;660642.325;-7.9234;684.9691;335.3742;
264101.879;591891.673;677387.160;-7.4541;57.5610;199.2183;
201295.961;502541.614;549812.942;-86.6168;0.3878;-87.8899;
927225.193;493465.044;478986.027;2444.0430;-82.2899;-79.0210;
317038.500;518449.213;322081.625;180.5897;30.9133;-321.2173;
137088.610;958827.144;615140.803;-33.2552;811.4108;127.5140;
12262.936;451749.679;440329.005;-560.4107;-78.5152;-71.6008;
251224.961;488957.852;513188.996;21.9962;32.4685;46.8547;
306861.243;431045.967;436250.193;74.0008;-9.6643;15.9124;
283633.424;521466.974;483330.545;86.5942;104.6895;30.6661;
273211.689;437848.448;794603.228;-56.3063;6.5884;948.6706;
402442.689;401915.504;568268.031;659.0137;-111.7097;8.5537;
294611.413;379752.141;379912.099;-38.7021;0.5723;1.5609;
234114.048;597694.470;681947.083;-45.1171;11.2635;244.6752;
275257.082;585399.049;591731.158;15.5935;-18.2960;10.3853;
316172.729;494528.817;496920.735;-26.7528;-0.8986;9.4332;
231925.139;491867.621;425968.538;10.4537;-14.8673;-255.2139;
143628.274;509720.570;703229.444;-184.7656;-566.3783;400.5579;
702364.636;548003.516;410701.916;641.2594;142.1949;-140.9133;
318092.189;275100.897;419583.618;279.1763;-252.0718;516.8155;
276269.900;688915.719;806911.948;20.2976;538.9762;971.2153;
179670.488;691371.132;500743.187;-495.6812;243.9733;-75.0136;
251393.644;621425.140;537935.377;63.3831;190.9217;7.3415;
185300.996;140312.360;502381.757;14.8055;-602.5619;68.5516;
82909.589;482995.314;372298.788;-359.9515;-42.9483;-284.9430;
282445.949;208175.482;475291.775;-84.1226;-403.1499;-15.6540;
39968.841;531823.319;523666.307;-221.5830;14.4081;-6.4556;
214227.681;418378.981;491456.675;4.9562;-112.2316;35.0661;
246825.163;674993.464;741540.229;6.7057;406.7775;413.1126;
274996.453;505202.228;87124.263;68.0944;10.4073;-873.3750;
292350.588;466837.352;590311.319;71.7875;-139.4991;1591.2200;
330453.129;477860.499;829728.543;282.4196;-119.0479;3958.9593;
303709.562;605103.769;284140.079;148.1767;353.2099;-271.8320;
334569.784;226490.080;572377.774;179.7267;-807.1172;4.5037;
200768.045;465515.735;379081.942;23.3720;-38.6586;-213.0888;
286222.375;615433.294;628244.096;255.4188;141.4989;668.8711;
263757.427;429792.733;577938.956;-150.2647;-98.2588;361.5821;
320188.331;574133.762;406625.583;-27.3858;72.8392;-295.5472;
153047.309;438611.084;614913.066;37.1301;-64.6940;1535.0463;
93537.759;518886.219;802344.525;-154.1498;55.7619;551.4992;
621896.401;581089.044;291468.623;589.4865;126.6390;-369.1148;
84081.456;333132.295;643510.323;-434.3645;-263.4906;276.6712;
275222.956;701638.818;565768.019;-13.1855;2582.9905;161.8923;
196937.836;105624.443;406861.902;-5.6876;-1161.7590;-160.1614;
216731.254;534928.256;683860.906;10.6781;9.2185;257.7816;
277221.260;581136.639;462010.453;55.1577;201.7663;-34.4868;
343760.492;83267.005;415238.074;0.2953;-659.8407;-53.9288;
789907.731;560158.057;418975.023;890.7459;22.5658;-362.0763;
254693.623;427549.769;391108.123;205.1762;210.8236;-54.3272;
238489.910;435355.768;458971.454;-7.7950;-11.5073;45.4537;
118160.596;479477.211;51654.114;-188.6225;17.1803;-797.9342;
201754.612;371221.909;371419.160;1.6865;-0.2651;0.3635;
486127.321;315724.310;360744.452;2269.3686;-8.8654;-269.0734;
208777.292;484088.884;474723.898;54.0784;66.6309;27.2046;
353477.383;374006.435;568571.449;377.2687;-54.8405;403.8894;
442523.637;395251.462;342288.028;2580.5012;-36.4400;-331.7342;
254573.967;397700.026;117770.998;28.0609;-123.2142;-778.5182;
274685.203;557555.360;409908.106;516.4070;81.9209;-351.8412;
214185.513;242794.055;529736.320;-137.4695;-1026.5880;47.4990;
66505.649;724067.608;468608.769;-576.0976;522.3898;-15.4382;
192791.835;480803.212;427878.251;56.3641;83.2486;-75.0767;
291862.826;376589.288;387196.636;-43.9936;-81.5578;11.2326;
228885.488;348199.636;439276.137;66.0284;-323.7367;7.9729;
234586.455;291320.844;948623.279;40.3196;-398.4905;891.7722;
335388.027;582003.211;720082.240;65.4145;112.8142;393.2219;
237982.878;229197.312;512065.866;21.8239;-406.7487;95.7631;
273754.938;520992.555;940304.787;-47.4150;-9.2486;16719.1807;
862604.521;440061.721;673587.380;1149.1879;-8.3861;600.3081;
195281.283;443960.620;550154.754;-94.0183;-208.6961;166.5547;
275542.364;616755.788;584444.413;32.2135;66.4786;-2.5197;
341720.351;504770.357;523808.235;-25.4825;36.3989;39.1286;
224991.924;579936.661;533133.590;-47.5943;263.0419;-105.9630;
290105.067;540341.565;605250.877;3.4521;-189.2363;1.1347;
239376.001;459541.320;421159.315;-33.6527;-15.7211;-41.9986;
220987.983;205648.837;509968.007;3.2904;-551.9806;-78.1664;
386300.545;429564.723;601211.831;170.8175;-175.4790;847.8591;
12638.353;411947.129;395333.041;-656.4987;-75.4612;-56.7229;
72052.014;426032.494;424358.296;-157.7215;-6.4805;1.9374;
210007.917;820638.721;273756.444;-45.8301;439.8002;-459.0005;
178087.234;916553.382;494924.918;16.3155;847.3609;6.6583;
315030.600;593362.807;593329.390;157.0932;5.6497;5.7705;
273476.773;826337.347;548000.710;78.4892;8365.3823;-104.8770;
212183.819;584656.985;369825.273;23.7315;322.6137;-362.7182;
299270.708;980732.742;493581.834;134.7707;999.1464;41.0827;
269856.838;110188.892;459772.680;425.6744;-668.1685;104.2568;
238075.117;442635.157;463038.475;-38.8016;-71.6369;-54.3300;
161920.908;505677.761;213020.923;-297.8885;-14.2409;-667.9900;
199028.408;437733.896;306922.429;72.2523;-21.0303;-294.9406;
340444.247;618299.501;792981.748;91.1774;184.7600;658.9038;
176777.861;602474.131;590087.804;-6.9124;13.3792;16.8038;
302190.743;623102.696;262642.752;-27.0668;270.4423;-466.9159;
122744.738;860580.666;497308.846;-1052.7397;922.1897;-233.2758;
337139.760;811685.163;448408.506;183.2951;685.7335;14.3854;
85327.998;376750.554;519675.729;-1118.9331;-374.7679;69.8447;
659776.805;501105.974;586017.577;1213.2683;-70.9248;29.8658;
223302.221;637915.871;414566.611;-651.2865;340.2421;-239.9640;
385132.126;469359.156;537970.947;143.5825;-149.9069;84.9863;
722297.657;868741.925;719318.454;840.7590;707.8002;451.1440;
320505.402;632449.001;110357.736;34.2667;286.6895;-804.7154;
52009.626;52718.632;444975.167;-589.6737;-758.4276;39.1910;
466684.810;941310.277;707060.859;385.3415;638.1256;309.2346;
282211.377;531441.632;408658.535;-34.1147;361.6453;-7.2669;
185634.886;418627.147;784840.892;-292.8792;-20.6132;795.3741;
158021.041;574536.485;599599.786;-10.2070;-68.1825;6.8640;
201422.480;455126.945;405086.250;41.2733;40.0870;-33.9328;
358364.352;616018.738;617827.680;736.2113;-4.1794;-0.2710;
312892.260;69738.193;588414.063;-84.5991;-3347.2514;28.9935;
849667.420;45713.071;470604.275;1412.3141;-573.8755;113.8361;
312653.610;569711.956;454193.547;67.7696;-5.8793;-262.2331;
116447.605;578970.479;437371.780;-403.6172;21.1854;-1748.3959;
326222.202;296693.957;489115.908;117.0068;-306.9531;-1.7790;
217307.977;394535.867;631910.596;-143.4899;-70.9657;946.8245;
304218.019;700679.210;477660.284;221.0138;302.3021;-176.0693;
541246.284;576000.435;682132.799;788.8110;21.5753;346.9712;
255519.776;343018.451;380725.599;-33.8828;83.8352;-94.5603;
248369.168;512855.058;616742.218;-35.9823;61.8287;249.4145;
362848.889;632748.033;437950.334;206.2058;-225.2814;-306.6500;
490735.822;558420.434;594907.738;443.7129;-123.5031;10.6195;
368621.237;337997.839;404264.037;-2.1341;-378.6601;-355.2204;
251760.868;728806.779;444587.191;-4.4915;978.3269;-73.3288;
217903.510;548962.106;522344.119;-14.5906;93.5464;293.5797;
240321.691;336878.814;606357.235;-20.6516;-326.3616;1232.4946;
199663.149;576961.410;501109.908;-84.9113;208.9734;-100.2174;
312168.389;593322.335;308990.643;-15.2863;31.2534;-756.7479;
345491.241;501574.979;460079.782;-1.4584;7.3681;273.6940;
216291.105;404127.305;425562.679;-329.6354;9.3793;52.0118;
371966.643;436512.532;461085.073;234.2078;-146.3708;-63.6274;
130236.968;579319.267;580479.764;-10.7040;71.0772;-35.5490;
140030.323;707180.583;526817.124;-813.7399;794.5258;179.6995;
251330.039;944325.706;506643.297;10.4710;675.8499;2.7959;
235836.468;564080.948;326089.750;-111.4646;19.9371;-443.5684;
544386.801;405220.986;568843.949;372.8735;74.8184;52.8832;
141364.227;508949.205;416342.681;-825.3435;178.5735;-14.7302;
204702.192;633113.360;502137.182;11.6735;469.1120;-376.0941;
262497.416;617504.070;617647.123;-44.7718;-7.0752;0.7550;
548871.410;539601.323;530576.829;2463.0909;136.0381;28.9423;
319171.265;620163.006;582107.610;281.0818;87.9393;26.1031;
374864.458;569269.294;141455.146;187.1432;-21.9526;-614.5294;
222108.469;473426.257;397201.331;14.0135;-54.5516;-127.1513;
307006.556;559793.033;270358.868;-30.4628;374.9071;-590.4125;
101454.648;616582.008;468479.259;-326.3017;-107.9609;-9.7399;
296039.412;598875.919;701879.803;33.0039;9.5874;283.6396;
195188.158;397711.656;292556.053;-2.0244;-102.7582;-502.8697;
249336.623;108554.665;575471.494;-25.0057;-656.1429;270.4782;
178024.008;502149.389;904059.065;-166.8749;84.5496;1246.7677;
422411.288;537031.084;351482.945;501.0021;276.4202;-218.2893;
197511.215;611155.258;453324.614;13.1685;580.9482;-8.7436;
224992.547;972259.175;483414.614;-41.3129;873.4411;-2.1799;
241155.210;133813.510;499700.557;12.5300;-682.5929;-38.9848;
220228.427;595002.081;582567.728;-27.0663;23.9222;-26.3091;
211342.262;972264.642;485854.243;-225.3374;1118.1834;103.1042;
255628.859;397693.872;464099.043;-9.0574;-76.1104;1390.5388;
337634.373;630889.633;549643.328;21.6198;1318.1480;54.2152;
175559.964;514691.875;533641.447;-10.7356;39.5706;108.4348;
259186.306;580424.670;586263.038;55.8205;-21.0734;-20.5704;
185278.456;457249.588;392304.035;-177.4642;370.1100;15.5816;
261155.979;487884.385;481354.605;163.7868;-298.1134;1.7871;
413116.442;489972.267;421351.028;223.8466;-4.9613;-184.1375;
314188.506;573469.864;489495.673;-206.6082;532.1844;27.8021;
229494.935;448772.533;534231.687;-46.9021;165.7745;191.0358;
174591.189;665574.851;497871.127;-156.6368;548.0485;37.9321;
263327.367;474358.049;456330.470;15.0585;43.4088;-26.1607;
274162.972;438286.743;454497.044;9.6217;18.6761;51.1770;
121779.045;513114.387;530816.794;0.8256;-98.5927;45.7292;
234065.785;525272.837;469008.834;41.0283;25.4468;-409.4996;
544204.078;560448.163;638136.523;1505.9920;9.8558;134.9616;
314296.633;418980.767;342427.378;-23.5245;-50.4575;-208.1481;
279446.664;542197.169;548603.569;-34.6360;23.5389;36.7372;
350436.163;589218.070;465972.940;12.5135;167.9494;-49.4626;
114212.134;493587.836;505464.107;3.6850;14.0648;52.6049;
96451.354;819971.390;512349.862;-344.7692;863.1965;22.7714;
141273.879;703773.318;616350.388;-164.7613;219.9902;121.8404;
423433.055;383627.315;317837.958;420.0136;-17.8337;-161.6942;
195960.495;497862.979;396882.947;-12.9527;168.3562;-71.8506;
139339.681;897513.267;423798.325;0.2993;627.8060;-56.4604;
273969.286;625390.734;518013.414;29.1260;132.8691;-116.6328;
272550.874;508163.661;551657.290;73.2250;-335.7117;60.3738;
324094.040;348312.616;494081.169;627.7831;-148.0764;115.6207;
185859.763;73622.145;446162.826;25.4365;-876.8700;11.0712;
330125.347;533660.567;580441.380;1.3849;-58.3674;89.1629;
199486.690;503044.109;463262.506;-38.6471;23.8405;-109.1603;
319040.274;505076.900;475340.358;2.9049;17.2410;-65.0911;
147656.187;504356.374;524928.618;-0.8114;-79.4245;-9.9048;
319531.333;965631.182;473954.619;84.8583;913.1004;-77.8012;
159430.236;477539.969;271099.534;-108.1994;-66.6997;-405.8025;
491719.480;506579.806;100463.405;387.4225;13.8601;-654.7249;
184065.171;407075.261;161456.835;-28.1582;-287.3648;-970.4260;
596732.830;349869.792;740314.278;586.5404;-258.6537;388.0911;
298458.692;631616.650;544625.479;9.3758;297.5290;6.6128;
593089.986;399265.248;583856.561;752.2391;-456.9629;-0.1719;
234958.985;457281.512;487946.064;24.7479;79.8864;-13.6139;
165419.730;424825.067;462269.286;-33.5485;-78.9031;50.3281;
889556.482;764282.254;626002.653;938.6868;504.3654;196.2912;
109918.906;455493.238;481613.076;-347.7671;137.4595;181.5171;
255655.020;517983.049;525845.814;73.8305;46.5970;83.3047;
157576.713;490620.355;290884.733;-77.4416;49.7636;-661.8734;
173241.576;576654.642;458218.335;-273.0188;59.5643;-194.0139;
387995.280;627845.503;767986.408;0.3843;576.5067;390.0902;
220788.481;434620.138;509585.132;-172.4156;-104.7134;-159.6646;
98775.766;691222.697;691241.278;-206.8369;473.0237;1721.1078;
171813.969;503625.423;435567.195;-238.6499;-8.3801;-54.1602;
264271.949;344827.219;704003.127;4.9433;-398.1877;242.4835;
785097.696;539332.864;471217.171;869.5600;89.4733;-36.5297;
130967.157;581588.712;631971.948;-122.5958;-290.4554;236.8391;
239207.376;403634.814;100412.696;43.0107;-12.7408;-559.3342;
147931.251;571247.426;232216.456;-14.4795;-353.1874;-1012.0416;
94090.561;553506.687;454644.202;-308.6965;160.7973;-54.1651;
284169.169;669035.123;765232.393;298.7453;295.4983;587.1932;
354048.055;909893.313;626701.701;155.8494;3238.6954;148.6093;
375782.324;416644.802;454349.402;308.4476;-55.5037;54.5089;
486177.000;631055.861;608752.085;299.9329;37.4068;7.6591;
282797.898;708431.458;434257.006;9.9055;439.5753;-1.3370;
214982.308;710410.136;488092.695;-61.8205;323.1669;-48.5536;
603143.235;244352.837;567442.594;552.5379;-390.5643;178.8942;
275821.333;569223.118;255169.115;-137.2993;229.4690;-595.3239;
492614.809;453695.103;569733.254;385.7985;-55.0944;143.8471;
318982.528;55286.666;482673.235;40.8582;-900.3576;-306.3075;
254572.983;591145.830;565869.422;-21.1023;106.0834;61.5249;
191557.714;394994.425;400053.392;23.8156;213.8173;-49.3887;
23835.215;455498.057;209318.823;-302.8581;-40.6343;-424.5181;
298639.178;336862.581;425660.114;16.4051;-258.9611;-33.5846;
222743.313;57875.453;516077.994;-73.0777;-849.6741;10.6308;
235118.797;909727.182;844429.493;-16.1336;573.6369;479.3828;
145881.514;522040.965;557127.932;6.6212;-147.3020;4.2786;
198295.081;445740.447;432560.126;2.8715;121.8415;29.5311;
198851.695;339253.825;378101.343;-38.0374;-314.7689;-8.9047;
232961.557;600582.467;602414.818;-41.9741;-1.5226;-2.6072;
260187.565;465820.185;682044.990;-21.4812;172.8535;553.6175;
226509.580;490657.376;867065.514;57.0020;39.2692;922.3523;
210196.435;586670.912;643125.834;-102.8737;11.3002;255.1230;
400624.829;497550.964;530875.439;308.0110;-9.4852;67.1983;
208234.616;657369.571;549587.475;38.6700;862.1814;-62.0272;
152853.418;517511.523;401198.447;-0.8055;-27.5683;-428.4309;
269693.941;536192.320;594741.489;178.9734;143.5939;530.9554;
234443.870;574973.534;495151.052;10.2303;153.7991;31.1100;
243024.464;492517.114;972595.291;-50.3881;1.1188;735.3523;
440242.114;487814.054;335866.308;182.8137;-29.8142;-413.9874;
812858.419;299094.563;581202.723;778.4124;-788.6689;8.2342;
140052.160;515393.136;296382.770;-141.1432;-354.1554;-400.3818;
321061.766;452388.188;421438.857;-12.7383;13.4997;-46.3463;
296856.385;537591.149;503965.933;48.1159;49.1436;-14.6726;
382339.577;608865.316;648589.084;3.7016;132.4323;182.0727;
190450.502;562705.314;551917.935;5.0398;-12.0307;-169.8771;
619503.441;811076.614;582221.557;1266.3628;386.1949;-11.1262;
639338.904;207866.913;654004.062;1828.5375;-587.4490;182.6940;
252240.718;391798.956;383273.446;15.7334;-6.0768;-49.2464;
280881.919;253194.674;270146.121;47.6694;-479.1788;-509.0245;
341545.298;396162.065;531396.776;183.1298;-183.3460;39.4574;
252725.625;795577.000;951399.478;7.9171;433.5250;912.3908;
219521.528;442887.724;855570.779;-117.2105;-72.0732;1311.9146;
370426.613;597943.291;464875.846;98.2115;186.2256;-105.8482;
628371.844;476146.521;471103.510;632.8622;24.0153;3.4469;
181606.866;625896.688;621956.511;4.7877;66.3190;71.1546;
136196.275;448747.657;611578.132;1.9025;-98.8789;505.0780;
207081.929;591194.670;76379.699;42.3207;147.7864;-817.1104;
282661.236;313923.050;501483.488;-147.5326;-214.6850;259.9874;
229901.369;109118.217;566444.208;-79.8284;-3153.5429;33.5021;
189936.100;788159.653;566028.388;-17.1686;464.8574;9.6865;
319579.032;11138.780;546793.766;-45.3931;-1196.1363;-118.7059;
142828.943;473474.264;410275.972;-135.9468;361.7914;34.2964;
482996.363;588083.492;553707.453;444.3552;42.7513;-17.8811;
474688.637;553591.863;399675.413;1183.7934;8.0003;-335.6770;
256622.098;463989.306;495888.600;89.7622;-35.5287;9.3518;
902.353;492205.844;501794.638;-441.8022;-70.5228;-31.1494;
388060.625;473544.404;309956.354;860.0598;10.8409;-187.2317;
407748.156;402226.647;379931.675;265.8482;-23.6818;-85.6526;
146333.365;933307.456;611922.023;-273.2871;637.4917;138.1362;
313379.839;939253.352;486126.524;112.3496;690.3883;-94.5362;
284266.711;428184.201;578835.052;39.2468;-289.9593;668.1247;
621907.981;594039.613;574805.604;536.8562;641.6103;74.1959;
311242.626;443001.288;318534.453;63.2842;18.4190;-258.9317;
136427.761;527077.606;675321.781;-305.7809;-267.5927;232.7389;
65351.259;464745.592;509866.062;-559.5583;146.7142;183.2793;
322919.974;519347.631;102035.049;141.5359;131.1145;-637.5223;
209049.810;977879.181;530623.136;-145.4105;2540.2795;10.7720;
366196.001;581787.093;569969.407;55.0758;37.3801;-17.5078;
271635.985;518478.778;970950.613;353.5088;29.4790;725.7163;
187645.163;461614.290;488438.859;-309.4932;-37.6064;34.9200;
332864.870;891095.119;483028.427;775.3095;568.9941;-109.2300;
379340.881;480738.416;496460.410;267.8671;-29.2643;-12.1164;
342310.922;523952.169;269282.522;49.2357;-120.3007;-333.3448;
931547.449;467050.835;789574.104;973.8043;-71.5608;459.3864;
318348.774;579410.590;563248.893;93.4563;13.3539;-59.6157;
186361.751;452069.877;493068.089;-5.7557;-45.7186;103.0413;
263047.289;633553.662;408956.255;66.9795;495.0276;-235.4524;
219107.869;553948.870;697329.257;70.1044;-47.5181;336.4423;
878905.803;508993.984;755056.472;938.6373;23.3931;422.8815;
323620.808;482471.577;507081.248;210.2797;9.0790;252.0261;
123138.900;547311.377;84814.063;-63.6399;277.6932;-942.4694;
307385.105;483755.591;397433.284;19.5754;62.3609;-119.0079;
310524.924;439903.569;581325.833;6.6514;-16.5289;262.2276;
336244.675;619999.207;500562.678;2.5599;249.5131;10.9330;
253533.977;689799.589;392771.938;-35.0699;622.7800;-58.4050;
228168.939;374361.727;550835.335;7.7168;-360.8926;98.2128;
198190.060;591561.605;572992.391;4.9077;-15.6462;-52.5225;
640322.896;432849.184;447629.090;602.2703;-31.3280;63.1349;
203155.160;447719.989;403479.934;23.8716;-154.6868;-160.2828;
272683.502;24126.645;614351.616;-2.7094;-955.0777;65.8686;
197338.335;455178.456;494759.919;9.1050;-110.9413;9.7310;
210069.360;528031.572;759325.251;-17.1437;18.1564;438.1916;
349808.522;399250.382;411247.827;6.4524;-25.7126;15.5796;
130051.220;586944.604;443499.001;-153.4398;391.2682;-133.9774;
367115.457;69417.062;522503.681;106.8681;-798.8502;131.6195;
138382.216;930388.001;639546.269;6.7734;766.5240;271.6464;
202029.012;525346.109;527948.052;41.6389;9.0745;2.8345;
346557.165;529753.276;482953.351;429.1377;69.9741;-48.9817;
540013.777;547539.504;310259.101;616.1534;-34.6657;-711.5339;
124935.679;555406.899;129386.100;-330.6459;14.0229;-657.4783;
344712.208;555081.845;567476.969;254.7458;-10.3567;0.8589;
259435.181;521653.851;482054.478;172.9098;-1.8479;-285.8184;
137730.555;364813.421;309383.860;-304.8498;-395.4938;-481.5790;
657582.043;397617.562;402642.310;677.2895;-30.5746;-5.4365;
238877.511;392703.216;102165.479;-29.9051;-223.2747;-858.6877;
302265.244;926015.359;251665.768;-1.8641;779.5614;-422.7631;
208219.212;919624.176;644764.337;2.9052;637.9242;325.4066;
289266.433;88716.487;295431.141;48.2871;-641.5538;-668.7494;
358324.619;406762.452;408568.798;95.0596;-117.9405;119.3297;
390411.659;494337.918;453325.448;159.5813;12.7629;-34.0819;
301724.602;570838.251;517491.766;46.6912;-24.7270;-47.6623;
257271.635;596237.028;578875.097;-40.6896;160.8227;30.3184;
252674.801;590021.084;560404.491;3.2220;185.7549;26.3865;
261979.249;898739.961;632609.477;-336.2721;722.5525;257.8057;
432165.722;268534.480;495170.552;610.9221;-769.6678;11.9889;
126778.971;518438.632;543009.152;-48.3911;-37.1521;11.8943;
157762.425;981498.423;523190.588;-1990.8214;678.3719;-169.5429;
160589.012;446477.524;528081.935;-102.6187;-552.9607;-100.3853;
164627.500;366955.521;459220.810;233.7470;-239.9842;348.6072;
142209.129;512383.001;488975.596;53.6200;1.8845;-87.4638;
326189.819;510300.835;333532.419;33.6000;145.7149;-202.9539;
198910.273;601196.759;483398.365;32.6507;210.4200;-103.5846;
244864.776;414092.299;146721.905;-114.4312;-309.3804;-873.8040;
239405.410;504712.190;425105.762;-43.0234;-29.2561;-66.8717;
215338.243;448543.031;451199.949;-135.2883;-113.4671;-131.7569;
322379.067;301043.251;496006.028;32.4619;-211.4802;295.3440;
216289.494;383563.028;383168.843;23.3880;-0.2835;-7.5326;
241226.570;757379.608;593386.976;-110.9907;685.0966;941.9363;
190193.164;512263.168;887357.255;77.5082;-12.0745;699.1777;
153984.790;427146.662;431329.081;-5.6921;9.0179;-50.6330;
198281.594;353359.706;316448.804;-116.6729;-169.2021;-275.0048;
250088.001;560211.967;454222.190;45.6551;251.8274;-110.9478;
393278.034;487849.392;937281.113;266.1348;-315.5102;916.0844;
186353.202;425480.228;424688.763;42.5173;-4.5302;0.1828;
76230.489;399192.513;210931.733;-140.9993;-2.6931;-820.6349;
335306.813;520378.873;458543.780;110.5374;-369.8777;-130.9106;
665042.910;672075.596;316021.595;819.3504;625.3431;-313.6958;
175081.209;563975.710;554437.830;15.6261;-36.0157;-164.9127;
209242.709;368095.644;515826.159;-407.3163;-70.3136;252.1784;
377055.965;573687.762;429246.759;108.9924;-8.0976;-1073.9129;
828950.889;550071.962;528279.463;2124.7063;8.5493;-27.9642;
293172.882;574722.105;294129.760;-88.8096;103.8037;-333.6099;
301782.334;496212.643;868118.691;149.3198;-11.3490;556.7940;
202198.086;419476.028;527523.742;225.2128;-189.1262;156.4801;
320650.780;308932.398;564374.433;-0.6930;-225.1592;513.1875;
176008.966;465829.129;423368.571;46.1574;0.2361;23.1988;
195260.783;632289.834;534726.588;8.9778;292.7598;107.3040;
46365.034;654366.275;641829.160;-277.6938;141.5742;114.7881;
928821.436;726462.705;529176.223;1245.4978;387.5169;44.9199;
266050.363;405348.092;359458.425;-30.7911;3.5876;-213.3161;
158245.259;212567.772;766521.353;6.7616;-618.8922;646.6569;
194852.165;526710.590;545785.392;-85.2687;88.1713;198.8346;
415299.375;506455.803;941886.897;277.3170;-48.0798;720.8975;
293681.339;291480.605;385800.257;106.9700;-443.8506;-184.2103;
507496.864;491044.760;437639.758;2622.9241;24.3802;-200.1365;
144432.170;219195.404;73950.066;-1.3060;-648.2706;-1197.6534;
722557.827;496453.749;472318.766;886.6101;45.2415;-4.6280;
324209.710;498673.324;147254.646;10.4945;307.4896;-766.6646;
38702.205;434559.829;413217.130;-395.9003;8.4839;-10.1080;
230628.046;499009.455;421832.289;706.8434;-7.3409;-8.9179;
897719.227;375748.358;563363.022;4414.3377;-181.2711;104.9758;
162947.011;266940.542;505133.476;-338.8604;-307.2854;148.2341;
791499.396;486044.445;618822.367;45.3092;-5.1520;247.3421;
810347.647;533928.141;570263.099;-95.8855;-3.6110;344.7988;
829331.782;554824.990;33623.251;-57.0697;-15.4271;-957.8960;
856186.640;486139.188;197453.316;2442.5173;43.9913;-426.0609;
905758.353;545281.077;532141.299;648.7951;-71.3353;-167.9657;
682701.439;242356.890;440290.859;-56.4911;-573.7464;-22.1890;
77018.067;533175.131;492279.648;-1621.1965;98.6775;-28.1635;
799447.168;589959.747;615585.315;-18.3990;7.1338;131.4275;
798768.542;699798.244;580820.525;-6.0070;203.4385;-215.8375;
864696.519;487545.365;612630.274;53.2495;-45.3044;140.1630;
410777.783;157895.886;749488.280;-655.7626;-616.4902;393.0329;
937580.415;513427.130;750886.571;336.2135;36.2451;689.8233;
804270.418;469509.803;775896.994;-11.1617;-9.7779;1112.4799;
821672.564;582226.042;566730.045;-3.9267;15.9952;-8.6570;
654826.757;491451.063;603881.402;-342.6228;-11.9473;104.5110;
752112.498;365252.273;435845.863;-3.4250;-222.9382;-117.9719;
677941.325;636716.804;503331.886;-199.7349;272.5005;23.3999;
700230.308;724089.188;592189.374;-72.0623;193.7063;-9.9608;
882990.346;510635.311;474025.378;216.0792;101.3838;-11.3174;
813381.727;475998.291;470487.793;290.2723;5.1549;-2.7214;
799511.110;108978.276;496998.141;-31.3591;-663.2034;14.6478;
841651.292;353845.821;402884.560;0.6185;-153.9648;15.2557;
630856.897;419767.596;593780.645;-19.9744;-184.5822;54.0481;
749605.644;159302.588;804380.280;1.1119;-485.2596;1536.6889;
704900.150;210719.956;459208.024;-58.4409;-1075.8316;-6.0727;
918581.048;509388.531;531276.645;304.1369;-2.7617;80.6643;
152559.922;311759.329;482246.763;-1094.8074;-323.7261;215.5502;
701473.231;438013.971;501051.482;-31.9076;-25.2450;155.8367;
658676.157;422472.688;470770.459;4.8602;18.5116;165.1469;
669748.032;668268.257;562233.473;8.5377;571.7036;-9.9212;
283332.772;391875.503;356505.916;-725.2873;-31.7583;-102.9043;
778992.505;592595.655;461662.838;-13.7333;210.1403;-492.7583;
888520.643;723096.247;485268.996;-2.9589;617.9505;12.9409;
719494.561;579315.462;387230.568;16.0480;239.7671;-255.4388;
793580.077;759479.312;331658.211;-130.4510;1116.9764;-250.8975;
817190.826;852459.940;515697.905;161.1267;879.4543;14.3655;
680831.869;181396.433;334692.245;43.3456;-1397.2390;-388.7789;
831404.821;532516.518;440552.427;26.4058;245.6123;40.7844;
801117.484;539944.789;863984.768;-61.9695;2.9959;2131.5596;
891181.826;590944.740;570623.805;42.5764;1182.9486;36.9686;
823402.295;412011.105;630797.679;60.9082;-351.6014;1610.3732;
504246.679;481861.127;484088.063;-533.2109;-29.0965;-16.2430;
604361.651;161539.438;494432.481;-292.3902;-662.3338;-140.4853;
741023.556;337984.771;942758.319;-32.7747;-259.5450;736.0645;
336083.414;567915.173;481476.823;-2214.2330;92.3957;-15.5335;
757923.226;398111.046;335762.439;-591.3680;-459.3243;-1518.4852;
735606.898;677297.913;560025.899;-421.3495;909.0605;810.4229;
839268.347;508455.448;526170.654;8.0721;12.3277;15.6081;
949133.533;44835.965;342464.831;300.1942;-657.1933;-176.7049;
881143.129;501139.461;468731.211;156.8568;45.5762;-103.0670;
855486.421;506183.788;444534.501;-8.7135;43.1779;-78.1566;
810361.460;611393.540;311212.133;-0.1874;111.4589;-406.8153;
758678.257;516349.788;243691.219;-62.7418;-47.9295;-606.0898;
707406.551;498249.620;482421.325;-26.7471;85.7881;57.0269;
701220.959;633619.580;484164.016;-49.9474;160.2143;-100.5948;
799774.118;139239.625;431204.865;120.6450;-825.9794;-179.8236;
556806.389;518739.163;140743.712;-293.3678;61.7763;-609.9540;
861256.145;685045.186;612579.821;131.7273;368.4322;29.1207;
839379.024;438845.266;205667.413;142.8267;-88.8907;-474.2220;
976850.912;530282.716;442900.512;621.1430;130.3074;-139.0933;
397385.268;153131.737;510294.855;-671.5670;-929.4301;14.7212;
773947.040;345523.557;565828.732;2.2593;-335.7420;154.5764;
496624.160;678453.765;433018.837;-630.1532;177.9433;-333.5270;
720898.956;843551.119;425060.201;-32.2303;792.2598;-51.3712;
865360.139;610089.707;604268.700;141.1898;32.9406;-1.7181;
776588.231;471533.084;392723.118;-22.1392;158.0828;-61.2887;
974401.665;616482.774;594070.432;307.7481;175.5280;99.9867;
758084.056;317910.985;175444.530;1.7423;-427.9535;-476.4540;
729466.109;85382.341;620327.175;-248.2607;-1621.7239;216.0658;
716080.049;655557.665;571687.598;18.3782;291.5296;16.7272;
555807.075;817040.704;432970.359;-187.5920;914.6352;28.1564;
711594.923;298411.331;733098.064;53.4854;-740.1616;413.3196;
793442.059;140577.314;982927.116;-23.1735;-1836.4145;913.9700;
741930.393;506371.181;455747.395;-68.5948;99.3714;20.3651;
793531.575;436984.254;694507.029;59.6966;51.8911;474.9769;
721159.764;613453.928;369645.219;7.1146;91.2202;-433.7662;
839689.284;583181.734;455618.318;445.5030;269.2762;-4.1588;
703593.453;502978.206;383562.004;-283.8195;-25.2445;-203.8651;
803839.641;554483.323;499929.770;27.8264;41.3317;-147.8290;
852705.740;118666.525;462983.629;37.8032;-575.5140;6.5665;
611018.472;627730.687;627082.303;-386.1513;0.3616;-2.0933;
578067.339;48176.365;539103.677;-435.5646;-956.5140;82.2394;
990429.284;464203.921;412797.955;721.4179;-2.0479;-62.2004;
660031.624;458208.703;482450.452;-548.1888;-83.2811;-13.6731;
661708.665;81614.741;519066.145;11.2654;-706.5908;-32.1343;
785332.362;544289.315;658965.726;195.2857;-4.7175;252.0234;
391446.953;576907.203;585816.330;-670.6172;-25.6936;12.6108;
10408.940;483035.357;412623.232;-1422.9594;-468.9887;-213.5125;
733245.960;541008.793;294951.562;-24.7172;93.1715;-309.0765;
749051.792;384580.855;411293.948;0.1656;5.0983;-137.9389;
744795.373;532567.426;463802.403;108.4891;127.9387;-16.8445;
845213.638;313618.227;486971.757;87.0750;-386.0040;-116.3444;
740257.687;79764.089;649902.355;145.9775;-2732.2254;301.5103;
806969.790;560933.643;525555.896;-13.4244;984.0834;103.5631;
928079.920;447130.584;519643.740;295.0162;-61.7424;112.9313;
696445.508;591332.470;536229.204;-73.9524;171.6240;110.8918;
814290.341;572188.304;575375.040;3.4027;-17.1340;-5.3715;
721317.144;419105.190;451763.498;-164.7124;-74.5751;-46.5908;
774910.845;667988.811;312066.992;204.2628;229.2415;-716.3436;
345954.282;70617.628;442374.807;-1064.5945;-1185.0573;7.1503;
990236.627;244819.208;520122.156;499.2284;-1737.5914;28.8497;
724985.097;542709.962;294273.904;93.7879;188.6524;-937.8324;
805891.051;581148.300;518195.543;364.4746;46.5325;-119.6555;
722805.724;608509.359;616183.251;-181.4372;-27.2957;5.9832;
852470.444;602216.734;534255.783;25.2805;293.4733;11.0365;
646141.388;590583.554;379244.830;2.2088;901.3703;-207.0604;
802332.436;546922.992;698613.824;-7.5300;77.3111;1858.9162;
788121.841;992561.106;576465.118;18.0115;769.0002;119.6871;
811229.422;670921.350;429439.405;150.3477;709.1080;-156.3652;
853825.408;502198.920;514822.116;8.9654;-62.9701;-38.0049;
800328.782;374117.891;426448.933;-6.4535;-160.1846;22.0539;
834343.928;494537.062;491021.399;913.1389;-48.7433;-37.3543;
770190.106;868358.029;499143.089;33.8365;515.0886;-4.0426;
696896.220;575923.132;579854.076;-0.9038;35.2421;34.4404;
946730.637;379205.610;386567.193;354.0725;-326.3592;-201.0286;
707216.588;370421.007;479696.186;-42.3622;-287.2823;-73.9577;
947577.436;256042.401;429809.372;548.4912;-311.3452;1.3048;
842698.623;546361.461;129710.830;1.3733;28.4087;-733.3686;
739746.082;333857.829;407605.318;-93.7514;-502.6328;-178.6145;
860594.072;562751.190;533235.685;201.8201;-17.7321;-44.9182;
862663.829;535916.320;628478.106;203.2260;-209.3409;392.8193;
731402.764;433993.425;474404.877;161.8434;17.6028;641.8927;
815951.872;408030.084;235567.295;1908.0877;-121.8641;-914.0721;
700037.543;836369.287;699860.150;12.1898;693.8955;528.4980;
844725.177;448879.945;478829.067;3.5304;3.1618;85.8807;
640125.156;454438.740;353960.145;-4.2819;-58.4260;-198.2680;
597447.201;438067.065;773134.351;-373.5235;-483.4967;796.8454;
511481.327;551108.634;506208.841;-1140.8893;170.8576;-4.3539;
667648.113;170361.845;923446.292;-79.4403;-989.4440;910.8408;
688450.965;951128.575;254225.510;-0.2158;1375.6103;-563.5451;
820935.070;546448.439;531625.186;82.9338;255.3465;4.8514;
629313.647;569935.126;563814.621;-103.0294;-34.4869;-122.8917;
453155.779;715455.343;504498.068;-562.5484;399.2961;-882.0543;
651987.165;504051.304;489033.512;-41.1450;22.3222;-6.5370;
626615.652;536882.201;513978.542;0.9085;-21.5534;-57.7604;
710400.768;454360.859;521993.563;66.0241;-244.4464;63.9250;
733065.122;512042.883;501156.781;264.4113;65.0042;74.0289;
646691.100;520855.843;576053.822;-192.2709;-488.9410;36.3249;
664138.206;557144.696;602554.853;-183.5428;-53.6939;-22.4745;
768290.392;489080.380;2812.908;53.8914;-9.0398;-793.5951;
694185.843;534488.428;730480.017;83.5442;-23.7054;291.4844;
634363.703;561744.065;299047.807;-0.3406;39.4018;-633.2568;
682070.570;821867.753;695744.364;-74.0772;578.3198;279.4462;
714599.870;526820.127;506813.761;5.4686;82.4411;34.2083;
880509.873;578617.931;487027.531;219.0818;-48.9578;-284.5820;
669086.633;616658.620;556801.718;-11.7526;72.0967;-95.9377;
687788.826;367184.403;565328.014;4.3497;-217.7968;235.9481;
729809.173;395875.977;415651.691;-75.6391;-55.9239;-216.2453;
655646.570;565117.540;549857.685;-3.7116;-27.1543;-34.8960;
763337.061;378209.494;354407.760;-30.4456;20.4422;-68.4360;
613175.928;465559.640;537148.859;-151.8157;-66.8108;78.8900;
627139.612;435277.491;544951.115;-222.2365;-40.4604;126.2390;
700632.979;503365.612;536380.763;-112.5834;61.2633;105.2239;
614468.857;567500.954;458907.879;-353.9164;399.0249;36.9014;
645348.267;531867.845;505205.810;-53.4510;26.4138;-21.0663;
906552.642;253834.129;557044.800;197.6276;-503.5345;47.1368;
841457.934;659823.865;559384.941;201.9176;252.4661;12.5452;
738232.830;446799.328;338283.781;3.3999;-46.8012;-339.0035;
714901.190;436539.856;461012.089;-32.2430;-62.2368;1.6720;
670660.278;434899.866;470764.035;-788.5527;56.6712;105.4829;
787013.242;206467.623;164749.851;-26.8443;-760.6122;-1747.0237;
722916.376;647769.054;541604.065;19.8306;507.0749;-96.6475;
758391.934;256196.074;126337.495;25.5331;-960.4290;-1566.0358;
838235.745;574349.015;570030.259;14.8930;-4.5307;55.7312;
781572.777;526978.375;456875.935;80.1479;99.6833;-73.4530;
689123.662;397878.880;223850.615;0.6429;-9.7039;-356.8791;
797886.867;765752.237;497125.900;-13.4497;864.6064;-485.5427;
644441.027;464044.421;74860.161;1.5329;-62.5014;-1139.6249;
153191.093;590278.169;607348.567;-921.6514;76.6831;101.3281;
704299.498;567592.905;833607.384;-148.6104;91.8851;503.7285;
695270.666;408790.085;401295.257;10.1104;19.0364;0.7623;
700272.291;513734.027;519390.428;60.8630;14.2070;25.5433;
541026.104;602168.542;556051.608;-426.3228;-41.3426;-133.3213;
390714.888;22809.671;419766.214;-771.9657;-1043.0796;-276.5044;
682856.795;334485.841;781612.853;-11.7545;-323.4073;501.0375;
634115.073;702567.190;880795.750;-1.0068;350.1481;5260.8765;
754896.030;443393.111;570895.008;-28.2727;-232.6497;24.7556;
479889.537;937349.513;502326.287;-418.7766;721.1251;17.4183;
789922.102;487314.008;500135.805;-42.8036;-102.6879;-1176.0608;
748278.030;530931.753;700665.883;7.5586;-37.0735;9259.3296;
622306.125;617122.467;655517.949;-511.3045;17.9079;72.9809;
714455.607;432700.875;795274.739;0.1915;-329.9816;701.3935;
668965.808;645707.881;648373.867;-6.9283;245.0881;189.3000;
811264.601;670624.082;484265.542;1.1869;332.0748;-59.6862;
715672.190;608726.720;559177.043;113.3622;195.1328;-241.0771;
716141.297;482817.688;394624.851;1.9108;43806.1781;-120.8924;
654674.418;463938.400;484490.888;-105.2774;34.7506;279.7410;
694843.094;518744.582;568453.064;22.4403;71.7187;153.7199;
782507.234;504166.511;779934.093;147.7297;0.8362;410.9902;
690909.851;644199.103;752470.702;71.0297;641.3088;534.7988;
9907.294;360080.865;446594.860;-9778.8639;-178.7474;-227.9891;
883750.245;439683.156;939090.307;90.2247;-136.9211;1367.9710;
831757.766;735320.970;599088.749;163.0173;436.7275;44.6026;
714261.293;104564.377;534469.453;69.1597;-795.6384;-1674.8196;
803812.001;582170.039;225578.682;53.2241;127.7924;-471.8284;
635244.261;594221.922;599519.774;-16.2975;41.0962;35.8685;
661156.760;518577.767;578367.247;23.5640;25.9160;108.6766;
665446.646;489706.376;696280.085;-19.2796;11.3537;359.8773;
652440.546;424782.984;167068.129;-2.4397;62.5671;-968.8628;
939359.142;399690.754;530584.505;260.0984;-157.2668;155.0739;
639521.203;546415.398;927051.953;-176.2645;-128.2702;607.7647;
715467.953;443370.458;851477.960;-82.7781;8.5633;1229.7085;
649558.927;707858.499;540750.759;-98.1427;544.6190;2.4030;
686369.791;533473.100;521985.596;-64.3168;78.8492;15.3473;
625748.279;670897.421;950766.950;0.5773;297.8179;1129.5775;
651259.286;510049.534;389178.278;-230.7826;-125.9171;-339.2290;
790794.852;669001.781;379814.684;-7.3518;295.9203;-369.0651;
834072.066;399020.076;429926.199;19.5681;-37.3198;80.1898;
796691.001;564148.448;377582.232;78.3539;129.3520;-218.3858;
783973.424;685206.002;525266.290;5.6194;762.1365;18.2478;
821753.046;741197.942;131982.999;-31.2586;388.6208;-1414.1516;
674978.420;442544.413;615918.856;-313.5419;-50.1891;350.5366;
775234.229;595139.473;602008.336;7.3994;14.3338;39.3706;
640160.888;517582.421;466702.709;-525.6105;-66.0912;-33.1405;
682482.859;589291.147;627386.736;6.0223;-401.0040;197.7990;
108678.590;208488.200;433998.114;-1055.7038;-452.4880;-14.0664;
887174.864;817424.972;527933.936;1.6780;620.5060;18.4141;
770137.979;375335.037;379694.836;51.1290;-289.4429;7.5806;
851362.223;540394.889;149355.872;338.3611;391.2620;-29208.6728;
244496.760;776395.100;490232.854;-1481.5750;453.3279;-50.9009;
756325.702;757855.678;486573.454;-65.5065;1566.7608;99.3187;
832308.428;815345.879;548057.021;-82.7816;700.9416;-36.9219;
316162.112;472031.468;519842.691;-927.3154;-46.5186;25.2760;
763720.059;555616.268;752981.840;-95.6109;221.5415;656.6006;
799198.753;524144.851;754235.142;-1.5627;-96.8513;356.9594;
877457.673;571662.992;732210.155;625.5854;-12.3379;280.9630;
699692.617;797693.695;554607.524;-146.3179;610.3155;112.5531;
781056.291;600894.317;988932.982;15.8106;75.4870;1088.5836;
768516.253;379508.944;391793.995;15.6008;-1.7840;53.4009;
815083.150;209312.551;475620.225;0.7885;-430.7403;107.2357;
507374.464;592634.741;577155.533;-651.8054;435.1166;34.3766;
857078.342;626108.525;626548.977;37.5856;90.1370;195.7287;
639068.372;383792.818;410923.396;-142.0245;-154.4864;-22.5383;
589716.379;324470.826;431155.458;-164.2129;-429.0685;-10.2626;
754672.236;514384.113;492096.514;-15.5600;106.0617;138.4456;
844674.723;181949.010;592485.330;41.0811;-1273.5091;66.0336;
851135.754;620732.954;416433.561;80.0463;101.6022;-411.6026;
705176.562;548426.253;49176.816;-253.7019;112.8403;-766.4060;
812397.613;546665.615;562191.183;17.8520;47.6900;36.7694;
844840.941;603843.838;548202.756;-12.2987;30.0116;-109.8711;
258891.812;509747.573;514698.491;-638.1503;-5.3318;6.7852;
770186.754;587739.971;639576.873;-3.3936;-2.4313;1135.3227;
723055.897;502146.878;616832.309;-27.1014;1901.2190;266.7916;
657472.665;470371.453;300881.744;-3.0226;-144.1712;-1043.8204;
642422.215;594513.253;532961.983;-49.8203;-9.4343;-111.7063;
415714.192;447122.068;996419.478;-696.1560;-191.5180;1746.3275;
656122.876;124947.309;393770.352;-170.8953;-501.6365;-64.1609;
839642.448;512771.015;553265.924;-7.5062;-645.6403;-135.1254;
567598.147;598974.833;397189.550;-235.9981;279.1415;-173.1256;
769138.996;483343.959;505087.937;25.6826;-29.0921;16.0750;
864515.857;516895.960;793259.938;216.0640;61.3546;549.7997;
851588.386;441599.232;417648.091;3132.5192;14.3731;-419.4866;
656479.838;413024.795;457471.218;-8.5014;-187.2606;-52.0860;
692228.965;435610.866;307890.201;-270.6576;58.8682;-849.0083;
845783.153;622686.895;609113.306;260.1944;67.3042;576.6356;
991598.326;528545.083;533214.128;788.3279;-275.3746;114.0261;
739286.220;472628.125;694361.237;-10.4562;-38.8722;378.9622;
568241.261;552989.195;577429.944;-590.0476;-160.8650;37.2233;
692979.128;379018.755;609590.493;-3.8122;-449.9964;124.1315;
855151.275;383555.971;64650.066;29.5521;0.6454;-726.9170;
22281.122;28999.393;533701.902;-3007.5531;-987.1228;-4.2327;
743362.519;877339.899;621074.953;176.3476;782.4399;501.1414;
774322.314;740286.579;591701.860;11.1518;598.6698;89.5820;
902612.865;518347.050;474661.705;216.0671;-28.3954;-24.5958;
814003.984;513408.030;568627.549;32.7353;-110.2739;103.4031;
791133.540;538451.347;402767.113;69.3408;321.6923;-4.4780;
796145.785;413019.166;470277.387;-94.8956;30.1068;133.3752;
866267.954;641106.416;330402.191;81.6472;414.6373;-185.7241;
699618.179;606797.173;546812.415;-217.1647;167.7774;-18.7851;
774400.793;403875.705;326017.442;-103.8327;-103.7993;-377.4588;
782010.356;258946.466;429378.517;20.0999;-318.4890;-256.0390;
126130.194;475081.859;874069.084;-1306.5833;26.4165;925.7586;
711164.453;467230.077;545614.073;-16.2942;-143.0040;38.8378;
783554.718;629522.104;610281.458;0.7204;40.6086;-4.8489;
214387.228;414019.591;518727.128;-2320.4303;-100.8714;151.0292;
673858.209;577937.678;607261.327;121.5915;82.9983;82.9978;
802737.085;408612.356;469058.336;301.9296;-16.6067;-38.4410;
822753.990;449204.893;667774.053;312.7500;-164.6050;235.6299;
541333.008;452579.213;591387.107;-320.4727;-311.4418;215.0268;
961463.326;511593.088;738545.490;514.8229;-45.5492;472.6954;
876041.305;365224.419;707730.164;350.9916;-202.5054;630.7021;
693962.623;447580.170;444337.670;36.4372;85.3502;39.7066;
381903.039;411954.682;381327.097;-4460.8041;27.2606;-131.2204;
262369.630;470228.072;523045.525;-956.3729;-82.4521;-76.3651;
755602.012;472232.112;569492.543;-325.2494;-64.7118;72.6145;
575084.313;95291.394;321639.757;-166.8793;-813.1582;-393.4755;
805858.107;598145.289;593223.566;-25.8619;13.7984;-0.3648;
973201.768;742079.066;475298.168;329.3479;541.1873;-12.4031;
834412.964;595483.755;334175.732;-88.8465;0.1924;-924.6413;
753653.611;222157.456;529894.914;-10.3001;-459.2849;76.1656;
715216.389;387919.919;633342.768;-175.9418;7.8462;423.1980;
740836.586;701989.549;854724.469;-8.9869;297.8737;514.9630;
760085.994;536508.613;480280.085;70.3825;135.5297;0.6874;
270764.627;882789.638;629506.856;-995.6257;912.6452;451.5633;
744683.184;381727.087;235244.249;-29.0005;-0.0220;-269.6931;
729223.775;126627.035;607541.227;-351.0651;-1005.1253;40.3386;
712464.243;606865.984;807724.737;89.9308;473.7973;1044.9256;
638560.586;559757.765;545416.859;-96.5121;-31.7085;-21.0876;
855075.757;452607.939;477778.408;68.7541;11.7475;58.8140;
649134.117;411302.162;393678.677;-36.7500;-14.5737;-37.3839;
531265.792;553877.827;638664.088;-321.7754;-23.9636;393.1495;
796716.313;365004.310;435569.291;289.1808;-177.2624;42.7343;
864514.501;404145.715;315677.126;1401.3251;136.4139;-368.6875;
739501.515;650856.982;552999.931;46.2187;372.2771;79.1684;
633407.717;302136.265;327665.946;-109.7639;-626.6114;-351.5367;
675933.297;705364.330;519539.260;-340.3209;387.2428;39.6170;
735545.581;623806.901;631518.361;-66.2028;-109.1960;0.5980;
700850.202;421814.484;280800.191;-134.2436;-148.0039;-815.0783;
653918.884;277719.312;471940.481;-208.2759;-567.9858;-60.6393;
728764.721;389880.862;496737.892;-62.4362;-113.3023;-95.7690;
300489.995;566421.858;523362.567;-739.3576;110.2177;-6.6148;
717102.007;378978.839;378588.853;82.4541;-690.5396;-298.9836;
845426.620;388093.705;386347.792;195.9051;8.3004;1.2754;
623862.939;25659.837;514855.704;-205.3154;-869.2509;93.2299;
760363.290;463780.789;178222.637;48.5893;-33.1930;-455.6995;
579930.151;470141.740;352630.870;-274.5805;-7.3834;-57.3386;
639487.022;489359.015;379877.080;-54.9596;411.2769;-242.3181;
788312.740;525300.825;206890.176;43.6912;-38.4716;-753.6135;
734021.465;589781.655;588997.288;24.0498;-9.0401;-26.9255;
637898.123;531049.933;663591.654;-368.3659;-121.0602;352.3104;
736525.092;411139.819;371243.501;41.0831;-0.5340;-208.5226;
866648.947;391642.486;229179.126;797.9035;-395.1388;-432.3829;
712685.192;46510.097;490581.834;39.6609;-718.3992;-22.6366;
727949.445;539890.458;480189.249;-66.8932;28.3069;-265.0334;
767844.821;452205.577;434397.646;103.6551;47.2058;-4.5348;
747595.731;995375.416;255647.954;-0.0475;718.8383;-446.8226;
375108.433;531419.527;273077.666;-1219.8816;-5.0815;-675.5198;
703970.642;732671.884;502381.400;194.7989;554.0037;28.8819;
692656.455;530813.359;317489.142;45.0020;225.3588;-1907.8562;
716401.555;610748.653;612451.267;-21.1809;1.5428;4.6560;
779785.342;523168.936;555519.360;119.7749;-66.4386;25.9132;
648441.183;627910.201;579626.407;-11.6343;111.0613;10.4202;
833942.329;230681.788;578799.214;1.7850;-14723.8154;209.5368;
801175.485;500329.721;501793.776;-37.7432;3.6331;-12.4464;
728178.286;675159.920;410454.127;-79.7455;330.6592;-54.1756;
644327.886;398411.742;418537.109;-44.2246;-49.0982;11.3218;
721067.885;439413.259;324627.117;-32.1801;-196.7122;-584.9920;
814318.477;132190.743;501203.605;-11.3709;-453.1308;56.4957;
777822.971;400669.038;426961.445;-0.7455;-69.2853;-14.9171;
837032.147;212307.003;525395.063;124.8858;-557.3962;58.6819;
652499.686;505019.542;498583.531;5.9071;9.0420;-22.0247;
749099.400;491184.260;880026.092;-8.4674;-9.7350;639.3285;
710173.211;615466.384;596605.477;74.3090;38.2435;0.4473;
779010.198;559401.053;400106.592;42.8140;105.5752;-183.9439;
843662.559;551041.471;560712.327;126.3014;198.9156;225.4736;
661986.871;587374.920;591891.053;-16.2540;10.4407;84.0953;
824997.678;562472.998;776927.068;2.7285;332.1945;789.1092;
789702.331;541309.341;487150.117;-22.8156;332.0646;-21.3065;
811059.365;411143.540;232994.215;-97.9898;-108.0787;-416.4844;
728759.842;145704.440;251029.548;51.4631;-454.7361;-280.9658;
867426.093;502032.840;560354.077;-0.2380;-0.4547;151.4046;
798174.620;114906.975;390984.326;-29.1933;-4060.9601;-120.3222;
761965.597;629132.395;750968.498;9.9451;224.7224;623.8778;
716946.855;544467.459;513448.564;6.1682;47.5615;2.8765;
721682.214;765959.101;529018.131;-8.3781;583.2638;-145.2679;
670012.220;442697.524;423615.321;59.3234;12.1071;-70.0118;
688441.680;312626.266;797891.666;42.0457;-203.5545;1137.6130;
720606.685;622824.248;272161.089;-98.4658;173.6011;-300.9291;
628794.102;537663.302;616417.441;-284.0218;67.4403;377.5828;
697598.988;453145.141;538885.279;-94.7097;-182.2979;-35.2463;
662819.260;632174.275;474353.217;19.3148;275.0255;-95.6337;
721795.880;462075.319;19497.153;31.2569;-124.6943;-766.0956;
703045.517;440613.834;427450.064;-156.9469;-129.7212;-295.3302;
685853.259;366352.967;360540.300;-354.8001;-17.7930;-47.7977;
867938.809;590094.785;676179.265;365.7317;71.0121;271.3690;
742899.460;614410.100;613629.030;26.1230;2.2456;-0.8021;
751491.961;384353.138;411858.109;35.1047;-359.2395;-0.1612;
719064.425;452862.765;458920.854;7.4935;-8.1064;8.4775;
673655.230;502467.471;623829.933;-335.0393;1.8140;187.7475;
777931.573;557138.549;387036.199;534.5454;259.2155;-79.1471;
732121.814;369729.096;368664.271;21.4538;1.4157;-0.7398;
574749.489;385159.817;503020.484;-197.8713;-16.3633;551.4975;
796770.917;545458.513;481219.491;120.1516;-27.7862;-61.4297;
769966.032;611490.922;676247.639;128.6273;249.9331;314.2434;
752421.602;652012.161;515712.576;46.3666;91.5075;-263.2997;
696112.534;545826.827;564343.664;9.1728;323.7770;9.7085;
933329.089;326630.719;486879.902;419.5611;-442.0432;-89.5478;
766445.643;503989.147;544426.496;38.5792;-14.1219;116.5894;
735106.664;996824.300;475567.345;-6.9592;1184.1981;-10.4904;
792131.487;773827.955;727042.310;-72.4762;322.0418;782.6072;
782390.030;755948.771;546603.399;16.8097;507.7306;147.1036;
692940.612;410524.217;361039.316;-54.5007;-163.5968;-217.9910;
710442.845;409763.754;417407.696;109.2017;-18.7193;-1.6723;
695034.476;453251.317;213910.428;-39.1493;7.9939;-376.8433;
911423.005;497405.120;582963.554;283.9331;-289.0791;-0.6704;
728962.532;458256.439;426744.397;-89.6737;-37.6857;-114.6304;
726235.336;519027.424;484369.208;-97.6792;16.1477;-10.5990;
692288.216;526511.971;543268.772;22.4706;37.7688;-1.9163;
770534.715;486843.603;575462.739;154.2659;-71.0232;97.4138;
686070.473;615152.829;257016.982;-6.8699;152.8084;-475.6443;
828266.557;365284.739;434868.662;29.6161;-94.9139;77.2239;
844965.100;450585.909;578388.604;-0.4801;-434.0681;18.1738;
823048.942;592315.960;527071.554;0.8938;-5.7643;-3840.8499;
758089.857;388074.035;388576.668;-27.1669;-3.0069;0.9808;
762134.789;89365.066;459028.645;294.9229;-846.5987;-94.3099;
639146.102;511262.535;507483.804;-15.1476;2.2725;-11.7552;
695841.457;561095.400;674461.293;78.2876;-138.2991;542.2850;
493160.277;417558.060;117847.708;-518.3623;-126.6550;-781.9980;
741739.022;621673.677;502900.728;68.0147;248.8464;34.7002;
433833.169;477091.365;584049.506;-753.0707;2.2861;785.0988;
661438.260;591572.253;590773.682;-72.8042;-19.4937;-12.9323;
425264.110;507964.585;263371.987;-556.6723;330.9718;-342.8331;
761754.786;600620.041;512302.693;-3.1058;26.1100;-304.3334;
750270.445;649119.305;517082.423;-28.7893;257.0937;-42.6355;
761746.317;390562.142;223978.959;-117.4708;-2.7382;-437.1794;
970273.921;839367.985;321427.695;447.9638;1249.8112;-312.0498;
744657.438;599253.690;207622.446;-16.0140;175.0165;-539.9485;
741978.412;499164.059;466466.495;42.9467;304.3975;40.4678;
314904.476;536402.367;408097.231;-887.0800;340.4775;1.3586;
847125.931;469797.316;430240.026;-2.5745;-8.1528;-588.8801;
