# This file was created for the Modelling and Simulation course, RUG (September-November 2019).
#
# Project: Simulate colliding galaxies, using Barnes-Hut algorithm.
#
# Students:
#     Stefan Evanghelides (s2895323)
#     Hidde Folkertsma (s2759799)
#
#     X         Y         Z         DX        DY        DZ
236797.554;446425.169;442179.743;-36.9122;33.2200;20.3914;
278946.981;400222.609;430993.350;664.0581;-28.9932;1678.4142;
176986.449;470186.311;435196.791;-4.2332;-590.7442;-671.1089;
216601.842;396613.515;396409.463;7.0202;1.1913;-0.6458;
138147.451;616347.502;540102.568;-183.8474;198.9479;-548.4144;
502669.051;893171.613;538976.220;461.9456;3882.5457;43.3626;
317409.888;466835.252;401737.364;10.3791;19.3976;-174.0304;
278831.467;596490.842;826031.014;249.2895;110.2504;2107.0922;
315879.866;502801.057;504212.231;41.5969;0.4741;-10.8681;
269190.424;408212.973;403056.791;-23.0400;-80.4734;-44.8881;
225523.759;409967.435;757412.615;52.7677;-28.2088;15518.3981;
205984.827;595309.046;177544.199;-10.9500;33.9127;-3115.7360;
310213.483;442860.325;574037.408;201.6407;-277.1921;249.3275;
152457.203;382172.639;372477.869;-45.7535;-423.1449;-465.8046;
289016.678;374977.944;374234.079;1.0310;3.6945;0.8846;
307775.889;672804.679;590891.347;-5.7036;685.0014;335.0971;
266274.874;579388.549;635955.700;-12.0347;57.6291;199.2410;
219703.927;502423.133;562665.989;-90.5143;0.3265;166.6166;
419052.923;506039.274;495349.265;2440.4706;-38.8829;-78.5841;
283787.078;510931.654;388885.361;156.5477;40.7740;-321.2113;
3282.544;570133.867;616648.457;-657.9461;-7.1245;686.0970;
157180.774;790054.616;589278.589;-127.0962;811.4228;117.9428;
184837.336;497542.512;819287.399;39.0813;-2.7730;741.6693;
128696.145;467665.767;455358.570;-559.6009;-73.8773;-83.1726;
246878.587;484466.568;500808.096;21.0747;5.9735;68.6485;
299641.183;432626.721;432931.880;-3.5232;-7.8169;17.2809;
274339.876;499179.020;476874.959;10.1690;111.0875;31.1889;
570496.979;506178.370;520229.540;2229.5373;-9.9479;51.9328;
284175.113;437004.161;597349.596;-40.4104;-7.6396;948.0635;
377660.881;475174.192;795663.502;-4.9187;30.2831;3652.2952;
205661.068;377109.977;170666.407;-236.9323;-1074.2451;-15363.0306;
291239.781;419511.849;478936.410;-60.7317;1.5069;433.8132;
303343.674;379648.900;379678.339;-45.2338;0.2640;0.5459;
243453.657;595348.398;633733.330;-41.6738;11.2469;200.7825;
282202.592;753704.189;541165.566;33.4732;1265.2125;41.6212;
285143.451;692877.180;588245.320;287.9263;1332.3051;212.9334;
270195.489;589315.854;590813.457;28.8960;-18.7357;-0.2754;
321234.447;494701.389;494940.975;-11.9111;-1.3785;9.5755;
229933.592;496152.463;477431.481;9.3162;-35.0744;-218.3824;
182235.841;564357.308;619293.801;-201.4003;173.7375;405.5132;
569122.927;518397.506;440571.279;640.6277;142.5338;-153.2374;
11634.408;587009.012;539639.696;-2981.0589;149.6277;160.8536;
563973.106;747856.252;590334.077;599.0648;1073.0593;598.6387;
277124.018;899120.789;505238.384;29.2308;990.2384;78.3681;
263539.148;327703.579;401802.919;257.4542;-254.9760;-1.2788;
272350.543;576878.223;604938.262;18.8638;534.5545;970.9962;
178345.396;129070.954;475279.099;-11.9948;-936.7034;183.9364;
209428.891;640602.834;516362.066;-117.4297;244.2862;-69.4099;
426547.150;572244.738;527930.114;288.3236;89.5587;-249.4462;
238596.678;581694.160;536065.302;59.9079;191.1297;27.1782;
559454.246;124744.654;547562.927;832.7349;-1266.9735;3.2530;
184398.358;265618.393;488284.079;2.4844;-602.3249;67.5212;
158406.396;491654.529;433234.643;-364.0916;-40.5666;-293.2520;
265003.652;293030.484;478406.257;194.8103;-408.6761;-13.4381;
86066.810;528547.968;524998.912;-222.1659;5.9116;-6.6691;
213168.068;441086.503;483965.015;5.4508;-108.4353;37.7355;
242270.523;385087.608;589080.549;-25.5864;-2441.5144;-43.7281;
245749.891;590358.263;650251.887;1.8954;406.8333;487.2546;
261058.261;502993.449;269714.323;64.9900;11.7597;-879.0781;
200185.938;515253.763;981496.185;68.4627;-3.7285;1439.6832;
277602.224;496874.335;499905.648;68.5585;-142.5316;219.8428;
270934.307;502558.486;487080.362;291.0179;-119.3658;-223.4973;
279162.307;556180.408;348626.315;39.0857;169.3871;-334.3378;
314515.653;394361.910;571607.440;47.4486;-807.0126;2.8799;
197631.480;474731.014;422597.610;12.2065;-47.1588;-197.9510;
608133.317;331646.210;510400.528;-1931.3896;-1777.3447;27.6224;
231990.416;586451.190;511687.121;282.0168;137.2449;-3.4574;
286780.517;560359.926;554317.126;-33.9779;104.1249;13.5421;
300587.787;449839.443;501754.803;-231.1878;-92.9835;358.7872;
325759.298;554767.700;477199.124;-25.7578;99.8466;-426.8083;
145276.501;452079.122;468300.607;40.0229;-67.3034;-24.1037;
125607.652;507191.425;687632.957;-154.2131;55.9480;551.4977;
499405.068;554911.765;368551.872;588.3939;130.0006;-371.2735;
174383.737;387938.430;586107.113;-432.4672;-263.4913;274.0307;
297517.631;614598.913;291253.782;-152.3038;81.9072;-1398.4148;
277556.778;442608.990;532037.896;-8.5786;-447.4280;161.4101;
233495.447;578607.780;245625.291;161.6069;55.3496;-1801.8320;
197769.290;347162.674;442589.730;-3.1872;-1152.1146;-181.0078;
300631.257;483808.257;196998.453;251.8857;146.9032;-1212.1777;
214695.684;533019.761;627504.058;7.4611;9.0893;301.8581;
265705.165;538889.059;469059.203;53.7037;204.5785;-31.5026;
209353.746;907665.004;495706.830;32.1553;860.7003;-1.5053;
542545.674;486833.546;533262.979;28254.4356;-169.3280;-7.8274;
343849.865;220446.090;426493.142;-1.2586;-658.5362;-54.2287;
177630.235;477656.415;485957.932;51.7940;-2.6409;32.1036;
187480.011;17315.134;405528.466;4.1744;-1253.5550;-134.8238;
726162.687;760445.732;503305.934;1087.8508;5079.9394;36.4409;
604314.983;557371.203;493890.508;892.0944;-14.2628;-359.7308;
215790.454;401698.221;397204.027;154.6457;3.0532;-10.1939;
240952.790;437517.034;443221.433;-31.4213;4.6210;104.2417;
157377.154;475908.840;217633.769;-188.4251;17.1414;-799.0337;
391019.765;501149.489;65558.479;471.6970;31.6333;-1047.9611;
201621.440;371262.165;371298.348;0.4470;-0.1246;0.5624;
239137.479;25517.360;628024.415;-7.1302;-1083.2633;284.9266;
205660.852;317731.575;415726.571;-153.7358;-11.0615;-249.0763;
198719.496;471073.195;469265.411;32.7314;61.7714;14.5896;
243813.250;193321.901;517225.719;7.8848;-1280.8093;-118.2611;
278104.797;385427.102;484242.545;332.2756;-54.8125;313.0045;
183444.601;393452.414;381871.791;-54.0466;-181.1898;-153.4671;
194662.538;467682.922;866525.769;-0.3837;9.2594;863.7318;
233039.760;786715.685;183384.322;-16.5838;1281.7701;-973.3773;
317609.667;402956.119;411135.938;-25.7621;-37.2867;-332.0348;
248500.158;423173.114;279683.426;30.1298;-120.9781;-778.3962;
196107.633;428938.139;54113.243;-6.8594;-141.8396;-1273.1410;
154192.485;742957.569;49689.900;-815.4413;1156.1279;-3507.7893;
277794.789;540647.521;483363.300;-158.4835;77.6552;-358.0233;
242806.572;347052.127;518853.633;-137.9573;-449.3876;61.7132;
186353.479;615410.034;471723.888;-576.2321;521.4758;-9.1296;
180765.529;468420.938;445104.813;57.4554;16.4318;-86.3200;
302661.629;384164.430;385372.638;-65.4946;-0.6608;7.4736;
461746.194;541348.022;320620.980;573.9083;193.0133;-486.0001;
214847.109;415073.286;437575.874;68.2488;-159.8221;9.6695;
155348.460;830257.222;445800.260;-227.8559;1187.3784;-663.4491;
226184.270;374200.308;763076.327;40.4386;-398.4419;892.5761;
321825.392;558025.127;638323.702;65.6354;115.9344;392.9134;
233503.340;316682.847;492161.240;21.5900;-438.7557;95.6259;
288355.811;522751.906;532884.880;-79.2733;-2.7838;-56.6707;
609592.196;441410.068;548993.061;1242.6088;1.3590;597.6081;
204680.502;511700.621;532044.925;-5.3391;-372.1089;-124.0506;
268197.554;602970.198;584535.846;35.2408;66.2912;3.8042;
556410.865;802975.698;554905.692;713.5265;2661.6700;-69.3087;
346154.461;498004.688;515158.466;-9.0209;0.3226;43.6833;
229754.374;558672.773;555727.287;5.1347;-66.2893;-118.3292;
289939.409;580344.052;604957.442;-10.6792;-197.6023;1.5621;
245922.261;459472.142;431948.524;-11.3246;9.7771;-65.6451;
222966.662;319508.196;522660.284;-9.4397;-546.9071;71.3463;
294178.639;473746.363;230713.030;-41.2079;160.2073;-3948.0746;
349740.637;463953.519;532202.547;180.0384;-149.9737;-59.0214;
150452.974;421795.217;407112.899;-691.8015;-30.4173;-56.3132;
104862.098;426921.971;424529.927;-157.7029;6.1460;-1.6686;
273963.766;272162.490;924815.496;-101.7395;-591.0567;944.7968;
219365.495;729287.427;369293.697;-45.2687;438.8221;-459.4638;
178320.181;737939.835;493529.309;-8.3099;865.2522;6.7178;
294180.351;592108.987;592266.394;85.3410;7.0081;4.8188;
257168.214;521899.157;567171.789;79.7179;-36.1507;-48.4396;
207839.680;515130.189;443412.641;17.3852;305.4826;-352.5979;
329638.831;219616.135;503925.127;-23.3185;-1408.1974;-41.9813;
465155.701;492109.113;566050.907;596.5559;-314.9680;9.9810;
286234.142;442191.517;299315.261;-178.7043;-84.9294;-567.4193;
271275.678;770292.029;485106.017;99.9015;1032.3044;40.5588;
181420.682;249174.164;456042.500;428.5029;-668.2290;106.7517;
246318.996;457501.286;474319.435;-39.2086;-71.0576;-53.8239;
279878.904;477293.609;782205.323;-763.4967;-260.6258;1140.8735;
228026.554;508866.284;352021.614;-338.5127;-15.4440;-668.9792;
183940.741;442211.174;368270.066;73.4098;-25.3493;-294.9174;
321503.641;579850.188;662507.628;90.8615;184.9783;616.7077;
177360.029;599392.969;590417.952;-1.5330;14.6889;-14.9322;
306805.043;566841.486;357875.293;-23.2453;270.4865;-444.2058;
158449.186;668750.367;446862.759;0.9911;922.3812;578.7337;
306946.087;668947.825;445967.309;47.7948;686.2427;2.3744;
219870.220;447423.348;504791.211;-504.4611;-314.6664;72.6586;
407389.448;515867.977;578306.106;1213.4515;-71.5180;51.4490;
248065.107;567170.749;455677.067;24.2441;339.7846;-110.8072;
355809.204;482138.161;521345.911;140.6949;-54.6560;76.0123;
547412.802;721524.390;625474.946;841.1977;707.7486;451.2594;
314142.467;573011.746;278278.496;6.6736;285.2418;-814.3128;
174632.278;210695.319;436867.599;-589.5145;-760.2024;38.8965;
386534.675;808572.766;642737.935;385.3035;638.1922;309.2445;
288921.253;456412.559;410039.475;-28.3745;359.2812;-6.1598;
220928.595;418617.594;620891.091;50.4149;18.4642;764.3716;
158246.517;589435.354;598158.921;7.7100;-73.7072;3.8882;
365590.669;433176.763;19289.958;-7.2885;-226.2936;-2289.7949;
192365.482;448812.871;417412.016;44.3186;24.9448;-72.8674;
303717.796;770394.204;504404.588;77.8241;3547.9271;-20.2526;
277247.065;616943.610;617924.783;19.6189;-4.4816;-0.6787;
320332.662;573960.707;582757.326;-0.5914;-36.7225;24.5488;
203316.119;132971.018;394764.098;-1032.8096;-729.1062;-228.5038;
554209.584;165090.328;446509.419;1423.4770;-573.9714;116.2049;
228746.246;884120.868;436908.474;-7.4457;1004.0608;-56.4447;
829072.263;516871.739;130529.346;1215.7342;-201.9867;-1038.9250;
298613.737;570416.043;505999.339;67.5076;-4.5823;-238.3895;
195372.347;575763.277;556412.137;-279.8796;22.3907;125.0299;
301867.731;360528.383;490639.887;117.0692;-306.8705;-14.4842;
247276.464;408887.313;461284.895;-142.1029;-73.6026;79.7324;
268132.485;637808.883;514085.834;161.1330;302.2614;-175.3161;
377186.342;571510.264;610028.007;788.7886;20.4808;346.4894;
262256.980;325653.644;400291.321;-21.1982;81.6357;-93.5565;
255918.683;501627.551;565032.990;-36.5511;53.7003;244.8977;
319958.379;667252.814;502461.523;206.1580;508.6766;-311.2547;
398453.115;590657.983;592921.772;443.6009;23.5885;12.3406;
368808.902;416664.489;477899.699;2.1292;-377.3469;-249.3388;
323162.635;538978.478;944899.021;166.2712;214.4348;2582.0781;
252759.881;525259.248;461529.563;-7.4824;978.7413;-83.8111;
219787.854;528584.993;461148.525;-4.1314;148.8375;325.9870;
244803.308;402252.055;470691.620;-21.0644;-273.6010;-87.4623;
214372.215;415475.336;451295.674;-43.1856;-293.8872;-47.5578;
217349.658;542342.039;521925.533;-85.2958;18.2032;-99.4284;
315686.595;587553.266;466568.443;-17.3921;25.9907;-758.0929;
292095.306;537254.607;69637.397;59.2517;27.0526;-1499.0854;
278092.429;226740.176;498664.840;-84.7766;-1273.7244;-26.4320;
191609.516;380853.866;563347.002;-81.5637;-559.3824;49740.6562;
345838.563;500098.632;476442.016;-2.4595;6.8028;-116.8721;
79352.681;461271.361;448301.909;-456.8864;126.6639;55.4021;
284806.745;402541.152;414734.800;-329.3599;2.8271;51.3580;
334491.851;464435.571;474245.910;95.0145;-131.2179;-64.2911;
131858.461;574003.503;577090.980;-5.4287;18.6364;79.5848;
834723.893;867226.041;544564.654;1339.9140;13288.8791;83.6402;
43195.032;346816.624;491162.352;-400.4086;-330.3233;-4.0466;
306709.215;542102.740;488999.124;126.3750;791.1743;185.6326;
249151.415;803681.502;506064.448;10.4501;676.2278;2.5091;
820359.733;553265.282;367014.247;2602.0242;-1296.1255;-1054.6199;
849370.025;484239.139;425776.311;1746.6071;142.5468;-27.3901;
258986.469;559901.401;418818.755;-111.1206;21.5229;-446.5004;
466823.165;421278.751;557814.357;372.9890;-202.5349;50.8013;
221775.941;468019.087;419138.675;-47.0450;235.4159;-13.2082;
202687.975;581444.584;574868.326;-5.7275;-2.0667;-23.3302;
266684.338;617548.091;617498.115;-14.4150;0.8246;0.7186;
572717.644;572474.927;570971.957;2393.9086;-75.4913;-26.8638;
207778.931;510195.305;523943.907;-98.9437;151.6796;85.9303;
260709.955;603270.966;579423.742;279.4035;80.7622;-2.1651;
332320.343;863231.236;500904.359;81.7896;946.0080;-2.1218;
336013.010;573824.584;285880.443;184.6187;-21.9444;-862.2482;
219134.057;484616.193;424493.448;14.8753;-51.9242;-124.8028;
310684.857;481796.811;393363.540;0.4730;374.8176;-595.2616;
169638.582;638943.540;470201.063;-328.4308;-106.6940;-6.7658;
289215.788;596884.455;642789.731;32.7556;9.8530;286.1775;
194886.067;419117.649;397106.641;4.2179;-103.0027;-501.6264;
254440.077;245040.701;512982.081;-22.9079;-656.1980;323.9323;
215590.160;484440.461;644480.527;-183.6184;86.0620;1257.4718;
255193.512;547252.210;779497.417;-6.2553;108.1833;1836.5421;
318231.707;478791.334;397226.061;500.7527;281.0599;-221.0246;
196539.155;490490.531;456772.891;2.0420;578.4199;-32.6653;
250427.114;73398.221;392455.865;66.2088;-1060.3939;-226.1875;
233512.428;790582.520;483864.048;-38.0143;873.4600;-2.1260;
172631.079;204937.221;410460.646;31.3810;-1893.0322;-10.9961;
238368.194;275852.065;507698.101;13.7555;-682.9225;-38.8039;
226497.672;592628.536;588021.927;-30.0761;5.3878;-25.4933;
258212.560;743533.280;466972.234;-225.3291;1095.1734;73.3591;
257558.543;405335.057;404431.896;-9.7338;-3.2029;-126.0476;
333119.823;532921.578;537145.038;22.0770;7.8072;60.0634;
63080.995;557934.577;514967.619;-2885.1876;-269.1677;-697.8900;
178173.527;507111.407;511235.456;-15.7213;72.2045;101.8318;
247012.928;583772.806;588419.288;71.5644;-15.8349;-5.6969;
224255.608;389534.408;391004.824;-189.3676;-12.7949;-6.4448;
117445.632;513863.870;464215.310;-0.5167;-32.5695;-167.8826;
251468.685;508532.555;882971.126;85.4874;-6.5435;822.2627;
226934.430;509635.533;480894.082;170.7890;108.7680;2.4066;
366514.713;482361.380;463384.095;223.8644;71.1027;-212.4031;
353199.553;520362.151;483930.639;-183.6738;183.7720;25.4973;
269646.027;230633.073;544681.636;6.1162;-616.7008;87.6582;
239190.069;418591.790;494564.051;-46.4826;191.8168;190.4551;
207213.617;551569.572;490133.676;-157.7117;548.3664;36.5850;
261477.064;465720.594;461904.008;-48.0080;41.0329;-28.8119;
188670.667;537549.875;847308.749;-45.6903;-124.3313;780.4887;
51695.787;406213.393;414412.306;-717.2827;-60.3450;-305.4315;
274341.370;434094.599;444471.381;-2.3185;21.2706;42.4838;
121585.346;527771.805;525040.106;0.3276;18.4007;16.6315;
225316.716;520249.752;513148.076;42.1928;19.7012;-14.7219;
230945.530;560723.149;610088.458;1506.0189;-4.8559;134.8263;
187369.166;455875.741;665761.509;-2.2902;-514.8164;601.2020;
319097.619;431479.839;385742.101;-21.9294;-14.8960;-208.2290;
229107.761;905398.461;406872.880;-99.1831;954.4103;-322.4672;
286119.479;537409.593;539581.926;-31.5503;14.4129;43.1702;
348115.424;554116.887;474087.556;9.7215;169.8352;-22.6771;
113755.103;490638.163;494598.711;-0.2992;14.0805;51.2302;
168170.959;640426.446;507609.692;-344.8624;863.2003;22.7944;
175560.068;657999.513;590399.581;-164.1836;220.0637;127.5376;
354528.318;497876.558;128946.616;361.6193;15.3828;-825.6437;
336053.828;386920.338;351633.290;420.1341;-16.0943;-162.3192;
198256.282;462706.855;412671.576;-8.9979;170.0512;-80.8291;
139287.526;766628.956;435568.066;0.0225;629.1489;-65.7943;
267344.238;597766.348;542497.777;41.5323;132.7086;-118.1914;
326328.717;499426.225;462615.751;-19.8342;164.3710;31.7618;
257674.917;542695.859;539082.595;68.4577;61.1353;60.6874;
261044.442;378873.607;469961.278;28.2471;-147.0230;94.7195;
180432.446;256020.542;443960.164;26.6018;-876.9678;10.4320;
330121.770;545738.381;564920.117;-0.3980;-60.4295;-11.5336;
211244.790;498091.966;486501.089;-157.3335;24.0172;-110.0592;
170774.416;464336.621;890563.851;3.1713;-16.2467;995.6312;
319180.305;501572.834;488622.792;-2.6427;16.1714;-58.0096;
147824.894;520743.088;527145.977;-0.8743;-77.8998;-15.4872;
302063.093;775706.212;489507.187;84.3846;913.0827;-74.3589;
125056.183;504122.773;162741.448;-0.0662;-19.4505;-1131.3431;
189680.687;490541.267;354571.836;-194.3261;-40.0690;-401.3525;
411133.953;503681.733;235721.958;387.5544;13.9581;-648.4422;
244906.548;887045.230;657198.282;14.6957;974.6713;296.0559;
189924.672;466852.244;363303.975;-28.1720;-287.3896;-970.4178;
307595.135;577822.781;846438.206;-37.4616;59.0511;837.1748;
474769.850;403656.847;659609.908;586.3247;-258.5689;388.1224;
294774.542;569633.197;543142.616;27.1284;308.3412;7.6617;
436622.068;494319.501;584921.109;752.2541;-457.3803;-1.8445;
227317.317;442303.105;490820.887;33.1997;60.1850;-13.4920;
867912.915;566539.275;521880.396;2559.2196;20.7694;12.7630;
171972.574;441200.135;462834.325;-19.1709;-78.7361;-17.1493;
323388.056;985685.025;502831.849;154.8282;1728.1272;24.6811;
696173.474;659373.457;585168.665;925.4987;504.4705;196.2954;
182973.804;429270.849;443823.409;-346.7464;68.5325;183.5775;
246537.317;507941.390;508354.031;31.8684;49.8167;83.5673;
828327.021;267809.911;469517.033;1948.3401;61.5149;-20.3082;
173715.295;480342.947;428629.064;-75.0614;52.3163;-662.3794;
231914.074;564253.575;499217.800;-291.9353;59.0093;-199.0332;
387903.068;534464.766;686853.555;0.4669;-321.4286;389.9033;
306988.800;197139.231;409773.011;21.5720;-912.9237;-2.7646;
256956.738;456449.876;542202.089;-176.6781;-105.4144;-149.7750;
141612.316;600536.719;413909.181;-204.7367;380.2298;-71.9579;
207574.330;504969.117;447469.116;-30.7718;-2.4551;-61.2165;
264963.118;424217.416;653712.438;-33.9374;-301.9030;240.6670;
606842.522;520754.071;478727.750;750.0305;93.5498;-34.4743;
289767.641;522850.194;933592.441;6.3539;50.2274;952.0717;
165896.096;582114.264;573836.773;-96.3572;33.8291;181.4184;
877686.642;450354.948;436749.665;1529.1928;130.0576;27.4373;
227520.003;406927.663;215649.805;57.8314;-42.0016;-550.1475;
150934.953;590130.492;442911.538;-14.3884;-7.1336;-1013.1462;
262430.220;131453.263;516859.597;41.0781;-1152.9400;-32.2197;
395107.721;523770.253;296112.160;321.8538;-40.4342;-338.5865;
252988.103;20755.791;493687.278;-19.0719;-1000.6783;-14.2936;
256310.635;424813.405;433343.642;67.0708;0.9394;17.5104;
158468.891;514041.318;465937.205;-310.2265;223.1818;-54.4317;
217566.974;607570.173;648476.632;402.1885;295.4998;512.4027;
321364.236;600025.063;595839.956;163.4808;47.4837;148.2720;
312062.267;427285.997;441631.685;286.0750;-18.6935;61.0326;
423787.290;623092.853;607409.175;299.9566;38.9832;4.7627;
281026.150;616972.440;434513.872;6.4486;439.9215;-0.9803;
228575.173;643195.524;498344.359;-68.3136;323.0573;-49.5992;
484884.176;325595.598;533252.745;572.2673;-390.5334;148.2328;
304400.095;521528.337;380913.626;-138.4124;229.0916;-607.8913;
415625.484;465180.017;539754.639;361.3732;-54.6329;145.0720;
226195.830;113055.037;402014.704;11.8097;-911.7926;61.1643;
910691.644;371849.689;376622.368;10612.2170;-18.7225;6.4343;
310621.570;240511.689;546313.677;38.4970;-888.4762;-305.1745;
259050.406;569980.183;552897.067;-22.1446;98.0899;70.3686;
186225.266;399300.772;407598.102;27.1402;-54.6637;-25.9875;
86884.129;461565.483;297612.935;-303.1261;-26.2606;-424.2558;
296789.669;390726.186;428494.972;56.2601;-258.9417;13.6923;
237953.639;234639.953;513811.675;-73.2433;-849.8892;13.1308;
238322.966;790411.142;744732.577;-14.9948;573.6316;479.3036;
299669.341;578975.193;532527.891;-31.8861;26.9871;-61.9995;
344897.401;161887.010;512650.401;1363.2016;-1194.5911;-58.4291;
144406.484;545156.201;556283.863;7.3305;-53.1702;-0.0916;
197990.406;428647.503;428644.900;-0.6740;81.3502;16.3751;
255833.224;873590.994;546580.114;22.9356;1003.7258;169.0113;
206263.397;380010.936;379321.982;-25.1244;-1.8884;-1.4555;
241484.741;600860.654;601788.295;-37.7425;-1.1402;3.6980;
263250.430;435644.066;566872.202;6.2312;8.9670;553.8492;
224244.437;482486.738;675220.545;-0.6105;39.3792;922.2985;
231132.523;584128.715;589687.771;-99.5926;12.1400;257.2045;
337104.025;499516.688;516228.629;302.5008;-9.3674;81.7363;
200051.589;563911.176;558654.375;38.2895;192.7740;-27.0803;
152852.959;516614.399;489412.907;0.2919;32.3494;-426.5740;
232208.719;501277.280;484586.858;190.4967;179.1134;502.5622;
234326.758;543764.095;489183.058;0.4155;149.3831;25.9835;
190222.145;510166.631;959676.583;101.6436;9.2155;1065.2600;
234158.775;962087.683;524182.438;150.5871;1492.3213;101.6300;
273467.708;830527.948;430671.222;-105.8457;6733.8262;13.9331;
253492.838;492295.168;819887.697;-50.2335;0.9625;729.7710;
402197.474;495474.948;412529.637;182.9307;-49.5102;-324.1818;
159030.944;500708.149;6799.844;-1.4357;35.2933;-1429.2425;
163347.704;781413.834;387978.424;-3.9485;1166.0909;-1028.1680;
650096.556;462992.420;584298.115;781.8104;-785.9173;-120.5594;
169204.863;556952.989;379830.800;-139.3613;80.4780;-401.3106;
322774.252;449698.647;432044.243;-4.6916;13.0924;-54.3271;
296383.050;527268.124;506966.637;-4.5364;51.8140;-14.6489;
381539.797;582734.738;609851.962;4.0288;107.9885;190.4163;
189430.926;564522.648;574537.605;4.9075;-5.6327;28.3576;
356099.300;730281.277;584548.729;1266.4032;389.5586;-11.0586;
258682.222;330072.470;615898.804;1834.3217;-587.4569;183.4733;
77096.258;335595.364;400472.282;-319.5641;-1744.0435;4.3105;
248951.034;392924.185;394026.543;15.7080;-6.7999;-2.8361;
347569.052;605779.954;23938.628;-3.8906;103.2969;-4850.4027;
204051.111;495626.690;731719.772;-106.4664;-48.4917;1449.9349;
275463.922;352778.709;376716.892;-22.4095;-478.5314;-517.4832;
166713.973;465299.940;498785.861;-112.3208;-267.5000;11.6043;
436255.781;697308.961;703796.198;438.1962;1096.0705;2317.3283;
303882.724;433052.083;522837.489;180.7336;-166.0230;43.4491;
251081.132;705403.518;762667.253;7.8943;433.5209;903.4609;
243881.217;457907.014;583033.452;-114.2221;-72.3945;1309.5050;
350015.387;555710.311;487234.625;98.0349;197.6072;-108.5928;
496747.743;471902.567;470180.750;632.8156;3.8566;3.9018;
180548.876;612054.424;606488.422;5.6582;66.9282;76.6092;
2687.307;345303.013;641094.481;-536.8893;-8734.5153;346.6146;
320482.675;160695.603;435246.309;27.8923;-977.6051;9.6733;
135833.923;477846.371;503930.484;1.5205;-21.2224;520.9237;
199565.749;560894.585;246361.817;-7.7547;143.5955;-817.4896;
303802.867;358648.060;447317.259;-19.4213;-215.5201;261.3293;
243163.306;557684.596;559065.661;-47.3037;4.0351;35.2712;
191509.840;691469.707;564011.215;-4.1122;469.8837;9.6860;
319382.383;259373.671;565052.248;5.8758;-1192.4166;-24.3817;
174291.420;405913.955;407974.199;-167.2216;-0.6761;6.1990;
390570.374;579186.706;558723.498;444.3487;43.6666;-30.0078;
298307.037;547592.173;469076.684;-47.3196;41.1451;-333.5912;
246110.941;472103.972;493929.143;-23.5582;-41.8350;9.3679;
195364.315;867571.637;480154.030;-231.3464;6641.2843;17.5741;
145824.053;855593.093;589595.549;-223.7872;1013.6294;129.9153;
92730.657;506938.659;508524.019;-441.4705;-72.0251;-53.8311;
224653.979;471035.741;379929.085;708.4674;12.5259;-664.6018;
323772.961;555713.438;799126.663;184.0018;265.1234;1310.6151;
352734.152;406509.283;397737.335;261.2165;-4.7350;-85.5938;
151910.785;869735.428;63539.045;-213.8177;863.6759;-936.3127;
203705.022;800690.256;583219.156;-277.1409;637.7267;136.2118;
293083.548;795666.119;506221.888;-2.7991;689.9019;-98.1636;
277501.715;490886.828;553050.690;38.1965;-309.4454;14.0143;
281446.385;498563.025;912767.450;29.4884;-1.3253;882.0474;
510979.878;546208.937;559368.420;527.1207;52.4711;73.7280;
297608.835;437992.541;372471.942;69.3472;25.3954;-259.7739;
200049.256;564135.404;626891.615;-305.8486;148.5495;233.0026;
237851.973;508712.889;565060.684;-0.7245;-6967.5288;4.5802;
146294.953;108180.124;839212.045;-592.7847;-932.8357;825.5155;
204471.224;507867.945;502284.827;-31.6775;65.4885;134.1547;
304399.239;109489.184;464513.741;-41.4462;-5524.0263;-501.8906;
181173.060;451432.413;472253.681;-560.4371;-3.2520;198.3656;
292828.393;492051.013;234536.044;146.0080;132.7849;-636.8879;
238645.211;542221.370;528429.322;-114.7769;35.4762;9.8631;
194615.675;915780.047;491151.694;-79.8694;1623.2608;21.3632;
271380.368;853988.206;346049.939;47.8829;816.5071;-575.5592;
354138.176;575651.845;573595.704;70.1196;-6.2275;-16.2975;
256141.530;497941.719;102263.846;-12.8316;-3.7335;-846.3436;
224078.356;512345.935;822572.534;5.1280;29.5049;667.3914;
195885.199;466845.554;480916.094;-0.3871;-18.1094;36.8356;
238454.567;772650.253;505708.766;11.9260;569.7457;-108.2874;
323624.327;487631.040;498995.473;267.7461;-13.3852;-10.8994;
331095.018;549315.434;338626.141;103.5775;-125.2780;-333.3827;
728924.748;481994.254;694130.189;974.4685;-71.9799;458.8821;
299158.132;576408.860;575261.483;91.3289;22.8177;-57.8868;
187446.154;450692.306;472595.142;-3.9039;16.0933;87.1831;
248917.495;529531.011;457815.627;70.9638;514.2124;-232.8064;
198801.281;518500.001;66619.935;-250.5120;31.6474;-1039.2095;
207843.370;563697.521;628036.114;45.0980;-46.4594;330.6004;
682856.698;504243.819;667238.772;946.1839;16.9141;421.4122;
279958.327;476728.623;464737.659;206.5742;39.2344;62.8889;
136394.655;489547.687;280876.366;-63.7498;277.6512;-964.3266;
309084.975;472911.078;419604.562;-13.3289;47.9242;-102.4743;
309492.852;443794.994;528428.633;2.4989;-21.4378;247.4502;
335647.960;565155.413;498275.073;1.3693;269.9901;10.8880;
260618.300;560116.747;404915.667;-30.1069;625.8271;-58.1189;
203318.201;456060.533;712181.811;82.5589;-54.8843;2078.6264;
231388.777;436819.094;529671.695;-12.4640;-218.9277;120.3989;
199081.191;592207.117;583424.495;-1.0002;7.4047;-35.2857;
514383.271;437972.874;445790.407;606.8148;-21.2684;16.9544;
319321.604;605427.974;605477.120;4.5726;0.2403;0.5655;
148303.080;453674.677;463119.209;3.6046;-42.0354;-2.5750;
201730.759;480319.616;435771.487;-9.6206;-157.1176;-139.5669;
273267.543;223435.356;600665.153;-2.2109;-959.1381;65.7990;
193965.735;473166.338;493108.084;21.9311;-44.4817;3.3830;
213826.138;524374.022;668178.933;-18.7598;14.9176;437.9748;
349331.611;404252.720;407986.772;0.1855;-21.7202;18.2705;
161981.941;515340.379;470962.490;-153.5355;30.8031;-76.6317;
344883.783;235632.007;495119.802;106.6505;-799.5112;131.5638;
136968.882;770949.063;587285.364;6.7961;766.5731;226.5718;
197557.550;523463.671;525914.819;-0.4957;9.1887;19.7125;
266716.264;517179.903;492891.243;114.1899;58.1249;-44.9167;
411878.609;556356.682;457454.820;616.0049;-13.9401;-706.6426;
193695.891;550654.930;266173.505;-330.3047;26.7248;-658.3704;
292156.367;559302.947;567689.700;254.3787;-22.1324;-2.0104;
223629.282;522112.792;524456.787;172.1907;-3.6797;3.6127;
9677.697;691468.460;516360.664;-667.8085;568.0424;28.7617;
192117.649;440794.077;409582.982;-211.8340;-321.4324;-482.4485;
513127.560;402740.922;403280.869;701.8762;-18.2403;-3.0238;
245090.884;441119.639;280750.277;-32.1054;-241.1257;-836.8314;
302262.415;763991.712;339602.147;1.5810;778.9014;-423.0066;
207612.802;788632.706;581843.295;2.6388;616.4027;283.7074;
284741.691;221767.765;425055.354;10.2775;-629.3898;-594.6934;
341986.494;398501.463;402063.277;29.5985;0.0482;25.8928;
142324.645;520519.754;539894.314;-707.9415;-154.6798;-142.7567;
357200.679;491664.857;460661.376;159.0595;11.7472;-35.2509;
293908.184;569028.099;527506.703;27.5554;27.8792;-48.8858;
265328.541;571865.685;572402.125;-37.5988;-84.3263;31.8087;
251895.876;557281.077;555441.267;3.7450;2.6938;19.4653;
183697.247;562240.039;11190.643;-32.1229;-0.6315;-2063.4389;
191172.495;748798.308;578722.353;-2.9239;720.7539;263.1581;
313270.966;434284.598;492695.196;-33.5659;-808.8805;11.9077;
52206.775;312472.425;343837.159;-629.8230;-465.0614;-369.7817;
136788.533;526750.586;540617.352;-21.4581;-41.0586;10.6531;
191897.262;840764.976;555813.125;-127.1133;673.1232;-27.8997;
181034.999;561895.951;549278.665;-81.1947;-556.5758;-102.8189;
159142.597;407289.894;409373.101;0.8735;-72.7001;-89.1045;
131004.507;511383.875;507169.364;54.4676;5.4508;-87.4821;
431302.239;521912.183;376667.616;-333.1119;27.2309;-3132.4662;
320186.820;479768.122;375745.934;24.0012;147.4899;-203.0252;
186511.573;554000.677;502549.527;0.9583;241.2172;-87.7735;
268704.766;460745.456;327058.794;-113.9221;-201.8899;-862.3999;
247616.091;503268.898;449569.656;-30.4386;21.3378;-160.6888;
243289.036;473475.603;476064.606;-134.0871;-117.7699;-109.9429;
314176.445;344987.684;434726.282;40.5102;-211.1723;294.3385;
278226.048;815232.496;609220.683;417.4290;1912.4003;5.6568;
215601.835;383623.430;383850.303;7.4631;-0.3131;-1.5169;
263599.203;614926.501;497226.839;-93.9140;685.0223;153.8621;
176080.232;514848.243;741925.592;51.6383;-13.4493;699.2183;
153794.450;427040.994;442106.127;-0.3204;-5.1578;-66.1633;
220114.057;404624.944;366741.117;-101.5916;-265.9725;-226.2283;
240231.648;508456.047;454590.655;47.7780;247.8212;46.6944;
337922.169;544492.716;746724.608;266.1961;78.4796;916.0211;
249007.437;545344.725;528161.904;11.0517;74.8468;-18.7223;
178853.620;426688.886;424583.929;35.0528;-17.6386;1.8152;
95999.034;400998.428;381625.629;-52.9053;-5.4601;-820.9644;
312169.666;543812.569;485356.080;111.7359;2.4083;-124.8790;
648011.071;476028.389;146893.929;851.7033;-6.5037;-1116.3145;
494827.234;542009.803;381212.359;818.8210;625.2181;-312.9516;
83876.431;435990.446;405030.548;-4918.3027;5.7075;-93.4983;
323291.418;534038.546;171881.905;226.6279;0.8237;-1161.8004;
171277.360;562574.249;558683.112;23.8590;13.8657;8.6337;
188118.925;815498.139;472485.699;-74.4384;1223.7982;1.6404;
56262.663;521580.793;523525.860;-372.7337;22.0320;11.9841;
346362.260;517016.344;861045.173;54.6964;-49.3397;1018.3967;
269342.901;382944.543;458716.431;-174.0970;-90.1457;328.2102;
354385.676;575128.669;582396.766;108.9900;-6.8900;7.6605;
400058.833;548133.421;533908.320;2038.8755;9.7017;-25.2284;
181167.377;507862.245;240830.129;-139.6554;124.6843;-618.2170;
310173.314;553708.861;362989.744;34.1110;88.5002;-326.8016;
270776.787;498576.018;752310.102;150.6565;-10.5435;556.7555;
163635.873;459357.627;495276.796;49.2763;-192.3513;155.3101;
458884.783;541309.533;533046.293;336.8685;28.0579;-5.7494;
320830.154;355781.337;457337.048;-1.6734;-225.3029;513.8386;
176756.624;465228.555;419574.966;-53.4590;-54.3427;17.2714;
851346.955;409132.418;517147.522;2024.0316;-369.6785;-35.6027;
193392.167;571443.832;536516.489;8.8754;289.6360;-36.0300;
104109.804;624921.541;617351.680;-277.3815;141.6011;118.2804;
669440.325;645836.062;520039.523;1250.3002;387.8761;43.6983;
272386.280;404487.941;403793.238;-30.2985;4.5673;-212.9124;
308792.459;563954.451;553944.319;-24.0316;49.4488;-612.3599;
156968.833;341296.326;631952.261;6.1941;-618.9049;647.2852;
213218.582;508734.299;504477.163;-87.9753;85.1071;199.9727;
226958.618;969183.317;473190.596;-166.5034;1237.0537;8.2664;
358491.544;516407.554;791943.698;271.9304;-47.2585;720.8782;
271861.333;383790.451;426767.826;103.0637;-443.7033;-199.5675;
238756.465;828092.289;15725.086;19.0030;729.7961;-1080.6737;
144834.523;486195.435;478941.734;-9.9744;22.1907;-195.8590;
144652.939;354038.440;323082.372;-0.9719;-648.3263;-1198.4308;
540415.008;487302.357;473298.959;870.6340;31.1353;-4.4704;
321919.185;437288.489;307360.585;12.6747;-13.0591;-769.8163;
121431.960;433136.772;415398.630;-398.6288;5.5200;-31.9957;
146631.578;835936.521;284334.548;17.4632;999.9392;-554.3540;
162158.653;500645.592;442891.443;271.7232;-8.1242;-133.1988;
274809.205;416839.505;541553.632;255.2163;-220.5593;105.2314;
194450.051;330691.953;474780.476;-148.6237;-305.3500;139.1000;
223435.127;535498.066;135248.708;-2.7468;69.1369;-890.5299;
782248.599;486902.533;566674.780;43.6897;11.2131;284.1728;
830389.743;536583.405;534995.567;-96.4962;-12.3387;-73.7010;
822902.875;558168.841;232835.406;45.4159;-14.3264;-957.4629;
793967.692;433861.081;636095.348;12.9873;66.3271;2153.7846;
825542.217;477239.293;286074.445;47.7427;39.4482;-426.0648;
770887.346;560148.304;565739.677;648.1358;-71.4986;-1.0858;
994386.786;296375.376;707302.779;678.3813;-613.6177;1031.3047;
694247.447;361821.890;444123.025;-17.4271;-574.1930;-10.4142;
414365.247;514753.425;498200.850;-1622.8414;88.1068;-26.6171;
806536.771;588419.247;602849.003;-41.3494;6.7468;48.2534;
800363.367;657480.291;613182.785;-4.9656;203.4723;0.0723;
853654.517;497013.125;582898.520;52.9661;-45.8122;146.6196;
547212.396;286108.725;667727.615;-656.1013;-615.9810;393.2120;
867346.391;506980.967;607263.242;337.9390;30.6123;695.8483;
806298.746;471458.112;542874.691;-8.3968;-7.7989;1237.3998;
822028.842;579181.710;569839.989;-1.0210;12.8037;-43.1264;
726187.732;494056.316;581530.003;-343.8828;-14.7420;108.0403;
864854.169;160684.157;485304.759;172.0440;-1064.7757;560.2942;
752823.987;412539.963;461063.063;-3.4013;-237.8971;-125.8254;
719703.314;579163.511;498601.043;-200.8016;284.9967;20.8909;
707123.881;681997.303;593555.710;19.1344;201.3017;-7.0621;
728611.812;828901.650;291238.535;92.7407;1176.9250;-527.7370;
838050.066;490769.319;476415.213;214.7187;93.8243;-10.9629;
765774.404;474588.182;471472.926;-6.3161;7.5480;-2.0829;
806019.813;246921.335;493948.330;-33.5047;-663.0992;14.7873;
841509.590;386936.962;400245.433;1.3842;-161.0711;6.4671;
634974.281;457834.430;577360.038;-18.9734;-181.3063;74.0799;
749416.889;260288.142;664364.582;0.9492;-485.5695;414.1054;
716250.800;434133.659;461282.739;-37.8591;-1064.5236;-24.9995;
855363.971;509939.835;510400.187;303.7764;-2.4872;107.9920;
949079.542;528769.238;418445.462;441.4277;-108.1453;-564.3370;
978009.852;444332.102;481189.157;527.3250;-106.7148;-18.4753;
851661.743;524498.138;572380.117;35.6528;-1160.1027;-22.3420;
734165.250;418443.333;361157.029;57.3808;37.6865;-762.2725;
381709.700;379077.143;465394.989;-1096.4843;-323.7368;72.5292;
701513.269;439946.303;468586.740;0.7361;-1.8259;155.7141;
818039.425;964001.945;566089.930;-14.4592;2705.8331;48.2507;
658540.573;418881.903;422574.439;-7.5437;-11.1226;22.1920;
667994.762;577564.991;564237.651;8.0667;49.2478;-9.4179;
434176.358;398530.556;377955.723;-725.1704;-32.9105;-103.4221;
848157.184;466516.961;809487.654;2.5949;-618.0712;1148.6228;
781925.176;548390.050;527392.642;-15.5310;212.4415;-84.3780;
889011.754;594322.306;482748.480;-0.1860;632.4619;12.0715;
713495.360;528920.151;440884.874;5.4207;256.6955;-256.0742;
819193.868;526812.319;383838.670;-114.3835;1124.3516;-250.6998;
799455.907;669521.007;512715.183;59.6000;879.6075;14.3410;
674826.143;472021.006;414313.516;23.8724;-1397.3009;-374.9058;
798542.040;824670.953;521397.662;42.7033;827.1910;7.9502;
828126.957;481069.661;432083.202;10.5537;254.8566;41.1744;
811715.806;539133.991;610082.267;-43.0126;5.3047;197.7455;
882342.228;566955.732;563958.248;42.4848;9.5534;30.5117;
813706.888;484840.587;567972.252;46.7938;-351.4570;-7.4666;
745671.252;953158.921;521985.438;-16.1418;1004.7852;95.8528;
615140.169;486207.457;487402.553;-533.0846;-16.5429;-19.8808;
937478.975;481911.022;705997.210;388.4499;-451.2385;537.4276;
665200.489;299311.883;510792.652;-292.5407;-662.4944;105.4815;
747842.586;392062.760;793300.603;-32.4529;-260.5681;712.9855;
747841.648;547261.552;484836.047;3.8390;99.7424;-16.9508;
822917.390;441908.324;444529.222;171.3716;-118.3295;-82.1535;
820929.231;484874.350;499394.467;-373.6526;948.5304;5.8821;
837244.983;508133.868;522919.610;17.3780;-2.2879;15.4774;
666550.567;842083.817;255295.092;-381.0511;2316.7479;-768.1503;
886677.320;181531.189;379133.225;300.3344;-657.1850;-175.4055;
848527.584;491547.119;478047.237;157.0446;48.5150;18.3604;
856961.860;497207.252;460955.326;-4.3583;43.1426;-79.3955;
813750.399;495416.771;612233.841;-11.0015;665.6623;3172.1831;
810387.984;588397.043;395811.767;-0.0194;109.7180;-405.9253;
771808.962;526468.122;370232.254;-63.3727;-48.5691;-612.9707;
757754.281;419236.160;390284.162;39.7879;-55.6684;-8.4004;
815721.155;451239.355;476621.736;236.9600;-248.4970;-63.6675;
808044.640;385095.481;500098.253;141.8683;-107.9185;-5.0782;
755295.961;428797.660;234181.359;-30.4835;-177.9036;-22725.2481;
712822.468;479819.102;471699.164;-25.4398;94.3638;50.0287;
711599.957;600121.072;505196.409;-49.0246;161.0921;-101.8087;
785781.959;516704.191;604372.186;-186.1099;-22.8633;257.5371;
774627.030;310351.799;448789.767;120.9737;-821.4789;44.9769;
617825.317;504624.660;267622.197;-293.2842;69.2181;-610.0274;
835642.227;609104.366;594425.785;270.7242;303.4363;84.0717;
810449.967;457055.238;304310.275;140.5435;-81.0090;-474.3400;
847915.450;510411.290;471659.734;621.3506;79.2617;-139.1934;
536960.847;346462.504;506980.162;-670.7659;-929.8451;18.2650;
775721.178;415043.052;531918.646;-11.0562;-333.4448;163.2642;
683916.758;469814.523;513662.938;12.5581;-15.7856;-23.3393;
627365.306;641429.774;508461.972;-626.9714;177.9953;-365.5723;
636641.771;960696.974;575146.015;0.0101;1060.9506;18.1634;
728078.876;678158.878;436102.191;-39.7577;796.7207;-55.3347;
832420.945;165123.261;425498.960;0.6583;-1146.9640;38.9201;
836167.014;604776.597;604613.568;-0.3397;-0.9642;-1.6010;
779621.310;445897.193;405460.436;27.3785;116.6065;-61.9358;
910385.623;580901.518;573405.329;307.8474;132.5926;97.2077;
198499.777;468990.634;577861.755;-2218.4660;-161.9240;201.8171;
755610.567;406654.703;274092.970;12.5945;-424.0384;-473.8510;
764569.804;422699.278;575312.162;-26.7489;-1621.4039;216.9947;
711967.219;594984.574;568194.977;17.1847;290.8982;16.9956;
596737.100;626788.359;431978.738;-200.6382;914.7299;-27.4921;
699312.553;455207.322;646778.595;61.8878;-765.9040;418.9095;
797997.931;521784.020;792821.055;-21.3079;-1818.9538;914.0124;
756196.625;484211.141;451438.997;-69.9517;128.9076;20.9064;
782058.357;431722.447;595550.274;55.3455;20.7018;478.5522;
721730.966;608343.347;456416.621;-6.8528;-21.4164;-380.8982;
747603.879;529032.732;456373.957;441.3772;250.4528;14.9211;
752252.730;508882.370;425913.651;-179.5799;-28.6240;-202.8805;
953901.475;435601.731;501761.666;682.2371;-255.0979;15.7675;
797937.189;553440.610;529556.601;28.2516;-115.6442;-111.3111;
842217.467;238387.433;461743.709;61.6529;-575.6339;-8.3342;
691447.533;627723.290;627502.186;-104.6152;0.0015;-1.9243;
671378.948;475408.486;892245.210;-2.9506;-594.4083;1942.0543;
668659.009;247198.693;522023.673;-435.5046;-957.0092;82.0602;
507827.565;646781.366;360940.501;-793.1225;153.1685;-919.5517;
840392.383;464510.096;425711.808;720.8368;-1.3906;-61.9582;
853819.786;393263.109;339879.110;715.4054;-1248.0572;-674.5916;
774874.870;475818.607;485714.051;-554.1386;-84.9368;-15.8319;
659153.933;228236.876;525733.688;14.3661;-704.0224;-31.3142;
693574.805;518012.412;544278.715;93.5260;-88.8215;7.7073;
770405.659;545071.150;606001.821;42.2612;-10.4434;257.4983;
530909.796;580057.184;583565.698;-670.4615;-11.3375;9.7976;
833384.449;384424.946;365474.785;28.1276;-177.5376;-261.5130;
763731.975;957562.915;591486.386;-44.4758;1171.5430;0.2954;
313657.525;581870.065;456842.449;-1454.8316;-492.9187;-210.2908;
738390.213;521652.587;356662.966;-26.1357;92.1596;-291.9524;
748983.913;383415.925;434646.542;0.4092;7.9002;74.5925;
722487.424;506557.206;465342.897;106.7784;124.2350;-4.3268;
477561.360;108809.708;545958.033;-537.2015;-966.0422;31.3673;
755207.453;65635.049;476339.166;17.6134;-1122.5733;18.2835;
826345.823;393799.816;511131.962;92.1577;-384.1943;-115.8747;
717469.001;556191.536;589576.292;29.9639;-30.6559;248.4118;
815594.724;410266.413;414792.360;11.2173;-5.2395;-7.2126;
810328.190;476407.881;503606.264;-20.6149;60.1763;105.7675;
866721.580;459931.831;496129.750;294.9661;-60.5784;113.5687;
711748.410;555750.396;513164.116;-81.1719;169.7545;110.9614;
813531.490;575486.767;576266.774;3.8453;-13.2823;-3.0167;
779489.700;519647.547;481062.598;33.1920;-52.9684;-110.6517;
755666.639;437125.084;461977.502;-165.5623;-101.4461;-48.8666;
812148.438;855079.228;390065.650;1.2051;1386.3342;-92.3061;
732322.135;620326.832;461063.707;205.5968;229.0543;-716.4708;
817340.324;436120.823;718377.713;-2.3608;11.0633;5271.8127;
567382.912;317104.892;440863.072;-1064.4900;-1184.8425;7.2844;
885160.019;451116.630;514087.919;553.3777;-311.0599;28.9592;
706273.646;503472.557;461142.390;91.9926;186.9117;-0.6120;
730307.510;571539.241;537451.271;362.4773;45.9854;-65.9839;
890554.614;828444.454;462717.188;518.4156;5479.6289;-26.0660;
750146.491;613969.743;615003.801;-55.9212;-18.2706;5.5440;
847427.974;540672.736;531958.648;22.0472;296.3948;10.9779;
645794.188;587335.579;422007.342;0.9815;791.8209;-204.1217;
841360.956;140101.540;567425.541;64.4972;-834.6962;106.2396;
803948.314;532949.531;497194.115;-8.0811;48.8725;-154.8744;
784376.111;832613.299;551988.553;17.9919;768.9748;116.3773;
783775.438;523430.885;459691.974;115.9321;709.2897;-118.7164;
852053.192;514941.857;522834.309;0.0030;-60.8557;-39.3271;
801583.449;406492.050;424196.208;-6.1044;-150.7862;-3.3539;
689545.780;504184.737;506143.518;-410.7019;-29.2654;-304.2566;
532281.385;510177.665;480096.608;-531.4886;127.4936;-8.3354;
699588.373;502346.085;498563.023;97.3475;2.4264;-35.0891;
736141.105;494899.965;146388.801;-27.4127;-10.7632;-727.0141;
763152.085;761284.015;500032.979;33.8322;511.0650;-4.8822;
697449.612;568636.288;572498.158;-2.3230;34.9513;38.0387;
873177.214;434148.563;430829.172;351.6025;-213.3063;-222.1755;
561574.473;451185.783;785620.964;-560.4155;-76.7310;3593.1736;
716059.740;429689.473;495154.306;-37.9335;-279.4559;-75.3434;
833521.369;320691.613;429632.706;547.5393;-310.1918;-0.9373;
842558.377;540510.150;282222.772;0.6168;28.8209;-733.1550;
758614.112;438202.430;444037.016;-87.3941;-500.4076;-173.6128;
818008.360;566095.799;542627.460;206.8662;-15.8911;-79.4684;
756389.895;498434.856;948786.763;67.0117;0.3439;1049.3504;
813952.772;578952.058;591205.004;294.3655;-202.8929;-20.0038;
702712.260;433016.559;430672.933;121.6184;-0.3789;-18.0602;
730214.382;430894.038;420409.799;-107.4331;-118.3667;-154.0427;
697824.399;692633.940;589936.909;35.1667;689.5078;528.8251;
740025.233;940221.167;504798.188;-186.7302;1204.1757;-34.8408;
844014.595;447911.198;461131.535;3.3524;5.1226;76.1887;
640990.100;463372.330;395211.253;-3.7514;-32.7769;-198.2605;
675177.699;498482.511;607236.625;-374.4374;-0.3509;797.6117;
673139.436;518242.479;507191.423;19.8367;119.6093;-4.6339;
684291.547;376175.765;733994.339;-80.0462;-989.5488;910.7753;
688456.479;665001.530;371450.801;0.1227;1375.5733;-563.4297;
804073.236;533609.911;530648.119;87.9805;40.2455;4.4491;
664884.709;576674.182;570090.017;-23.4442;57.3982;103.8362;
773619.491;875605.994;660756.768;23.3339;1607.7006;867.8021;
650953.299;577320.409;579729.091;-103.9691;-36.2849;-28.2166;
616425.438;559836.268;644841.977;-178.1240;518.1128;309.6964;
570165.980;632077.689;514546.972;-562.4023;401.6841;-27.5266;
660441.493;499272.364;490360.223;-40.3143;23.3708;-5.7679;
626557.887;541230.303;525985.830;0.0612;-23.2912;-57.8028;
755944.531;505747.389;28996.944;8.9034;15.2897;-972.5812;
696329.879;500347.929;508851.887;63.8484;0.7391;63.1574;
697660.296;497411.536;485615.291;66.8425;76.4636;74.5003;
686702.062;561541.687;568246.294;-192.5900;-11.2577;23.2074;
700938.591;576466.012;605806.100;-167.8437;-104.5111;-10.8454;
757075.351;490960.655;167880.565;53.9233;-9.0396;-793.5899;
815890.637;127064.643;438392.947;-14.3826;-1511.0580;9.6001;
676820.267;538533.938;669819.154;81.8600;-19.1802;291.7183;
634441.221;555920.140;429936.901;-0.3742;1.2757;-620.2212;
696844.023;701573.611;637661.219;-69.3057;578.3456;279.3660;
910156.331;516433.919;538664.498;615.5409;-1.8405;64.7284;
739296.868;3072.607;114962.268;35.9787;-1804.9469;-962.5634;
749969.061;416772.927;906141.651;-12.5684;-967.1084;1677.9634;
713739.750;509819.256;500154.038;-1.7751;81.6462;24.0131;
834785.953;588976.385;546284.019;222.4704;-50.6854;-283.8158;
670854.532;601578.075;576544.260;2.1223;73.1036;-93.6820;
944949.617;421352.572;545632.882;583.7399;-345.5170;85.2700;
686334.100;412485.476;515615.687;7.1387;-217.9743;239.1578;
907601.974;499701.699;554105.388;629.5871;-0.8910;264.1155;
745505.610;419125.939;459207.558;-75.5438;-167.0635;10.8410;
656307.032;567446.404;556160.023;1.0864;16.6540;-27.6263;
769577.222;376128.577;368513.232;-29.8989;0.0796;-67.3723;
645488.749;479513.052;519497.087;-158.9478;-67.1889;86.6267;
672340.466;443039.609;516595.715;-210.9191;-31.9863;146.5019;
727159.401;492291.078;514429.165;-135.6117;20.3729;105.4203;
659490.750;514068.492;451773.115;-17.0288;226.3832;7.7928;
791227.745;426646.359;417901.714;-13.5909;3356.0602;60.5151;
862519.953;858956.354;294223.937;233.3377;870.7840;-421.6319;
790651.013;551782.716;895820.425;72.9562;17.8517;853.3485;
544893.044;482571.653;961608.949;-453.8470;-57.3370;936.6862;
656109.773;526244.740;509424.312;-51.2192;29.2580;-20.0218;
768370.027;531768.044;210604.013;-43.7364;-2.5768;-3290.1001;
810439.956;930310.592;678148.772;106.5394;961.2235;457.2446;
865451.375;358569.379;552888.868;197.6170;-503.5479;11.3401;
799466.946;607309.232;556662.704;201.1899;252.4638;13.0658;
736889.517;454147.137;408781.654;12.7630;-35.1351;-339.2091;
721985.432;449896.884;460764.238;-35.4599;-58.8555;-5.5292;
703906.845;429464.865;449261.986;-6.7481;-9.0245;99.7582;
792586.250;364698.836;480444.667;-26.7663;-760.7452;9.0993;
720989.056;575898.703;561903.496;-67.8828;270.5119;-96.6849;
755350.944;455945.231;451948.848;14.8765;-960.6184;-1567.2678;
729034.572;628995.311;658244.066;-92.8547;315.4966;510.0880;
835915.283;577295.914;562964.073;-3.9607;-21.8753;-42.4242;
667497.778;568690.024;559480.959;-17.4432;40.3655;-31.3528;
764482.581;513530.359;472065.606;83.3052;39.1654;-69.9934;
689218.571;399723.619;298143.328;-0.5967;-5.4880;-359.3178;
799769.759;613527.889;595560.399;-5.6827;174.0157;4.6016;
857055.776;501216.607;510284.023;57.1173;-20.5638;34.5999;
644122.786;472480.214;312340.847;1.5302;-42.7557;-1193.9175;
345810.699;589273.253;586664.698;-927.5349;-12.6899;-5.0256;
735371.736;548190.953;728845.874;-147.8608;94.5790;504.0867;
693237.613;401764.356;401277.489;9.4161;0.7030;-0.1043;
687512.764;510718.413;513899.366;61.1034;15.2680;26.5473;
626137.838;596876.526;560920.587;-393.1940;71.6099;-1.2318;
964727.896;524311.351;710619.134;656.5554;69.8824;537.5584;
492936.026;24212.714;507922.761;-1106.2798;-1496.6796;13.4991;
235346.341;547950.397;450914.125;-2948.4786;-658.0827;-253.9898;
551305.580;239690.403;476936.126;-772.2954;-1043.5675;-275.4706;
700437.665;544817.271;503155.768;-94.2167;38.0320;-72.9326;
685258.929;401705.920;677912.682;-11.1036;-323.0484;498.0796;
634192.426;629195.745;471005.336;-0.2035;353.5463;-4.2255;
761172.497;491930.308;566478.375;-34.0610;-234.9273;16.8731;
566997.595;786645.884;499432.052;-418.8991;730.3892;-4.7276;
798394.938;509994.803;555223.505;-40.9439;-102.6903;760.1539;
746770.004;537860.410;554753.149;7.0246;-30.4190;27.5380;
678435.831;613439.879;640150.373;-4.1268;17.5935;74.5978;
714397.879;501125.092;596056.939;0.3711;-328.6903;966.3909;
669372.194;594623.064;608742.626;3.4019;246.0354;191.3456;
722377.660;487533.332;854599.870;-100.7545;-72.2835;1296.5000;
748975.957;439009.556;934761.179;-19.9895;-93.9149;1375.8898;
678834.707;849823.663;465603.702;-234.3922;1224.4102;-2.1317;
811062.640;601898.449;494988.408;0.9597;316.8553;-10.2341;
961213.046;486382.064;491558.754;603.0754;-31.7537;119.0241;
692227.704;568353.096;590709.724;113.3636;192.4298;-116.6314;
509692.688;503136.577;796547.837;-580.1657;-151.4108;1048.2702;
715502.408;427134.723;419821.071;5.0265;0.0714;-121.0628;
676554.915;457335.220;426484.520;-105.1097;29.5545;267.4921;
691176.143;504623.740;541871.753;17.2318;47.4499;117.5249;
657782.721;786069.225;473653.912;-62.3330;1977.0507;71.1476;
781042.832;503992.689;695472.279;-2.6492;0.8328;401.8336;
679239.710;510860.279;641228.461;35.4408;640.8397;534.7825;
945000.220;744276.530;542536.831;778.2639;1398.2631;71.5706;
879124.970;513718.810;63473.088;284.6396;54.2560;-2624.6149;
717357.544;397176.527;494086.342;-71.0745;-178.2792;-232.9335;
864989.569;458414.304;654543.161;90.1922;-63.1437;1368.0608;
797114.549;644471.734;589865.881;167.8906;436.7833;54.7989;
704107.691;269982.626;562718.640;21.3207;-795.0840;-44.9967;
792837.191;555609.270;323728.367;52.9183;126.1927;-471.9959;
638558.532;586374.893;591389.428;-15.7821;39.3810;45.8712;
380686.109;358029.486;507606.081;-5312.8982;-990.1096;31.9795;
656525.079;512908.580;555513.970;22.1061;28.5248;130.3997;
746082.650;912205.963;514952.508;-21.0566;1338.6241;14.7980;
669556.307;487424.194;621410.575;-14.9559;10.5476;360.0160;
652447.323;414952.791;377629.476;0.3386;13.0848;-1035.7051;
885234.700;432385.576;498321.623;260.3085;-157.2211;154.9527;
676180.085;551240.955;800589.392;-176.4476;67.0021;608.2624;
744023.522;720372.771;552864.710;-66.2504;1766.9663;4.3814;
967816.563;520150.457;507154.915;483.8768;47.0553;-7.1709;
732696.963;442965.502;596024.550;-82.8101;-4.5142;1224.3687;
669879.609;594546.625;529290.282;-96.1381;545.1023;200.1941;
697878.324;518345.035;516102.115;-13.8535;53.4602;50.3108;
625628.019;608969.114;715652.181;0.5793;297.8004;1130.3482;
911539.758;423605.247;432806.381;1082.7621;-10.4879;102.2981;
745368.965;422059.337;734394.338;1.6326;0.4214;868.4623;
699101.655;521845.857;459747.052;-229.8390;6.3083;-339.7913;
788682.062;607431.527;453067.600;15.9396;295.9223;-343.8914;
252663.644;774379.804;139253.280;-1083.2842;563.3472;-1023.2613;
829723.453;406777.640;415853.663;22.8137;-36.8657;63.3998;
777124.979;538646.259;423449.740;103.5051;120.6197;-232.0287;
782551.026;552062.879;521211.735;8.3007;264.7640;19.5437;
936394.316;754874.506;509719.391;476.2597;544.5912;11.8807;
828046.665;660270.791;426135.392;-30.7761;388.9542;-1414.5609;
737001.437;452728.676;542932.624;-287.0606;-44.6286;353.6793;
774347.820;592266.696;594695.397;-7.2689;11.4950;23.3425;
729047.011;506061.205;473522.193;-426.1100;55.4221;-32.5923;
681306.158;591136.725;591024.688;4.8776;4.0921;2.9978;
328267.525;301632.419;436310.539;-1055.7256;-445.3811;-5.1073;
886858.715;688302.136;524937.756;-0.1594;620.8412;11.4846;
763786.780;484030.096;51025.651;-43.8134;40.7670;-1106.3550;
759171.120;423323.137;378050.065;53.0265;179.5055;4.6242;
830713.819;459032.056;415186.247;89.2554;391.8133;-8.9317;
552751.628;682103.316;500168.669;-1482.1539;453.3296;-29.2155;
757207.938;439530.421;464295.300;188.3322;1475.5577;103.6010;
849545.740;669503.753;555352.902;-82.8683;701.0308;-36.3420;
509030.313;481683.134;514927.861;-927.4148;-47.0793;25.1627;
161108.026;454639.420;596181.380;-1883.2995;-77.7632;181.5456;
782961.228;516265.679;620085.163;-92.3591;184.8055;585.2137;
582478.572;477826.732;854484.900;-232.4363;65.8428;1000.4017;
799020.959;525323.687;679988.054;0.3950;28.1864;356.9527;
773347.240;12726.349;702249.646;37.8652;-2225.8560;624.7208;
906534.692;257977.760;801341.665;901.9721;-682.8188;1191.5792;
755156.507;570647.554;673838.037;783.5651;50.5584;280.5999;
729990.934;670881.330;531596.451;-148.0385;609.9977;109.0760;
777775.762;584989.250;762506.819;15.7393;76.5038;1088.5950;
765972.658;379943.997;380736.174;10.7790;-2.0250;55.1734;
815035.159;298899.268;453236.521;0.3198;-430.6972;108.5032;
642925.689;581336.143;571610.928;-653.3126;47.9021;22.5569;
849347.932;605186.990;585974.075;36.7094;128.1999;194.9042;
668802.541;410918.792;415527.975;-146.5722;-47.5439;-22.1049;
685395.331;680473.757;486835.414;3.7925;2862.6318;-136.0915;
623900.022;413588.711;433367.255;-165.1935;-421.0563;-11.0798;
73247.521;519454.900;231770.258;-1574.2297;13.4185;-1208.9629;
757759.257;492309.723;461561.911;-12.3319;106.1483;162.1308;
836113.174;444494.401;582178.844;41.8030;-1162.5244;39.7051;
733851.916;29482.555;518173.893;-8.4999;-1009.5847;7.3440;
833227.890;600084.011;490768.632;106.4615;99.7781;-182.4340;
725979.605;526626.688;208587.969;-56.2041;100.7055;-766.3987;
809612.690;543538.113;554153.530;-2.5914;16.3120;40.2557;
845827.374;597663.505;571177.844;-1.2366;29.6048;-112.6910;
353396.815;451388.127;449548.030;-1221.9516;-20.9066;-86.8042;
392287.215;510827.673;513248.619;-642.0282;-4.8724;7.0906;
680419.517;44104.505;234535.412;-31.4649;-1900.7679;-823.2501;
770976.173;588220.848;588423.713;-4.9092;-2.2169;4.6530;
843274.628;833773.871;484135.319;-0.2988;907.3912;5.5400;
729641.271;452613.079;562297.308;-36.4734;-144.5529;262.3388;
657546.248;498258.841;473006.142;5.4370;-101.3411;-215.4937;
730049.008;500721.263;958901.666;158.4026;3.2182;1003.4881;
652850.357;595503.388;557850.549;-50.1205;-0.4035;-124.0842;
560511.967;459046.193;621428.209;-696.1456;138.1165;2927.7683;
677170.040;378316.832;637789.982;-30.0151;-2929.2364;442.6439;
691945.926;229394.230;405745.025;-173.6280;-503.0656;-16.1401;
839836.855;618400.399;578228.616;4.1368;52.2112;-67.8867;
616457.837;540240.967;433244.886;-224.9698;282.3581;-174.4367;
763682.959;489367.983;501990.993;17.5416;-28.9666;13.9461;
819517.152;503366.898;677875.681;215.8909;65.8208;558.9705;
656471.199;439228.299;437482.228;-58.8181;10.1237;25.8688;
371827.273;492717.406;539566.793;-1321.8674;-62.9924;83.1159;
654034.216;451022.700;468274.754;-2.7991;-176.8672;-51.2944;
747861.247;429245.106;433441.426;-268.4298;0.4618;-32.4850;
792616.472;610806.892;601331.441;238.4728;28.9281;1.1560;
837649.067;520027.243;514726.887;-26.4771;69.0245;75.3349;
133265.464;407461.801;408756.599;-11182.8181;-5.0329;3.4771;
742204.713;480774.826;615531.830;-18.5188;-38.4860;381.2115;
938593.340;493578.081;465477.599;686.1905;126.2991;-81.6328;
690987.951;572962.868;570341.630;-590.2805;-7.3545;-83.2487;
702820.415;530371.590;631816.958;107.2731;-48.4684;269.5309;
705201.145;420122.151;256174.882;-189.0794;10.1774;-657.6346;
693349.015;472730.301;583927.593;3.2374;-452.1744;121.6344;
849004.309;383409.544;215864.374;29.5576;0.6804;-727.0148;
793014.375;403649.066;47685.581;-10.3133;-296.1831;-1313.9883;
648060.298;233754.400;533921.023;-3009.2077;-981.2197;0.5079;
795918.411;483318.149;11254.902;-16.2423;-73.7935;-3389.7374;
713314.300;714600.429;540079.130;14.6433;782.4456;292.4665;
772005.229;644829.240;573278.205;11.1384;242.3281;88.3878;
724497.927;173427.382;609231.413;313.1767;-1016.0141;238.1521;
857106.222;516735.904;484219.514;220.0642;28.7182;-60.3304;
807036.539;516611.943;546964.264;32.1915;107.6216;101.0358;
777061.512;472087.434;403605.505;67.1188;424.7081;-3.8763;
815746.097;409877.103;443044.871;-93.2332;-0.2638;128.6886;
849695.401;554750.994;368110.125;77.0634;413.4347;-178.9937;
744792.401;571939.708;550958.376;-217.9008;167.4881;-21.7636;
795114.930;425308.264;404293.490;-102.5046;-95.6290;-374.1416;
777469.810;325257.966;458172.589;24.2532;-318.9336;-0.5677;
398530.096;469613.524;681508.707;-1313.7208;25.9095;925.8972;
709926.336;497919.595;538495.832;32.5876;-149.1740;24.7023;
784338.153;621115.829;610852.737;-1.5139;40.3820;-0.5495;
684080.779;434954.229;488153.588;-44.9364;-100.6187;145.0046;
651054.545;573882.668;589949.315;74.6839;13.8988;83.7976;
739983.217;405669.929;444027.613;301.4720;10.8395;157.6463;
646772.274;698115.433;607797.443;-210.2211;504.8204;160.3304;
237717.399;509155.434;532407.448;-1699.9043;594.2539;-1.5913;
757561.822;483710.689;618154.570;314.2092;-168.2678;238.8524;
212907.516;582142.379;571268.557;-4631.9851;256.5884;104.2482;
608091.125;506504.080;545138.975;-321.2037;34.9726;210.0216;
854438.007;507930.202;640161.433;514.7518;38.0778;473.2487;
803057.712;407642.284;577170.746;351.1568;-206.1922;562.7522;
690300.161;429749.248;435908.344;-2.6523;85.9991;39.7090;
867037.850;414198.137;413063.835;-0.9171;-0.3770;-25.9981;
823870.210;406305.592;402029.726;-0.9236;26.9192;-13.5181;
461553.093;486920.165;536466.321;-958.9742;-86.1507;61.2196;
804071.522;494420.099;554086.053;398.4944;-74.4771;76.8618;
670710.583;409450.735;377844.802;-4.6429;2.3606;-95.6432;
91324.162;552552.599;579420.847;-2349.9320;-64.3930;46.2183;
803806.448;115218.600;481500.217;4.0745;-1423.1574;-8.0005;
714626.200;501277.345;721927.556;-125.8808;-6.1100;473.6125;
613257.383;264423.644;403517.022;-187.4469;-812.9808;-393.0313;
809645.388;595357.635;593616.214;2.0363;3.5156;-2.0907;
577529.603;405087.986;297044.530;-169.8552;-154.4995;-2570.1798;
904702.951;629529.428;475367.505;329.2773;541.0266;3.8330;
840534.678;595426.003;526146.528;-6.1326;0.0800;-921.1431;
755805.639;317682.758;514139.687;-10.4756;-459.2451;75.7146;
751718.193;386228.319;545087.358;-174.2526;8.8950;432.6565;
742861.204;640307.760;747518.940;-10.0958;296.5593;515.4114;
745359.153;508524.738;480854.667;70.9987;132.8627;-4.8887;
477851.599;692958.039;535490.891;-995.5461;912.7169;452.4093;
750656.503;381731.156;291015.631;-27.8075;-0.0077;-265.4870;
802149.242;336041.619;598602.458;-350.2669;-1008.2901;47.9026;
697483.279;587167.762;590451.896;-137.1954;6.1301;1043.9882;
658621.600;562649.356;550049.162;-97.3388;5.4657;-21.8731;
769226.492;454836.941;179554.331;-9.3411;-123.6506;-5296.6199;
840810.747;450678.125;465577.029;68.1131;9.7767;59.1533;
655346.730;414120.191;401625.567;-17.0740;-11.9381;-42.0591;
733434.692;334084.104;573490.615;-8.5454;-2558.2601;96.8213;
598176.463;558286.933;558319.677;-321.8000;-53.4869;319.0067;
736859.999;401879.815;431639.868;287.2714;-177.1430;1.9469;
752626.599;417891.810;386700.575;371.4876;-97.2983;-281.3928;
729837.461;573457.250;536600.936;46.6894;370.5666;77.2609;
650669.958;414967.679;400627.624;4.5751;59.0315;-350.1806;
746469.736;624956.573;511340.968;-333.1039;386.6031;31.5601;
387110.414;416964.381;424109.864;-931.3326;-11.6368;6.3844;
749400.922;631629.279;631371.476;-66.9886;1.4292;1.3928;
728758.686;451706.950;450711.474;-133.7851;-90.2431;-821.3358;
55504.999;435951.643;554948.716;-2313.4507;-151.5674;95.9405;
697208.698;395900.540;484934.588;-207.9797;-568.2919;-62.9000;
737284.568;417795.818;516663.422;-28.9668;-196.2621;-95.9504;
778771.372;577932.760;568493.176;76.3427;32.7037;-20.1297;
454144.971;544384.697;524740.462;-738.7238;77.8813;-5.9311;
700093.744;514316.011;441710.875;82.5152;140.0666;-331.7087;
814309.014;387006.575;386567.850;106.4603;-2.4417;-1.7571;
666570.349;206466.652;495264.193;-205.3806;-869.2664;94.3585;
750219.199;470829.561;273044.373;48.8778;-34.1354;-456.2371;
751255.819;808410.971;609719.985;-55.7401;1140.9738;0.0266;
637023.959;471509.336;373654.102;-274.4122;-0.3978;-112.9554;
650919.615;438149.930;419835.740;-55.0896;-28.1253;-169.5670;
755716.687;879669.220;456177.434;109.8082;1338.1039;-191.4920;
779182.100;533523.650;367080.904;43.4909;-43.4620;-775.9295;
729657.188;591294.303;590853.316;10.0612;-1.7592;-4.8090;
714643.117;554921.821;603088.504;-370.4993;-112.2857;181.6315;
732658.105;411261.603;404864.669;-0.4154;-0.4050;-27.7501;
755955.301;468191.738;319087.443;102.3829;-326.5686;-432.1704;
704061.808;195946.330;495295.812;45.4020;-718.4425;-22.7876;
737779.798;555687.166;524661.711;-15.8716;-341.1260;-107.5865;
746496.174;441750.000;435177.279;83.5480;63.6833;0.5849;
747604.752;845879.685;348573.310;-0.0710;718.5057;-446.7432;
628846.709;532477.654;413289.045;-1219.9259;-6.4454;-674.3685;
667597.366;617447.340;497742.984;-12.2782;553.9463;20.5107;
603495.781;446093.527;20199.910;-395.3152;109.8827;-1115.6598;
724202.892;914956.173;433387.585;20.6071;1280.7026;0.4928;
686916.561;483464.884;417361.153;3.8412;247.3387;-0.3213;
720379.303;610158.275;611695.373;-22.5033;0.2286;3.0008;
439694.874;457790.050;582566.411;-4777.7375;-367.6780;81.5270;
752438.014;532155.103;552281.032;147.4718;-42.3650;15.5258;
854001.520;286848.107;313604.462;723.7067;-567.9304;-414.8403;
650248.597;608726.180;577421.124;-5.4619;90.1700;5.5798;
828306.146;252622.022;529773.142;34.7995;-1299.3910;11.5571;
833488.251;508311.078;535336.894;2.0520;168.4339;207.5724;
737616.501;546545.152;477528.163;21.8305;-187.2096;-492.5105;
809070.501;500228.917;504341.385;-36.4763;6.9016;-12.0789;
743982.135;606818.568;422652.981;-73.9395;327.7996;-123.1662;
653657.951;408261.980;416237.922;-45.1994;-45.2062;11.2401;
727261.516;480299.402;438163.515;-17.5137;-196.9810;-532.6622;
816689.679;227147.120;489369.763;-10.9564;-477.6257;56.9669;
778066.228;414943.334;430365.824;-1.2598;-68.3160;-16.3339;
810956.410;328185.422;522952.580;125.2901;-556.3443;-97.2135;
849795.953;551671.862;959350.529;179.4969;182.6616;1116.9637;
651326.377;503569.396;500331.062;5.6133;6.1800;-7.8084;
750864.678;493236.947;747043.838;-8.5168;-10.0389;639.4150;
691447.313;603133.258;597444.885;10.9736;63.4415;-3.8789;
768991.450;537611.770;439070.223;52.0177;103.2399;-184.9670;
817003.984;524822.070;518045.075;129.9268;1.5503;147.3954;
827062.909;504686.102;808520.357;192.3875;21.8237;1062.2707;
665417.590;586006.391;585939.998;-16.6367;3.5907;-10.8283;
790402.849;570308.694;512379.649;129.8468;2615.5174;-33.2652;
824415.914;493461.657;611913.073;3.2250;331.4416;812.4994;
795104.641;508329.328;491340.942;-29.1141;-20.5499;-19.1398;
651735.402;523433.409;900552.570;-299.1979;7.0185;2223.0806;
790532.986;119839.538;449369.993;80.9185;-892.0910;12.3789;
820168.414;421894.240;319646.909;-13.4080;-0.9481;-416.7531;
717925.380;240285.493;309873.448;50.5860;-454.7035;-294.5440;
867468.396;501137.055;529139.166;-0.0194;12.9058;149.8173;
604312.930;433023.180;307657.848;-5852.9027;-1903.8526;-608.4499;
909779.890;426435.865;538713.907;600.5213;-18.2043;879.9732;
796358.475;441165.709;415031.871;12.8903;52.9315;-111.1397;
759904.049;582399.293;620982.897;9.8663;224.4419;630.9820;
716609.962;533434.762;512532.250;-1.0631;54.0824;6.3415;
723180.125;644614.618;519105.848;-5.6410;583.3126;48.9348;
683369.322;440476.862;435715.488;-111.1811;9.9779;-6.7079;
691450.977;355002.585;611715.189;-19.3122;-203.7745;960.9023;
741069.315;586200.860;334757.868;-98.2336;176.5039;-300.9888;
792249.135;288002.142;443564.371;-213.4312;-2070.2817;25.1505;
687983.616;527608.656;539547.955;-286.9443;34.1424;348.7441;
813913.749;377840.747;377471.486;91.6398;0.9128;-1.9632;
717451.769;493520.019;546290.089;-95.8489;-214.3549;-36.1144;
658879.721;570969.843;494159.411;19.4857;297.0357;-94.7984;
715320.582;487890.176;178955.973;31.1117;-123.0603;-767.1297;
742174.949;467683.146;481822.193;-211.2153;-131.1246;-260.6086;
747089.411;370034.416;370502.411;-64.7419;-16.6105;-49.4324;
791926.961;575845.474;619815.878;366.2139;68.1006;269.9737;
805035.486;833104.096;513180.908;297.0947;854.7407;43.4516;
737741.335;613727.303;613776.073;22.9604;-4.0050;-0.6594;
746213.016;407223.485;411931.376;14.6349;-20.2071;3.4400;
717347.608;463029.934;456901.621;9.1022;-53.4227;8.9724;
741365.302;501756.140;584512.069;-320.9560;4.8094;191.9737;
762352.946;508614.312;399875.954;-21.4374;227.1343;1.4958;
749878.169;369506.487;369470.238;-101.0113;-0.2756;-4.3864;
615576.282;388609.129;387210.560;-194.0380;-16.6205;561.1878;
950655.187;500314.947;547439.864;506.6757;2.2340;-159.5228;
844006.180;966229.464;443752.898;1.5344;2258.0167;40.7217;
792720.431;526724.783;494610.140;9.5037;95.7177;-66.8876;
743225.461;561847.007;610899.152;127.5398;228.8615;314.2780;
807728.983;526276.500;111484.234;-1.0202;-20.5066;-1480.0195;
59161.841;604116.385;250793.581;-3847.1611;414.5431;-888.5116;
742726.404;632965.823;570405.863;47.0859;91.5635;-269.1844;
962998.088;391690.656;545270.664;2425.1302;-139.3219;231.8860;
694629.455;561469.783;566299.643;3.2226;-198.2156;-18.3208;
846054.454;418572.405;505526.146;419.5092;-441.9685;-89.6507;
771219.152;121767.817;444339.191;66.5143;-827.6669;-123.7034;
761835.607;506674.183;519561.435;16.4311;-10.3980;118.0540;
735093.968;750451.784;477722.372;5.8396;1188.1728;-9.9662;
806622.120;706839.144;564360.870;-68.2063;322.1010;777.3798;
778835.168;650359.186;512239.353;17.4138;507.5030;168.3897;
319026.388;547232.456;481754.900;-1177.9882;235.9893;-22.9366;
703911.868;433378.246;406437.702;-59.7280;-20.3941;-217.6936;
843345.404;562219.070;104258.044;22.2056;-2.5971;-1426.3183;
921103.348;134382.198;545639.759;396.5038;-1386.6783;37.3900;
740046.538;587202.909;563504.659;-44.9192;-121.1871;-78.4517;
687511.624;411841.111;415778.052;110.6757;-6.8519;12.5479;
706475.391;485561.509;41983.770;-47.7893;-10.0119;-1010.6683;
703352.497;451435.470;292621.887;-40.0010;10.0782;-384.4097;
852373.120;553256.941;582923.962;284.6116;-247.5679;3.2519;
106919.553;568507.420;414664.951;-1552.5880;272.6320;-310.8712;
747820.431;465653.576;444293.211;-91.6835;-27.8510;-84.5083;
809014.464;522043.430;868526.541;17.3026;15.4246;1986.5549;
749545.908;515444.748;491574.217;-121.9957;19.7236;-66.4505;
688523.216;518965.225;529046.618;15.4428;37.2456;58.2331;
741272.691;665321.508;29992.514;-36.2263;362.9275;-2899.3051;
807436.965;259963.804;566974.460;-51.8360;-3362.8772;13.8176;
737532.621;501619.586;555046.741;158.8690;-71.0287;98.8735;
646975.871;447262.258;455669.388;-147.4686;-54.9820;-369.9235;
799210.002;518816.295;819129.924;85.1588;122.9416;940.7743;
687593.712;583651.736;355950.306;-7.1278;148.6213;-475.6516;
823222.687;385058.461;418782.421;7.6427;-104.7351;78.3352;
845047.133;522341.899;575252.069;-0.3503;-329.6709;9.7064;
822934.071;588574.447;578745.872;0.4952;18.5713;-29.0600;
764071.689;388340.457;388442.544;-27.5704;-0.3097;0.4980;
732766.405;265447.683;479231.035;-18.5645;-846.5160;-96.5253;
640258.295;510834.517;509931.401;-1.5674;1.6823;-11.7891;
774994.663;776620.898;459097.086;-264.0608;1453.2746;96.9276;
44225.764;355961.337;479495.666;-2274.3779;-378.2454;-52.8416;
789045.063;576686.203;620020.701;-128.2401;-46.9729;108.4752;
679642.195;573483.199;569135.064;77.8054;132.7663;3.2117;
737552.924;809465.746;508030.710;-304.6528;2730.7336;83.5495;
600979.639;443873.072;280493.631;-518.3621;-128.4254;-781.9348;
738027.047;570126.521;494898.567;15.4101;245.4941;0.8272;
590467.586;476633.920;463454.662;-752.9934;2.2015;-31.3902;
665731.470;592336.587;591409.990;-19.9036;0.6698;-0.2212;
540941.614;488415.981;334627.169;-554.8894;-43.7568;-342.1687;
768568.944;595141.960;575278.652;-55.1859;34.6281;-302.2223;
756998.161;386173.309;918154.530;-7.8899;-163.9097;1181.8689;
725678.217;673065.906;247857.530;-3.8099;2397.5924;-603.5451;
755981.541;610814.619;529034.125;-15.8153;148.0328;-69.8980;
785784.859;390928.793;311458.352;-113.3346;-1.4088;-414.6112;
877097.291;579504.007;387235.596;447.9650;1248.5268;-318.7639;
747989.792;562846.681;319943.892;-15.9278;176.9613;-540.1916;
732585.406;625279.051;768352.235;-3.2756;20.1162;304.3174;
684550.917;527036.776;511333.126;-257.5654;-22.2421;-135.0087;
732800.314;436475.709;449052.137;49.4361;294.6534;147.5326;
499452.572;465699.632;407769.699;-887.2906;337.4640;0.9061;
847763.175;471474.193;483369.307;6.3491;-8.0025;32.8862;
