# This file was created for the Modelling and Simulation course, RUG (September-November 2019).
#
# Project: Simulate colliding galaxies, using Barnes-Hut algorithm.
#
# Students:
#     Stefan Evanghelides (s2895323)
#     Hidde Folkertsma (s2759799)
#
#     X         Y         Z         DX        DY        DZ
521548.800;526588.726;526586.233;425.2640;13.0401;13.0800;
578859.416;528997.581;529001.619;392.6294;95.5668;95.5266;
367893.897;824625.999;824620.268;104.6556;89.1897;89.1873;
204455.562;307542.622;307547.241;15.2518;-21.5440;-21.5426;
430269.107;516805.613;516805.291;947.2626;-528.2216;-528.3368;
461360.690;508627.873;508630.035;728.2939;312.2728;312.2675;
500113.110;507269.282;507270.559;641.0027;465.4352;465.4346;
708480.013;476247.564;476248.475;330.2291;223.6117;223.5780;
452318.503;541192.442;541194.735;531.4211;184.2240;184.2321;
446254.033;534377.378;534376.146;475.2818;-137.3986;-137.3620;
623185.974;467473.335;467474.058;129.9550;413.2878;413.3039;
387482.277;604703.851;604733.773;-10.4981;307.8639;307.8989;
472701.470;522207.691;522209.206;356.7525;558.0871;558.0542;
491482.026;490721.684;490721.025;924.3634;434.1267;434.1420;
436157.592;512522.057;512522.387;-78.2175;129.5607;129.5616;
436924.748;510675.835;510675.538;1122.3776;441.6759;441.7560;
450390.073;536214.452;536213.759;389.5553;-81.7739;-81.7509;
491302.077;517547.018;517547.439;1352.2733;76.4839;76.5219;
517183.373;659890.487;659838.650;434.3865;135.9705;135.9081;
491388.446;529479.713;529481.624;228.7050;287.3792;287.4233;
237539.109;147119.290;147113.583;81.1569;-26.5181;-26.5182;
506016.341;495407.909;495410.538;245.8190;303.0945;303.0727;
482371.588;532540.567;532541.973;68.2172;-250.2407;-250.2821;
487646.677;520405.402;520405.268;1124.5218;29.2809;29.2927;
499222.484;534107.586;534107.700;1128.9602;161.5985;161.5266;
509527.786;496858.162;496857.126;256.0024;13.1618;13.1482;
487446.139;523004.476;523007.253;813.7728;51.4966;51.4418;
473595.928;495668.241;495670.297;846.8510;176.7137;176.7458;
487018.494;520470.460;520471.517;525.5959;11.7958;11.8145;
491519.940;532790.679;532791.498;814.5746;228.6946;228.7575;
477577.999;521762.958;521763.703;360.3869;-71.9235;-71.9512;
507036.404;524705.005;524705.605;878.2355;-157.7358;-157.7339;
455938.523;519914.105;519912.968;841.5830;-351.5460;-351.6174;
482874.601;530849.852;530851.487;485.3943;-384.0075;-384.0264;
478566.899;538313.589;538314.847;849.9579;-288.9790;-288.9726;
490481.822;520437.174;520438.801;773.2102;61.9266;61.9199;
480881.275;525810.172;525810.667;848.1133;-491.0293;-491.0318;
490470.256;545404.325;545404.139;536.3178;-287.3976;-287.4221;
494886.747;488988.726;488991.811;350.7760;428.4310;428.3977;
495405.457;529718.835;529719.853;1364.7233;-312.1660;-312.1496;
478145.037;527438.291;527439.464;286.8022;126.4278;126.4153;
443528.963;518735.854;518735.266;521.4400;343.2900;343.3059;
444890.152;513178.154;513177.496;894.4779;339.3349;339.4036;
445577.041;517228.833;517229.916;681.5388;154.4858;154.4586;
304614.327;500230.045;500237.291;339.0094;14.2619;14.3055;
381513.958;542854.016;542854.784;284.4875;134.7821;134.7724;
477112.163;498640.468;498641.814;1158.0251;-30.2588;-30.2311;
304291.010;533290.776;533291.016;25.6976;117.0899;117.0942;
734070.258;617550.199;617533.981;107.4686;326.0565;326.0276;
472636.999;515730.941;515733.624;557.2235;-920.6416;-920.5771;
589201.469;535687.663;535687.647;778.6781;395.7749;395.7969;
466017.148;515377.617;515379.099;747.2231;119.0356;118.9707;
573717.780;486689.488;486687.096;-36.7303;-369.6584;-369.6210;
563949.133;525982.066;525978.097;815.7878;196.9165;196.8154;
457063.585;509288.028;509289.027;721.7337;-10.2966;-10.2781;
486580.323;524217.955;524220.386;374.8460;-11.0419;-11.0484;
262528.752;489613.942;489619.751;226.1734;-45.4453;-45.4385;
361671.484;560463.965;560462.362;644.6408;-8.7366;-8.7308;
463091.590;513535.820;513534.965;58.6518;-117.9456;-117.9525;
443597.453;515321.371;515321.642;404.6954;-306.6312;-306.7088;
460500.783;524394.995;524396.087;578.6720;-177.8649;-177.8605;
427427.104;516710.795;516712.403;243.5978;97.0847;97.0558;
426006.284;524353.158;524354.935;186.3455;140.8112;140.7964;
478345.118;530631.077;530632.110;763.5699;7.1623;7.1878;
482253.355;518003.173;518004.921;658.4701;-879.2227;-879.1918;
446858.614;498118.080;498119.526;463.5670;103.3502;103.2913;
482589.231;522509.101;522510.499;992.6583;-493.0891;-493.0699;
472410.109;524688.174;524689.750;805.3963;149.9658;149.9354;
491899.472;539701.270;539702.134;411.1259;206.3967;206.4347;
494797.570;522315.781;522317.614;729.6623;-157.1738;-157.2255;
489548.608;567946.225;567950.642;702.7773;-144.6057;-144.6041;
408914.657;527943.456;527946.265;-93.1994;86.1218;86.1433;
279113.143;570660.201;570656.758;215.4286;-7.9830;-7.9930;
446024.872;510057.183;510057.914;560.0358;-127.8839;-127.8934;
576628.225;540177.841;540174.472;-15.6107;153.0673;153.0509;
394518.633;610105.764;610095.743;233.7575;-39.6686;-39.6286;
457677.677;503957.762;503959.114;747.5873;-38.9745;-38.9974;
443257.261;512158.156;512160.106;184.7757;-319.4707;-319.4912;
440119.592;495540.901;495539.644;805.8882;84.0988;84.0227;
464578.992;521564.017;521563.882;-31.0129;-289.5307;-289.5693;
462885.703;523902.502;523903.318;590.5009;0.5445;0.5376;
416823.914;481480.437;481481.817;851.4328;-104.4902;-104.5211;
487185.244;510345.474;510347.866;352.1690;450.2294;450.2378;
509387.764;512201.347;512202.482;618.2428;483.9300;483.8262;
440779.517;505166.604;505166.002;1329.8719;-23.7737;-23.7297;
596711.746;519091.765;519084.219;296.6280;156.0110;155.9292;
430382.546;501571.196;501573.719;364.2770;-165.2942;-165.3612;
422055.311;511362.766;511362.783;509.7665;-151.2789;-151.2931;
494136.501;525493.244;525494.086;1006.9006;301.7194;301.7132;
485820.387;507803.373;507803.964;518.2631;541.1761;541.0855;
468422.085;529887.129;529888.748;409.8127;61.4071;61.4138;
480875.554;515938.074;515939.275;506.0045;190.0899;190.0528;
457040.208;504399.456;504399.472;693.6053;-42.1578;-42.1433;
495952.262;518914.213;518914.600;520.2905;54.8868;54.9421;
566248.498;531189.355;531181.792;663.3236;-540.4220;-540.3135;
494634.478;521217.610;521219.214;755.8986;383.1461;383.0941;
461616.610;532637.685;532637.253;568.4201;240.7648;240.7966;
305952.885;620836.875;620851.214;119.8088;-80.8085;-80.8021;
231724.460;328055.162;328063.889;144.1574;-82.6999;-82.6972;
556075.575;562913.137;562904.564;-400.3580;-256.6072;-256.5844;
521756.294;520637.589;520637.590;-817.0772;272.9080;272.8721;
514345.566;516028.368;516028.102;-1156.6538;-30.9875;-30.9301;
527421.654;508782.233;508781.822;-588.8264;445.2237;445.1995;
592797.240;542591.861;542585.611;-1071.3983;-115.1718;-115.1803;
529940.475;521618.602;521618.040;-795.2516;220.5772;220.5339;
514241.965;525394.430;525392.897;-6.4039;-330.6674;-330.6403;
529698.406;525815.472;525815.344;-1452.5976;-273.8077;-273.7417;
570782.759;522617.748;522615.180;-797.6973;224.5397;224.5706;
579557.719;500724.054;500720.560;-618.2404;-118.9515;-118.9195;
697268.665;592348.048;592346.349;-215.6777;-82.4484;-82.4748;
597308.556;577441.393;577430.923;-238.4411;116.3348;116.2528;
519551.196;528985.690;528984.496;-954.9314;-436.1410;-436.1297;
522588.827;531615.443;531613.438;-20.3832;296.7792;296.7208;
535148.378;525369.391;525366.928;-700.6849;664.0154;663.9067;
488145.220;518506.911;518506.555;-701.7662;62.1104;62.1762;
494481.777;465346.467;465349.588;-697.9731;110.5423;110.5105;
517663.842;502957.508;502959.771;-710.7838;74.1203;74.0884;
512241.302;446927.163;446922.905;-507.6273;155.6899;155.7180;
502502.305;387206.278;387214.820;-230.8849;186.4675;186.4509;
517164.932;579939.850;579931.973;-651.7686;-74.0913;-74.0765;
529310.781;512794.233;512794.231;-270.3558;-524.1614;-524.0072;
567626.700;384552.361;384557.025;-156.9781;24.8639;24.8664;
357581.231;341824.171;341805.005;-159.0728;108.8071;108.8144;
533403.594;516719.105;516718.681;-1195.7202;304.3935;304.3693;
311877.135;634425.267;634412.662;-337.2954;-185.6857;-185.6629;
454936.638;465144.876;465145.506;-253.1788;205.0319;205.0188;
818860.338;595686.862;595683.671;-31.6503;40.8553;40.8641;
523742.071;541168.975;541167.420;-789.9947;-547.0589;-546.9933;
470323.202;510469.787;510473.151;-965.3343;275.2501;275.2363;
549838.676;514388.182;514386.137;-1037.6721;259.2660;259.2475;
601251.155;546627.870;546618.871;-404.9538;-18.3327;-18.3202;
528622.473;512321.505;512321.105;-97.7874;120.1282;120.1540;
517887.267;492779.062;492782.470;-1051.0118;-477.6678;-477.5145;
530930.919;530291.549;530288.458;137.1841;-269.0756;-269.1061;
562842.889;547950.604;547945.203;-622.5259;-50.0233;-49.9959;
595095.304;555575.681;555568.061;-584.4237;32.0366;32.0390;
329627.834;478107.240;478118.491;-154.6996;-187.5513;-187.5229;
528282.579;531592.874;531590.119;-698.1298;654.2259;654.0452;
500909.572;521817.188;521816.763;-310.9138;-60.0473;-60.0527;
610970.148;595220.799;595209.259;-337.5634;-161.3173;-161.3099;
569518.986;519593.654;519591.560;-211.8277;-125.0127;-124.9980;
556287.548;495891.632;495892.165;-291.5070;-33.5680;-33.5562;
736547.770;637893.432;637879.077;-65.9465;47.2819;47.2913;
502295.926;519966.216;519967.005;-1171.7926;472.7666;472.7116;
531150.388;517191.334;517190.923;-33.1759;84.2529;84.2678;
537695.957;523592.388;523591.252;-827.6186;-160.6356;-160.6587;
333674.212;424479.147;424489.123;-283.1171;115.8521;115.8339;
518124.582;471839.718;471840.103;-481.6523;150.7872;150.7710;
540560.406;534379.673;534376.983;-372.5155;-172.3789;-172.3292;
692218.372;494505.808;494504.074;-421.9873;126.0064;125.9954;
571235.552;474279.915;474283.421;-922.9355;176.8650;176.8643;
507758.198;543184.382;543182.326;-503.5725;-396.4575;-396.4258;
510261.044;522720.104;522719.927;-633.8230;-448.7716;-448.7378;
433253.675;441972.524;441970.567;-392.8723;206.7264;206.7225;
543810.244;539258.414;539255.792;-315.7580;458.6795;458.6207;
514633.569;522006.362;522005.868;-909.3413;120.6467;120.6608;
554219.482;529544.159;529541.222;-506.2194;301.3687;301.3497;
529503.355;518869.822;518868.367;-669.2130;-618.0018;-617.8557;
507507.419;505813.828;505814.627;70.1456;24.3248;24.3709;
392668.468;219815.691;219806.644;-137.1968;-2.8899;-2.8724;
531858.730;514427.051;514426.263;71.8767;26.5073;26.4980;
503222.728;530644.137;530642.922;-1305.2402;-187.7256;-187.6994;
528647.442;554965.527;554962.675;-19.5056;7.3455;7.3316;
535800.889;510088.586;510088.578;-939.5598;22.1120;22.1835;
314100.603;571126.909;571122.524;-550.3343;-141.7012;-141.7309;
536587.472;507546.775;507547.122;-1645.7635;-420.8101;-420.7893;
525586.158;512978.533;512978.796;-792.9385;-45.6519;-45.7118;
535580.811;517679.382;517677.534;-474.0031;-37.7485;-37.7369;
354173.920;544816.385;544811.858;-319.5174;499.1784;499.1450;
529507.374;525978.020;525976.301;-1473.6614;98.3926;98.3847;
677029.124;452813.966;452815.231;-617.3781;135.9592;135.9509;
500607.562;518233.845;518233.771;-780.7757;113.9272;113.9801;
520417.576;506135.416;506135.424;-773.6661;-168.2092;-168.1914;
513790.511;530598.598;530597.693;-159.7485;262.6577;262.6268;
534670.574;522294.781;522292.664;-735.0270;-401.2711;-401.2113;
578326.540;509638.800;509636.574;-712.9764;-90.0379;-90.0247;
950887.031;527321.449;527309.857;78.3857;-40.2792;-40.3004;
496282.761;515689.058;515688.186;-682.3782;-53.3293;-53.2246;
546923.452;517205.646;517203.536;-262.6381;-257.6800;-257.6970;
536673.079;507126.639;507126.591;0.7347;-102.1631;-102.1524;
516272.590;527883.109;527882.396;-89.3774;165.0989;165.1215;
527604.595;525475.138;525473.017;412.7537;-150.3519;-150.3267;
479530.448;493778.296;493783.595;-479.2137;346.5503;346.4334;
389528.104;194799.444;194797.272;-329.6181;-153.7486;-153.7765;
509412.890;515120.041;515120.466;-858.1030;-614.3693;-614.3247;
955817.809;506462.521;506444.027;-92.2321;-14.0877;-14.0863;
637751.171;430033.596;430034.034;-182.8057;-93.6807;-93.6868;
527475.760;513662.963;513662.929;-0.0170;197.9799;198.0221;
460755.614;528805.006;528807.816;-478.5946;-502.2490;-502.2297;
603087.775;582614.928;582598.171;-608.0736;309.3376;309.3142;
518505.766;526261.379;526260.163;-1332.5085;379.1151;379.0914;
526687.766;519436.402;519436.221;-881.8453;-465.2121;-465.1233;
536552.277;537185.881;537182.896;-523.5687;6.4394;6.4304;
988699.924;823236.382;823224.617;85.4146;143.8027;143.7948;
520207.374;526629.110;526628.265;-300.7886;-66.4443;-66.4682;
530392.908;528434.788;528434.329;-294.7969;-368.7847;-368.7935;
522229.187;506568.093;506569.520;-718.8048;596.0552;595.9669;
446780.711;527644.354;527645.712;-339.1545;-208.0862;-208.1825;
