# This file was created for the Modelling and Simulation course, RUG (September-November 2019).
#
# Project: Simulate colliding galaxies, using Barnes-Hut algorithm.
#
# Students:
#     Stefan Evanghelides (s2895323)
#     Hidde Folkertsma (s2759799)
#
#     X         Y         Z         DX        DY        DZ
485710.752;523167.177;523170.860;487.3345;55.2010;55.2681;
455133.307;529866.603;529866.264;13.4271;-72.4519;-72.4716;
424099.036;862971.643;862964.790;113.1552;60.9317;60.9297;
221158.241;302087.636;302093.057;47.2735;-0.4781;-0.4767;
786978.424;646069.413;646016.468;333.6310;289.2029;289.0894;
434532.128;511040.082;511043.213;131.6639;207.7573;207.6024;
473876.517;532194.320;532198.339;-608.6859;-249.3564;-249.3197;
808579.791;598857.249;598836.308;90.6440;247.3368;247.2686;
752717.003;485108.164;485087.693;530.1008;-128.6138;-128.6670;
700386.329;534754.119;534740.075;81.9408;-199.5379;-199.5058;
396791.336;566076.571;566083.741;-512.3831;-344.0416;-343.8456;
439442.011;686267.809;686271.985;153.6214;38.1709;38.1002;
391887.740;534973.390;534975.207;-453.8162;-47.0307;-47.1260;
514010.203;477968.183;477960.469;225.5513;-35.0008;-35.0643;
704769.170;559160.617;559144.622;-44.2844;-1.7228;-1.6657;
566122.016;558146.783;558139.763;-600.7107;19.5487;19.5041;
752291.703;489485.239;489462.876;449.4875;31.5437;31.5009;
499015.621;519583.317;519587.910;-127.0783;540.8739;540.7869;
719728.638;662099.455;662048.682;363.5352;-99.7574;-99.6692;
453054.315;513700.048;513702.598;-426.5638;-82.0252;-82.1499;
290055.336;148517.372;148508.399;106.8612;32.7039;32.6818;
537143.024;656742.554;656721.801;8.5271;150.9030;150.8785;
487582.189;523277.389;523279.743;873.1584;-78.9928;-79.0717;
476651.200;525757.705;525762.786;-732.7303;481.7973;481.8484;
482458.859;540399.547;540401.488;591.1646;292.1057;292.0537;
467125.707;471922.109;471924.270;-107.9241;-224.7037;-224.7761;
503677.166;525599.214;525603.077;-118.0494;-197.2649;-197.1485;
759185.862;675801.298;675764.200;458.5344;283.6622;283.6108;
375438.978;464319.616;464318.222;-245.0059;-158.8065;-158.8312;
447658.033;511800.539;511805.053;-172.0945;323.9281;323.9591;
453221.742;524721.754;524725.746;-801.0492;98.2283;98.2117;
492424.122;527126.433;527130.430;-240.1902;-138.9160;-138.9098;
519328.520;522801.986;522807.101;1095.9558;195.2819;195.3451;
456082.709;509973.457;509976.825;-166.3370;100.2278;100.2103;
448729.723;519242.260;519248.261;204.4351;241.0403;240.9619;
443374.281;510033.312;510037.805;214.1807;281.8121;281.7468;
487813.890;516885.621;516887.948;-268.5274;313.7396;313.8223;
627431.823;385854.375;385860.870;176.4429;-165.6278;-165.6018;
432712.571;479210.574;479215.641;-664.1305;-362.8769;-362.9507;
504715.330;517025.483;517028.289;161.8020;-160.4580;-160.5217;
446762.449;509335.158;509338.635;53.7966;-228.8120;-228.8927;
555551.542;564834.754;564831.767;-610.1885;23.7889;23.7084;
436749.176;511064.625;511069.937;305.2560;-25.4185;-25.4992;
868115.667;498400.885;498372.241;718.9495;-37.0427;-37.1193;
698310.545;559835.986;559832.773;590.0687;113.3984;113.1858;
524361.474;450652.797;450656.120;-172.9559;-258.7713;-258.8128;
512615.197;520099.083;520101.954;625.3067;-343.8430;-343.9857;
395750.041;577294.889;577293.728;354.9375;-2.8358;-2.8427;
752400.409;764599.816;764573.724;-7.3913;241.1563;241.1374;
458185.487;534768.783;534764.543;184.9987;-947.0522;-946.5209;
734684.624;645423.349;645407.145;103.3942;118.1447;118.0573;
467726.911;523755.895;523758.391;-741.6774;463.1208;463.2204;
522777.900;574456.692;574457.561;109.1137;-288.4941;-288.4881;
405846.360;550315.462;550318.638;-456.4606;380.0339;380.0267;
402357.111;554957.591;554956.338;40.9749;63.3096;63.3079;
550615.876;537129.274;537130.197;-292.2037;23.8030;23.8007;
543392.049;571603.515;571607.283;298.9686;592.0747;592.0922;
654264.157;370363.758;370366.475;235.7564;-284.4873;-284.4680;
533866.942;541013.785;541010.054;-123.3055;-48.7820;-48.8483;
748859.239;618815.927;618781.537;459.6046;193.6300;193.5469;
764408.154;546132.062;546105.684;335.8221;-8.5210;-8.5581;
669947.379;497879.137;497864.640;289.9556;-4.1070;-4.1517;
627376.362;472539.395;472524.956;147.7987;-35.3611;-35.4164;
458126.928;519001.133;519007.542;-1283.5216;250.3857;250.4506;
508885.448;526657.022;526656.098;-965.8840;335.9950;336.2768;
718865.119;521824.284;521805.822;113.0638;-23.7326;-23.7642;
465725.138;515985.200;515987.340;1022.6742;-147.5682;-147.5759;
452436.254;510461.401;510469.118;-794.9737;-111.8320;-111.7336;
438340.924;461971.659;461972.601;190.1430;-14.0608;-14.0863;
498803.852;525174.973;525178.123;-277.3433;-459.8463;-459.9112;
521258.850;395926.452;395937.438;-141.1981;-67.5325;-67.4260;
536509.667;494916.259;494915.773;-191.2308;138.9677;138.8917;
507556.329;510488.534;510496.854;851.5752;-194.5896;-194.5271;
788830.041;580380.211;580354.867;590.1167;111.6798;111.6098;
458290.861;539228.190;539234.842;-494.9939;-105.6391;-105.7553;
525952.112;510851.676;510847.384;-18.0621;-434.3795;-434.5079;
690135.545;525124.029;525115.426;22.4949;185.3474;185.3614;
588047.015;609623.702;609608.428;-26.7303;133.0815;133.0148;
952095.047;610962.233;610910.371;841.6735;125.2950;125.1716;
693363.462;530760.660;530749.355;162.4529;-22.0653;-22.1184;
781467.811;524938.900;524915.441;462.5327;78.3715;78.3157;
766306.482;742906.911;742865.755;442.1601;426.1346;426.0293;
503013.100;554910.018;554906.732;-431.4565;155.8694;155.8336;
492963.809;524356.712;524359.691;764.4409;-300.5084;-300.5815;
739060.893;507545.088;507526.979;239.1470;-3.2302;-3.2666;
533090.936;513180.690;513175.300;-439.3321;-13.7401;-13.6280;
703512.790;530793.546;530780.355;8.0700;135.9267;136.0015;
901583.117;595132.471;595084.880;806.9928;142.7853;142.6966;
482708.223;523735.742;523739.898;-673.5642;294.6210;294.6680;
434752.301;543282.583;543284.079;-111.7526;-26.2688;-26.3089;
735704.634;467907.617;467892.250;430.2382;-56.8327;-56.8647;
472717.666;510624.379;510629.570;-375.2329;-189.4322;-189.3638;
693296.228;530401.909;530392.994;-129.4789;-149.9535;-149.8762;
414969.228;511662.551;511664.181;53.4612;-21.5532;-21.5085;
493842.945;427594.847;427576.589;-474.7217;135.9769;135.8280;
459093.539;504898.137;504903.750;124.4365;-543.5571;-543.4806;
375487.383;426786.937;426783.037;-229.2682;-217.2737;-217.2943;
396689.771;563254.388;563243.956;269.1031;-175.5846;-175.5984;
327536.616;305818.928;305827.409;224.2752;2.7822;2.7789;
327509.737;376745.545;376758.466;-363.4428;-230.8475;-230.8445;
483767.022;522720.436;522724.199;279.2147;-287.1115;-287.1599;
496242.089;531428.447;531430.610;805.2232;-94.7704;-94.7597;
481434.804;528572.573;528576.846;72.5859;400.2641;400.1759;
14508.701;424420.004;424418.367;-896.4712;-149.2171;-149.2449;
487573.798;515451.687;515456.626;552.4694;226.5599;226.6162;
465990.109;526044.304;526048.404;-519.8354;712.0880;712.0640;
467259.978;518589.260;518589.772;603.5766;-462.4711;-462.6043;
194860.111;431322.436;431334.719;-398.6154;-120.0221;-120.0097;
313856.564;546287.719;546282.697;-90.0446;-74.5750;-74.5993;
544791.237;526413.331;526403.448;-441.0303;-174.8481;-174.7994;
465481.381;420825.721;420791.863;130.7128;-186.2613;-186.3442;
474847.729;535650.430;535651.894;34.3790;220.9183;220.8977;
491150.967;544296.258;544295.900;-1040.0740;54.4118;54.5332;
494664.384;523399.296;523402.965;459.7363;-640.2793;-640.1890;
467360.465;531356.405;531356.040;996.5009;-372.6813;-372.5293;
594988.281;529476.045;529481.394;-175.2617;-232.8215;-232.5629;
469016.890;525159.069;525163.530;-156.1256;333.4445;333.3837;
575620.693;605045.011;605025.808;262.3288;-159.4580;-159.4542;
558933.861;618756.997;618754.781;518.4517;285.5012;285.4576;
606009.823;403811.519;403808.727;411.2799;-90.8936;-90.9321;
484995.785;528671.603;528675.021;668.6030;-111.4509;-111.5182;
480362.753;426255.606;426259.809;-168.4782;150.1573;150.1300;
307996.772;435079.114;435076.108;-16.4249;270.1246;270.2700;
497359.185;530187.967;530189.998;-19.3859;6.8517;6.8679;
277784.511;485214.875;485230.832;238.7393;-312.3477;-312.3385;
537318.738;500495.903;500495.640;-334.8238;-180.3552;-180.3648;
772487.118;607454.679;607452.623;-156.4044;0.2433;0.2196;
472328.160;524579.229;524581.969;-640.0895;930.7158;930.9475;
476606.218;576418.198;576419.751;421.0943;-176.1787;-176.1794;
492072.069;525243.670;525245.048;-560.2794;-601.3312;-601.3424;
406069.019;494078.862;494077.609;36.6822;76.5802;76.6059;
480516.936;534604.110;534605.637;916.4786;173.2333;173.1065;
388750.565;585764.572;585767.594;365.1663;126.0403;126.0790;
530129.464;529341.914;529341.213;-376.2310;143.7540;143.7435;
284794.323;416985.155;416988.154;-257.2964;-128.5490;-128.5571;
439662.776;439583.066;439578.402;61.4324;-13.1567;-13.2054;
319601.723;419792.581;419799.365;71.3258;-36.5811;-36.6795;
463928.262;514901.610;514907.448;150.5220;225.1192;225.1711;
459912.366;538383.098;538390.332;-656.4255;563.1597;563.0642;
354041.667;476870.851;476859.847;-110.1813;96.5778;96.5143;
441115.958;510026.414;510027.499;957.2422;165.6590;165.6745;
442626.430;509487.798;509488.102;373.5409;-62.1379;-62.1151;
692099.405;650635.475;650622.102;-104.4439;4.2408;4.2201;
429983.508;520942.582;520942.219;648.5785;233.5634;233.5643;
484674.701;546275.902;546277.496;90.2458;-197.4706;-197.4615;
481688.935;533811.590;533811.922;-263.4595;-796.5376;-796.4933;
266782.741;519279.822;519283.356;45.8078;220.8267;220.8410;
397219.091;633231.348;633238.829;-54.4514;245.7700;245.7664;
561186.802;529882.694;529884.288;-95.1860;129.8723;129.7754;
247530.371;436599.946;436598.620;-746.0007;-312.9118;-312.9622;
171497.914;693629.664;693638.107;-546.0909;282.1883;282.2073;
457865.384;533909.335;533916.471;-724.0203;-252.4058;-252.4538;
445619.826;512547.849;512553.588;-23.4441;380.7049;380.6678;
590282.503;556192.501;556176.789;369.2772;-305.0911;-305.0914;
381562.239;586969.561;586969.747;-201.1451;-91.6966;-91.6565;
501369.758;536654.747;536656.772;-24.3225;-90.5097;-90.5668;
296756.019;401933.634;401942.766;-336.7658;-277.0091;-277.0240;
462703.680;539642.205;539644.843;8.7076;-394.0098;-393.9772;
477682.894;517789.102;517791.984;413.0478;-191.1379;-191.0716;
325367.486;229213.506;229214.054;-123.1492;42.4305;42.4495;
504342.947;569460.529;569457.213;-374.7480;-157.0070;-157.0549;
491503.948;524597.417;524606.991;1443.6347;440.3922;440.2801;
453738.770;544455.565;544455.542;935.4379;388.4427;388.5585;
454886.841;521283.063;521287.531;-507.6521;233.0100;233.0088;
140204.136;489371.332;489358.939;-187.3299;-163.1198;-163.1252;
511349.828;487491.870;487499.628;435.1930;-404.7691;-404.7775;
469221.791;524011.926;524017.004;-584.0212;243.0342;243.0539;
535618.504;552761.925;552760.686;-37.5365;158.6123;158.5506;
329603.359;727353.115;727352.681;74.5190;233.1100;233.1337;
473992.801;521770.243;521775.142;1261.6330;408.8629;409.1215;
280370.649;520943.739;520945.973;-299.4019;-71.5038;-71.5086;
524166.005;517353.546;517352.004;138.7889;-89.4206;-89.5576;
465716.842;499747.651;499752.194;-47.8344;195.2553;195.2633;
477311.528;525879.828;525883.296;242.8999;-30.7785;-30.8440;
498596.008;520990.344;520992.832;302.5796;-286.9836;-286.9406;
251519.916;561494.413;561493.723;-403.2871;69.7289;69.7028;
939774.052;494118.566;494094.485;-126.0641;-60.7333;-60.7527;
431363.828;504747.498;504744.613;437.0449;488.5337;488.7312;
517129.356;531744.112;531747.638;121.6665;271.0503;270.9544;
479769.505;529882.247;529885.146;675.5133;231.1171;231.0837;
475942.999;538047.761;538050.574;-869.4824;-550.0830;-550.0350;
481442.888;540388.589;540391.523;-362.7397;355.0099;355.0047;
484149.768;509921.100;509930.338;-881.7900;701.8167;701.8960;
223772.016;128918.507;128905.352;-301.8939;-110.8879;-110.8924;
466758.784;540017.342;540020.253;-1219.1142;22.9487;23.0938;
900660.889;514229.330;514215.137;-128.4029;22.1571;22.1639;
506879.774;437265.305;437272.297;-303.4477;101.2346;101.2348;
491206.910;545987.053;545988.747;190.4011;-172.0614;-172.0203;
457709.403;499346.123;499353.424;628.1000;-146.9799;-146.9147;
556320.145;506374.203;506372.692;185.2094;531.3424;531.4631;
523575.815;517145.458;517144.696;600.1170;34.4100;34.1247;
491144.255;521158.873;521161.183;-415.9893;404.6475;404.6596;
505681.583;509637.060;509639.781;-299.7769;352.1935;352.1017;
486526.010;534160.003;534159.578;-735.6227;-90.8236;-90.7272;
472983.087;522285.463;522287.113;-151.9736;-83.8340;-83.8755;
455914.568;525088.977;525094.995;-667.9023;-349.3315;-349.4120;
513464.437;536073.241;536076.774;-329.5657;-186.5579;-186.4695;
