# This file was created for the Modelling and Simulation course, RUG (September-November 2019).
#
# Project: Simulate colliding galaxies, using Barnes-Hut algorithm.
#
# Students:
#     Stefan Evanghelides (s2895323)
#     Hidde Folkertsma (s2759799)
#
#     X         Y         Z         DX        DY        DZ
474847.955;537269.636;537177.869;-277.0676;31.0074;31.6047;
474198.266;516895.021;516762.368;-188.8556;158.9220;155.5272;
732022.749;851457.696;851442.378;83.2675;-60.3440;-60.3527;
402104.777;735362.074;735831.891;-112.7257;278.7896;279.3566;
461351.322;543383.046;543384.321;491.0309;-54.3522;-58.4643;
456807.773;536762.923;536639.059;-111.4097;-65.6598;-63.9848;
432062.858;441188.933;440831.525;415.6918;91.4440;92.5566;
397459.515;657805.175;657556.325;418.4579;87.0980;88.5489;
594737.967;538671.950;538262.356;-391.3925;28.2316;28.1361;
398393.762;656147.613;656263.763;-196.9692;-156.0394;-156.5265;
641893.870;435905.107;435608.542;76.2423;74.4205;75.4243;
322542.544;463780.449;463571.132;-169.3297;-88.1399;-84.7451;
457320.603;546356.166;546267.277;-565.1724;-208.1536;-207.8191;
443319.104;550886.518;550914.385;756.4169;-220.8435;-216.4212;
165086.440;613305.569;613233.348;-144.6374;-29.3684;-29.7527;
517818.657;589628.063;589635.426;204.3623;111.1355;110.5331;
477689.968;524041.049;523879.967;792.2301;-368.5022;-370.4053;
434893.149;529120.655;528712.384;993.7151;314.5016;326.3591;
619253.349;614576.058;614758.947;12.6539;97.4686;96.4683;
362504.000;528618.230;528277.423;-372.3225;-25.4073;-27.6006;
476121.674;544906.817;544887.442;670.7523;218.0078;224.1157;
283092.269;532092.522;531990.373;-79.0350;-203.9305;-204.4337;
478721.893;522121.097;522057.894;270.8030;-307.3187;-310.7736;
476350.454;564060.791;563973.568;-616.8145;103.3203;101.0237;
410878.933;525721.152;525442.799;-298.5145;68.6581;66.3549;
486540.019;550656.553;550606.580;-297.3240;-231.6579;-232.4959;
478973.680;550502.496;550498.028;-244.6238;393.7923;393.8409;
459731.144;534003.856;533978.646;358.1862;-79.8003;-79.4048;
477378.444;535378.794;535295.247;443.6330;-123.0177;-124.2824;
484194.325;536909.346;536818.367;-450.9422;375.3085;374.8022;
888792.730;167226.204;167252.802;29.1190;-37.0833;-37.0857;
666757.682;551752.968;550946.885;-24.9761;98.3326;95.7440;
458902.263;533410.449;533348.876;-495.3570;-270.7235;-269.7498;
477810.841;520119.736;520030.476;-154.1419;179.3553;181.0187;
535190.164;549965.755;549667.207;760.4783;-159.7660;-164.4492;
446358.506;533294.721;533229.741;82.8588;-428.5099;-431.4709;
377661.599;542146.871;541791.861;-796.7986;-99.6640;-109.3339;
464860.893;536483.656;536388.825;213.3079;425.3250;427.3448;
404988.983;516834.270;516510.570;-320.1410;315.9679;316.5381;
472738.560;555210.059;555126.339;-383.3741;272.9434;274.3044;
474636.563;547725.082;547694.025;498.4980;-641.9561;-644.0162;
166843.482;407287.345;407127.681;-43.0798;-32.5943;-32.5095;
469584.357;529397.532;529375.338;-27.6068;-434.6893;-435.0122;
498451.140;568478.164;568384.568;-109.7478;-640.2480;-639.8194;
387621.760;694432.124;694664.562;-7.6577;48.9543;48.3694;
483923.287;537815.431;537743.072;-1007.2746;211.8651;210.9073;
460308.995;545966.413;545913.569;-480.9785;-386.3679;-385.6224;
782943.611;185091.358;185110.031;-49.6559;66.8140;66.8036;
483243.075;557551.089;557529.956;-639.1243;-201.5290;-204.1685;
826532.257;703693.220;702560.901;-75.2879;31.8682;31.0086;
510267.647;516780.854;516832.256;-205.4598;431.8289;430.3615;
464829.333;534007.262;533895.224;-614.1023;204.1298;201.4623;
486926.918;541175.311;541123.374;-716.8857;-510.6324;-514.7323;
463994.421;529803.269;529738.257;-1257.8734;-15.3779;-14.2025;
503525.211;509446.185;509302.505;-316.4240;-719.0736;-719.3245;
501945.382;549253.871;549053.918;-825.0978;-176.9522;-173.6396;
449408.546;466926.156;466519.055;369.0860;63.4443;65.6582;
478467.293;557665.188;557638.190;-626.5904;-457.0455;-460.9888;
742634.807;427575.281;427799.578;-195.0393;28.3580;29.2012;
478292.756;551704.587;551647.746;753.8252;201.8848;206.1437;
981491.164;641341.241;641134.763;-18.8638;28.6748;28.4757;
477427.744;552596.479;552599.581;-262.0002;367.2214;367.8890;
57716.917;464917.664;464746.943;-67.0367;80.4512;80.3955;
966071.144;308736.264;308886.326;150.9008;-23.7919;-23.6809;
418569.968;554736.388;554713.949;-247.8330;-284.4359;-289.0279;
482352.548;567921.345;567818.340;-1066.1588;191.8160;193.5839;
488678.180;540717.703;540755.366;-8.8175;173.7426;175.1928;
109258.974;162822.742;162059.342;-68.2576;-137.7478;-137.9850;
426797.288;582110.677;582278.741;396.4542;-100.1442;-99.4781;
441275.957;543796.154;543918.691;-1098.6287;478.7856;478.6632;
478581.134;536343.961;536252.898;283.7186;-633.8596;-633.1212;
285291.284;539377.138;539313.812;-20.5959;169.8932;170.5636;
475249.693;621078.585;621156.865;-19.2136;65.8117;62.9981;
415904.236;496336.872;496255.180;-180.2943;-110.3697;-110.8481;
752827.434;516721.247;516250.734;139.4982;-3.5326;-4.5222;
301268.797;586451.523;586597.679;126.0278;271.6323;272.5940;
475444.000;569692.138;569659.115;-92.6327;-331.4616;-333.0060;
451857.296;551471.404;551484.517;-221.6850;-541.9155;-543.5722;
447023.961;557025.669;557034.077;394.1631;-2.4830;-1.0787;
402595.451;511459.399;511000.938;499.4634;-73.7241;-71.5126;
478631.221;549817.804;549803.977;-41.6917;504.5428;508.5865;
507303.760;541491.678;541429.676;-77.6308;96.5258;94.3821;
427732.577;540488.535;540427.862;-428.7717;-120.1359;-121.4044;
783685.999;514592.810;513737.745;49.6012;-50.4284;-51.4033;
486523.088;573671.534;573684.871;419.4414;-225.4383;-222.5741;
469635.029;554665.020;554653.892;129.0500;401.2939;403.2381;
511993.028;546400.196;546284.351;-397.5539;-2.3107;-4.3748;
494485.688;545334.524;545349.780;20.4461;-94.8825;-94.7888;
446378.723;530376.735;530303.553;821.7786;-189.5004;-189.4118;
469270.416;537979.603;537909.076;43.9250;456.5762;456.8670;
498056.057;537306.281;537256.922;145.5672;428.9359;431.4183;
420484.224;580404.030;580217.790;534.8718;157.5956;162.7409;
538065.749;607700.631;607640.300;-677.3253;-148.6694;-147.3208;
476390.539;531288.090;531227.239;122.5772;37.4578;37.8016;
414267.674;516021.005;515798.304;-136.9594;286.1194;285.9003;
484901.854;443650.091;443578.519;-323.6305;232.6594;232.4113;
510156.478;531881.781;531877.295;405.0032;-400.3230;-401.4485;
530369.961;520099.209;519961.319;922.3862;344.7096;349.0724;
403658.218;576405.354;576378.893;17.4210;385.1473;385.1807;
737067.929;610906.479;610724.026;-2.4347;8.7545;8.3879;
486047.010;564360.988;564342.531;-181.2296;-489.2490;-489.3396;
373985.313;455615.484;455504.195;-47.2304;303.0596;302.2244;
473100.279;525436.040;525337.826;-331.8274;424.5230;423.0800;
893020.486;465479.202;465463.139;7.0017;-3.7867;-3.7545;
466012.881;549380.614;549338.573;360.6430;202.4596;204.8224;
466009.060;543745.486;543681.911;492.1644;566.4341;571.1476;
444973.057;557689.492;557615.240;459.9223;258.2534;259.2753;
519850.097;576102.422;576335.354;655.4192;327.9723;331.0821;
471626.760;536869.988;536826.877;92.5935;788.3070;787.1517;
251036.570;941666.424;941466.682;-90.1213;79.3211;79.2485;
474896.999;550441.821;550422.433;99.5302;-676.4263;-679.8209;
463555.039;545395.030;545338.825;827.7123;-328.2612;-333.3458;
468494.997;530889.056;530819.435;479.6917;-205.3723;-207.0363;
431236.600;507512.526;507379.447;33.7983;-301.9052;-304.6303;
449260.656;537207.802;537117.323;358.2449;-231.4933;-230.9374;
404039.439;282990.631;282681.914;1.2949;-71.8154;-72.3098;
438388.071;532446.570;532428.590;87.5081;-222.9120;-221.1072;
468772.683;548408.613;548382.817;184.0026;764.8344;767.4327;
238833.169;458506.400;458153.341;-309.1731;-117.3603;-119.3090;
212676.086;343015.402;342915.902;-166.6274;88.7582;88.6845;
487121.751;563138.316;563233.657;1020.8696;-175.5730;-177.6079;
398021.369;559667.567;559597.649;-15.3319;-368.7639;-370.8416;
504541.069;526603.605;526481.929;-620.5044;-313.0141;-314.4487;
666934.960;406343.866;407733.580;-351.4574;-68.9490;-68.0986;
550830.689;608692.391;608775.786;-216.8140;-23.0029;-22.8482;
472158.994;620000.986;619856.236;299.8775;181.0657;180.9785;
490322.866;526437.953;526409.275;569.7193;-273.8469;-275.5517;
474498.973;547197.874;547102.086;-198.8170;-32.1054;-35.0652;
585594.560;384408.933;383732.644;-14.7723;-207.0290;-208.4721;
436648.387;532284.291;532106.491;45.5557;518.1796;521.8171;
456748.304;572464.038;572427.529;-60.3797;-452.2443;-451.9155;
546419.136;583936.291;584125.179;167.0137;-388.4716;-389.1318;
457815.648;529780.000;529592.807;553.4821;662.6402;666.2351;
487214.807;364080.730;363524.732;259.6366;236.7378;236.8547;
454626.428;528987.496;528949.963;944.1622;70.1036;69.4051;
477474.225;521688.201;521567.016;-896.2038;22.3938;22.2767;
451810.372;610957.298;610824.998;129.7152;-110.0486;-111.2222;
296272.881;503088.679;502549.568;-304.1403;294.2059;289.9884;
477948.577;538993.802;538958.180;-62.7757;-416.9644;-417.3366;
565120.136;539388.130;539416.343;-25.1982;292.8297;290.3510;
442536.521;529282.390;529036.931;740.9293;237.2557;236.9573;
501811.800;563829.244;563876.856;-120.1106;163.2759;162.6094;
536770.640;541844.813;541758.462;380.7542;-99.4262;-103.4341;
495346.842;547459.097;547410.772;-88.8076;787.1099;786.9371;
452112.719;479442.162;479409.746;-129.9445;328.8039;328.6135;
439478.216;541001.408;540924.629;-312.7839;261.8656;260.8230;
503770.106;531157.632;531141.161;-128.4460;-198.6489;-198.2648;
462781.637;544307.031;544253.272;-981.3449;450.7065;451.8101;
460569.453;554548.795;554584.119;161.2059;-379.5427;-379.6343;
451360.564;554610.438;554519.441;-258.1154;-405.5437;-406.0977;
501038.376;499674.605;499471.679;446.2906;-176.6045;-176.6809;
532153.220;556906.680;556605.514;-443.6860;105.8802;106.4633;
118592.576;4053.784;4147.172;-127.2083;-260.8225;-260.4179;
486762.617;638653.745;638658.715;356.8621;199.1176;199.9288;
476766.461;540375.874;540358.854;-267.4093;362.4770;363.0162;
490817.217;540261.406;540209.631;180.2457;-69.9985;-70.4124;
123474.026;623589.495;623509.809;-152.8343;-88.5334;-88.9769;
458781.157;537924.032;537858.618;-521.3002;-212.7937;-212.8807;
512955.917;505038.752;504951.874;788.7154;135.0070;135.9929;
464524.479;557469.434;557487.843;606.9869;-158.6685;-161.9882;
565128.283;549864.523;549418.724;-241.8209;81.5041;80.5636;
479940.902;537153.202;537112.941;230.2432;-92.3346;-92.7643;
484921.004;541830.715;541802.055;-465.7507;-410.0021;-409.5468;
454665.921;528140.740;528074.647;153.6306;-380.3683;-379.5935;
