# This file was created for the Modelling and Simulation course, RUG (September-November 2019).
#
# Project: Simulate colliding galaxies, using Barnes-Hut algorithm.
#
# Students:
#     Stefan Evanghelides (s2895323)
#     Hidde Folkertsma (s2759799)
#
#     X         Y         Z         DX        DY        DZ
154803.944;546412.806;546415.664;-147.9491;105.8573;105.8659;
172063.758;614794.931;614798.873;44.9070;80.7061;80.6889;
223682.638;561039.098;561039.921;66.7371;308.5046;308.5003;
247167.882;447989.426;447989.538;-10.3844;-234.0768;-234.0693;
162003.059;602502.290;602503.268;-239.7520;199.0308;199.0481;
218692.831;480458.178;480458.433;80.5366;373.2570;373.2777;
216538.002;517046.779;517047.521;-371.7033;-541.7146;-541.7267;
249081.951;557904.050;557904.036;39.6622;149.7548;149.7652;
190383.042;536266.017;536266.729;169.2128;76.4604;76.4558;
216781.865;523154.614;523155.611;67.9028;378.7319;378.7495;
257271.139;515119.039;515118.751;319.2051;8.9357;8.9344;
233283.385;498733.327;498733.053;668.3535;-303.9433;-303.9540;
236202.535;473016.391;473016.615;475.2219;190.4520;190.4600;
207282.846;475742.548;475742.449;-611.9609;233.3335;233.3406;
227260.785;500722.592;500723.056;-348.1489;-820.2703;-820.2765;
213055.484;481265.123;481265.354;993.6305;-271.6719;-271.6836;
200720.779;509837.648;509838.093;-18.1748;160.5236;160.5219;
190267.439;498558.306;498559.772;44.1084;0.9675;1.0106;
273700.484;391795.451;391796.758;13.8167;-169.3357;-169.3629;
199622.818;489436.954;489437.358;85.8158;275.1390;275.1489;
197423.160;340176.001;340173.109;-45.7755;-252.3754;-252.3799;
184304.526;502153.650;502153.690;-95.8348;-70.6839;-70.6793;
221987.154;494419.958;494420.170;-182.1703;-33.9644;-33.9402;
192905.500;509361.099;509361.940;-418.0803;297.6399;297.6557;
204441.558;479395.303;479395.526;-50.5254;-32.0388;-32.0509;
227550.816;396448.777;396447.467;-103.4146;-91.1325;-91.1581;
189433.487;508729.086;508730.226;594.3819;90.0215;89.9980;
240339.065;453633.280;453632.070;-94.8478;306.8826;306.9124;
228213.361;502649.517;502649.525;-320.4517;-344.5024;-344.4917;
212224.865;489935.574;489936.593;830.5548;-293.4571;-293.4765;
218734.282;497080.825;497081.354;280.6553;-57.3486;-57.3555;
219674.037;502925.434;502925.957;-70.1539;59.5836;59.5950;
173703.466;507867.658;507868.390;144.1575;-331.6177;-331.6275;
208402.965;491833.570;491834.073;-453.6515;425.9646;425.9779;
209129.567;505400.820;505401.404;-64.0633;65.1945;65.1996;
212035.038;502895.599;502895.993;75.0236;14.9160;14.9307;
172901.230;476064.477;476066.576;-44.5988;41.2890;41.2807;
204881.887;431789.324;431792.337;-83.0833;-67.2965;-67.2900;
231517.797;470733.765;470734.379;343.0252;-208.2238;-208.2237;
239479.493;514445.919;514447.609;-231.9633;108.3285;108.3211;
212667.665;496135.495;496136.664;114.1057;350.6545;350.7010;
207818.299;520459.851;520461.338;-241.9598;-285.4600;-285.4392;
206568.757;503367.469;503368.129;-178.3151;39.5525;39.5624;
185057.191;493068.622;493068.568;-163.7259;41.4692;41.4731;
171065.800;619555.469;619559.551;72.0221;11.4416;11.4449;
224868.762;485242.682;485242.742;-317.1287;-357.1978;-357.1881;
211100.216;495272.919;495273.364;-114.5411;333.9154;333.9384;
260909.900;585407.575;585408.113;207.7233;152.6678;152.6739;
187467.887;490421.292;490422.700;507.2745;-168.8490;-168.8468;
223269.446;495070.183;495070.515;31.7335;243.7073;243.7106;
226646.320;455567.766;455568.681;232.2610;65.2576;65.2499;
254170.137;485491.337;485490.893;522.4089;-52.4157;-52.4377;
101289.731;535574.793;535574.243;-342.5314;189.6086;189.6158;
190507.835;491884.716;491885.684;-565.2419;593.6442;593.6599;
229650.892;456670.580;456672.008;-177.6946;142.5375;142.5367;
223971.736;488627.019;488627.084;-459.5331;-152.1694;-152.1777;
261788.821;459897.547;459897.438;222.7358;-9.7825;-9.7881;
167855.260;615000.968;615006.438;0.6308;2.3780;2.3939;
230579.769;571379.118;571379.392;332.1107;295.4507;295.4374;
199431.394;501214.783;501215.415;796.7183;-117.7855;-117.8041;
242228.898;471401.494;471401.085;-157.0218;130.8275;130.7894;
219088.574;479962.175;479962.089;-391.2931;124.4626;124.4760;
209272.637;498111.628;498112.139;239.9516;70.2085;70.2130;
231253.929;483362.728;483362.942;-146.1657;78.9981;79.0003;
215081.333;486288.093;486288.462;-737.4649;470.7038;470.7159;
203174.973;499645.020;499645.885;951.3016;-528.6310;-528.6501;
173030.543;492050.399;492051.112;858.0052;-187.1271;-187.1177;
200887.813;498321.989;498322.769;958.6069;-114.5522;-114.5433;
209546.666;482012.569;482013.373;1.3495;-590.1331;-590.1430;
223689.471;496605.968;496605.994;158.7522;110.4556;110.4483;
210905.253;496586.605;496587.405;568.4774;-213.6576;-213.6806;
230069.572;522909.332;522909.165;-42.2985;-369.0995;-369.1111;
199880.142;533550.827;533552.451;-22.1693;-84.8458;-84.8499;
278474.813;443532.991;443532.617;293.6939;-92.4406;-92.4399;
187702.033;489573.450;489574.289;-120.0217;-12.2789;-12.2829;
172102.080;547562.213;547562.072;-285.4190;159.4232;159.4277;
136198.432;525347.475;525348.238;46.6141;23.2175;23.2134;
224334.157;530057.442;530058.786;178.1462;206.8866;206.8919;
211783.182;483591.883;483592.229;271.8369;-109.1914;-109.1989;
204573.639;521143.037;521143.487;136.2204;-187.6333;-187.6297;
191864.448;500690.060;500691.027;646.3113;224.0194;224.0070;
178790.753;504893.722;504894.586;-11.3951;-47.8867;-47.8784;
238625.453;505774.120;505774.472;153.0673;63.3193;63.3236;
218585.195;495048.551;495048.771;67.8062;13.4796;13.4895;
212706.296;536121.402;536122.967;-407.4946;-296.5067;-296.4955;
211784.329;481827.803;481827.990;61.2622;-77.8041;-77.8030;
191931.011;479678.706;479679.575;-123.5436;625.1036;625.1063;
213118.297;500483.662;500484.266;-125.5526;-141.4956;-141.4843;
215062.609;486143.697;486144.779;-47.0011;95.5942;95.5779;
214468.495;497859.531;497859.895;-498.5660;635.1003;635.0889;
175383.430;522655.958;522657.118;-139.8977;82.8798;82.8703;
207113.437;494686.920;494687.094;112.4210;181.8063;181.8183;
233347.322;560727.701;560727.212;-206.4428;-11.2337;-11.2475;
233160.346;445843.760;445843.349;-95.7395;150.9094;150.9185;
255238.827;463870.672;463871.843;133.5128;21.9963;21.9882;
286910.786;388235.658;388234.179;289.6810;-139.0031;-138.9786;
225241.324;505412.460;505413.064;-353.3773;-123.4381;-123.4408;
181036.042;535931.581;535932.419;144.8110;-364.4961;-364.4914;
228538.870;549126.531;549125.780;39.5610;237.3278;237.3258;
178092.238;516502.419;516504.642;-152.8381;-386.5631;-386.5877;
790189.708;516275.986;516276.341;-443.9222;-305.9287;-305.9414;
830687.734;521031.594;521032.467;187.6776;58.3071;58.3062;
689288.733;457266.218;457265.712;-162.5976;213.2342;213.2303;
768588.437;511906.856;511906.841;378.0509;-155.5181;-155.5037;
792680.243;523516.061;523515.799;754.7447;251.3851;251.3991;
756362.388;495172.880;495173.087;-132.2321;364.4319;364.4085;
819406.895;546130.400;546128.382;113.4812;-53.9174;-53.9386;
753632.972;568893.357;568891.885;-395.1133;-209.0345;-209.0329;
797172.532;516974.615;516974.772;-354.9329;114.7968;114.7909;
814664.192;496104.109;496104.248;-154.1990;-349.9981;-349.9930;
844728.875;587332.117;587329.891;30.8600;105.7444;105.7351;
698194.144;459187.327;459186.612;251.8589;-38.9444;-38.9550;
797588.034;499725.746;499725.608;-357.0069;499.6207;499.6356;
774466.469;501827.834;501827.540;27.4906;-344.3504;-344.3364;
775364.321;505636.842;505636.806;317.9800;861.9077;861.9206;
784597.461;505776.650;505777.027;-32.5008;196.0165;195.9891;
797795.090;532079.482;532078.516;-551.6537;22.1740;22.1379;
749710.809;514456.319;514455.874;202.7139;207.1592;207.1458;
744419.887;476120.312;476120.197;-75.4371;400.8118;400.8270;
802975.298;531405.863;531404.054;-326.5546;-466.3001;-466.2476;
771674.872;483118.904;483118.781;530.0115;-336.0720;-336.0978;
782190.632;524211.481;524211.617;-713.7489;-518.2941;-518.2634;
793622.307;518289.048;518290.288;242.7454;259.3693;259.3889;
737731.530;460129.240;460132.580;-344.2249;-342.6487;-342.6329;
768743.377;511852.856;511852.394;267.2412;-425.3094;-425.3007;
889120.342;399648.699;399649.330;46.2137;-135.6602;-135.6598;
704201.823;439974.467;439974.001;-177.9931;-107.4312;-107.4428;
771016.725;498315.298;498315.354;177.7489;-469.3696;-469.3546;
708033.418;445434.556;445433.442;26.0107;222.5877;222.5827;
886965.568;448031.586;448031.206;95.1192;-153.4044;-153.4043;
779341.738;504859.165;504858.973;-542.8458;-153.5285;-153.5301;
756837.342;480573.737;480574.850;-51.6254;84.0408;84.0310;
739939.592;520030.180;520029.520;301.6415;20.2524;20.2386;
808049.688;530471.710;530471.883;14.5735;-120.6393;-120.6463;
784232.742;508044.516;508044.587;379.5314;282.4961;282.5086;
786985.495;515187.462;515187.840;302.6488;320.9135;320.9188;
710224.207;462353.716;462353.503;56.3191;-50.1084;-50.1026;
815541.295;472066.858;472069.145;-35.2027;-118.0761;-118.0747;
779851.456;501205.954;501205.745;-239.3328;-25.4096;-25.4181;
774464.526;507912.176;507911.770;594.5434;487.3573;487.3574;
751802.258;552612.353;552611.614;214.3672;-239.8783;-239.8844;
769098.579;508617.201;508616.906;-63.5029;-220.0838;-220.0774;
779257.435;530564.810;530564.485;119.4790;-155.8990;-155.8989;
751141.765;473453.661;473454.293;-95.1467;-178.7121;-178.7150;
830832.989;600735.684;600731.007;-29.2846;13.3396;13.3333;
787694.841;492390.783;492390.480;447.3155;-24.0419;-24.0457;
789315.422;514049.379;514049.371;260.9389;120.2436;120.2415;
844128.239;584620.561;584617.796;-1.4260;132.2963;132.2678;
826222.520;523715.002;523714.942;-14.8447;-184.0850;-184.0825;
765259.600;506197.291;506197.083;-564.8235;318.2839;318.2805;
741558.103;564763.994;564762.395;-351.6957;177.5958;177.5883;
684106.787;366985.357;366983.580;-150.9171;-118.0616;-118.0605;
770196.529;532869.109;532868.912;-318.7843;-79.6544;-79.6693;
788613.110;515261.156;515261.024;-553.4253;464.2678;464.2686;
690587.924;472447.080;472447.428;19.7148;177.0968;177.1013;
780604.993;536173.722;536173.444;-138.8000;-242.2972;-242.2951;
763545.464;528668.268;528667.575;-70.7612;-129.6674;-129.6766;
760239.799;506036.474;506035.708;44.7673;-36.4969;-36.4947;
824413.393;535578.496;535578.204;11.0301;125.9479;125.9249;
785336.989;504619.462;504619.465;-781.8554;15.2397;15.2296;
693823.057;378629.324;378629.328;-174.9624;-241.0396;-241.0438;
794220.502;523108.652;523108.942;-237.4132;-29.0642;-29.0615;
757675.640;493781.634;493781.638;-446.9539;236.1093;236.0791;
789916.108;512618.871;512618.735;-452.9728;45.3438;45.3409;
758910.415;493608.482;493607.973;16.9814;276.4980;276.4984;
977412.649;531581.886;531586.340;184.5932;96.1110;96.1163;
762630.485;395505.129;395502.870;-127.3463;-66.1524;-66.1484;
748652.151;487064.371;487064.516;-274.1016;-273.1047;-273.1036;
809640.236;488716.988;488716.636;-239.8082;-243.4591;-243.4704;
790052.557;516295.881;516295.678;-252.5730;-96.8238;-96.8263;
729748.563;521926.781;521925.520;273.8926;273.2244;273.2386;
761619.615;501620.481;501620.421;382.3179;519.0853;519.0940;
614834.824;451977.773;451979.398;-208.3821;47.1230;47.1226;
777812.574;518444.943;518444.852;803.8296;-200.3542;-200.3386;
772381.842;513749.586;513749.320;456.0464;-69.9511;-69.9477;
876646.753;606705.852;606704.303;84.8935;41.2042;41.2162;
775176.897;508027.000;508027.056;149.1706;-207.6651;-207.6400;
877332.759;472041.719;472039.703;51.4127;-61.3659;-61.3580;
721136.163;598665.243;598664.344;23.0382;50.0666;50.0682;
795362.127;533267.758;533266.601;-496.3965;-216.4251;-216.4224;
792734.993;501096.266;501096.191;309.4618;4.9779;4.9717;
780608.681;507014.106;507014.321;294.3236;-82.3094;-82.3347;
791956.993;515330.395;515329.915;-350.8676;540.7561;540.7688;
783557.965;507244.583;507243.902;-52.4239;-472.7474;-472.7553;
727281.623;447280.858;447281.690;75.0923;-181.1625;-181.1544;
867060.276;606413.873;606411.523;-96.2739;53.4880;53.4753;
760012.603;517252.524;517252.162;-767.1475;-249.3454;-249.3480;
707536.256;441984.518;441985.118;-114.7376;85.4676;85.4693;
812741.967;547292.631;547291.192;-304.7854;-139.1203;-139.1186;
796201.832;515372.106;515372.061;-29.9370;576.1016;576.0937;
865804.308;588612.118;588609.211;96.1598;182.2636;182.2865;
879019.056;442201.087;442200.465;82.2164;-61.6285;-61.6295;
777550.448;512681.104;512681.078;-142.4291;248.4296;248.4424;
786647.233;499864.719;499865.057;-249.0364;-3.6464;-3.6639;
791144.711;498006.883;498006.668;-452.2254;390.8775;390.8948;
758952.363;441363.700;441366.624;10.6812;258.8959;258.8854;
788977.274;516451.400;516451.107;-12.0842;221.3915;221.3933;
781383.626;502181.199;502181.584;-241.5326;-191.5249;-191.5245;
792087.317;538346.202;538345.222;25.9120;-428.1422;-428.1563;
790110.025;525051.214;525050.358;-159.4450;-288.1673;-288.1785;
