# This file was created for the Modelling and Simulation course, RUG (September-November 2019).
#
# Project: Simulate colliding galaxies, using Barnes-Hut algorithm.
#
# Students:
#     Stefan Evanghelides (s2895323)
#     Hidde Folkertsma (s2759799)
#
#     X         Y         Z         DX        DY        DZ
559274.874;500055.906;505072.734;-106.4573;-57.4632;3.8395;
525919.890;557993.549;551339.618;436.4252;83.5658;56.6023;
413435.953;394153.656;404097.115;-319.3747;12.6007;16.2898;
505245.279;552788.876;547225.853;-720.3078;-374.8685;-330.7923;
542603.648;545022.241;542190.762;-1112.5168;141.0759;75.9149;
531422.627;434330.128;439589.383;-369.1313;30.9144;21.0244;
575125.344;927902.504;948686.090;-27.0143;-49.6943;-45.1746;
493876.263;814649.699;815654.737;-103.9068;79.4442;55.4151;
466010.069;491076.833;497563.155;-339.8430;-360.8422;17.6821;
622788.292;497238.554;507495.421;401.3238;177.2731;128.9816;
527463.652;542524.219;538825.778;-965.0067;-711.3097;-696.2841;
488747.637;689145.706;691416.876;-202.4375;-171.5233;-172.2889;
527267.818;545501.757;541276.806;118.3663;-270.9275;-167.1791;
526108.759;606606.000;594817.794;173.9830;-191.0751;-128.8209;
436169.056;362902.007;357204.723;205.8246;28.3248;86.3805;
461973.128;542710.144;542986.364;268.2430;-9.5905;68.1977;
526681.817;543103.064;540017.003;-493.0907;422.5054;277.4529;
513570.779;488150.567;494157.555;-235.1183;377.0153;284.0554;
415619.586;592667.309;570737.276;-6.4931;68.7764;72.4391;
525190.875;533229.449;532677.068;1155.9068;-407.1345;-170.6306;
539459.953;543166.147;540415.729;-465.4127;116.7262;164.5576;
516996.157;569103.753;558610.209;-204.7590;-497.7479;-420.3877;
517116.454;532408.514;531878.601;-117.9124;-74.2711;-50.3969;
549602.273;571728.554;562366.387;146.0963;-18.3184;-7.4632;
543467.326;547797.811;543766.517;614.1888;-311.7635;-291.8765;
813184.507;194436.280;194015.341;-64.9109;56.1290;55.7186;
674160.666;602500.579;656097.415;-34.2734;-104.0431;-62.0208;
517285.253;564582.140;556723.645;-43.0861;557.3980;408.6273;
546938.006;554584.866;550870.938;331.5908;-314.4474;-229.1108;
303079.118;504505.473;518106.777;206.8584;110.2810;33.4128;
580718.454;571121.803;563149.838;750.5107;428.8292;369.8275;
313684.256;549684.647;577442.390;61.1831;-106.9490;-144.2508;
677476.177;690064.263;703746.908;277.7312;154.5838;196.6828;
588724.375;580701.861;575890.392;201.6139;399.9453;321.0856;
524073.208;553218.571;549820.905;305.1628;428.4639;428.7712;
518057.919;560543.131;554172.647;-9.6778;83.7860;112.6840;
654259.484;614051.679;625879.189;279.5744;-114.4526;-34.2579;
522031.344;537942.332;535186.583;637.3544;-321.6127;-197.5790;
528309.886;551538.923;546527.271;426.6435;39.4981;20.1894;
547123.105;543796.523;541656.792;808.0424;-150.3616;-86.2131;
524932.001;536910.904;534095.683;-509.5890;-646.8937;-577.5767;
586499.346;609742.899;591390.567;122.4799;207.6289;148.5123;
593411.966;543864.248;547509.853;644.0874;186.4352;229.2705;
916592.426;457630.791;452014.214;113.7403;50.6920;44.2239;
890168.830;387156.540;375510.746;175.8548;-7.5532;9.5856;
532971.035;543453.159;541070.758;-756.0212;1.6756;-2.6999;
519340.837;544219.929;540577.968;439.4792;-309.7945;-272.0334;
575307.673;561839.579;555747.539;-200.5857;-34.7682;-124.9435;
471265.518;619729.916;605526.694;-119.8568;-25.6187;1.6274;
533113.283;550000.149;544715.683;6.0382;-627.5938;-431.7868;
528847.990;524351.758;526865.837;137.2504;-95.6984;2.9522;
304135.059;354367.098;321687.522;-127.9273;9.0757;-35.3602;
325521.677;583803.840;574658.056;77.5081;-198.9218;-174.8015;
728541.120;385369.728;408806.133;123.6214;27.8275;30.4437;
607268.043;594539.444;604642.813;-29.2060;-258.5932;-284.4021;
412297.063;697637.891;696256.321;246.5073;-33.2918;-34.7629;
517298.168;537496.898;534451.598;966.9816;-4.8378;-2.4722;
528006.220;556857.662;551168.355;195.6466;405.3914;282.5529;
509925.329;548263.761;543636.968;352.7546;548.9860;378.0619;
505197.972;551236.092;545338.073;-397.0240;-295.8975;-320.9420;
524397.805;567987.054;560462.716;-513.9321;115.8813;49.5102;
535676.019;541521.856;539063.090;473.3380;-369.6573;-215.1366;
504736.003;556715.246;554120.270;-324.2144;752.2702;624.2337;
466122.482;590213.310;587215.856;340.6183;331.7786;290.2376;
501331.774;476240.042;489927.719;-205.5818;53.8313;152.3862;
214967.719;643740.049;592155.296;-168.3900;54.1156;35.6938;
284818.449;533514.491;526418.589;-115.6368;-139.2046;-22.9438;
412270.346;600657.284;598263.214;-13.5374;-50.9148;-33.3906;
547334.983;541977.918;538650.094;319.2743;11.0059;42.3053;
898966.544;435614.032;428160.023;84.6116;14.7159;-1.1840;
528306.419;549030.865;544243.024;-1059.7509;-276.6039;-265.0004;
507135.886;547626.539;544513.473;-1064.4069;93.0396;57.2601;
563586.131;614810.620;596741.865;179.8258;663.3168;450.9251;
906355.428;376424.370;382687.946;89.7598;56.6686;36.9676;
525465.752;540671.039;537970.277;-443.2179;-92.8159;-32.2356;
524189.780;544924.455;540979.762;976.7749;-857.1174;-643.6212;
447744.518;558002.206;557019.971;197.7879;-413.5696;-414.2541;
533575.780;567381.828;559485.231;-76.2207;178.6850;152.8761;
538391.573;536658.263;534816.329;354.0174;32.2867;103.3228;
538012.927;565672.278;558478.909;-109.6619;-621.7976;-545.2910;
347875.315;356044.684;341770.728;81.7039;79.5714;50.0962;
540357.598;551458.905;548559.754;319.7988;322.8267;253.8641;
577225.281;127744.256;110794.366;135.4682;-23.9201;-23.9663;
521532.088;554040.384;549373.903;75.5821;626.3769;457.0033;
702658.872;527416.580;526858.591;-156.3888;-69.2106;-68.8783;
771038.388;532039.074;531018.078;-284.8858;-65.3538;-63.5568;
549020.111;585735.147;572700.306;42.6316;-469.1214;-201.2302;
522557.159;514123.618;516786.668;779.7135;-175.5262;-135.4291;
291115.394;558106.341;559626.445;13.7328;76.0217;170.7829;
601715.127;451899.965;450620.867;-234.7505;39.6824;30.6563;
946969.669;537593.084;535369.280;51.7787;-94.2310;-100.3075;
540730.397;533913.001;533356.372;270.8265;-48.9064;-40.6706;
575295.663;525696.384;529439.989;-269.7281;125.3910;48.4085;
528221.552;549389.561;543615.570;-830.9096;-119.2151;-128.6106;
568017.298;544072.389;540000.222;-89.2339;-706.1276;-478.1295;
327347.601;411383.900;427325.347;-93.5766;115.4912;119.9281;
756868.296;622774.543;620236.606;-238.5613;-127.5130;-125.3805;
518589.115;550438.010;544696.649;778.8265;-292.8605;-269.5721;
532555.825;533448.472;530971.640;-409.8863;631.5787;428.3724;
562044.300;568697.404;561575.601;-514.8374;18.7601;58.2367;
506816.644;534222.472;530604.902;810.7355;-177.9455;-187.4414;
456487.261;642640.771;641141.508;289.3505;-11.6570;12.2710;
574389.790;542276.088;537662.094;110.5656;-190.9974;-154.9001;
461222.155;371353.989;349738.127;-3.0856;134.8887;104.3409;
517235.703;560649.351;551077.536;-75.5663;478.4159;352.8768;
537292.457;565944.159;555272.124;835.2770;999.5758;434.5526;
949057.875;307483.865;322438.264;-60.7460;3.4704;36.4208;
603538.236;481070.880;472752.202;-165.4535;-248.5292;-234.2169;
543678.864;555946.869;550264.199;404.9108;-553.2791;-408.1314;
541647.139;533255.201;533646.340;-559.9233;254.1561;203.8916;
536951.084;524698.151;527287.210;-44.6567;51.0731;15.9966;
334080.857;500802.712;505434.953;-111.8040;-188.6217;-146.3428;
367782.157;443588.051;451230.614;-31.6451;224.6719;175.8549;
499995.583;488468.763;496748.374;124.7020;248.0030;-50.8598;
523767.634;550265.009;545229.646;799.1528;14.4519;37.3587;
584771.245;464014.697;457580.686;-322.5936;-9.4785;-28.6463;
526719.469;534686.479;533413.249;750.1886;116.4541;210.8712;
537093.757;544744.422;542440.777;-280.3616;-175.0389;-135.1667;
295376.268;526491.909;517794.666;-135.0174;72.8623;80.8875;
523402.732;547476.307;544192.171;-26.1256;137.5274;124.8073;
584284.542;532065.162;531050.359;-80.9538;-17.2902;45.6004;
524792.126;532718.619;531675.154;462.0883;-755.6917;-483.8112;
715432.204;410846.954;419261.180;-192.7572;7.1281;34.2790;
480717.745;554950.587;535793.565;499.6794;788.1804;478.7969;
544892.116;545071.519;542904.830;-245.9846;-197.3138;-186.6803;
571613.798;531650.412;527374.990;-307.5205;553.9610;467.9452;
431590.496;513081.845;505006.210;8.3028;-265.9776;-265.6898;
522816.517;536074.485;534840.532;-263.0821;205.6076;48.5797;
525295.903;545555.600;544251.537;1084.1873;-65.9571;55.9921;
488448.877;549236.796;547838.821;-564.5117;-385.4117;-268.0767;
286422.406;518610.221;510487.782;-47.0311;-35.4406;-170.7571;
538133.992;554286.000;550647.682;287.8351;1165.3784;866.8123;
512338.017;547382.679;544784.561;20.3640;177.8000;40.1798;
526958.979;542632.585;540510.165;-972.9486;270.7482;152.3826;
525959.412;541731.466;539268.841;-1146.9937;-269.5617;-159.1762;
524951.119;535253.815;532634.528;131.1247;-270.6254;-175.3041;
516444.261;559354.210;553569.982;981.8957;36.9778;-5.5117;
516776.820;605954.640;584629.999;-458.5266;151.6465;106.5304;
482873.351;480267.395;489269.143;-328.1227;-26.9623;13.6773;
486184.021;519455.703;524583.013;-24.6145;276.2629;282.3793;
535021.207;276243.645;274695.424;161.9679;-2.5372;31.5386;
537484.648;557829.877;555691.280;299.6128;578.0768;494.9658;
561563.701;574565.506;570195.974;107.3432;444.9663;362.8900;
512833.205;540012.024;537518.052;-327.5305;91.6306;79.2587;
512707.293;535336.735;530602.255;316.5837;211.6669;65.3772;
544775.730;563306.071;556570.955;-274.8586;-688.4633;-626.1992;
538808.160;534674.886;532613.942;-468.4375;-230.5695;-135.2158;
