# This file was created for the Modelling and Simulation course, RUG (September-November 2019).
#
# Project: Simulate colliding galaxies, using Barnes-Hut algorithm.
#
# Students:
#     Stefan Evanghelides (s2895323)
#     Hidde Folkertsma (s2759799)
#
#     X         Y         Z         DX        DY        DZ
464761.464;533479.978;533438.459;-269.3162;27.0748;27.1018;
410676.631;563438.572;563306.711;230.2029;116.5082;115.9141;
696894.887;872533.330;872520.749;93.8730;-46.0509;-46.0565;
450397.518;609730.848;609862.722;-135.6192;385.5008;386.7939;
476005.034;551203.863;551244.795;-148.3966;14.0994;12.7249;
454944.222;553117.821;553042.186;871.8226;354.1788;355.1353;
314673.242;476109.055;475843.715;105.7288;-229.2470;-230.3910;
289640.592;588941.340;588561.254;116.4567;244.5147;244.2580;
639840.297;529100.718;529015.242;119.1767;34.0897;33.2095;
477064.856;643941.726;644005.384;-168.3231;264.4961;264.5998;
553638.054;446360.609;445984.682;397.8883;-172.0460;-172.6719;
525965.856;584932.767;585011.433;-535.5650;-363.6871;-362.3670;
454391.067;541489.442;541467.360;-509.8141;151.7600;149.7481;
406009.179;523276.231;522991.105;-441.4413;105.1804;104.2821;
242753.646;621986.956;622059.850;-264.8929;-22.5900;-22.9156;
415774.921;475456.571;475154.304;45.7408;132.5129;132.6479;
441710.692;534465.798;534446.585;-186.9903;-741.3784;-747.1562;
493083.848;560210.701;560301.802;705.8051;247.5427;249.9307;
412970.301;539744.114;539678.951;1142.4658;-55.8372;-56.8773;
577054.932;620715.848;620706.492;-160.0768;-185.4418;-185.6885;
452143.704;542288.115;542260.495;-842.9330;-336.8571;-337.4693;
371343.270;601733.632;601829.120;-406.5263;-115.0304;-115.3072;
470585.791;535438.611;535438.074;-446.3114;17.9166;17.2653;
452365.055;580589.062;580681.291;-337.4189;-235.2321;-234.7909;
456029.933;507693.515;507489.581;-483.7614;257.9706;257.3799;
460101.697;553408.566;553380.756;-112.1636;-286.7158;-289.9082;
449471.305;550520.197;550475.274;-1.3627;-379.1919;-380.6999;
475747.364;546823.885;546854.983;-582.2500;132.0224;131.8552;
457578.911;555812.188;555821.550;-423.4789;-457.2047;-458.3386;
462663.311;544351.233;544306.247;479.4019;-792.7463;-792.0679;
874337.497;183756.540;183783.639;44.6102;-46.1577;-46.1579;
568178.506;518979.676;518963.970;584.1737;17.4782;17.4730;
419562.186;540482.389;540401.585;-176.1871;-223.3871;-223.1156;
444010.272;556112.353;556129.605;-660.9172;505.6638;509.3461;
529129.241;580646.405;580518.570;-113.6693;-4.4907;-6.5819;
475565.245;539238.034;539193.840;-692.5294;418.7260;417.6592;
697427.294;503437.947;502500.358;-425.5129;56.4448;53.9218;
438612.773;541913.744;541865.015;-423.0419;496.8507;497.6575;
446738.394;609935.105;609956.301;496.8394;15.1449;14.8785;
443462.529;551307.013;551295.095;-172.8627;420.8114;422.3647;
445859.007;561993.066;562009.150;309.6430;-195.3826;-194.8346;
207800.422;430634.352;430447.281;-169.6633;-87.5964;-87.5527;
447648.546;546014.733;545943.203;-193.0197;-4.7032;-8.5841;
453194.932;515091.091;515094.774;180.7176;-529.3254;-531.0330;
427351.943;617277.238;617507.026;-224.3829;422.1634;423.2744;
440750.124;531086.150;531039.706;-153.9185;65.1572;65.3729;
437754.931;542789.446;542711.626;700.5003;-176.7867;-176.5009;
798393.235;164884.067;164905.667;-29.3222;35.3030;35.2983;
445177.445;549280.105;549236.902;-486.3662;46.1285;43.9023;
850435.971;688260.300;687486.025;-45.3320;45.8136;44.8706;
513282.156;423522.892;423567.944;58.9968;129.3012;129.6902;
460611.978;550466.455;550464.833;509.0860;694.4047;693.3208;
445131.272;541079.952;541010.292;11.4889;-214.9928;-216.7809;
446548.342;518389.871;518293.896;145.5461;-249.8491;-248.1973;
366250.770;545659.399;545458.706;-185.3555;295.3074;296.5678;
486634.582;528037.401;527878.442;-170.9181;527.7607;530.7298;
476840.077;565906.882;565935.359;-1136.0159;69.3893;71.4260;
464259.719;548715.870;548702.876;-1301.0249;403.1315;405.1280;
795485.356;424576.468;424551.039;-72.1510;-17.4844;-17.2343;
468753.961;567420.583;567514.229;132.7000;193.5102;193.6090;
982869.598;628785.183;628657.957;12.1847;34.6537;34.4528;
451426.213;550959.474;550933.160;-25.5659;-416.8931;-418.7011;
90271.139;434182.143;434034.620;-97.6580;74.2219;74.1604;
901622.796;320252.322;320356.455;175.3476;-35.0479;-34.9272;
475643.732;529610.054;529466.392;-619.3367;447.3364;451.4477;
424023.416;501464.125;501327.980;367.4744;-388.8322;-387.2630;
469178.239;541732.749;541743.239;21.1355;122.0860;123.9477;
141275.232;222297.256;221639.052;-95.2675;-163.7826;-164.0808;
602002.521;566512.040;566589.951;-223.0713;-260.7491;-258.8397;
593653.648;572841.650;573060.252;221.8705;-2.9970;-4.7922;
454372.819;561537.159;561547.172;-24.2521;-87.9031;-90.3793;
365019.287;488035.529;487805.553;-397.3253;75.4927;75.6034;
451222.494;545892.236;545845.725;-424.2588;-761.5457;-759.3099;
450035.521;533676.143;533596.451;792.8039;842.5872;839.9913;
684105.003;519683.517;519567.726;222.3895;-7.1846;-7.6024;
366020.879;467096.123;466745.199;-477.1755;219.4134;220.2403;
447879.414;555370.039;555388.522;-160.6508;609.8683;610.4407;
561824.388;642445.683;642427.271;-214.5953;-114.3637;-114.0287;
19565.795;727604.885;727721.903;-317.6513;5.0128;4.9998;
424795.959;530831.069;530753.584;-70.4460;323.4629;323.4597;
548763.833;527069.280;526921.249;-232.4722;151.4199;151.7726;
450948.913;547341.142;547335.115;643.5582;-253.6225;-254.4463;
466473.271;545254.215;545256.600;-64.8893;445.1764;444.8879;
481528.798;529476.971;529468.319;426.0653;-148.3739;-148.0037;
730676.908;535631.018;535279.038;227.0094;-53.5337;-55.0102;
410510.612;550203.510;550083.259;442.0047;451.4910;454.5079;
461079.023;560665.769;560676.378;-514.7943;742.1056;743.2957;
437036.068;524888.783;524789.592;69.2659;486.1683;487.2563;
454860.851;540365.750;540315.309;79.9136;202.9578;201.3634;
439097.084;542814.719;542729.135;-543.7845;-724.5396;-726.7198;
481164.304;549651.699;549660.366;451.1796;182.2591;182.2709;
462816.579;552683.367;552664.043;358.2877;76.0150;77.0744;
531297.915;598691.478;598744.293;232.0675;-318.7729;-319.8679;
727064.658;604531.283;604340.211;-354.6563;81.5359;81.3827;
450182.660;538981.007;538909.687;981.6619;-233.6305;-233.7970;
506233.895;456628.638;456552.806;-226.1290;54.9220;54.6737;
595470.361;396402.794;396383.974;-235.7031;36.1808;36.1749;
439185.072;525340.389;525297.640;700.0717;619.1301;617.5088;
390227.541;658354.088;658572.043;-209.3962;-228.1102;-227.7842;
548834.697;552584.860;552655.082;-69.9697;-252.1125;-252.7345;
717661.155;602246.502;602199.712;116.8008;31.3707;31.1945;
473034.268;569551.105;569605.268;-105.6420;-230.3091;-230.5246;
420438.591;375524.466;375503.080;-149.3002;126.2502;126.2634;
432673.071;555981.250;555959.653;-581.1191;359.8841;359.1392;
884940.581;467796.886;467767.156;34.3455;-7.7877;-7.7543;
459317.563;538785.188;538723.723;-484.6367;-202.9519;-203.8212;
462513.601;534853.441;534801.227;-12.8201;-388.7420;-390.5994;
453369.280;566008.454;566024.191;309.3179;317.9876;318.9377;
333825.504;435018.568;434862.409;287.9475;175.6300;175.4494;
467918.097;466858.161;466595.156;-29.2772;-68.2695;-68.7949;
288698.231;906371.591;906201.829;-100.2985;99.8103;99.7309;
467405.690;564235.499;564219.643;239.4719;-68.3961;-66.1365;
444204.560;535943.774;535848.948;-570.1428;112.6498;115.0282;
446065.710;545268.655;545213.119;-108.6388;-673.1520;-674.2913;
401590.486;555336.368;555208.048;129.5159;-155.0163;-155.9757;
462520.354;534105.811;534052.101;500.9037;-137.1975;-137.4517;
405679.319;316669.499;316510.002;-7.5373;-95.8328;-95.7905;
473788.446;529107.825;529192.121;160.1596;185.2157;184.5458;
473515.976;558751.592;558788.955;-689.4571;-86.8626;-86.8799;
500996.614;561730.898;561511.647;-1033.2763;-459.4600;-458.3865;
287539.412;316731.759;316659.214;-210.8059;43.1633;43.1035;
459391.295;571359.622;571336.569;562.2029;-531.0895;-528.7585;
458604.949;563241.674;563267.665;-1403.6178;-299.2632;-303.9103;
455311.055;563703.534;563704.872;136.6200;137.9094;136.8740;
774730.746;453188.848;453748.242;-206.3639;-147.1210;-144.1345;
603329.217;591968.884;591898.144;-42.6287;97.3290;97.6729;
497118.390;551279.580;551343.662;826.9909;-429.9571;-429.4292;
467066.951;534062.510;534040.843;-632.4934;590.8532;591.4401;
451541.136;545752.707;545695.655;921.6387;112.8273;119.0086;
575304.467;488659.323;488637.286;111.5471;-326.4588;-328.1307;
403134.954;589714.360;589734.971;0.8333;229.8102;229.0098;
511747.498;546967.004;546962.996;456.3085;222.7272;222.6872;
394576.936;590802.533;590685.280;289.6459;409.1356;409.7162;
445313.286;526805.843;526778.921;-601.6012;-595.6324;-596.3792;
384212.385;296696.376;296216.004;252.7965;113.1717;112.4195;
464685.803;571026.574;570998.171;-437.2553;578.8153;577.4571;
491531.555;548604.386;548647.448;351.3654;-766.2314;-769.7463;
462285.126;516052.955;515861.750;-161.7131;413.9042;414.6679;
528409.060;473550.930;473388.984;-630.7563;-307.3203;-305.5958;
456215.761;540994.821;540955.675;761.5297;7.7627;9.1474;
478899.064;591362.884;591520.768;-277.1654;306.6580;308.9082;
430251.782;531644.870;531613.898;742.4901;392.4844;388.5601;
422646.043;535069.479;534963.307;-40.6040;-155.6465;-155.8420;
496989.231;572995.706;572990.417;106.2530;146.4390;145.8037;
463509.182;531259.722;531233.062;980.2643;-310.2306;-304.3051;
480786.497;485683.190;485489.346;64.8215;-351.2603;-352.8177;
454167.179;536081.356;536032.449;363.3284;570.7782;571.3917;
457514.195;545594.062;545577.040;240.6272;110.2848;110.9786;
478136.035;547449.538;547460.020;-41.7458;-464.4086;-464.9265;
472698.967;530912.101;530912.559;527.7458;-180.8813;-178.5636;
486821.165;540878.666;540922.032;482.5848;346.9484;350.9070;
424740.040;522847.249;522687.127;824.6103;-164.4446;-162.5800;
450878.081;592779.253;592804.040;-462.9623;-66.9065;-69.3349;
170589.478;110074.340;110005.580;-136.0519;-275.7302;-275.3158;
462327.181;495525.942;495456.489;-512.0958;197.0646;197.1256;
472006.789;550394.830;550395.099;755.6634;-310.9926;-313.3508;
453397.845;555325.347;555289.304;178.8322;-111.2117;-112.0444;
235291.116;640435.808;640523.200;-431.5448;31.3929;31.0425;
446077.756;540218.116;540143.400;195.9863;418.3772;418.9132;
470900.363;520853.163;520798.157;1137.1010;-69.6121;-69.2570;
465110.031;542636.804;542595.801;-475.2634;-794.4068;-801.8055;
536347.457;523496.776;523391.530;361.1918;-20.6944;-21.0663;
472046.341;540324.638;540290.849;-280.4318;278.9655;278.1770;
457246.551;547602.195;547536.743;747.3505;-493.8157;-493.2307;
424493.938;526203.149;526098.617;452.3695;-3.1731;-3.6488;
