# This file was created for the Modelling and Simulation course, RUG (September-November 2019).
#
# Project: Simulate colliding galaxies, using Barnes-Hut algorithm.
#
# Students:
#     Stefan Evanghelides (s2895323)
#     Hidde Folkertsma (s2759799)
#
#     X         Y         Z         DX        DY        DZ
505613.335;507858.354;507856.663;-401.8958;-44.1208;-44.1573;
513067.291;519261.329;519269.108;-1014.2260;-437.0694;-436.9348;
386558.488;839344.231;839338.090;108.4655;79.1617;79.1594;
208265.831;304495.418;304500.311;27.9925;-13.7048;-13.7031;
634926.570;531360.163;531357.963;791.7475;430.4169;430.3007;
477594.411;519875.434;519876.412;-1332.1552;66.1584;66.2112;
478277.208;514968.753;514969.294;-489.9465;712.4875;712.4539;
756756.218;516822.288;516817.259;229.1460;236.5275;236.4937;
562684.017;539744.958;539743.520;620.2243;-158.8936;-158.9490;
624680.254;515749.537;515738.284;705.1228;145.2217;145.1464;
601685.993;548622.010;548619.819;-431.6115;444.1488;443.9632;
396400.805;648244.186;648269.609;90.4970;195.6441;195.5967;
565592.369;483801.204;483798.987;91.6392;-99.9158;-99.9333;
496273.291;585874.065;585865.023;-189.7162;157.1078;157.0399;
604768.316;511041.808;511034.017;752.7152;4.0930;4.0032;
615496.481;502446.254;502437.536;180.1152;-33.8931;-33.8662;
573180.317;495443.455;495439.883;672.2298;-101.1288;-101.1965;
474636.440;521173.995;521173.411;92.1339;-15.4978;-15.4770;
591197.500;674264.332;674205.262;406.4281;34.9618;34.9392;
525414.729;523236.653;523234.590;-110.1764;-315.4203;-315.3317;
252842.467;143936.469;143930.765;93.9947;-9.7297;-9.7296;
525844.386;578611.052;578602.973;82.5729;355.1867;355.1330;
529805.694;516206.661;516206.985;-515.7759;-76.7393;-76.6363;
473967.572;515205.323;515205.350;26.4595;7.5427;7.4675;
457491.118;526632.489;526633.653;-416.1110;-215.7412;-215.7263;
499876.652;569771.480;569765.777;-75.1143;166.1781;166.1284;
479331.347;512924.388;512925.451;-666.9174;-215.8206;-215.6744;
595255.350;570543.284;570531.540;531.0267;350.2892;350.1834;
540688.977;517099.086;517098.454;-88.6072;127.4235;127.4661;
487779.686;529136.986;529138.110;-544.3476;39.8540;39.7956;
571627.017;520085.733;520081.645;198.7346;49.8281;49.7993;
484893.068;509677.854;509678.558;-226.1813;25.0440;25.0435;
554461.796;525025.468;525022.655;-282.9248;-443.7344;-443.5429;
523968.018;514447.476;514446.755;-236.4538;-157.9523;-157.8829;
503720.044;540799.676;540800.259;-424.8281;74.4786;74.4512;
483760.205;515647.121;515647.212;-670.4749;-15.1606;-15.1570;
473462.451;507681.916;507683.267;-481.5224;248.3334;248.2930;
559822.251;461332.666;461331.995;258.0755;-324.6171;-324.6208;
528754.606;588894.009;588884.748;77.5887;167.9652;167.8757;
459010.444;514742.033;514742.898;-327.3402;-376.8538;-376.9125;
519667.645;521939.016;521938.990;-311.0418;-184.8532;-184.8101;
613391.945;509777.432;509768.374;227.2902;144.0717;144.0853;
526372.195;524723.264;524724.859;-960.8326;266.2133;266.3170;
610200.396;515278.338;515275.263;873.9203;-88.4221;-88.4716;
394775.328;505172.759;505184.124;836.3984;39.6746;39.6058;
454831.676;557781.388;557780.108;549.9902;-35.0341;-35.0391;
529325.105;549143.298;549138.420;-246.3810;-177.5115;-177.4633;
316718.909;553505.961;553506.794;116.8645;113.3558;113.3573;
747126.953;672597.035;672576.719;46.4818;299.1827;299.1636;
546474.675;557837.827;557836.969;-161.2835;465.4585;465.4754;
671650.685;589576.633;589575.012;315.4090;241.8124;241.7934;
468926.537;514153.865;514156.398;-796.3070;-109.6592;-109.6796;
512705.570;472201.956;472206.828;-530.8606;273.7910;273.7966;
616435.522;542417.879;542409.772;-250.1125;-53.9314;-53.8580;
578321.289;527023.106;527017.380;-11.6094;-149.8105;-149.7997;
562944.746;514585.359;514583.763;246.4493;83.9014;83.9345;
317860.080;484087.411;484094.128;419.8552;-16.5733;-16.5704;
510984.973;508395.822;508396.788;855.7461;-878.2688;-878.2592;
567102.824;520799.931;520797.489;-398.1041;-21.5619;-21.4982;
574970.216;537532.322;537531.122;613.2088;359.3181;359.2202;
603715.101;525363.608;525357.711;568.9167;128.3664;128.3140;
537190.727;513617.302;513618.398;655.2945;-152.1464;-152.1563;
526684.290;506392.829;506393.314;620.1927;-267.8024;-267.7972;
469687.209;503859.483;503859.859;-233.5606;-319.2291;-319.2125;
529619.436;535453.780;535450.862;-83.9570;-484.3277;-484.3469;
618203.460;533672.811;533661.608;330.9828;11.5130;11.4478;
477740.856;503251.513;503252.207;-780.7728;-58.4576;-58.4887;
485606.287;517357.053;517357.678;-925.5005;-219.2368;-219.1974;
532455.894;493808.647;493808.222;-57.8285;284.7126;284.7774;
489039.751;515443.379;515445.071;-729.6368;45.0515;45.1426;
561974.456;479940.953;479932.096;-29.3784;-497.7104;-497.7544;
440006.287;533934.114;533936.526;502.6048;-76.1984;-76.2372;
325867.857;565983.610;565978.260;313.4083;-44.8243;-44.8328;
576874.133;530433.992;530431.659;674.8525;215.9090;215.8574;
468076.521;496533.149;496535.665;-1110.7552;-69.1691;-69.1690;
437546.952;598329.776;598334.044;268.1701;-101.4931;-101.4058;
618515.537;549411.329;549403.517;734.0758;-14.0204;-14.1048;
540448.512;526293.662;526294.369;453.9211;467.7346;467.7386;
642680.730;562871.933;562865.993;1066.8221;187.8981;187.7465;
609887.535;540745.873;540737.772;552.0506;-48.6003;-48.6033;
597355.637;510190.807;510186.680;645.5839;-24.7799;-24.8270;
590031.324;572096.672;572091.004;671.7746;702.4126;702.3142;
522590.793;497716.130;497717.100;-320.9170;93.3276;93.2752;
488220.869;522054.591;522055.674;-142.7241;378.9068;378.9490;
614880.309;554451.797;554440.042;398.1021;-11.0817;-11.1293;
507663.841;525077.283;525078.794;-1097.8631;-594.5451;-594.4085;
617844.632;539322.909;539313.391;938.8183;47.1726;46.9609;
601974.012;537562.648;537557.073;1007.7687;285.7170;285.5823;
476463.478;514829.083;514829.440;-201.3820;-292.7014;-292.7172;
562245.004;505615.271;505610.055;45.3542;-268.3823;-268.4183;
577381.301;498491.039;498486.415;554.6714;-149.3097;-149.3439;
521931.156;512802.577;512802.150;-421.9769;215.3941;215.4259;
615945.258;534246.450;534237.969;638.3196;-91.2019;-91.2293;
535936.938;514161.773;514159.226;-69.7720;-30.7550;-30.6950;
602469.707;455605.814;455623.814;-78.9910;-290.6711;-290.6005;
479949.423;518463.777;518463.956;-662.0889;210.9352;210.9196;
561570.083;514525.390;514521.958;-178.4212;444.7675;444.8329;
328805.392;606170.625;606179.663;147.6336;-93.2332;-93.2926;
259649.024;315624.536;315633.537;174.5533;-58.4346;-58.4342;
464907.121;476186.960;476195.098;-515.6082;-442.2565;-442.2052;
465687.022;512703.842;512703.646;292.2648;-18.0962;-18.1144;
496644.043;514967.962;514967.739;-378.7353;247.1939;247.1788;
470608.489;501055.155;501055.806;368.9718;225.4870;225.4878;
345387.993;480355.590;480363.051;-1152.4226;-206.8432;-206.8644;
491826.095;516677.190;516677.939;350.8059;-309.3181;-309.2418;
451532.350;500695.822;500697.813;682.2841;-109.5152;-109.6153;
500129.081;512586.444;512585.524;157.5246;-534.0222;-533.9965;
371833.644;487270.165;487275.299;-715.5997;-256.1764;-256.1435;
423049.249;542500.084;542501.286;-677.0607;169.2792;169.2803;
655308.239;576280.916;576274.693;-269.3402;-103.2411;-103.2640;
523952.780;576532.442;576515.541;-615.6472;-209.0259;-208.9096;
465155.460;503674.024;503676.438;370.6929;-260.8491;-260.9047;
465608.452;530608.408;530609.440;656.8720;-163.0087;-162.9745;
469328.781;492133.746;492131.923;338.9827;256.5378;256.5041;
540770.136;525347.331;525344.718;-676.2481;0.8645;0.8897;
490787.121;561873.932;561876.227;660.8045;290.3734;290.3582;
464920.995;494621.096;494621.424;167.6982;115.3399;115.3524;
453126.943;550138.163;550140.199;214.8713;672.2095;672.1610;
463463.061;435077.271;435081.871;-202.2203;381.8475;381.8183;
443862.081;494992.980;494997.871;289.6206;-752.3879;-752.3240;
473835.981;495839.943;495839.469;530.3786;4.5607;4.4860;
538897.132;391858.783;391863.780;-170.1775;59.3039;59.3051;
332754.288;364666.172;364648.802;-123.3675;152.2521;152.2655;
509075.982;513023.203;513023.797;35.3706;8.8652;8.8719;
267835.020;592239.199;592236.624;-160.5763;-281.0771;-281.0090;
461943.306;534968.315;534970.678;446.5039;404.5190;404.5401;
810113.368;602043.979;602042.310;-68.4370;31.6341;31.6426;
440067.885;508601.606;508603.290;197.0070;476.3656;476.3429;
399121.178;555293.778;555288.562;-53.4647;206.7503;206.7481;
452134.815;506782.056;506781.890;954.6879;47.5318;47.5088;
505640.032;523844.179;523845.373;-615.6525;-306.5388;-306.4417;
439211.044;505504.818;505507.131;379.0459;-165.8029;-165.7988;
377223.954;505641.497;505641.411;-379.3706;257.5162;257.4467;
449292.114;521678.832;521677.761;-242.7307;95.8134;95.7883;
424614.080;477470.999;477475.247;-612.0926;-310.8503;-310.8538;
468602.044;518420.871;518422.928;-712.9458;-625.0358;-624.9317;
312293.714;449322.166;449337.084;-54.7805;-143.6412;-143.6311;
461599.318;496001.714;495999.316;180.4649;560.0768;560.0669;
534701.079;525756.324;525755.492;-263.6920;89.5350;89.5042;
513413.528;534686.133;534679.220;-743.1465;-701.1541;-700.9256;
420708.990;511673.875;511676.492;-608.1609;-125.9416;-125.9289;
475868.787;524677.827;524677.286;-526.4088;230.0650;230.0793;
724212.601;644561.746;644548.607;-75.3936;33.1812;33.1864;
520598.589;517747.877;517746.395;122.5046;381.9652;381.9804;
456114.781;511118.138;511119.373;629.9983;-162.2217;-162.2515;
508326.326;503780.738;503783.446;300.1271;-158.6404;-158.5755;
292237.953;449572.780;449579.262;-180.9373;171.6451;171.6275;
438231.079;528884.015;528885.477;-279.9802;418.5999;418.6455;
403980.989;513288.890;513291.018;-166.3674;79.5101;79.4976;
590039.924;518963.179;518959.234;-854.2249;152.7663;152.7175;
388175.522;579967.106;579968.177;-817.4758;453.4740;453.5000;
503832.428;534970.735;534972.031;106.1612;-135.7195;-135.6887;
450703.779;519878.983;519879.967;-31.3752;-360.9974;-360.9643;
401030.276;510057.820;510059.545;92.4914;592.6580;592.7595;
473518.249;584582.850;584574.906;-360.4196;135.4847;135.4768;
502300.073;513589.589;513590.342;-319.4485;-7.8133;-7.8110;
426392.188;514137.355;514140.631;-585.3088;-416.7478;-416.7040;
473958.104;505605.883;505608.181;505.6220;-579.8932;-579.9226;
482884.035;501723.932;501725.358;-237.3007;558.4660;558.3824;
368940.627;220345.376;220339.537;-133.8118;10.2290;10.2476;
442640.199;505811.880;505813.481;530.9922;-207.1771;-207.1617;
561625.600;518475.773;518473.963;303.4822;-190.5367;-190.5948;
481551.921;465279.131;465282.878;-368.2703;-290.6451;-290.6247;
508319.001;511736.722;511736.138;211.2609;478.9878;478.9593;
233178.913;544225.461;544217.036;-381.6729;-159.4462;-159.4647;
407420.609;567112.046;567111.758;-33.4646;247.6757;247.6487;
486075.540;516393.123;516394.766;385.4876;20.2828;20.1989;
418092.711;521310.903;521310.784;-111.7803;-110.2005;-110.2268;
324473.347;624434.597;624427.299;-79.3734;397.8835;397.8949;
514450.584;520241.749;520241.660;454.2770;-151.9763;-151.9174;
531328.738;502357.315;502358.012;-1219.5203;623.4787;623.4490;
525665.517;519857.800;519858.149;6.8469;318.3002;318.2930;
451541.376;520417.224;520417.268;116.8542;-433.1469;-433.1161;
455886.534;527755.638;527755.831;122.0653;284.9662;284.9681;
495076.213;506290.271;506291.089;96.6324;420.7390;420.6860;
424359.322;529185.919;529188.516;-718.1075;151.9187;151.9436;
959814.767;517623.592;517607.654;15.9860;-68.9185;-68.9458;
541309.003;516337.522;516339.416;-20.0299;246.6506;246.5981;
448128.541;525356.629;525358.760;-382.9677;115.0940;115.0738;
469369.772;505002.142;505003.333;911.3958;129.0241;128.9830;
465479.698;526633.033;526632.928;396.8059;-552.0874;-552.0281;
483832.223;508188.437;508189.629;864.3943;-328.2705;-328.3251;
559693.301;510106.246;510103.517;476.7094;-420.3144;-420.5294;
332475.292;170139.869;170132.728;-322.9197;-130.5490;-130.5773;
467417.432;545106.752;545106.759;9.2872;-68.6797;-68.6835;
937811.071;506756.989;506739.603;-105.6300;16.1755;16.1856;
599992.566;419336.716;419336.083;-247.4431;-27.0855;-27.0912;
451582.927;509717.331;509718.931;472.7827;14.4846;14.4136;
518157.128;485011.018;485010.064;455.6855;252.1464;252.1998;
486242.233;585072.205;585066.997;-674.6335;-325.9459;-325.8413;
533432.884;528397.935;528398.142;293.1663;-41.7333;-41.7302;
480711.281;505359.818;505360.619;202.4550;273.1638;273.1646;
468309.332;526933.168;526934.150;917.4722;313.4446;313.4986;
436489.848;514143.403;514144.491;-191.3772;16.0048;15.9592;
486887.564;505129.273;505131.559;332.1991;-203.7945;-203.7434;
474749.707;518666.927;518667.882;643.4035;374.1288;374.1736;
451709.696;494620.276;494618.633;348.2445;-12.8057;-12.6714;
