# This file was created for the Modelling and Simulation course, RUG (September-November 2019).
#
# Project: Simulate colliding galaxies, using Barnes-Hut algorithm.
#
# Students:
#     Stefan Evanghelides (s2895323)
#     Hidde Folkertsma (s2759799)
#
#     X         Y         Z         DX        DY        DZ
457824.911;545039.601;545004.891;69.3705;61.9319;61.7704;
479570.791;567803.794;567903.525;242.8424;-244.5437;-247.5843;
740682.016;844857.031;844840.717;80.1155;-64.1644;-64.1746;
390287.960;764396.943;764925.105;-110.2672;269.6949;270.2315;
453764.849;546270.300;546187.301;39.0043;134.3562;131.5527;
469862.549;546421.359;546390.301;-836.5973;-60.4167;-55.6389;
478802.960;460369.005;460169.265;437.7120;292.8851;294.9335;
441683.368;662564.916;662523.720;421.6093;6.9391;9.0492;
531559.747;542939.839;542694.750;-813.7212;41.6674;45.4620;
383066.778;635660.746;635670.767;-97.1896;-237.9819;-239.1689;
646010.169;445759.989;445605.194;-1.0640;112.1465;113.7232;
310171.145;457932.369;458078.053;-68.1025;-24.3596;-21.1150;
488337.233;551279.857;551210.409;-653.9064;351.1041;354.7879;
493934.268;525673.345;525437.882;-588.1899;170.2893;175.7742;
150726.360;609869.887;609756.521;-127.6686;-35.6415;-36.0348;
535081.224;596432.854;596388.075;120.7123;26.4184;26.0275;
453597.212;554654.153;554580.829;-945.2307;240.8675;239.7367;
535281.760;566137.197;566045.047;305.7056;145.0857;137.6355;
613908.675;621191.179;621254.810;-111.6927;26.2974;25.0785;
333426.778;530731.128;530063.841;-228.9526;53.1078;48.5851;
451407.058;535097.107;535100.190;159.1133;98.6310;102.6545;
278747.892;511075.818;510852.169;-9.1069;-185.8654;-187.8782;
459247.798;558993.238;559069.306;-376.8486;298.9034;301.9496;
439170.260;535543.268;535526.568;69.2880;-474.2385;-472.8127;
422154.358;542069.233;541882.168;627.2231;186.7632;193.4366;
479863.887;545552.354;545496.759;458.1904;468.3151;470.4972;
472083.666;525719.294;525651.266;35.2389;60.3122;59.9655;
462022.355;543587.511;543586.207;-112.6699;-401.7009;-405.9285;
454045.666;546387.601;546331.677;184.4733;-128.0256;-128.2227;
478734.273;533535.711;533419.854;382.8943;-124.4747;-125.3126;
891693.943;163433.325;163459.637;25.7015;-34.5067;-34.5098;
657458.004;561713.469;560668.611;-152.2773;88.3774;86.5200;
493835.998;556902.951;556887.019;118.3265;190.3190;193.0336;
472093.274;561653.607;561639.134;278.0102;-319.2342;-315.9326;
573654.512;530518.725;530329.928;-26.2399;-120.5631;-116.8198;
477460.609;559803.227;559813.875;-568.3053;-209.3434;-211.1395;
313227.317;528144.232;527019.766;-453.8087;-151.6238;-156.0026;
482497.476;551224.450;551179.362;-109.0009;-173.6715;-174.9810;
407794.514;555266.351;555122.752;395.7514;322.0664;324.8592;
458898.222;545570.952;545575.825;245.1111;-389.9411;-391.8268;
461476.219;553732.975;553721.494;139.0931;367.6997;368.9986;
163965.201;404591.696;404440.611;-11.3929;-18.2403;-18.1677;
480387.483;560359.128;560453.304;223.9983;-322.1367;-322.2112;
419497.516;507382.728;507233.768;-615.7267;-162.8893;-165.3373;
388424.288;696377.335;696538.983;22.1079;-10.1635;-10.8962;
468483.808;538920.489;538854.688;946.2494;-170.9409;-172.0478;
449822.075;514563.762;514473.603;153.8338;-136.5215;-137.9147;
777330.090;192645.627;192663.073;-56.2963;75.6961;75.6833;
479616.104;542442.196;542346.771;-173.6764;763.2985;763.0386;
818121.186;706851.853;705629.930;-83.3571;27.7357;26.9049;
451547.369;565725.843;565620.424;-625.8892;267.8929;269.8426;
475427.902;538305.701;538167.555;-742.4647;80.4356;81.7495;
486749.219;548414.635;548355.219;667.7795;-64.4482;-65.6089;
452651.707;550704.240;550615.445;1052.2177;-183.8349;-180.9656;
461472.547;455359.882;455216.337;-430.0415;-369.7662;-369.9372;
423316.882;528231.255;528079.600;-11.1214;28.9363;24.2603;
489695.000;486801.474;486718.364;357.1866;323.7157;327.1788;
478006.922;535390.280;535312.613;18.4023;772.1056;769.6696;
720135.731;431270.270;431582.094;-229.8364;41.7612;42.5587;
506427.142;548483.839;548565.837;-204.2034;-124.0086;-126.4667;
979053.126;644288.466;644060.917;-27.0629;26.9410;26.7425;
473743.987;526213.341;526139.974;1.8258;150.6402;150.7064;
51043.891;473512.366;473335.780;-58.9475;81.6815;81.6263;
981749.114;306348.980;306510.635;145.0080;-21.3009;-21.1931;
469974.540;529148.733;529090.354;1315.1304;207.5470;214.6654;
402584.587;538494.417;538574.475;-298.3432;-486.0292;-487.6494;
472130.031;537842.223;537844.818;572.2455;169.0414;166.2194;
102334.453;148554.537;147766.640;-62.5306;-131.5527;-131.7782;
492058.676;523518.007;523305.353;242.7141;-797.9486;-801.3716;
389312.864;571505.981;571103.353;-154.9285;112.3948;107.5725;
462830.943;556867.905;556798.549;94.2969;364.7529;367.1129;
287749.163;555780.928;555767.660;66.7153;141.8834;142.0349;
475258.578;620311.497;620070.295;30.4437;-77.3185;-80.3106;
412956.909;498674.964;498508.162;135.3040;147.4446;146.6485;
767147.526;516336.921;515755.386;132.1783;-4.5043;-5.6367;
320972.245;612743.028;612975.519;242.3098;222.5773;223.2305;
470919.339;504983.252;504879.321;-55.6250;-281.7666;-282.7894;
460896.446;499840.264;499611.077;227.5974;-352.7590;-354.6348;
500274.683;519899.485;519674.457;63.9814;-317.5120;-319.9523;
483148.921;529944.494;529979.760;871.6446;671.2103;674.4886;
464928.722;521502.657;521381.037;-5.7160;-196.9046;-194.3555;
430450.839;536085.046;536005.493;140.6318;-123.8646;-127.0078;
463275.337;538870.752;538792.513;1182.5782;177.1809;181.5449;
786453.923;509458.175;508513.782;2.0414;-45.6285;-46.3114;
448365.572;515792.078;515534.883;-864.8136;-199.1007;-202.2922;
461644.429;521314.947;521214.641;-100.2695;233.0238;234.4476;
419900.636;532341.486;532252.482;-32.6632;-25.6494;-30.4513;
443896.376;539484.585;539464.974;197.1735;57.1949;59.3086;
463393.005;552362.822;552364.475;-630.0184;-538.3513;-542.0352;
463727.920;533306.699;533221.347;-0.7018;147.1271;149.4683;
435914.683;528369.075;528239.277;5.3972;-455.0973;-454.5324;
494423.393;558546.957;558740.322;601.8419;-807.6985;-813.8491;
459447.467;576904.534;576978.480;-753.4282;-525.5547;-525.0255;
473526.785;536432.417;536377.711;118.0270;-326.4932;-328.5485;
407346.884;549517.983;549286.134;33.1460;321.4806;321.9042;
450147.804;474703.378;474578.987;-299.1167;360.1868;359.3839;
464728.908;532958.370;532803.120;-1123.1925;716.3639;720.9438;
588922.816;566405.584;566441.923;265.8684;422.6019;421.6929;
414926.782;611047.425;611018.136;160.4616;276.6687;276.5949;
735460.181;611429.840;611208.657;-27.7780;1.1546;0.7905;
450360.208;506600.946;506416.169;-139.2315;-110.2061;-110.6559;
372976.694;491106.434;490906.885;39.5383;368.1048;367.3016;
482591.619;543762.073;543706.233;-1.9510;-599.2954;-603.4399;
893382.265;465142.271;465129.427;-0.1060;-2.5713;-2.5429;
460986.860;527447.574;527323.514;-459.5689;48.2761;50.5098;
473055.731;537599.468;537490.590;-724.7336;-350.3401;-350.3041;
503556.027;545491.673;545501.560;212.6300;-368.6559;-369.5091;
578505.473;603097.289;603535.409;481.9307;207.3337;208.6012;
478387.585;587436.168;587390.665;24.1268;211.4230;212.4251;
241619.440;949818.161;949610.800;-87.5913;74.5677;74.4965;
470565.431;554434.667;554411.485;373.0052;261.8120;261.9199;
449508.531;548429.671;548333.847;-28.0104;205.3553;205.5693;
457220.339;552559.699;552565.002;-164.6187;-129.8089;-129.8476;
449272.539;494822.692;494502.779;286.8277;73.9169;73.6070;
499041.555;533591.167;533525.877;311.6295;138.2739;137.4588;
404248.586;275677.252;275316.380;2.6160;-66.2966;-66.7861;
505507.997;557530.802;557425.594;108.3157;379.8862;383.2686;
475686.006;540947.265;540895.161;-373.4048;-765.2603;-766.3176;
209825.941;447457.501;446904.400;-242.2673;-92.8810;-94.6974;
195686.987;353067.548;352960.022;-154.0132;100.8749;100.7967;
539221.143;524393.725;524054.963;168.8838;-335.4705;-338.4974;
468506.834;522278.971;522148.822;1431.3760;115.1632;120.5749;
435193.094;550507.506;550484.498;-81.6490;502.9263;503.9397;
627098.951;401468.668;402888.745;-398.0968;-23.1462;-23.3632;
524097.715;602933.604;603019.857;-279.4061;-90.0818;-90.1960;
499900.532;626179.176;626061.011;207.8050;-56.1151;-55.6335;
460457.691;549378.339;549356.459;-923.4759;599.9725;606.0671;
471566.575;546272.986;546217.015;-75.9034;418.5483;424.5639;
583253.427;363850.619;363031.719;-28.7502;-181.3206;-182.5587;
513280.154;546698.928;546599.082;317.4098;-235.6856;-239.0842;
500867.489;501551.583;501335.366;258.0596;-180.7963;-182.6556;
543788.065;532679.248;532567.394;-206.3231;-539.3177;-546.3635;
476036.745;543326.703;543207.342;-825.8955;-511.4807;-514.4481;
514443.931;391902.908;391367.848;252.6085;290.0469;290.3382;
464936.715;553693.432;553737.450;-613.8721;-478.3510;-479.5805;
499776.476;554393.696;554378.783;443.9153;-466.6600;-465.6750;
468515.425;591029.224;590806.793;187.0926;-293.2481;-293.4369;
271820.765;536370.251;535497.407;-151.3780;318.8036;316.9761;
475828.088;550481.253;550481.845;254.0505;-79.3070;-77.9289;
523954.936;562058.705;561673.726;-781.5113;39.4213;38.7051;
505037.751;561856.005;561980.175;-228.3246;15.7606;10.5937;
456511.820;533919.674;533847.665;-280.6843;-613.9079;-613.2989;
556983.265;538154.276;537731.491;-25.8541;-6.0224;-4.7286;
457488.441;523773.166;523661.487;685.2087;-681.8113;-685.7387;
451428.751;539647.811;539509.315;438.6889;945.2992;945.6507;
497492.426;538415.659;538384.411;418.8858;-221.1853;-221.9931;
460241.645;531066.471;530937.240;-528.1203;251.9841;250.6014;
490993.446;530775.397;530685.547;305.0664;-198.5458;-198.4778;
461475.125;552633.468;552630.696;-574.8488;463.9707;462.0258;
495365.629;544889.202;544723.083;-507.9662;565.5782;566.2241;
531586.445;502963.053;502842.707;113.0473;183.8051;184.8552;
444679.337;539729.079;539847.577;-735.2642;-503.1569;-503.4460;
523300.069;656247.098;656331.561;333.4528;139.1997;139.8939;
473819.181;530834.860;530777.171;-3.4938;-146.1623;-146.3261;
445297.182;544132.368;544081.390;178.6431;-53.4034;-53.3024;
110808.137;613376.214;613249.689;-86.1214;-103.3452;-103.7851;
491886.768;555493.505;555497.002;-299.9271;96.8390;98.4575;
558758.405;540828.258;540744.159;110.6380;475.1425;473.2554;
454437.849;536532.794;536475.102;-126.8949;608.7593;606.7586;
526705.473;553175.563;552870.516;-499.0404;6.9595;10.4941;
470608.050;538990.449;538938.332;435.3909;-164.6832;-166.3023;
484800.076;545703.135;545700.883;274.7051;-154.7513;-154.7978;
482059.876;520597.345;520508.961;208.9868;213.6633;212.6954;
