# This file was created for the Modelling and Simulation course, RUG (September-November 2019).
#
# Project: Simulate colliding galaxies, using Barnes-Hut algorithm.
#
# Students:
#     Stefan Evanghelides (s2895323)
#     Hidde Folkertsma (s2759799)
#
#     X         Y         Z         DX        DY        DZ
506625.156;555623.631;554658.281;93.3952;-194.5013;-194.0065;
496278.618;570299.692;569757.395;-460.2989;230.1577;201.1469;
771541.868;529683.614;528876.833;-117.7494;-167.6798;-168.3191;
492295.944;526587.532;525137.628;-103.0876;-138.2405;-142.2521;
464837.045;543184.485;540625.289;-763.3130;8.7108;-32.6218;
448890.231;647936.732;645204.406;438.5844;92.5165;90.8219;
599150.544;929510.399;940874.698;-8.6383;46.1119;55.2650;
357895.914;503355.736;504371.084;433.9762;-125.0783;-121.3044;
460636.985;504402.854;504424.038;-182.5440;-496.3663;-500.6928;
505253.803;554376.763;554069.931;-990.3433;246.9356;194.4421;
493986.634;535218.701;534244.039;222.7812;-562.7170;-525.3080;
627159.761;592819.166;593916.786;182.9571;312.6048;314.7988;
505261.395;530254.121;529773.613;1177.9370;-34.5418;-30.1292;
488872.879;587325.320;586334.068;386.3329;-3.1445;20.7868;
560777.345;612242.983;607025.602;-274.8228;-341.0982;-344.6658;
436226.902;487225.065;481873.444;102.0954;226.5940;230.8912;
477306.462;533299.483;532303.698;-276.2331;215.1185;180.5583;
32304.624;605373.871;602860.001;-262.6713;-58.3415;-60.4162;
513188.315;498434.594;502484.175;-625.0285;201.9917;185.2478;
470001.877;534102.842;532043.796;-803.3925;-30.8179;-73.9382;
412993.637;504832.684;502083.847;-288.8823;57.9348;30.3133;
483863.654;540444.861;538807.822;227.3136;-426.8457;-406.6438;
484361.344;538542.696;536945.334;341.2700;-162.0082;-142.9484;
506608.443;567179.763;566021.409;379.8598;257.5120;275.2371;
475630.758;527059.444;525227.577;743.0159;382.2135;423.7516;
511530.520;530303.671;529670.758;694.9374;-109.3797;-131.1249;
877990.507;144979.642;144931.304;-33.3833;20.3684;20.2767;
459490.250;516633.286;516362.140;-675.6008;-574.6465;-584.1758;
488208.553;537511.676;535950.749;-536.3080;71.5362;22.2764;
492975.926;556958.378;555744.058;945.8894;-297.9934;-287.3918;
739764.798;495799.639;496733.390;59.6311;24.1924;30.3679;
499818.011;545128.261;544852.159;-913.1886;398.3591;344.8918;
417119.545;408574.708;403867.309;42.0981;-142.8932;-127.4706;
423218.070;570978.651;565649.953;54.1405;114.9656;104.7167;
520741.650;565639.366;565569.727;5.6138;159.2425;172.1351;
484291.614;512923.974;512765.006;-175.1279;167.2875;165.1841;
501216.709;542191.764;541373.625;-23.8527;87.7437;81.9548;
432321.072;451799.034;448073.459;-151.8617;342.6738;346.4441;
516534.214;543512.663;543794.262;288.0504;481.3382;432.6078;
494749.185;543335.032;541561.185;434.6343;133.5059;132.3720;
484760.595;530254.468;528032.911;1208.4923;-108.0535;-161.7913;
494111.402;529907.923;529984.758;-634.4544;-817.8455;-761.7685;
542939.086;542366.878;543218.240;365.5127;112.9053;120.1007;
501937.608;555324.292;554200.182;-45.0784;885.3203;872.0436;
621368.510;418655.683;418361.693;320.7795;-55.9105;-47.3586;
634742.307;425149.607;426831.004;305.9152;-143.8435;-133.2254;
479293.206;538731.920;537596.310;805.3183;482.1381;499.6011;
518035.532;546435.130;546493.774;531.9464;469.8734;490.9776;
414719.629;513112.398;510147.339;-455.7081;320.7477;315.8303;
640380.844;272063.471;271314.548;82.5608;-308.2782;-316.4002;
504746.011;563103.739;563184.156;-490.7396;49.3876;37.4211;
487574.453;519464.762;518397.100;-81.9834;553.7630;550.2456;
527045.750;565395.990;565616.597;-126.5320;310.0684;313.7958;
404243.311;587167.093;587217.567;412.5476;66.4575;89.5483;
467927.613;665015.322;663027.867;-237.3337;116.2919;102.0437;
536369.665;590711.868;591782.652;-475.8080;-219.9453;-217.4524;
495420.520;550020.083;549078.377;-59.1457;-774.3464;-746.0618;
162114.518;674425.453;673944.963;136.7100;49.8160;49.6047;
451442.338;543993.352;542181.511;276.4505;536.0605;511.8143;
500820.517;542023.556;541328.568;-16.4951;-274.7687;-258.4876;
491144.500;516175.031;515981.941;-387.2446;218.0286;192.1567;
500200.230;536949.386;536217.133;123.3812;12.4856;44.9298;
512359.550;519067.912;519048.857;186.9942;-33.2296;-5.8334;
469019.169;536540.561;534518.073;-143.4897;339.2435;330.2089;
471167.048;530171.076;528126.798;-918.9890;154.4129;43.9405;
432058.401;389710.820;391020.259;22.2147;253.6923;255.7631;
492755.200;499036.046;500278.254;-333.9315;158.3073;158.8044;
669611.493;496250.445;495453.621;-230.7983;82.8638;85.0846;
822502.184;429569.363;425773.914;424.9813;-265.3130;-297.3872;
504678.860;530283.688;529341.807;1289.2586;-441.2796;-400.2533;
396553.831;482206.310;475919.603;28.0927;-89.1359;-97.6891;
512858.910;590215.637;589967.698;37.5561;27.9271;-7.5846;
587550.685;459716.104;461729.039;438.5657;-139.7420;-138.9153;
486959.510;545562.948;544319.310;-15.1561;-615.9800;-625.3580;
481507.575;545532.837;543713.362;14.0492;-359.2769;-374.5419;
636820.318;425279.931;424966.383;272.0546;107.2116;129.0187;
607197.409;455925.470;457910.715;370.3155;-246.4246;-283.7620;
502244.036;538973.330;538857.415;100.0429;47.1267;49.7670;
508468.469;542963.992;542859.555;65.1566;-0.7873;1.5560;
468103.355;523752.135;523552.849;368.8606;-192.2471;-42.2476;
485684.328;544691.413;543902.592;-181.1948;359.5508;350.8131;
466841.867;540948.350;539270.107;-243.6434;155.2503;118.4286;
493761.659;521719.607;521518.528;48.3528;83.2227;99.3217;
569343.107;599574.583;601071.155;99.4450;98.0299;100.0473;
494724.223;510375.818;510204.668;122.2521;126.0485;91.8176;
401196.466;238049.525;224593.003;116.7009;-156.3343;-162.7068;
494143.150;544663.522;543491.543;-669.5078;-50.2351;-74.5539;
773834.616;614033.211;612755.243;19.6187;-56.3714;-56.8576;
944932.857;620658.157;619191.206;-21.8470;-61.2237;-62.2480;
538010.023;511498.796;509858.841;-482.1894;582.1249;623.1370;
427575.012;556729.315;555055.606;-509.2646;-284.0644;-287.6688;
456865.344;592527.070;590056.794;443.7163;64.9554;63.2955;
432228.117;518116.280;515300.874;26.2269;322.5371;321.0775;
739225.921;631228.478;634051.454;278.7359;-26.6516;-26.6377;
462184.953;536374.646;534534.602;758.8964;-156.9275;-135.2848;
572859.238;519015.726;522204.625;-415.6690;59.7742;80.9732;
486644.411;553232.491;551277.480;-303.5026;-89.0729;-102.9163;
505635.869;513376.486;512580.256;-136.8738;-503.8771;-462.1639;
551145.982;426827.129;431075.316;-142.5980;-210.9934;-200.2781;
906538.833;722609.321;719904.295;-32.3545;-36.6001;-37.0404;
501460.411;570184.034;569939.159;-88.2106;-71.7777;-72.8032;
483269.588;534256.430;533239.469;551.7016;10.4524;39.0803;
474337.672;530384.263;528109.282;195.4955;-827.7439;-795.9200;
474251.688;560192.243;558089.655;-613.1062;-265.0239;-306.7597;
518921.104;538608.491;538515.066;631.9107;-128.0628;-104.7321;
502670.160;536783.744;536453.062;56.7076;-197.5631;-171.1864;
442588.881;253778.063;251871.927;20.2713;50.9516;49.1737;
474575.738;535891.959;534428.727;1284.6823;34.0528;45.9520;
396383.142;542555.906;535206.680;147.3958;198.9435;188.7534;
912107.311;383551.635;365066.076;92.8409;-132.3427;-144.6919;
325279.504;453737.234;450047.708;-152.0138;114.3967;108.7603;
496668.842;530294.882;529751.178;-133.4735;196.4487;205.3869;
484214.012;518280.553;517818.775;-850.3885;169.6310;139.1880;
488909.427;535899.754;535704.243;-624.7594;-406.9503;-428.4452;
915379.691;933643.461;927685.612;237.6366;68.8169;62.6233;
435605.353;450533.876;450500.979;294.9494;51.1685;34.4494;
420978.789;538061.049;530237.900;-578.5791;354.3929;335.2417;
480681.250;548313.504;546176.207;-477.3995;1018.3826;883.0392;
467517.948;528578.673;526747.549;-30.4759;264.7774;259.8676;
376137.213;417194.214;409343.902;15.2382;247.9077;246.0972;
503279.106;532766.331;532167.993;741.8497;-110.6788;-53.9775;
487914.575;537561.673;536313.207;394.7734;-530.7363;-536.3768;
390222.320;599221.380;597183.402;250.3452;-261.2226;-256.8918;
494382.181;538802.622;538000.298;37.4112;79.0386;95.8329;
467826.475;553157.894;550887.671;-886.7553;-399.2723;-459.1784;
510617.399;543212.792;543222.091;961.4606;-598.3242;-547.3917;
824374.739;459387.960;452251.613;33.1035;-64.9930;-66.7711;
419915.917;473470.231;458841.688;-514.2595;228.7449;192.3340;
489302.123;546135.567;544878.493;288.6606;-177.0167;-179.8502;
493858.951;541992.546;540874.158;-1427.8139;890.4299;814.6900;
537159.678;520752.319;524188.023;-531.6892;78.7830;41.9031;
495735.101;542172.176;540750.518;289.7182;-382.0714;-377.2477;
464193.785;555196.659;551610.332;-790.2418;508.3171;432.0965;
536315.406;495681.685;494785.630;250.3916;-36.8590;-27.6555;
401580.349;600490.657;602819.111;320.0641;-137.3810;-123.9562;
488694.275;556016.647;554568.307;-276.5651;-12.7014;-23.8789;
484902.663;548210.111;546870.948;-19.8168;-35.1535;-61.9668;
494672.662;536891.294;535437.952;607.9033;360.4675;361.1288;
495048.227;525965.031;525121.519;930.2116;-119.1424;-57.1024;
466400.420;541440.747;539224.317;263.9068;625.1497;630.9801;
474127.748;520934.438;519038.717;851.9632;-372.2164;-313.7910;
469051.261;552627.397;550821.909;-777.2940;-204.3937;-277.8815;
419020.645;563229.016;559118.567;20.4353;135.9607;151.9240;
497250.054;506520.795;505645.445;40.7659;204.2392;213.5145;
573927.540;574849.371;577257.466;-692.7537;144.7162;119.9380;
487291.725;540926.646;539540.677;534.0539;-885.8424;-787.4646;
602835.696;489479.815;490610.547;162.1804;98.0741;107.4028;
510141.664;540951.113;541059.820;234.4803;222.8351;228.9422;
487103.150;528729.344;527288.125;197.9491;-516.5892;-471.3759;
505367.223;545039.204;544451.223;-243.3143;-992.1775;-915.8142;
482518.195;537023.331;535849.498;423.2967;226.9162;248.1653;
