# This file was created for the Modelling and Simulation course, RUG (September-November 2019).
#
# Project: Simulate colliding galaxies, using Barnes-Hut algorithm.
#
# Students:
#     Stefan Evanghelides (s2895323)
#     Hidde Folkertsma (s2759799)
#
#     X         Y         Z         DX        DY        DZ
567801.083;529250.026;523281.615;95.2209;-203.2391;-192.1029;
544857.118;532963.467;529926.268;-322.4204;-73.9698;-94.2233;
483040.263;394978.716;403569.229;-331.7161;-23.2157;-14.7775;
527290.054;555161.971;551033.706;-534.9030;947.7095;817.3808;
544216.133;539924.137;536682.090;720.7501;-186.6768;-197.8027;
605771.609;446529.953;452484.235;-314.6546;-141.3220;-137.2506;
580590.273;936734.636;956441.880;-24.2855;-33.3002;-27.7414;
516482.777;792777.776;798813.915;-107.6464;127.5876;104.6242;
550303.544;597980.463;609398.919;50.8399;-344.9001;-275.9580;
502507.973;565936.959;558312.444;-458.5995;-907.7246;-951.8987;
519894.097;549801.634;546629.099;446.4105;580.5482;529.7559;
533283.113;715029.710;717020.483;-210.7854;-75.5854;-72.7367;
531152.925;554079.871;549586.392;244.0872;-88.2300;-153.9271;
548377.986;510451.138;516089.868;-478.7065;492.0459;464.6498;
396086.172;365265.778;347414.198;175.1113;-46.6777;5.5885;
509018.316;547246.714;540772.192;-1126.2359;-91.1382;-307.6505;
517526.755;561054.826;556336.026;31.8928;106.9237;70.9003;
537068.726;472251.562;486473.907;-48.3321;-204.0246;-177.8149;
443303.492;567945.344;552523.877;-293.5416;168.5456;98.2448;
532066.471;517838.076;513552.933;455.7749;76.4015;24.3795;
509645.881;556983.216;550890.730;-232.6783;111.0585;-1.6053;
520704.625;558679.554;554696.483;-961.1564;-312.4460;-362.5836;
538779.806;561746.952;556998.807;359.1232;367.9650;357.9925;
540034.378;571593.227;567039.923;203.0109;-49.8314;-87.1574;
508235.580;535648.315;533029.457;-45.8127;36.9471;-7.8428;
826455.943;183207.277;182872.855;-59.7282;49.3662;48.9671;
662673.351;619064.167;654293.703;139.7969;-47.2877;72.6877;
488705.731;560538.588;556334.991;102.5418;385.2705;355.8125;
519932.040;554629.863;550957.921;315.0588;773.5084;693.4309;
286606.930;515306.243;515897.494;-115.2901;-132.5297;-30.1422;
438117.881;523016.518;520142.805;-105.8447;-89.6353;-77.1103;
318016.353;571477.301;597614.111;-110.0608;-92.6900;-49.4426;
614562.587;652690.668;657225.468;317.3668;202.9027;246.2927;
458469.917;558726.625;550743.504;84.4402;-218.0310;-216.2031;
531442.631;569525.108;563090.882;51.1978;-419.4345;-359.9270;
520638.646;543478.681;540860.993;-883.7492;352.4592;352.3907;
567710.096;619809.839;617936.449;513.2475;87.6463;111.4348;
532219.206;545078.584;540722.504;650.5409;-129.5112;-167.8807;
534159.335;548397.790;543624.248;-209.4856;-584.5728;-560.0288;
565536.985;545235.818;539578.767;398.2842;130.7788;114.7714;
530281.154;564396.052;558549.415;308.5765;259.0775;168.9533;
512439.206;535063.378;533500.308;657.2722;337.5095;350.3493;
421152.519;608426.738;604158.709;285.6784;-290.6913;-314.0303;
889167.339;445627.306;441362.724;147.9086;65.4264;58.9465;
853771.097;387961.849;375400.271;169.6057;-2.5002;-6.6612;
520819.423;551915.155;547337.317;-443.7278;-60.8856;-76.6546;
530219.965;551567.746;546578.953;906.9938;-205.1044;-199.3421;
519184.623;545653.844;542473.974;-1050.0146;-654.0183;-580.6353;
530231.788;557354.919;551796.609;-443.3664;1202.0704;907.0922;
521778.122;536641.257;532264.057;-139.7934;26.6318;56.6795;
540392.681;563163.611;556684.502;-378.9596;95.8374;138.7042;
341153.941;353242.668;336309.029;-214.7009;18.3831;-107.6410;
316093.955;620980.218;609229.647;10.3278;-151.8500;-148.5703;
699130.656;383809.420;405232.507;151.2758;-10.6438;3.7182;
582930.101;624808.852;628016.450;244.0616;-14.5044;81.5250;
361876.411;702311.052;701212.348;227.2795;-11.3857;-12.5870;
544349.996;551770.489;547348.858;-387.6035;247.5757;172.7465;
524982.533;530887.795;527883.393;-230.8537;129.5946;92.1729;
543742.243;527116.715;524444.814;-507.2692;-168.3272;-149.3573;
540680.605;529775.423;528106.798;-11.3605;379.4531;322.2727;
538921.435;551248.775;547234.098;688.5010;605.2524;612.5693;
524947.662;550151.475;545270.501;-518.6498;-133.9375;-96.9783;
617818.477;528767.289;527287.156;-197.3939;-90.1401;-133.7996;
455093.129;507866.284;506238.269;-291.7088;321.9579;361.0475;
538644.584;549622.424;546293.807;344.9403;-953.8945;-939.2395;
253977.469;630826.299;583934.437;-200.0639;68.1049;41.5410;
325397.307;542688.786;528483.277;-249.5492;46.2165;-36.2425;
425712.476;605971.099;599545.536;-118.8554;6.9116;25.2609;
546484.957;534850.380;532281.734;295.0861;212.1305;167.4062;
877222.562;434293.950;430507.100;116.7019;-6.5838;-24.5824;
529310.232;547760.311;542900.337;706.8078;-86.7904;-115.2580;
551122.347;546825.032;542993.259;628.7817;91.9262;122.1726;
464223.650;492468.356;486861.076;340.2681;129.4260;142.4546;
881680.328;367926.643;375626.429;138.5893;24.9445;26.7566;
520350.637;553411.557;548217.123;32.7592;105.3037;107.8831;
512260.674;551963.166;547995.610;-830.8593;420.4258;390.2344;
501648.586;602600.325;595735.456;-569.0331;132.0073;168.8308;
544816.848;568258.281;564241.665;66.4078;330.4171;249.8179;
536306.458;545531.309;541850.028;-277.1530;350.9358;295.9825;
532070.765;554267.002;550015.716;537.4450;736.3301;724.7785;
331089.943;347257.180;334243.201;66.5508;-16.2936;24.2067;
504574.285;551342.288;548215.804;-245.4469;-492.0135;-412.2842;
548185.427;134685.045;117822.700;137.1384;-41.4562;-42.2352;
527295.683;556194.232;550398.827;157.0121;-721.7620;-627.5766;
730954.743;542512.534;541844.862;-111.6145;-71.6357;-70.9545;
823661.727;546141.587;544725.632;-214.2396;-66.0823;-64.1830;
525622.574;509453.997;504760.312;-71.0270;-167.8196;-55.5647;
561127.544;526354.891;527455.205;597.0657;503.7848;483.3699;
300826.339;536178.243;519219.797;-119.6617;135.0665;201.7563;
631841.619;466408.121;465573.169;-61.0279;-172.1137;-171.7161;
932748.262;557439.293;556510.066;82.2052;-91.9969;-98.0568;
515082.022;553333.007;549720.776;-446.6282;361.6953;338.5147;
596312.631;520963.487;526177.345;47.9333;-44.1601;-4.0412;
531443.776;540249.299;535548.803;535.9250;6.8979;55.1151;
480012.957;547079.118;544175.315;-125.7729;503.2572;494.4551;
352949.210;390667.456;404762.778;-147.9952;78.6954;91.5646;
800738.091;647457.946;644684.855;-178.1314;-105.4086;-104.9030;
563995.923;544773.826;539230.835;-16.0545;71.3129;42.4396;
532143.592;532398.233;527191.265;124.2615;-361.0779;-310.9458;
488263.043;570935.242;561122.916;-585.8129;13.9775;-60.4272;
532973.294;525795.402;525350.383;724.7723;-1.2423;-0.4964;
409003.177;629286.275;622255.566;147.6538;138.8034;163.3836;
486142.887;551167.875;546333.574;152.3180;101.1375;119.7928;
461010.516;344146.297;329751.903;2.5304;120.0775;84.7047;
513132.612;544937.980;542999.461;-642.5556;345.6568;449.5632;
472841.947;448815.358;458759.428;94.6798;266.5538;224.2199;
958283.475;309131.364;316852.319;-25.6709;-18.4336;16.2994;
603719.590;545624.725;542090.053;246.3715;-327.6786;-376.4585;
514293.748;564493.380;560409.445;621.5195;262.1882;156.2644;
505133.519;563079.199;557440.674;549.0156;-142.8571;-112.4023;
530110.916;526875.562;522771.248;62.6842;110.9158;119.4136;
361129.067;542626.092;538141.775;-147.9404;-199.3040;-157.5733;
386925.011;405543.382;422053.807;-139.6912;132.5542;100.4095;
519054.775;536678.736;533535.450;-532.5605;-1110.0510;-543.2601;
531732.748;562596.063;557028.047;750.9229;41.4687;-16.9225;
643434.635;473332.706;473520.618;-195.9565;-55.3567;-91.9585;
511328.934;558458.229;553955.511;-520.5672;-109.1820;-74.2865;
536596.076;554785.394;549180.590;-43.3515;-180.7846;-225.4830;
306111.256;505917.413;522975.850;-43.2852;45.9809;-86.4639;
525861.092;558514.810;552696.081;173.8420;33.8686;6.4008;
484522.680;566956.725;558804.838;-395.0950;243.7645;243.6535;
532324.411;540163.486;535809.447;462.2230;336.7207;267.2855;
751952.291;410829.290;414123.120;-149.9143;-8.7215;13.8954;
506445.453;437159.515;481501.511;-343.9863;230.8537;130.7156;
514338.184;546791.202;543652.543;919.7265;-64.8576;-140.1762;
512488.652;525876.829;526868.022;498.0311;-935.5963;-602.6666;
531516.379;567449.033;562704.122;-1224.1635;287.0066;307.4837;
528836.542;556378.599;550187.088;199.2601;-287.6713;-370.4731;
501094.495;545191.306;544015.433;-177.3353;-135.9027;-201.7475;
545654.198;520116.715;522069.350;856.2966;-450.8847;-242.1794;
333806.940;531062.826;537202.441;-279.7419;-92.0027;-56.7419;
467830.396;510597.881;506534.177;-0.0267;-159.0001;-140.9962;
512104.703;551223.632;548818.090;347.5941;210.1280;221.2451;
506336.856;554856.815;550539.689;97.5515;19.3190;55.1105;
503905.496;550472.717;545083.996;-169.4972;-96.9088;-155.9516;
522681.616;545436.508;542156.914;394.0397;-137.4935;-114.7285;
515061.415;561635.573;555969.404;433.9158;675.4738;614.8173;
483405.611;518759.572;515042.964;674.8032;-40.7655;68.7836;
548597.868;560496.577;553552.147;664.9771;-725.9456;-614.5616;
530009.340;577870.858;577257.129;373.4522;-468.2043;-467.5054;
500002.025;283109.963;274309.815;166.4142;-62.6170;-28.9499;
514942.067;542382.732;540320.251;1018.8755;437.2826;371.6861;
448160.706;532598.257;531643.495;74.1909;-140.4518;-108.7305;
513387.058;548118.169;543486.700;211.6682;27.1018;-4.5775;
533721.054;557780.223;552089.258;-593.8377;-501.1446;-644.9301;
531247.767;547182.550;541371.460;-174.9690;-1023.4614;-891.7794;
501058.775;547572.093;543135.082;-12.8459;299.1379;312.7596;
