# This file was created for the Modelling and Simulation course, RUG (September-November 2019).
#
# Project: Simulate colliding galaxies, using Barnes-Hut algorithm.
#
# Students:
#     Stefan Evanghelides (s2895323)
#     Hidde Folkertsma (s2759799)
#
#     X         Y         Z         DX        DY        DZ
530057.614;517909.601;517911.301;-188.1312;-162.4679;-162.4710;
578225.695;533594.938;533583.272;-306.3239;-6.8893;-7.0329;
377409.674;832414.375;832408.430;106.7406;83.9678;83.9655;
206134.997;305805.475;305810.229;21.9857;-17.2291;-17.2276;
547964.411;497401.663;497401.144;1304.2702;254.3706;254.4480;
544307.761;516453.694;516452.202;-104.5600;-322.9931;-322.9674;
507207.302;511819.139;511819.236;-145.4890;-786.2562;-786.1638;
735461.582;496853.270;496851.123;273.1834;232.7693;232.7353;
507318.947;548302.520;548304.403;655.5849;-30.6580;-30.6780;
545709.820;507779.929;507779.221;1285.2303;-54.9694;-55.1015;
625730.122;507934.325;507936.236;-93.0180;477.0091;477.0174;
390026.982;629557.117;629585.994;56.8757;245.6399;245.6072;
544658.238;507600.759;507599.691;509.0968;-558.3459;-558.3443;
515388.842;560995.499;560993.278;-259.5810;478.8710;478.7879;
514238.482;521966.650;521967.286;1511.2701;-72.8359;-72.8827;
575433.995;517223.458;517218.117;917.6449;-250.6958;-250.8190;
509625.743;512564.084;512565.382;818.3449;-379.7449;-379.7600;
496592.208;512742.685;512742.727;-618.4319;-329.3115;-329.1994;
555885.307;669486.186;669429.761;423.9316;79.4123;79.3719;
528249.744;515209.228;515209.468;208.1729;429.5261;429.5361;
245130.717;145116.127;145110.416;87.5190;-18.0522;-18.0522;
518094.739;543949.102;543945.934;93.3035;499.6472;499.5738;
535503.456;525391.119;525389.892;331.0028;249.7391;249.6556;
507847.280;514494.871;514493.485;-515.9764;-149.8078;-149.7678;
504714.998;505857.045;505857.553;-626.2702;224.0402;224.0396;
507556.533;544586.083;544585.556;-136.9254;487.3192;487.2557;
518922.862;516023.232;516024.536;-235.2988;69.6389;69.6507;
547200.830;534864.640;534862.958;623.5628;527.6726;527.5478;
533782.196;517046.020;517043.647;283.2881;-102.4669;-102.4967;
519404.199;501925.103;501922.943;-128.5189;25.4221;25.4768;
537227.724;517845.301;517844.579;659.5709;-9.2393;-9.2719;
503430.676;519783.496;519783.357;-329.8133;56.9509;56.9859;
550466.550;534524.914;534521.756;344.7658;256.4238;256.2464;
533762.403;525880.771;525879.949;22.8638;248.2365;248.2355;
538411.729;503070.865;503068.515;-151.8896;305.8788;305.8976;
519635.446;514646.554;514646.310;-208.1319;-118.9964;-118.9256;
520137.055;524838.603;524836.933;-517.4400;-77.8693;-77.8341;
534491.152;494411.163;494410.771;357.9430;-501.4418;-501.4384;
519181.550;560750.650;560746.167;162.6172;521.0599;520.9991;
515510.114;514316.484;514315.260;-796.0869;415.9754;416.0441;
537712.893;515379.493;515378.093;113.3925;273.0812;273.0617;
565230.585;510633.642;510630.073;1059.4499;-179.4578;-179.5946;
562241.134;514456.707;514452.157;287.5840;-132.2549;-132.3246;
529494.126;523402.422;523401.851;1066.9686;-61.4582;-61.4663;
341327.371;502131.433;502142.189;484.8450;29.1972;29.2300;
412492.404;554236.282;554235.949;431.1268;113.5385;113.5231;
542619.222;541560.157;541556.521;-61.2765;425.3491;425.2579;
308761.384;543767.436;543768.038;71.5896;115.9979;116.0014;
742216.109;646513.599;646495.016;72.1025;315.8154;315.7928;
537293.212;501152.925;501149.974;561.2915;558.8218;558.7598;
639956.031;566505.460;566505.149;438.6245;301.1777;301.1655;
537878.064;516836.530;516835.138;-431.4129;-161.0076;-161.0657;
552026.201;465320.030;465322.204;-388.4451;-91.4955;-91.4468;
611812.507;539354.703;539346.047;279.0997;94.5749;94.5424;
552985.032;531149.542;531147.040;726.9910;-10.9022;-10.9557;
533032.139;514766.296;514763.379;491.6778;-97.0702;-97.1008;
286860.590;486160.368;486166.720;315.0101;-31.4755;-31.4702;
428314.691;553782.315;553781.462;866.5548;-178.1265;-178.1108;
550923.889;526046.992;526043.416;979.0213;-108.4294;-108.5237;
510724.839;504749.894;504749.578;886.0726;215.8365;215.9182;
543293.504;514753.980;514752.642;956.2941;107.4117;107.3592;
472862.192;523610.169;523609.495;819.4827;39.4487;39.4625;
464217.342;528972.187;528972.204;749.2623;-110.5011;-110.5089;
521135.116;519481.849;519481.077;-588.1574;454.9409;455.0147;
529590.711;538393.494;538391.794;-42.5214;435.3426;435.3623;
553155.785;535818.163;535818.442;1392.8324;54.9135;54.8510;
524893.737;526532.627;526530.982;-464.5716;40.6221;40.6952;
536150.591;512952.035;512950.965;-253.9398;72.5215;72.5336;
525195.756;494536.626;494533.979;217.4285;-367.5867;-367.6069;
509962.731;517113.779;517114.503;18.7995;-203.6210;-203.6687;
549244.290;533214.287;533214.142;470.6498;-698.6503;-698.7803;
411867.085;533752.242;533756.288;167.2183;45.2933;45.2960;
301232.755;569042.665;569038.232;266.9091;-29.1447;-29.1568;
512743.368;510672.892;510673.057;817.8485;195.4766;195.4725;
548458.041;537032.952;537029.651;-771.8709;-298.1845;-298.1388;
415770.150;605359.467;605356.258;244.3814;-65.8217;-65.7342;
545594.803;536305.313;536304.118;1010.9658;349.6426;349.5929;
487764.726;496775.913;496775.003;699.2697;71.6937;71.6964;
540498.301;536959.548;536962.237;1351.8718;542.4793;542.5228;
546929.231;531775.264;531773.146;1157.6605;362.6161;362.4715;
535914.141;515815.960;515815.352;861.2690;-111.7306;-111.7637;
515909.471;497519.050;497518.551;1208.6344;719.3562;719.3599;
534896.864;515657.809;515656.805;185.8402;-581.0665;-580.9452;
495481.987;508262.636;508264.229;-256.2483;-530.4262;-530.4231;
566324.950;541133.373;541130.315;859.0580;382.2638;382.1377;
587411.046;536554.286;536546.030;-525.5993;179.1269;179.1740;
520942.424;524374.356;524375.058;1377.1656;534.9035;535.0165;
506996.299;510405.847;510406.602;1262.1776;275.1891;275.2195;
509948.699;512417.047;512416.796;-452.0404;154.7351;154.7803;
539747.338;534816.003;534815.879;435.3367;-244.9888;-244.9971;
524216.506;516315.495;516314.558;722.2821;-293.5348;-293.5937;
538050.718;516971.281;516970.058;158.6360;-291.3086;-291.3098;
546030.475;536942.740;536940.688;1055.0138;176.6228;176.5148;
530059.964;522588.326;522586.507;176.5457;-80.7477;-80.8252;
600417.841;486324.520;486333.289;163.8259;-428.7812;-428.6107;
519124.844;508888.246;508888.334;-216.2908;-305.0392;-304.9751;
549014.975;498956.999;498953.855;532.0187;-185.1800;-185.2530;
317133.796;613812.245;613825.043;126.4064;-80.6161;-80.6477;
245422.589;321130.604;321139.522;159.9767;-71.0318;-71.0302;
510445.452;527380.786;527378.634;-579.9897;-622.2881;-622.1292;
467558.101;515925.748;515928.093;-279.7739;-119.4257;-119.3910;
489026.998;518172.548;518172.496;154.1493;-220.9015;-220.8728;
463260.437;516507.315;516509.028;-235.5349;-523.5991;-523.6105;
460097.262;506896.496;506901.384;-1687.4628;-558.5812;-558.4017;
468727.046;512714.109;512716.392;-20.2347;75.7948;75.7545;
462274.758;527813.328;527813.004;-901.7399;-115.9693;-115.9041;
470611.411;520051.481;520052.995;376.9897;355.5380;355.5679;
451028.560;514810.781;514812.425;-1411.5818;-421.5371;-421.4837;
498980.612;509564.129;509564.563;-1073.0195;546.2292;546.2582;
676904.536;584568.893;584564.807;-237.7047;-90.9305;-90.9570;
567672.643;585507.668;585489.782;-421.3646;14.7862;14.7351;
478381.858;529540.847;529539.997;-239.7317;136.7798;136.7367;
455269.686;507674.468;507676.507;-626.7009;262.9505;262.8870;
456767.749;508124.519;508128.628;-130.6326;-599.7827;-599.7815;
539705.942;514974.612;514972.481;863.9412;61.9886;62.0072;
448685.911;506702.706;506702.537;-9.3899;859.7778;859.7870;
475982.355;526298.353;526300.148;-389.9380;-531.7715;-531.7414;
466349.734;478647.520;478647.131;-456.9091;613.0400;613.0959;
481841.550;407659.510;407666.299;-225.8805;270.9436;270.9211;
460955.288;556266.092;556262.203;-547.2093;-470.7091;-470.6367;
457230.182;534039.180;534038.991;-357.1326;-273.1640;-273.0557;
553138.531;387555.822;387560.689;-164.6552;41.9487;41.9506;
344034.052;352624.572;352606.197;-141.8006;130.9635;130.9738;
477555.211;515343.577;515344.840;460.5872;25.0301;24.9825;
285252.100;614752.251;614743.995;-250.3911;-245.4229;-245.3588;
441340.019;492592.123;492591.949;11.3674;419.8915;419.8982;
815164.108;599156.745;599154.343;-50.3062;36.2776;36.2863;
457234.563;489649.725;489652.012;-508.5119;-89.2247;-89.2173;
413756.092;536156.226;536153.335;-345.5166;247.1006;247.0370;
430414.879;516918.753;516922.639;-479.7946;-199.9659;-199.9781;
557847.729;541809.921;541803.893;-573.5960;-106.3797;-106.3250;
454699.499;523222.116;523222.758;-775.4548;-191.9009;-191.8786;
426992.288;485191.750;485198.473;-807.6969;165.7136;165.6560;
489071.661;509683.206;509686.190;-614.6420;57.6970;57.7148;
488983.098;519948.679;519949.386;-899.8069;-702.0638;-701.9541;
533835.651;550825.306;550819.541;-778.8034;-183.2066;-183.1551;
318458.804;462370.362;462383.859;-95.5426;-163.2242;-163.2026;
467581.883;494795.220;494800.436;-202.2860;-479.2867;-479.3206;
518655.120;516879.487;516877.840;537.8123;-13.1777;-13.2055;
569493.297;573732.870;573721.010;-572.6818;-298.5965;-298.6047;
504818.482;517901.449;517901.107;-1241.8018;92.2788;92.3159;
521104.375;500512.503;500513.277;-488.1590;188.0420;188.0237;
730292.126;641560.619;641547.029;-69.6459;36.3823;36.3886;
480958.440;515199.952;515201.731;522.6117;-346.5450;-346.5081;
450731.569;520636.703;520638.157;-586.8690;-72.6163;-72.5857;
462490.451;524849.389;524850.741;421.5852;99.4662;99.3663;
310243.822;436158.352;436166.554;-237.8294;143.2146;143.1937;
473573.288;493138.055;493137.308;-489.3944;343.9393;343.9354;
444583.199;506839.242;506841.881;-956.9456;-1.8189;-1.8104;
649225.686;506170.030;506167.378;-549.7147;135.4584;135.4500;
471086.365;524798.499;524797.810;-1269.4355;1056.1156;1056.0833;
494886.744;500180.449;500180.992;9.7566;384.8993;384.8131;
478438.351;528815.091;528815.402;-348.1167;249.1604;249.1417;
405634.604;468231.412;468229.453;-201.9893;373.2962;373.3013;
507264.916;569597.930;569591.359;-431.3891;234.1349;234.1071;
493054.516;515179.992;515180.110;178.8361;75.8771;75.8458;
489935.545;540087.994;540086.405;-789.6239;-122.7320;-122.6785;
462418.338;536541.628;536539.999;-137.6046;173.6732;173.6666;
494405.364;524138.472;524137.742;-221.0022;-611.4548;-611.3777;
380393.775;219790.599;219783.180;-135.6147;2.8830;2.9014;
452351.323;523619.786;523621.084;-858.7977;-122.8161;-122.8083;
501715.903;516285.656;516284.995;795.6244;537.3180;537.2480;
511425.890;513682.848;513682.687;-265.1301;-1009.4157;-1009.3238;
467550.324;520732.971;520734.152;310.8609;-511.9374;-511.8706;
268574.935;557570.576;557563.864;-455.8185;-153.5467;-153.5688;
424562.264;538698.489;538699.453;-452.6071;471.1582;471.1654;
473149.122;514812.021;514812.531;-319.8054;-271.6369;-271.7196;
450906.864;523760.813;523763.313;-794.4973;78.0864;78.0813;
334206.179;588015.607;588008.792;-153.2012;453.6364;453.6165;
467302.420;507837.192;507839.750;420.5327;50.9110;50.8599;
613865.504;468788.563;468788.968;-805.5600;234.1670;234.1568;
503492.052;514808.134;514807.322;464.0505;-230.6531;-230.6707;
468263.100;537574.451;537575.106;-360.1972;163.1400;163.1230;
477105.879;501986.450;501988.961;-480.5238;-53.8050;-53.8043;
473067.379;526238.454;526238.082;193.0871;-309.8700;-309.8548;
498488.010;511000.808;511000.426;-997.5061;232.3852;232.4178;
956855.717;522995.225;522981.543;52.4707;-56.1679;-56.1931;
513353.994;518420.371;518417.580;619.9766;-168.3849;-168.4097;
493776.644;510703.124;510703.595;-644.6775;177.9947;178.0516;
447605.491;525150.131;525151.492;-546.1898;-389.5456;-389.5164;
462825.683;522226.214;522227.763;-548.5015;521.2224;521.2099;
452105.694;527101.028;527100.881;-322.9238;142.1188;142.1160;
499065.854;537856.849;537857.425;731.1916;20.9296;21.0819;
360035.642;181622.353;181617.632;-325.7994;-140.1107;-140.1392;
469177.560;525854.655;525855.339;-8.8294;606.7586;606.7545;
946834.211;505916.362;505898.238;-105.1665;2.3506;2.3573;
619770.838;423081.666;423081.551;-216.7909;-60.8356;-60.8418;
454111.827;517376.170;517377.074;-604.1527;-253.2943;-253.2292;
474957.957;483373.104;483370.487;527.2188;-246.4640;-246.4891;
544707.604;597417.426;597404.425;-678.7819;17.2969;17.3718;
491188.946;506245.994;506246.456;546.1349;162.6319;162.5580;
474870.868;524501.783;524502.807;-161.7235;-345.2631;-345.2207;
448435.671;497610.841;497614.458;-430.1211;-20.8079;-20.8639;
996222.014;836071.164;836058.697;81.8190;141.4567;141.4489;
473279.276;512030.278;512032.643;-633.9451;-53.7456;-53.7013;
466366.803;529628.419;529629.506;110.0500;131.1258;131.0544;
468426.355;509083.327;509085.771;-307.4686;-474.2006;-474.2169;
434252.346;505772.714;505766.600;50.4592;-222.2007;-222.2473;
