# This file was created for the Modelling and Simulation course, RUG (September-November 2019).
#
# Project: Simulate colliding galaxies, using Barnes-Hut algorithm.
#
# Students:
#     Stefan Evanghelides (s2895323)
#     Hidde Folkertsma (s2759799)
#
#     X         Y         Z         DX        DY        DZ
454031.694;533636.359;527576.891;-68.3691;66.3403;76.6052;
494159.472;542095.029;538186.045;1199.2520;165.5011;284.3012;
604696.948;419366.361;424374.477;-308.4905;-106.3638;-95.9397;
503974.002;543803.402;540910.302;-488.9379;-554.9702;-665.7955;
500962.189;539967.603;535768.776;968.3138;-838.9175;-810.4057;
673645.217;540747.018;541745.997;5.5411;-290.0521;-279.2888;
588770.076;944055.123;961402.303;-19.3934;-6.0676;0.9333;
556550.492;724632.488;737943.407;-105.7126;246.7742;234.0131;
498453.767;496740.164;486932.989;-31.1159;167.6704;296.5898;
454864.006;547776.481;544543.393;237.2066;-542.7522;-583.8916;
504701.582;541469.615;538366.354;90.8685;-355.6945;-330.4672;
604838.839;719117.483;719817.239;-156.0339;46.8885;48.8825;
496214.312;539951.329;537334.107;-307.3055;-14.3239;6.6822;
451659.538;579335.445;575069.028;344.2264;-156.5091;-31.7710;
340175.793;382808.718;365724.669;21.2658;-12.3670;-26.0154;
465899.974;536752.451;532945.880;869.9190;127.4917;220.8683;
489946.535;542512.259;539506.426;-229.4677;317.6693;308.4592;
407834.395;581383.175;589307.308;168.2828;94.9851;123.0239;
602244.274;537485.006;536503.669;-48.3872;25.0964;-51.0404;
506293.401;517483.015;511578.349;-40.2786;-398.7290;-461.5661;
487975.587;543557.340;538602.582;-410.9824;211.1251;75.6669;
520707.708;555033.804;555795.493;-293.4368;434.6534;394.8984;
516350.038;537584.851;536283.915;172.3166;599.9135;680.8845;
509121.992;536598.609;534207.758;247.0663;-398.7557;-369.3376;
514065.805;544757.055;543200.069;-702.3905;-60.3584;-66.2567;
847137.663;166739.262;166543.497;-50.7945;38.9439;38.6124;
535990.004;578226.145;570474.852;676.5064;534.6320;510.0764;
476600.220;547010.300;542588.660;739.5466;-285.6287;-172.0893;
489437.041;546545.894;542826.349;273.8889;674.6676;659.1373;
474705.712;551545.776;545691.449;-1531.6589;56.8012;-187.2239;
470279.530;570229.743;566636.208;41.4456;-407.4098;-466.1882;
449224.974;583527.844;576272.537;-786.2645;203.0407;292.9044;
494200.371;508964.509;512491.144;-208.9062;395.7091;315.6528;
489107.128;492090.558;485870.146;256.7087;-160.5020;-152.2069;
525643.077;516680.092;513455.094;-51.2824;-100.6164;-137.7583;
490602.371;536575.802;533004.292;-441.8691;-49.1404;-107.2427;
572690.424;506670.498;505516.444;-414.1101;-126.8640;-189.9488;
507200.158;524042.450;521275.630;260.2954;199.2592;203.1748;
495789.519;544874.769;541342.729;1378.2582;-190.0157;-110.9746;
478662.347;564307.415;562447.297;181.5862;-309.5495;-338.9147;
509841.679;542697.223;539800.801;11.1940;-28.3030;22.6628;
414143.169;511695.049;502020.709;40.8306;-29.4003;-31.7232;
391377.512;645785.432;641605.056;-99.4987;81.2237;82.3443;
817485.145;421062.720;421306.017;216.4976;39.7725;24.2536;
788189.588;390275.198;382298.210;182.6442;-13.1183;-32.2086;
497493.042;537949.376;534156.964;849.1823;110.5877;205.8433;
486343.644;548328.732;544153.123;77.6556;-144.1788;-195.9446;
476070.956;570653.210;565998.358;225.2164;475.0573;496.8977;
685237.626;79833.635;73093.607;46.7753;-227.1871;-235.2159;
527657.442;576178.023;581621.360;-312.7126;-251.0253;-313.0941;
496611.819;553340.362;550458.084;1032.3945;61.2498;129.2886;
489242.120;555047.187;552246.099;92.0615;-699.5480;-658.6029;
415825.181;370105.910;385123.273;-234.4912;-143.8593;-171.8988;
334179.936;665147.762;654587.470;-105.9599;-84.8860;-92.4038;
632061.105;399246.461;413462.317;211.7949;-76.3434;-52.2000;
566245.524;535268.228;535417.663;-292.0534;-333.5023;-412.5963;
282967.294;700762.170;700021.679;194.0727;18.0308;17.3853;
494816.252;553256.197;549956.821;-66.4158;507.3198;433.5983;
525869.053;540716.725;541388.585;-183.2420;2.7378;-29.5840;
507736.192;525497.224;523491.880;-633.5162;-193.1148;-230.0722;
501668.404;544178.076;540554.483;1.7536;-672.8698;-641.4421;
510916.597;560140.369;559691.689;-440.2770;104.8052;-5.5862;
496743.782;524530.991;522087.889;-496.9482;222.1272;201.5598;
536653.915;564401.443;566552.075;780.3087;-30.3625;89.3603;
597914.543;508475.106;504737.168;-191.8613;-249.1307;-303.2971;
548849.514;507734.503;505319.687;-137.1989;33.6249;9.0903;
345300.635;598954.111;566722.947;-304.2171;106.7652;52.0040;
556107.061;544549.845;539725.510;-738.1073;265.9620;138.2534;
506173.080;560125.088;556232.754;-289.8241;523.3759;423.9455;
502710.631;562611.539;561099.636;-80.9814;-511.8168;-532.2808;
824709.969;440400.715;441396.047;194.6946;-0.0487;-7.9065;
512544.599;531518.919;529017.255;36.5665;197.4624;240.6674;
506234.733;521454.330;518452.125;525.1438;-282.3065;-188.5294;
526051.010;558502.583;556797.522;-1144.7639;30.0287;-55.7773;
816545.156;367961.789;372010.625;210.9059;-27.6289;-11.3908;
500857.018;539253.154;535316.704;399.9837;46.7606;101.3892;
509788.283;539212.103;536862.850;224.8184;263.8453;277.0641;
436238.495;563346.758;554689.431;-480.6526;-340.8286;-368.9624;
513693.578;557077.235;556351.620;359.2315;259.6372;266.6865;
490219.853;545508.283;540795.023;39.9818;-360.5046;-392.8910;
499683.907;527855.051;524434.237;-302.2920;-13.1588;-52.2826;
357262.216;385397.488;363719.202;-104.0808;-215.7678;-246.5630;
512642.904;539043.473;536673.701;843.5602;667.5394;694.9921;
496809.723;156053.760;139729.487;136.7861;-73.4448;-75.5969;
494267.208;550988.840;547148.348;753.5527;133.6045;106.3390;
761730.898;568799.305;567841.501;-55.9728;-67.8723;-67.1166;
888764.964;570407.938;568365.090;-141.9672;-67.8842;-67.2336;
464623.385;556168.434;556855.605;782.6969;-171.9181;-259.9782;
561704.084;556752.434;554050.316;161.3617;546.4724;509.3545;
368973.738;484055.171;473294.350;-276.2357;107.6546;64.6668;
556209.727;557512.006;559159.341;811.5865;-233.2297;-198.7760;
890444.220;590262.882;591477.340;147.6608;-78.1399;-82.7185;
510628.263;536691.541;534794.550;82.6967;207.9309;217.9648;
448841.617;556760.533;558812.451;396.9307;-91.0689;-110.4516;
503463.753;545130.855;541339.682;493.4030;-633.8428;-577.1122;
521497.325;532680.109;530551.645;-548.5362;-418.0968;-470.2868;
422405.314;371087.030;376909.938;-190.8149;41.4251;52.6184;
854486.954;681406.374;678543.555;-114.3314;-77.5073;-77.4415;
534635.949;542755.799;542647.614;-368.9979;155.7866;150.9667;
509758.329;544576.234;542527.761;1349.6032;-170.3383;-88.3325;
479341.548;523123.280;521558.994;268.0703;-32.2860;6.4333;
519571.873;557902.618;555470.548;511.7749;369.3393;367.7065;
455081.096;533518.237;527756.728;-692.9535;265.8351;263.1901;
476957.437;547557.774;544092.756;70.4720;51.1964;44.3851;
458903.283;303268.780;299615.582;22.9743;90.0072;86.5526;
513049.236;548528.327;546281.524;-862.7095;-80.0220;-0.0051;
460851.108;408747.218;426275.151;2.9292;-6.6046;-3.0858;
956535.914;322056.323;316642.692;34.9612;-49.5773;-14.5034;
391329.459;577305.598;571553.747;443.3933;166.9232;171.9232;
480634.501;540112.383;536192.191;144.5226;664.5213;671.8715;
503502.815;551928.133;550261.488;-698.3463;709.8111;647.6432;
476075.767;554308.067;550735.556;5.1179;273.2632;280.1366;
448604.135;600572.883;589774.968;-345.2661;-33.1375;-82.0427;
460290.167;392306.429;409568.937;-241.7770;-96.1544;-66.6246;
517340.473;612448.616;615055.877;155.1731;194.3939;278.7210;
493573.865;532866.730;529355.806;-72.3425;457.6004;457.4908;
647611.214;512364.932;520267.658;143.3224;-167.5183;-168.7954;
496414.694;545731.145;542461.164;-385.8059;-108.3244;-177.9739;
490906.167;537992.385;535028.166;826.2389;516.2749;562.1070;
382437.924;536854.815;542844.617;-478.5012;-163.2571;-41.5019;
496408.227;534712.737;531388.542;-444.1118;3.2998;-70.9246;
493024.088;572443.410;567530.465;-336.5729;508.5191;514.1880;
507561.245;539258.928;537798.078;340.6458;-443.1503;-432.9865;
798296.167;419706.232;414545.631;-107.3358;-36.2330;-14.9750;
601452.784;479853.560;496386.463;-39.7412;-435.8659;-211.5185;
486640.591;560073.393;556535.053;393.4132;-38.9379;41.4388;
618084.965;598903.472;618253.712;47.3106;77.8267;110.6374;
461756.850;507161.477;506747.564;201.6228;-450.4259;-410.9111;
482570.620;547048.286;542401.452;608.2109;199.7121;211.3242;
509370.349;559712.217;562514.776;-546.6170;-223.5274;-316.8879;
461601.892;510405.372;514476.329;539.5820;132.7471;143.4308;
561398.470;545423.919;541576.068;-819.6067;84.0897;150.9773;
495627.152;569465.387;566208.545;-464.2767;-95.2200;-127.4583;
516292.830;549250.883;548388.471;193.1531;64.2333;93.8096;
504867.930;540276.016;537380.514;-231.7845;340.9098;321.3273;
495776.878;555925.008;552996.138;-384.9210;-192.1836;-288.4545;
487481.673;553743.122;549597.946;574.9269;86.1205;84.7505;
511405.776;541242.651;540314.343;631.6434;94.1549;168.5043;
441855.362;571479.762;569697.615;-475.0268;-22.2959;-117.4023;
552182.245;586689.833;592329.314;281.6367;-254.8105;-255.5441;
583447.823;529196.644;528712.145;-185.2426;-154.0381;-142.2326;
438926.160;328879.300;311578.042;141.8288;-181.5600;-191.4188;
502759.543;563912.695;561075.684;-9.8718;54.6053;17.6770;
572362.147;531945.884;528914.281;612.5904;-90.2264;11.2430;
504487.752;543642.389;541665.156;301.1172;364.4063;343.6692;
558308.741;535624.146;533578.628;-25.1289;-190.2631;-244.8296;
502375.983;542738.280;540683.997;-1443.5828;444.3140;497.5284;
508953.316;545935.898;543158.359;-326.6127;-222.7667;-215.1266;
