# This file was created for the Modelling and Simulation course, RUG (September-November 2019).
#
# Project: Simulate colliding galaxies, using Barnes-Hut algorithm.
#
# Students:
#     Stefan Evanghelides (s2895323)
#     Hidde Folkertsma (s2759799)
#
#     X         Y         Z         DX        DY        DZ
484875.478;539586.681;539368.700;-19.4863;161.7369;161.8861;
478936.872;533593.349;533560.625;233.3946;-394.1139;-387.8273;
787575.830;791675.496;791646.192;53.9756;-90.5511;-90.5837;
317883.163;939804.711;940671.388;-101.3286;243.9537;244.4131;
485684.125;532821.906;532814.813;687.6496;-54.7770;-49.7479;
497607.172;529853.169;529749.655;-113.7129;110.4356;117.2240;
327790.938;558305.444;557888.607;-4.3957;-270.5693;-269.5405;
617812.836;507035.532;506943.454;-101.7492;-338.8907;-342.7794;
482562.338;535696.085;535693.780;1040.9062;820.0600;798.6737;
582053.343;623855.671;623569.270;-174.7867;169.5231;169.1187;
287309.205;553672.422;553799.153;-407.5495;-25.4163;-31.7013;
615479.616;570211.772;570533.275;773.4103;71.1109;64.8331;
480825.650;544143.769;544062.497;-276.2993;1190.2870;1195.8789;
474404.857;532811.999;532584.308;-899.0458;290.8531;310.5082;
140569.790;526111.528;525674.978;167.2917;-146.7186;-147.1531;
303402.474;513495.876;513887.606;-451.3867;-38.4745;-38.7049;
477673.299;545359.211;545126.022;-99.6545;568.1554;572.1062;
460123.886;559027.056;558791.882;-415.4115;-124.4512;-128.0282;
279306.605;474225.420;473760.605;-323.1036;-43.3539;-49.2751;
513649.756;542096.045;540881.274;925.7324;-263.9969;-306.6881;
491503.508;529276.920;529170.350;777.9287;-283.3949;-287.8220;
389176.235;439804.856;438859.836;297.0219;0.9288;1.4900;
559099.046;523084.646;522662.784;192.6205;51.1571;49.8609;
448746.169;559247.882;559353.838;134.7339;50.0612;50.8702;
443698.891;484373.085;484138.572;-195.7714;-29.8186;-33.0399;
488693.171;558324.809;558244.017;394.5396;-437.6568;-436.2236;
490429.976;542320.679;542163.177;-196.5471;374.5954;377.0087;
481585.983;545338.506;545126.665;-415.4963;-71.2025;-69.6333;
475857.454;550131.275;549952.627;687.6863;-426.3819;-424.9603;
479450.738;553336.398;553144.235;291.1471;116.8637;114.3876;
902953.032;144999.876;145021.816;7.9016;-19.4062;-19.4168;
493724.796;418092.597;415700.771;232.0552;-177.5154;-182.3385;
445601.825;534857.382;534869.501;-243.0525;330.5624;328.5013;
472184.804;542693.572;542542.247;450.4023;-105.0067;-101.8073;
478412.885;544751.507;544568.862;-1788.2443;-250.2856;-253.9239;
463304.755;526472.842;526417.556;-226.2510;-545.7327;-538.1322;
238905.619;454518.240;453439.619;126.8569;-62.9343;-60.4458;
485947.115;542370.315;542184.987;-70.9484;457.9102;459.5346;
431835.914;559642.430;559918.328;412.5169;599.4258;600.5718;
499606.189;537586.683;537359.205;678.7689;-19.1459;-21.5355;
474940.779;535705.152;535575.682;-16.3574;-768.3967;-761.0824;
195814.506;435810.120;434868.815;96.3722;96.0337;94.2163;
491479.532;541628.211;541427.804;384.0204;-604.8630;-605.3785;
454830.065;511436.789;510965.826;-482.4950;544.7314;548.0525;
492560.589;487781.375;487633.519;71.7874;-292.1692;-294.7228;
449660.030;541283.396;541260.215;836.0878;-19.7039;-23.0499;
489917.994;550441.430;550280.991;-378.0964;-282.2776;-279.9381;
719273.127;267382.110;267376.591;-117.9356;145.7204;145.6481;
481464.912;552745.588;552698.929;-619.6278;-256.2963;-264.0517;
740758.350;714716.951;713037.037;-143.0718;-10.4993;-10.7981;
389371.722;530206.364;529789.802;317.2440;-75.8636;-75.7051;
485456.121;533230.168;533082.700;-588.9294;-889.6705;-878.9433;
488779.191;538442.896;538280.683;-525.3079;526.1490;531.1152;
439815.662;551100.979;551010.795;-524.9800;410.8305;415.1782;
255313.878;388682.905;388453.718;-195.9299;49.4517;49.1990;
479997.337;521818.028;522037.429;721.8368;-317.4840;-336.3085;
453849.624;526263.648;526455.088;-69.2325;-735.0703;-731.7256;
476015.702;548107.883;548010.059;-158.6925;-314.9949;-320.7131;
455028.027;585642.304;586383.139;80.9916;550.8775;563.2785;
505377.406;545192.047;544867.291;283.8730;404.1565;400.5473;
941465.136;658745.138;658383.432;-83.0973;14.5935;14.4049;
493941.933;544517.700;544368.056;-76.7309;-573.5511;-569.7903;
28776.168;531810.124;531590.706;-4.6733;86.0555;85.9818;
561960.935;549835.533;549270.942;22.3905;165.4366;168.1959;
431267.578;591207.694;590777.563;-652.8167;-146.2737;-146.2653;
488426.242;533738.060;533629.420;-1106.3504;-320.5603;-315.4949;
69936.526;70070.509;69147.563;-33.2826;-97.5542;-97.7255;
480353.827;531301.449;531032.607;-1034.3380;391.1050;388.6651;
462788.456;575508.208;574643.161;-150.1350;358.7807;357.5870;
457055.406;557351.657;557082.631;-292.5437;651.1500;648.9562;
487611.808;505935.690;505763.496;-417.7502;-263.0118;-268.8780;
454469.054;366445.662;363698.631;-54.3310;-189.1023;-194.0062;
464792.835;538110.069;538178.441;486.2238;2.2407;-1.9166;
823286.878;494826.441;493061.981;29.7820;-33.1913;-34.7958;
575585.050;538790.721;538533.693;-145.9132;-515.5007;-515.4769;
506496.074;552270.889;552187.088;913.9789;-82.4063;-78.5448;
588703.578;422548.837;421792.527;140.4622;-13.9869;-14.4283;
499987.679;529609.443;529474.322;-513.5307;-224.7981;-220.6440;
506384.782;546546.042;546327.706;812.7541;82.8062;73.3310;
496402.898;529140.484;529003.814;163.5568;206.0847;206.6727;
468868.102;558255.423;558085.759;-494.8174;-125.3219;-129.2283;
451040.113;547957.227;547823.103;623.9411;-409.9965;-411.9278;
702838.185;509306.409;508667.090;-262.8336;28.9156;29.8511;
431079.317;578990.314;579029.722;201.5049;-36.6117;-44.3450;
491944.480;544115.533;543950.553;-503.7653;510.3050;513.0734;
464657.754;618688.728;617542.867;-100.9946;-251.1903;-253.3818;
463585.286;539659.153;539553.185;255.6244;-523.8194;-516.6517;
457526.637;529464.707;529548.076;157.1248;113.9834;114.7256;
464461.673;537245.405;537194.742;-109.0465;-212.4851;-208.1671;
441648.095;552069.246;552200.751;-986.8699;185.7316;192.3848;
409942.508;559520.591;559684.729;154.5320;283.1645;270.7022;
649309.879;433690.815;432931.866;179.7888;73.5053;73.7975;
475596.947;533704.999;533562.099;-959.2703;-337.9086;-330.6272;
560668.841;658218.115;658493.774;220.3326;57.0082;56.9351;
691050.360;648031.059;647791.345;331.0284;30.3664;29.5217;
490783.396;581136.184;580335.442;417.2969;-192.4210;-193.7695;
442226.219;667621.057;667521.266;-369.5357;-184.1921;-184.4544;
555231.180;663339.279;663237.946;166.7563;-80.2865;-80.0826;
649252.316;595456.294;595050.284;-248.6173;-54.7327;-54.7951;
548683.606;554748.030;554343.784;-186.4348;-150.4206;-145.0844;
654055.123;529756.435;529889.821;119.0701;-161.1254;-161.3809;
497156.576;542363.881;542175.645;688.2554;-287.9716;-290.3549;
877450.767;466407.310;466398.969;-46.3710;6.6112;6.5813;
478390.206;561828.239;561803.763;307.4237;-15.0598;-12.4294;
490823.810;545302.488;545130.523;-556.5913;222.8007;220.7342;
509359.864;567503.959;567164.876;272.9102;-203.6741;-204.8017;
781749.654;689534.523;688946.786;193.2429;82.6732;80.7640;
445957.454;581136.408;580831.332;-253.3165;73.3104;68.4045;
186646.472;991723.817;991470.118;-71.8874;47.9639;47.9011;
497282.972;535507.095;535345.980;930.9314;90.3465;91.1478;
479018.941;561325.503;561295.450;179.7896;208.7364;214.1226;
493090.079;551367.737;551178.699;-483.4602;342.3614;345.8164;
489370.221;543683.885;543474.829;595.4749;470.4576;466.6912;
450325.396;571193.807;570817.718;-112.8413;-72.1932;-73.5644;
408499.246;240984.952;240299.200;9.2078;-35.4294;-35.8836;
467194.536;560984.958;560842.940;692.9183;99.7611;94.3663;
481149.087;555708.842;555598.351;-505.5626;-374.5423;-367.8276;
158167.135;398259.424;398491.612;91.7282;-12.8952;-9.1149;
143937.989;459573.512;458435.937;38.6350;179.6929;176.3511;
471073.827;536534.173;536418.043;-519.8852;-267.5907;-268.2593;
411593.950;540125.300;540266.407;69.8495;-98.7783;-101.4589;
473073.587;540739.899;540549.250;252.2656;737.1278;744.5817;
359933.206;588066.445;587121.111;51.1012;530.8026;533.0017;
528334.050;470054.009;469450.437;136.1721;37.8086;34.9077;
298341.164;491035.520;490986.481;-52.3008;74.8398;77.3935;
479704.585;529282.957;529240.384;343.4217;325.6127;329.4352;
494656.522;545604.234;545428.141;394.7821;208.8838;203.5091;
544059.528;282203.126;280832.454;-75.4094;-68.8243;-69.3719;
519827.824;533527.635;533389.012;95.1494;-0.3328;-3.4387;
476544.863;523506.398;523456.593;335.1433;483.8146;469.2353;
407159.275;594974.393;593789.986;520.8195;75.8548;72.1682;
457937.300;553141.291;553146.529;-63.3373;50.5523;52.9469;
306045.314;599660.908;599408.584;-654.8696;-103.8034;-105.6225;
507227.300;549352.810;549126.834;-13.4885;-378.0561;-377.8408;
449084.511;553768.190;553692.715;-54.1355;681.6623;677.3210;
403797.064;429217.902;427784.496;-38.2637;19.1241;19.1074;
428198.859;673309.803;673014.431;500.2551;-22.2873;-19.9592;
484562.869;540807.920;540666.221;-204.0441;-398.6547;-390.0337;
411120.924;550441.430;549782.876;-104.4422;-153.2345;-149.1595;
487038.824;547640.595;547705.905;68.9480;752.4296;741.8350;
454389.291;535843.852;535827.834;-456.9346;487.4301;487.7872;
539137.514;558426.261;558550.358;-470.9122;-197.3322;-195.9457;
431870.010;545813.195;545664.572;-144.4380;-519.9126;-516.0105;
308807.174;567723.770;567205.659;-82.5913;107.3568;105.9064;
495683.358;559050.858;558801.880;-242.4859;701.5488;704.0686;
431925.691;566772.568;566727.074;336.7851;106.8923;102.7726;
478606.316;526778.971;526714.037;-342.5134;-618.6289;-610.7074;
454287.617;570710.541;570688.369;298.5804;-271.4775;-274.6008;
462787.033;563563.394;563524.016;-129.8504;377.9649;380.0553;
475957.534;519786.648;519851.235;637.0325;-666.8991;-667.0258;
403213.133;517870.146;518217.654;291.4383;-276.7610;-273.0004;
711662.732;692617.656;692998.044;221.6619;1.1607;1.2837;
491919.815;523924.395;523898.025;718.6579;-173.9058;-169.9501;
488138.259;549360.838;549246.578;-441.5270;383.2932;384.8608;
158128.176;566176.552;565785.290;174.1656;-85.4696;-85.8282;
457845.623;557777.040;557710.169;-168.0214;238.1505;236.4750;
568423.793;515173.989;514635.586;114.5442;457.4232;464.2969;
470996.632;548298.259;548184.232;-161.9709;-576.3894;-582.6146;
192065.098;406270.829;405448.421;-330.9171;-172.8254;-173.6482;
472366.280;537422.167;537368.238;17.2762;-118.3478;-113.2812;
485720.784;540279.317;540221.121;-111.3862;-202.4431;-196.5876;
523467.935;527710.060;527376.905;-85.1841;79.4895;75.1882;
