# This file was created for the Modelling and Simulation course, RUG (September-November 2019).
#
# Project: Simulate colliding galaxies, using Barnes-Hut algorithm.
#
# Students:
#     Stefan Evanghelides (s2895323)
#     Hidde Folkertsma (s2759799)
#
#     X         Y         Z         DX        DY        DZ
477004.553;552303.678;552236.773;-161.4165;35.3051;35.2654;
457609.821;549217.455;549219.688;230.1275;-179.6067;-181.9029;
771729.251;814259.090;814236.635;65.3688;-79.9633;-79.9831;
345010.808;874347.449;875089.774;-103.6040;250.4987;250.9786;
477418.464;547445.741;547426.879;612.2975;505.9580;497.2738;
472079.925;563755.159;563709.642;-274.2596;-27.6263;-31.4225;
373894.227;606907.867;606570.662;-382.2141;-71.0218;-72.2215;
602530.248;597912.765;598442.386;228.0494;-291.9213;-292.0908;
364571.223;495040.985;494752.553;170.6698;-85.1208;-80.4459;
566829.963;546063.623;545961.112;434.3219;395.3237;394.2513;
514691.757;541104.089;541139.786;-1185.2828;428.2382;418.3174;
366779.623;502117.643;502277.185;441.6446;259.2711;251.3417;
488154.667;527881.238;527888.633;-210.4328;186.0985;187.4780;
518502.916;554459.178;553946.776;342.4767;-155.4233;-153.5018;
110367.045;567540.850;567227.496;54.3378;-172.1419;-172.6441;
453938.534;532316.363;532273.100;-876.3885;-179.1943;-175.1875;
510519.028;523031.621;522757.127;92.5865;-163.6345;-167.2238;
483557.403;581213.602;580802.005;-63.9008;213.6953;209.7405;
404451.922;512322.506;512660.291;-736.7153;-252.1760;-248.9934;
334339.720;552285.580;550634.084;267.0248;35.3329;37.0085;
480683.240;564064.961;564069.200;-305.4824;-215.0074;-211.2062;
322534.508;451359.553;450358.731;204.3861;-87.6287;-87.9706;
452558.665;560374.171;560302.549;-680.6675;319.7748;317.7508;
472157.234;543009.026;542852.915;617.9318;-351.3610;-349.5337;
442940.060;583777.402;583611.582;403.6979;101.7849;98.7249;
454008.678;545349.721;545355.307;-727.2792;253.1292;257.6264;
480958.717;556778.797;556697.334;19.5783;-433.2794;-433.8207;
478826.923;554449.286;554271.273;121.8943;-540.3929;-538.3923;
466215.176;555435.543;555332.528;-289.0779;305.8406;304.3285;
480398.638;542640.614;542605.883;236.0252;-50.2818;-45.7892;
900051.632;150861.735;150885.980;14.0998;-24.9006;-24.9075;
438935.488;511326.366;511111.278;11.8087;-666.9277;-680.5505;
477893.234;552501.240;552490.102;1081.8601;632.8946;632.9861;
484160.083;550139.218;550126.261;860.8267;-20.2413;-21.6531;
519972.909;539659.731;539155.824;1015.2037;-70.6806;-77.9273;
487955.355;558857.030;558778.780;690.9859;43.3858;42.4676;
225260.510;476276.132;474754.346;-29.8782;-96.8596;-95.9897;
475797.670;547533.156;547478.969;19.6095;335.3505;334.3479;
477112.667;467919.792;467123.206;-356.2596;48.6305;49.6649;
465474.243;554222.299;554144.727;-581.0648;280.9527;279.4932;
476666.975;548598.216;548552.934;928.4301;129.0570;126.1722;
180959.427;413875.085;413473.663;42.5943;68.0072;65.9843;
486348.900;546214.923;546037.880;-228.9355;-202.4800;-199.5361;
553536.793;518270.993;517941.889;146.6696;-341.9182;-340.5436;
426074.144;637483.046;637310.227;184.7807;-311.1603;-311.8480;
496452.078;521658.354;521585.190;406.3908;-55.3417;-54.2440;
459630.927;528014.263;528041.443;-256.3735;29.1898;31.8988;
746669.016;232954.562;232962.711;-89.8978;115.1481;115.1129;
479216.345;540867.135;540717.996;147.1695;-774.9248;-778.0699;
775461.668;714757.042;713213.987;-118.3792;8.6434;7.9849;
354261.258;557718.374;557624.898;7.7123;-99.6476;-101.3057;
474895.232;546084.283;546072.231;-796.5978;137.1318;140.4841;
473009.920;557758.225;557667.920;-276.8958;383.4793;383.6443;
439235.060;556694.196;556794.358;-535.6023;-106.1744;-97.2611;
315939.312;387034.649;386846.975;-266.2437;-40.2839;-40.3707;
462132.059;529219.284;528836.040;749.7604;487.1742;497.1191;
522101.774;537925.318;537830.270;645.4284;229.9915;230.7575;
478461.692;546017.284;545905.816;-53.4970;-695.9059;-700.0143;
581193.328;469198.550;469692.172;-464.8471;163.9052;163.3391;
512343.587;553050.260;553063.484;-256.8050;91.1964;92.4800;
960470.480;654200.243;653889.174;-60.5780;19.6404;19.4469;
473749.100;548171.621;548095.498;-790.2157;-182.3609;-180.4391;
32903.589;509059.696;508858.390;-26.3574;85.2597;85.1963;
426827.874;567841.931;567688.572;-524.8511;-80.4912;-85.6373;
523239.912;495644.759;495226.931;299.5068;390.0679;393.6900;
457904.261;544444.066;544350.111;-198.3154;200.5413;201.1274;
80044.650;97480.397;96605.036;-43.2447;-109.5312;-109.7197;
477587.282;536451.826;536379.507;-1310.5351;-265.7616;-252.0570;
547156.275;479828.447;478420.375;-61.3360;-56.9674;-61.1981;
494239.736;550318.048;550180.069;-701.6766;57.4920;53.6455;
384993.341;591171.257;590684.550;458.8224;-1.2075;-2.0378;
469571.780;432334.385;431109.137;-56.6803;-330.7307;-337.5394;
431694.497;527146.319;527072.394;225.2856;69.2437;65.4841;
811157.744;504148.705;502833.960;63.1607;-37.1598;-38.9470;
499118.994;637293.182;637377.944;503.6555;-172.4115;-173.8499;
507521.742;555519.060;555191.538;-625.2037;-394.0543;-390.9699;
546835.431;432780.934;432163.803;175.0737;-67.7223;-68.3373;
443059.116;525822.298;525752.740;-504.6056;127.8989;131.1066;
518349.570;516966.401;516630.744;58.1867;239.8204;243.3507;
478263.158;553995.177;553899.007;-45.2748;-737.5109;-734.4116;
470164.276;523218.969;523160.750;90.4706;-237.7317;-232.3195;
460071.732;537947.888;537896.078;-24.4826;-709.3155;-706.0346;
754697.991;504539.550;503697.012;-138.7473;8.9918;9.6241;
540019.035;518909.652;518811.933;-60.1528;-72.9887;-74.1101;
485886.481;559979.355;559892.041;-147.7986;-330.3053;-329.6540;
489746.472;588300.014;588563.423;-7.8984;654.1281;651.3238;
484685.899;554317.928;554132.747;-47.2846;464.0888;462.6537;
479945.423;563955.366;563838.582;581.4069;-310.2588;-307.6027;
450943.766;549945.889;549914.431;153.9569;133.8996;132.4659;
440770.847;576703.624;576671.349;-210.3740;-1.3680;-3.4418;
532791.239;565620.070;565654.224;313.6065;-36.6998;-37.4428;
582739.630;427967.862;427201.396;328.1068;-42.8194;-43.1395;
452999.419;546854.857;546874.267;-417.2219;86.2379;87.8391;
497445.792;637978.054;638137.117;248.5614;112.6810;113.4601;
589097.949;631650.553;631632.986;451.6681;107.3631;106.5408;
514246.733;561021.626;560972.371;668.9055;-295.6838;-306.7691;
535609.987;680871.492;680736.350;-326.1328;90.3851;90.5225;
503851.678;669522.990;669440.844;212.3050;21.4262;21.3460;
700040.036;605855.733;605495.710;-142.3998;-26.7179;-26.9729;
436694.900;537946.236;537846.910;498.9305;200.0316;201.0193;
580395.989;574885.998;575140.499;477.9760;-168.1021;-168.4441;
487064.500;554385.957;554233.811;-23.6328;-10.7869;-9.3023;
887318.473;465171.395;465165.770;-28.2484;2.7909;2.7950;
449165.230;552412.580;552490.413;-281.1879;312.7170;315.4742;
457963.914;525814.689;525845.640;269.3004;-160.8004;-161.5350;
485926.905;513947.296;513882.308;-375.7668;-128.1753;-126.4626;
722966.706;664944.939;664852.726;252.4775;105.3620;103.5261;
487634.507;501193.422;501106.232;56.4722;-34.4736;-36.3998;
206484.224;977773.400;977536.814;-77.8547;57.4787;57.4124;
482470.977;555026.577;554953.446;163.8329;294.1213;293.0476;
489809.583;547894.394;547834.901;534.9359;-174.7553;-180.2469;
461732.466;524524.237;524500.373;432.6046;-48.9331;-49.4193;
478335.467;515710.430;515497.319;-82.6938;120.9074;119.3001;
474200.437;514758.426;514566.363;183.4509;85.4392;86.7325;
406347.818;251816.956;251253.037;6.9978;-46.4894;-46.9555;
432729.422;560835.840;560819.605;60.3685;-132.7331;-133.6998;
502786.409;559985.832;559876.098;-127.1359;148.5140;148.7044;
150096.924;412459.313;411622.440;-26.0548;-110.2895;-107.2191;
144541.123;411251.455;411002.073;-58.0038;200.8322;198.3862;
505626.092;545361.899;545246.468;-203.9440;-470.5404;-472.4811;
524936.406;510134.835;509510.598;500.4826;52.7224;47.9848;
486766.001;545483.981;545300.459;-682.5364;-130.1942;-123.1275;
426326.593;454615.569;454853.585;-484.6516;352.0906;343.4954;
483929.054;483377.062;483306.226;203.4427;-151.7299;-151.6215;
356336.558;478360.335;478083.125;-436.9174;-43.0059;-43.7944;
484214.883;545974.129;545781.257;393.3126;-810.9880;-811.1545;
459538.718;558711.617;558631.183;267.6733;-146.3893;-147.6979;
562652.605;304925.688;303720.415;-64.0258;-103.6050;-104.3124;
480778.954;547279.708;547146.617;-1180.8741;405.8116;411.1637;
487424.121;501758.593;501578.389;-261.4407;127.0778;121.0932;
348864.944;534379.335;534807.650;-113.3620;283.9961;283.9504;
479148.769;529738.245;529552.131;285.7789;365.9630;364.0322;
519218.055;582146.259;582151.419;-777.3277;420.3140;421.5246;
458122.826;534961.604;535014.521;78.7658;466.5964;467.6676;
467645.999;518507.785;518432.468;-746.5273;-215.5480;-216.8499;
420967.342;440002.646;438780.312;-98.8327;-111.0444;-112.9357;
320309.367;649959.133;649175.487;316.2340;179.6639;181.0759;
466552.942;548238.965;548228.233;-5.4919;-175.7491;-175.9532;
449666.014;549773.716;549695.609;750.9820;-674.9230;-653.9711;
480492.246;525132.470;525398.372;47.4101;258.0063;254.0772;
448562.175;538009.618;538050.845;260.5945;382.6517;383.0500;
502807.945;547852.677;547531.971;1091.1426;288.5240;273.8250;
488621.439;575716.767;575519.698;-664.2060;-83.6235;-79.2422;
410777.196;536672.814;537068.617;-833.0675;66.7094;68.4619;
511476.375;567567.037;567450.510;-687.2188;-24.8123;-25.5450;
458712.430;521690.861;521647.007;-567.4273;8.5465;12.5659;
460156.634;558330.148;558272.600;214.0666;678.7043;678.5741;
457670.283;552349.320;552285.894;-524.9961;711.6078;718.9523;
464674.237;536663.273;536622.639;472.3831;-393.0576;-396.5839;
480526.544;533752.383;533893.673;916.7553;559.2871;561.8574;
449542.715;588142.809;587642.114;-613.6100;28.2270;24.9146;
648647.980;688630.370;688939.577;256.3360;31.4326;31.7977;
460862.896;521108.944;521112.112;-91.6589;-308.2221;-306.5003;
467528.839;520431.266;520419.155;365.8764;-49.9269;-50.4905;
129481.651;582314.475;582022.299;57.3108;-29.4312;-29.7995;
486514.585;536046.196;535968.147;221.1304;18.0575;18.3139;
447129.951;480520.045;479942.310;560.0773;-250.6846;-258.3217;
492930.905;556552.920;556572.316;584.5535;689.3390;689.0409;
283183.737;457013.186;456433.734;-368.4766;-209.6035;-210.5194;
461137.645;548814.293;548816.017;-176.6522;253.0295;252.8561;
465346.296;549256.421;549241.747;86.8947;-191.3522;-188.0872;
435406.537;567887.310;567737.288;205.6075;-224.3723;-227.7865;
