# This file was created for the Modelling and Simulation course, RUG (September-November 2019).
#
# Project: Simulate colliding galaxies, using Barnes-Hut algorithm.
#
# Students:
#     Stefan Evanghelides (s2895323)
#     Hidde Folkertsma (s2759799)
#
#     X         Y         Z         DX        DY        DZ
213905.940;443835.758;443836.834;36.2731;37.7542;37.7624;
237112.059;443206.317;443205.893;-192.4289;114.6431;114.6421;
164206.990;405101.130;405100.905;46.7879;72.2494;72.2480;
128030.880;519091.484;519092.413;22.7396;4.7755;4.7828;
170070.900;404740.644;404740.285;76.8706;152.6440;152.6422;
211147.429;547445.632;547445.285;-284.6206;-154.0953;-154.0960;
139664.425;565071.080;565070.581;365.9010;-202.6953;-202.7010;
188349.177;519111.116;519110.876;188.2709;-240.3554;-240.3445;
261911.317;465204.556;465204.339;-87.9308;18.8560;18.8543;
160427.684;538274.441;538273.437;197.3064;-60.0079;-60.0108;
169980.681;558534.275;558534.412;54.3828;-176.7542;-176.7536;
235868.074;502785.769;502786.598;-449.4606;-5.7159;-5.7140;
221915.323;495704.265;495703.896;128.0862;-189.4880;-189.5022;
168274.864;488005.408;488006.639;499.1601;185.8406;185.8440;
226433.701;431098.379;431099.054;122.9337;208.7921;208.7969;
163612.505;418959.433;418959.038;6.9888;105.3093;105.3083;
185664.225;536831.623;536831.201;65.0921;-92.0415;-92.0405;
230843.135;508263.496;508263.114;-745.3311;-39.9657;-39.9564;
160899.058;580337.842;580338.928;55.5937;-168.8372;-168.8298;
203772.793;501183.599;501183.824;-539.5206;-87.6360;-87.6321;
148135.439;562930.589;562929.521;135.2187;-88.0948;-88.0953;
201591.165;495939.656;495939.955;-264.0516;324.6506;324.6366;
200208.629;493677.675;493677.671;483.6071;-191.2562;-191.2453;
229504.156;471185.502;471185.964;-313.8823;172.5243;172.5230;
196009.094;497199.033;497199.237;430.3769;-104.1160;-104.1045;
126356.845;524006.641;524007.580;226.0535;-17.3542;-17.3466;
202855.720;510955.681;510955.443;297.3634;336.3270;336.3319;
239581.185;375945.066;375943.790;14.5167;32.5851;32.5739;
246265.680;483076.349;483076.409;-240.1836;53.0574;53.0583;
217856.563;550014.483;550014.190;-131.5096;-225.5756;-225.5766;
197320.635;500499.606;500499.630;-137.7703;-92.2385;-92.2382;
211890.422;500815.775;500815.835;989.6021;7.3165;7.3132;
130323.724;518122.884;518121.690;363.8498;-23.8518;-23.8587;
194383.333;500275.983;500275.905;-782.3249;524.3385;524.3004;
203338.789;503705.653;503705.662;-135.3864;-154.2934;-154.2886;
210421.697;500858.720;500858.733;236.9556;633.5994;633.5897;
172550.586;559581.045;559581.678;162.0119;-183.7235;-183.7238;
132589.167;546458.385;546459.995;100.2392;-23.1899;-23.1773;
210701.949;500951.690;500951.612;169.2446;759.6613;759.6798;
152201.639;499676.979;499676.834;411.2343;14.6779;14.6792;
205356.591;501474.079;501473.918;-456.2113;-95.5272;-95.5343;
193577.416;538982.653;538982.475;-92.9724;-301.2605;-301.2574;
202202.809;508503.988;508504.167;25.2778;-257.5564;-257.5528;
205385.694;491048.597;491048.274;177.2774;226.0413;226.0445;
236697.563;442978.996;442978.780;-237.8925;190.9038;190.9038;
214551.272;480550.430;480550.405;-190.8186;236.9208;236.9208;
203352.252;494037.026;494037.076;-150.2335;59.5082;59.5136;
247581.631;439913.570;439912.935;-95.1896;54.1663;54.1623;
196450.670;514562.144;514562.089;447.2230;-219.4213;-219.4177;
201531.802;506834.520;506834.599;22.1183;-17.5168;-17.5096;
235032.045;462892.438;462892.700;-234.0809;146.1021;146.1037;
152159.326;431332.314;431332.287;238.9766;238.1538;238.1527;
325395.372;469098.622;469099.278;-79.4665;15.0006;15.0065;
208260.711;494198.209;494198.113;266.1750;780.4403;780.4509;
203920.259;511409.690;511410.286;578.5947;-412.5638;-412.5895;
198398.065;496880.327;496880.137;429.8107;-22.1916;-22.1910;
228050.046;566009.928;566010.122;-62.6147;-76.6752;-76.6739;
237406.410;426800.390;426801.845;-133.3166;204.3690;204.3749;
256728.205;383269.767;383269.475;-60.5622;66.7567;66.7538;
199012.711;514463.932;514464.023;-20.7721;41.7852;41.7928;
204001.504;587662.734;587664.197;-16.3935;-81.7554;-81.7427;
197067.100;498550.258;498550.267;-403.1385;-345.3734;-345.3944;
206551.589;498706.000;498706.064;62.4991;25.6745;25.6742;
207703.599;499635.451;499635.445;-147.7860;-424.1647;-424.1636;
205233.402;489299.406;489299.450;-449.8722;-6.6956;-6.6924;
198936.826;482844.148;482844.407;-43.6901;-582.0305;-582.0210;
151025.381;433209.162;433209.096;-25.2500;7.9192;7.9190;
201324.685;502603.283;502603.496;414.3180;-680.3140;-680.3308;
192734.280;522601.206;522601.875;341.8290;-357.9521;-357.9594;
207216.124;501049.077;501049.056;-407.0896;-143.1345;-143.1362;
195406.742;483296.184;483296.603;-26.2528;-432.3310;-432.3141;
228965.416;450317.086;450316.131;62.8126;79.1530;79.1515;
194437.442;513525.031;513526.028;391.6840;-179.4818;-179.4911;
209692.858;586667.066;586667.059;-15.0377;-75.4479;-75.4479;
206570.022;495656.339;495656.763;248.5861;231.1088;231.0964;
140799.882;544464.164;544464.891;302.3382;-71.2603;-71.2584;
267106.126;495464.272;495464.297;-124.8623;16.3694;16.3696;
210162.831;505541.591;505541.412;-157.9652;483.1411;483.1323;
210302.824;502067.727;502067.799;589.5334;27.3628;27.3587;
181980.011;546542.033;546542.718;94.3072;-117.0790;-117.0808;
200145.207;501826.214;501826.428;-543.0750;118.7032;118.7062;
193548.632;530757.835;530758.205;-33.9319;-99.7038;-99.7016;
196520.284;486171.779;486171.761;75.0432;-192.6945;-192.6907;
205266.899;500968.759;500968.813;-374.0660;-91.9229;-91.9202;
170039.306;557124.353;557123.605;-47.7667;-239.7486;-239.7484;
199980.188;494736.145;494736.061;212.5548;-201.8488;-201.8421;
237868.278;507093.434;507093.902;-634.6601;-299.3172;-299.3215;
205992.613;498586.783;498587.100;-645.8336;15.1891;15.1922;
202851.873;501232.853;501232.936;-200.6681;32.0057;32.0318;
200299.508;513192.376;513192.535;-25.8783;268.6273;268.6380;
196245.330;506262.605;506262.864;-264.9087;508.8153;508.8374;
205568.006;499539.006;499538.709;47.6921;8.1504;8.1549;
173906.463;407066.465;407066.758;-116.8409;86.3879;86.3876;
202087.720;492770.973;492770.733;-27.8110;761.1377;761.1527;
221054.725;568329.184;568330.300;-36.2258;-79.1403;-79.1315;
256680.223;578176.142;578175.340;-113.9810;-101.4530;-101.4597;
166528.221;487049.304;487050.465;293.9935;104.1674;104.1725;
148129.779;434332.439;434332.425;354.5030;-13.8338;-13.8339;
179794.913;437506.296;437505.723;2.6453;26.9783;26.9735;
127836.783;458384.092;458385.732;159.8586;33.5857;33.5992;
800498.995;496493.012;496493.289;-361.7933;-288.4057;-288.4165;
794135.369;534859.178;534859.684;13.0666;-64.0990;-64.0972;
860756.703;540076.889;540076.216;-233.0222;-25.7046;-25.7034;
810582.283;483746.289;483746.198;390.9636;-354.6664;-354.6780;
883196.244;543757.217;543755.849;-372.5418;-71.8720;-71.8765;
827579.397;509402.520;509402.841;-431.2313;-82.3537;-82.3596;
750408.260;462583.624;462582.644;342.5117;292.1790;292.1763;
743457.855;501828.036;501827.039;165.8011;-145.1063;-145.1010;
787147.005;490392.240;490392.481;638.0418;330.5220;330.5309;
769288.564;520751.290;520750.720;245.9004;-122.7214;-122.7222;
761429.657;471288.446;471288.211;114.9060;115.0196;115.0206;
809479.183;577807.563;577807.593;77.3347;-354.7942;-354.7860;
848010.325;491993.480;491994.128;-651.2240;62.8759;62.8779;
799762.156;490923.788;490923.653;-344.7016;-82.6160;-82.6170;
831528.270;533380.244;533379.970;-126.6341;-215.4499;-215.4408;
799813.383;487914.280;487914.499;-507.2567;509.9134;509.9258;
796482.542;487567.948;487567.701;-502.1296;-75.2827;-75.2838;
807463.992;482880.579;482880.634;-752.5766;651.9671;651.9708;
744896.419;498339.355;498338.441;294.6148;-304.8863;-304.8797;
805127.974;506498.703;506497.963;-158.5490;-409.5627;-409.5555;
740325.085;502706.992;502706.395;480.4861;-32.9718;-32.9793;
825267.351;527619.461;527619.779;-264.0728;-83.5154;-83.5284;
806436.472;507065.785;507064.733;-106.7133;-135.7924;-135.7951;
874193.963;611672.306;611672.682;-40.1344;-61.8558;-61.8526;
798401.686;492949.797;492949.816;-367.1524;-199.1705;-199.1701;
712954.570;561615.733;561615.596;156.6656;-84.3418;-84.3431;
859213.376;565463.548;565463.777;-107.8408;-94.3869;-94.3859;
763619.195;483498.553;483499.041;400.2506;59.8817;59.8816;
833640.698;577492.954;577493.396;-121.4098;-154.5772;-154.5741;
749453.602;572812.214;572812.537;61.0242;-86.5524;-86.5500;
803712.947;482270.815;482270.812;-685.0893;588.7863;588.7923;
791956.813;491078.767;491079.317;-360.2587;-107.2624;-107.2727;
804286.321;484673.255;484673.352;251.5031;-582.7249;-582.7035;
842303.008;548477.228;548476.907;-77.0953;-112.8456;-112.8459;
793694.236;489075.741;489075.777;-166.1894;-99.0979;-99.0908;
790062.313;491823.279;491823.259;-9.7962;-65.4184;-65.4087;
835877.748;513728.274;513727.231;-147.8536;-85.3891;-85.3926;
701885.940;585125.950;585125.177;48.4853;-51.1910;-51.1979;
798162.908;489526.016;489526.271;125.0581;123.3306;123.3378;
796777.324;533305.523;533305.862;65.3893;-211.6584;-211.6598;
812157.251;472349.419;472349.886;-594.5020;515.0158;515.0062;
796063.803;485179.683;485179.711;-594.1171;262.5563;262.5597;
777086.635;508723.851;508724.110;115.7097;-91.8559;-91.8549;
875408.583;559096.994;559096.767;-62.3259;-29.4024;-29.4046;
698678.996;473086.383;473085.658;218.4010;53.9212;53.9152;
771559.410;487021.829;487021.769;762.2056;11.3447;11.3608;
791760.716;492028.878;492028.866;-822.0678;-539.9350;-539.9085;
802772.984;501058.918;501058.554;-186.5893;-467.2376;-467.2301;
818718.270;475678.681;475678.859;-202.3010;36.4376;36.4383;
808155.518;476095.232;476095.287;-453.9505;265.1020;265.1054;
838087.609;511017.560;511016.936;-414.3427;-67.2202;-67.2195;
874905.661;579592.413;579591.089;-186.9137;-139.6653;-139.6751;
807646.584;490055.102;490055.230;-994.6634;709.8985;709.8937;
784423.688;497188.869;497189.011;-61.7624;-83.1087;-83.1098;
764054.038;553567.245;553566.386;163.6550;-164.0071;-164.0122;
758094.522;485919.110;485919.032;229.6243;24.7803;24.7827;
772565.906;492600.679;492600.982;346.4028;531.1728;531.1557;
788098.703;488663.996;488664.241;371.0065;131.0550;131.0520;
789522.209;478265.497;478265.518;-99.9021;-69.8059;-69.8115;
778595.885;521719.409;521719.195;282.5805;-214.1816;-214.1782;
848852.976;553478.969;553478.984;-125.7887;-111.7400;-111.7421;
801662.864;499278.982;499279.144;5.0907;466.6063;466.6176;
747113.960;499348.469;499348.343;727.3094;-91.2913;-91.3007;
808497.799;496993.951;496994.145;-54.1489;-111.7929;-111.8006;
841826.225;553078.318;553078.544;-146.2486;-159.2018;-159.2012;
730153.362;500564.824;500564.826;325.6514;33.0488;33.0443;
871791.107;540725.881;540726.127;-224.3116;-9.1606;-9.1700;
778936.351;481802.146;481802.245;721.1482;-102.3802;-102.3808;
797110.194;477252.818;477253.247;108.7852;-178.4697;-178.4662;
800563.623;496488.585;496488.676;-25.0925;48.1749;48.1729;
798124.258;491152.474;491152.727;322.9165;-417.8066;-417.8066;
782522.314;484347.424;484347.639;638.2565;-115.2541;-115.2638;
810181.850;571579.795;571580.111;-45.4199;-54.5696;-54.5652;
794639.257;496227.147;496227.245;156.6682;-274.7485;-274.7524;
805937.676;477793.146;477793.075;-492.5036;172.6281;172.6352;
728966.755;433679.786;433678.662;122.7751;136.4712;136.4618;
810381.927;485025.830;485025.887;-778.1329;469.9333;469.9372;
737691.847;532818.839;532819.810;89.9250;-53.0349;-53.0271;
883065.460;459199.058;459198.897;-201.6978;83.3962;83.3950;
779764.435;532500.262;532500.997;226.6720;-252.1282;-252.1318;
796446.885;476061.079;476061.054;99.6117;251.8407;251.8420;
795156.971;492272.794;492272.707;271.8432;71.9280;71.9195;
803768.323;540545.955;540546.186;-163.1581;-316.1689;-316.1690;
800205.917;492429.587;492429.482;64.8808;143.7465;143.7449;
752750.808;486331.601;486331.694;616.0830;159.8574;159.8567;
745679.022;456086.796;456087.504;162.1081;145.8872;145.8915;
840875.651;493013.081;493013.601;-338.2950;7.6138;7.6161;
791293.525;549105.531;549104.429;97.2407;-176.4614;-176.4645;
764611.972;455706.781;455706.316;20.2559;139.8394;139.8361;
776391.680;489111.956;489112.124;498.2015;287.4568;287.4614;
753927.508;406682.339;406681.077;17.8142;93.5797;93.5686;
810167.882;474932.635;474933.014;31.3597;808.8115;808.8019;
777753.910;489173.266;489173.572;621.4948;388.6577;388.6380;
797924.949;489835.537;489835.522;473.6396;-149.3613;-149.3656;
813407.596;498245.915;498246.023;173.2296;4.9780;4.9724;
751446.796;373021.217;373022.214;4.5127;31.9276;31.9367;
798316.804;490302.840;490302.891;48.9458;-33.8649;-33.8632;
798171.680;488282.309;488282.175;74.1652;76.9640;76.9563;
812211.807;574006.371;574006.910;77.0731;-193.5383;-193.5451;
757197.619;475802.210;475803.553;235.6040;122.8770;122.8815;
