# This file was created for the Modelling and Simulation course, RUG (September-November 2019).
#
# Project: Simulate colliding galaxies, using Barnes-Hut algorithm.
#
# Students:
#     Stefan Evanghelides (s2895323)
#     Hidde Folkertsma (s2759799)
#
#     X         Y         Z         DX        DY        DZ
462983.829;552195.016;552230.845;219.9002;95.6110;102.8743;
468677.218;534432.215;534550.047;-72.6906;-302.9248;-299.8589;
818448.851;670249.454;670013.351;1.1125;-143.1942;-143.6966;
479771.270;525069.767;524867.155;-667.7888;-232.6509;-236.4949;
484331.617;532588.632;532630.101;-255.5308;794.7349;793.7161;
491735.214;798263.865;796021.869;-153.4959;343.0341;339.0993;
308578.182;441809.421;439689.626;-197.6170;193.1563;194.7344;
598400.240;855165.523;857299.939;11.3289;126.2470;137.7173;
482071.351;485883.143;485654.670;610.1424;234.1908;255.5857;
289385.323;489984.576;489732.340;387.5839;-35.5369;-22.3091;
464353.113;546984.632;547146.279;-241.4006;388.0900;386.9031;
487094.048;539209.391;539303.733;154.4707;357.2296;368.8052;
530516.579;528980.530;529029.850;-45.4758;677.5122;693.9141;
479150.956;538364.574;538367.034;-744.9138;298.7512;303.9043;
383679.544;492414.309;490426.432;-110.3482;-169.9163;-173.0992;
399436.773;506493.028;505733.150;871.6866;123.9501;89.2532;
502400.415;474636.590;473660.455;-11.5342;-9.7161;-36.1287;
480070.969;513483.193;512902.838;-453.2665;17.5162;13.5355;
317380.243;637019.405;637308.265;-422.7142;17.4554;14.7740;
594395.375;522305.914;520832.700;-246.2388;-54.6994;-46.4427;
474991.732;520828.166;520532.119;-264.4010;-347.5279;-358.1164;
635572.357;522000.124;519954.558;-322.7524;-122.1683;-96.3719;
493142.640;540289.590;540631.275;190.3607;-107.3532;-106.0319;
466326.929;524224.680;524155.826;-560.2592;276.1631;279.8553;
463823.219;544825.731;544686.084;315.8546;435.4038;434.7916;
500779.527;539236.514;538989.155;147.8943;681.3317;686.6308;
466361.680;552891.538;553034.454;142.4118;-513.3691;-521.1900;
899376.506;135516.717;135516.427;-14.4175;1.2668;1.2339;
409517.453;528329.999;527661.795;-506.8390;-233.7609;-235.0753;
475720.958;539672.353;539463.034;-1077.0973;217.3615;227.9136;
509055.263;510897.426;510364.967;-602.7493;-134.0750;-133.5264;
374623.961;505971.161;504332.321;-337.9130;101.6923;111.1934;
478448.022;538245.413;537974.936;-630.8415;-4.0440;-8.6964;
640665.018;607342.841;607225.989;93.7660;31.6441;29.9373;
460451.306;530418.701;530384.763;447.6074;200.9554;208.6060;
492787.337;528490.844;528544.619;924.7694;202.2099;194.1213;
473924.519;527681.670;527514.378;-635.4133;-229.2361;-235.2083;
479988.872;535838.660;535655.427;-16.6223;862.7588;873.9557;
569876.315;462124.253;460622.598;-16.4684;-356.1649;-372.0576;
510244.858;517710.748;517767.655;545.3446;594.5657;599.5860;
496527.757;543112.118;544065.855;781.7969;-374.3908;-373.6887;
578567.842;564736.459;568799.164;-117.5834;101.1036;122.9600;
447147.310;563538.314;562720.799;403.7916;177.7637;149.8541;
462994.902;519676.367;519402.697;93.3576;-420.1868;-409.2837;
366592.025;564436.295;565861.777;-786.6553;127.3279;134.1208;
445398.649;523462.574;523326.315;-673.4007;-230.8300;-240.1090;
532104.828;641668.784;640517.621;-269.9930;-182.4291;-184.9439;
544660.814;640068.874;637425.693;-142.9927;-46.8890;-39.9150;
484185.800;544121.170;544046.747;309.3712;-929.1916;-922.2433;
480298.391;518031.685;517807.018;192.2529;234.8970;228.2161;
416291.842;587353.643;587070.602;159.3926;221.9281;236.5821;
280939.087;528159.627;526774.767;457.8133;193.6837;180.8822;
478255.871;521220.253;521250.320;952.4865;-106.0617;-100.1009;
424860.600;549573.413;548956.225;176.1963;-150.7078;-149.1485;
484584.989;528387.513;528158.506;1429.8999;-24.8339;-23.4502;
553178.151;622126.949;619943.280;-3.1862;-245.3180;-245.9444;
405816.868;510027.463;509674.522;258.2711;-319.4591;-329.2849;
795337.614;657656.525;656996.363;-189.8101;-17.4446;-17.7167;
479027.930;541575.785;541869.703;760.6086;22.9615;16.4917;
67060.291;617244.304;616903.754;74.1146;74.4366;74.2900;
431808.742;554727.926;554230.726;75.1040;388.0625;357.3497;
442868.886;553718.757;553283.358;311.1174;-382.8246;-375.4700;
492590.088;529738.905;529403.130;530.1179;-409.1946;-408.1750;
473683.128;534802.062;534641.407;358.5765;63.9670;69.5426;
462242.991;548293.535;547644.824;-388.4492;195.6838;176.8475;
460753.668;538401.820;538069.787;541.0256;-254.9695;-264.7048;
458642.549;514431.179;514222.513;-668.8767;344.2509;364.8265;
420060.565;294024.181;288820.288;0.0942;23.6340;24.6976;
452078.247;526690.161;526687.092;479.3487;-70.8583;-76.7253;
802210.856;468512.124;467241.943;-80.4654;-7.4336;-4.1920;
536606.439;552750.614;553100.485;249.8875;-546.9291;-538.7752;
436186.745;547924.637;547618.318;-626.5705;165.8109;151.3693;
633470.689;481377.355;480595.705;-108.3319;120.8733;121.8648;
458776.664;488902.517;488760.831;41.9353;-131.2309;-126.9260;
461861.179;563217.830;563447.841;178.7932;-504.7562;-525.2181;
479290.550;530916.090;530640.591;-498.0002;-518.0557;-522.5256;
486369.741;542498.657;542400.885;450.2526;320.2183;323.6100;
543288.174;524395.210;525065.037;600.0706;205.4382;210.0539;
304612.035;636423.532;635948.570;10.8830;3.4052;3.0959;
490393.154;525736.546;526089.669;321.8740;-618.5857;-602.4350;
500265.525;524977.758;524604.295;-908.9423;170.4696;176.0576;
486120.047;503548.524;502993.004;830.7627;-57.1203;42.4554;
488913.939;530136.617;529815.694;336.4904;154.6742;151.0375;
466132.160;535041.433;534975.385;34.6938;-1041.4903;-1046.7956;
466353.310;546134.156;546358.299;-792.6203;148.1583;149.6703;
476672.251;505917.280;504795.591;-343.5920;-606.8357;-645.4825;
492570.323;492403.467;492533.973;-529.2332;-258.5206;-260.7427;
363568.078;466979.590;465162.575;-137.9249;-443.2154;-464.3661;
480719.758;523949.400;523936.187;-83.3023;250.6680;247.6324;
718561.911;654488.604;653914.599;98.4693;-36.7932;-37.8244;
919281.055;651142.208;650253.768;115.1825;5.5733;5.4848;
453919.790;513882.467;512692.463;756.7543;541.7871;515.2809;
453171.401;613728.836;611292.836;-328.4608;-200.7142;-208.0734;
424699.856;585446.100;584627.632;384.2041;164.8068;174.6200;
181734.147;435128.953;433651.664;-288.7490;-102.9665;-106.6242;
511316.773;497112.653;496254.517;-407.7028;-172.2493;-180.3704;
500119.013;463697.592;462718.697;-430.5553;189.3430;192.8969;
486169.078;553413.961;553417.710;212.7978;-424.5228;-419.4805;
777453.790;484217.642;482323.902;-143.3842;20.7345;16.5238;
502312.050;525391.381;525662.393;162.7632;500.3315;495.5013;
470520.560;513016.053;512661.996;-804.0752;-489.2376;-505.4579;
360595.227;496803.162;493552.625;-172.4810;201.4569;212.1653;
899522.210;735914.732;733808.939;48.4026;8.1782;7.2564;
485137.318;534151.535;534043.254;786.7364;43.3707;58.5052;
455768.178;538362.497;538084.249;-187.9415;-179.9933;-185.7048;
498906.666;546594.993;546336.661;-965.3430;151.7753;155.6298;
480182.719;544105.801;543920.999;-655.8472;276.1148;279.8619;
470752.177;533062.756;532823.892;79.3894;-374.7452;-371.2825;
468918.310;527366.962;526793.067;-396.1332;-75.9725;-73.5212;
423322.335;226618.264;225418.313;19.3382;9.4535;8.8662;
468361.545;506565.149;506252.271;36.1691;-290.9138;-306.3399;
431913.844;567872.791;567042.332;411.2698;-147.6614;-147.3656;
681451.757;532257.288;532115.134;572.1607;-132.7264;-162.6215;
477883.237;584339.245;583628.803;660.8730;-206.9394;-212.6191;
480985.649;531430.586;531270.448;134.0960;111.3206;104.2742;
460937.119;524239.012;523620.540;413.8334;957.6064;962.4912;
463491.746;538230.143;538427.549;-671.9504;-292.4018;-269.9272;
675270.376;843229.196;843166.789;305.8273;143.1446;136.1752;
317544.389;499875.028;498548.975;-42.5597;-115.5479;-115.3770;
597356.011;449847.279;449112.250;-259.6003;6.5543;-1.7583;
470754.634;509853.119;509211.970;-573.1686;-188.1077;-201.3496;
493113.782;535728.431;535455.777;1176.5783;-212.0817;-199.8138;
448480.692;277984.908;276072.125;-110.1543;66.8632;65.4670;
471159.255;535969.247;535654.710;-148.3315;784.2339;784.3096;
472587.076;548880.468;548418.619;242.4069;499.4004;488.9156;
617530.911;500214.020;497529.012;-194.6258;-55.1096;-60.2597;
472981.635;542888.351;542965.116;125.7077;378.2108;371.9150;
460253.624;550559.005;550611.897;-165.0534;-648.5431;-650.2637;
465678.678;529627.324;529388.492;-227.1737;35.1886;31.6551;
701628.081;523506.967;521432.567;225.4825;-125.2426;-133.2924;
422836.998;639716.903;634625.141;440.0653;148.0357;140.2874;
484420.697;544519.267;544298.163;139.2705;-318.9831;-320.2484;
379610.592;498279.598;496644.319;156.8649;178.7200;201.2787;
479363.076;523527.462;523398.460;928.7987;546.6770;537.5444;
479039.116;542860.685;542775.953;-206.9470;-322.0588;-341.2362;
497589.787;504980.794;504279.690;-262.1016;399.3935;421.6682;
508129.847;544743.867;544539.048;-868.1688;90.0715;87.4127;
568498.754;445882.934;444021.584;-101.5319;113.5000;111.8206;
446863.153;532718.451;532442.555;-586.9540;-95.8893;-106.0416;
489342.730;537811.610;537821.759;-313.2147;-77.3674;-81.6955;
470756.849;545493.643;545855.363;276.7615;-460.3797;-468.6598;
447894.368;535474.389;535289.181;376.1912;-28.0141;-31.0208;
437057.816;531315.193;531002.298;-519.4730;-1.2292;-4.5343;
454553.414;492395.985;491749.257;496.3381;-313.5149;-317.4158;
442422.322;524434.399;523514.479;-104.7569;-602.4281;-618.0939;
894628.722;657401.236;656721.295;140.0346;-69.2562;-71.0916;
470319.165;527435.208;526930.240;-137.5435;351.3130;369.8239;
466044.645;514114.583;513528.684;-512.4913;73.9078;63.8161;
456390.393;581216.558;581355.432;-443.9791;-539.3126;-526.5809;
479356.789;491072.045;491227.015;494.1158;148.2813;167.4962;
492734.201;513575.731;513393.902;1433.4719;94.6703;77.9073;
469674.874;532028.563;531998.505;702.7589;465.1637;466.3041;
489477.906;528812.513;528833.895;-616.8885;252.4607;254.2124;
490316.821;524441.790;523833.141;415.6037;209.5395;219.5905;
482342.758;549268.579;549408.055;221.1509;-207.9900;-199.8436;
