# This file was created for the Modelling and Simulation course, RUG (September-November 2019).
#
# Project: Simulate colliding galaxies, using Barnes-Hut algorithm.
#
# Students:
#     Stefan Evanghelides (s2895323)
#     Hidde Folkertsma (s2759799)
#
#     X         Y         Z         DX        DY        DZ
251454.569;540200.600;540197.503;312.7494;-118.7163;-118.7121;
393388.430;503016.998;503020.905;-279.9949;267.8925;267.8794;
313073.534;764647.413;764643.193;89.5566;124.1493;124.1463;
204919.558;328351.276;328355.271;-14.9116;-52.1059;-52.1047;
227248.405;650166.568;650192.923;188.0290;-103.6684;-103.6682;
341402.667;517286.144;517286.596;-168.5560;-221.5234;-221.4935;
318487.638;520267.850;520270.257;-782.2191;-30.6030;-30.6302;
455801.581;418722.605;418731.850;479.4005;-9.0923;-9.0924;
306220.820;500840.407;500842.462;51.4159;82.3004;82.2828;
316085.214;470572.569;470575.650;306.5901;-22.7034;-22.7015;
459790.387;383870.710;383866.712;310.8614;-26.0717;-26.0756;
333156.388;419338.649;419339.855;230.3667;33.4477;33.3951;
333125.634;518844.476;518845.382;150.2910;283.9792;283.9869;
396499.181;483757.842;483756.505;445.9113;180.6353;180.6168;
273829.481;537310.765;537311.855;54.0215;-271.2873;-271.2795;
355001.598;500827.578;500831.006;941.4645;39.7662;39.7280;
334326.357;543047.686;543050.189;80.0871;81.4020;81.4037;
295578.778;511203.629;511204.173;-313.2794;62.6740;62.6737;
324511.141;443287.388;443282.029;61.5207;339.1997;339.2967;
297453.963;520167.062;520167.701;424.4792;-481.8935;-481.9070;
202246.036;176490.559;176485.145;44.4082;-78.0031;-78.0041;
301686.962;525046.511;525047.693;295.0295;-344.6112;-344.6478;
321083.265;515098.982;515099.979;787.5576;191.7349;191.7243;
293264.643;513548.366;513549.812;789.3898;-31.0117;-30.9792;
274350.515;513721.349;513722.632;216.2776;86.7767;86.7572;
364657.582;487246.967;487245.679;-239.4641;-176.7758;-176.6871;
293499.230;508546.200;508546.858;106.1039;-69.6093;-69.6174;
209209.116;551777.554;551779.472;197.0914;-105.1209;-105.1305;
288431.604;529770.194;529770.706;103.0821;-64.1720;-64.1770;
322817.323;519137.989;519139.810;660.8127;-159.4011;-159.3983;
300060.555;518356.861;518356.709;82.9070;84.5443;84.5151;
313367.383;510116.357;510117.991;245.1320;188.4079;188.4145;
361158.567;524904.865;524905.640;267.1532;64.8263;64.7927;
309728.000;512169.938;512170.524;222.9332;-5.2653;-5.2603;
303362.528;514231.347;514232.674;-613.9323;-58.8179;-58.7815;
309584.872;517511.804;517513.229;658.6802;116.9104;116.9435;
316812.538;512875.948;512876.557;270.5102;-190.4125;-190.4125;
361178.000;477507.840;477508.319;-7.3007;-31.3511;-31.3471;
313748.612;500185.791;500186.126;-431.4202;463.0118;463.0190;
316587.880;519052.634;519054.624;-162.5766;418.0815;418.1339;
322528.164;507726.653;507727.348;268.3100;-147.9877;-147.9700;
327493.213;502535.414;502536.868;150.1139;-260.4355;-260.4577;
345579.434;509551.530;509553.375;663.3382;-429.1847;-429.1910;
300920.864;507199.419;507200.773;549.7521;18.4831;18.4650;
400765.715;504110.217;504105.246;-188.4621;191.8164;191.8086;
327971.802;546026.679;546025.922;504.3600;79.1733;79.1729;
309419.049;498195.892;498197.314;446.1041;-546.2455;-546.2270;
398618.826;557014.437;557016.905;11.3262;-194.2138;-194.2057;
501767.700;493537.988;493540.322;543.5125;-67.2650;-67.2527;
303076.302;531846.972;531846.749;-566.4020;37.6678;37.6416;
198772.229;563433.396;563431.801;189.0071;39.9910;40.0027;
318417.891;515801.792;515802.467;358.4530;-505.9420;-505.8876;
307824.134;460506.762;460512.012;-35.5906;222.1940;222.1734;
368357.086;504208.765;504212.485;577.1241;-174.8712;-174.8916;
306210.795;511004.526;511005.553;545.5484;-42.3440;-42.3305;
342733.997;514960.642;514963.134;449.0734;175.1670;175.1761;
401980.226;508317.284;508321.479;-195.8692;176.1358;176.2084;
264779.215;503794.748;503797.080;-575.7973;102.1297;102.1175;
302908.664;514742.649;514743.568;553.2602;304.8123;304.8394;
312648.341;519218.386;519218.856;682.0241;290.6705;290.5938;
309571.302;528422.793;528423.282;287.5203;0.2933;0.2846;
328515.967;534703.659;534704.512;-23.3355;-81.6376;-81.6405;
320784.839;516473.217;516474.116;460.4609;355.5487;355.5341;
309874.360;517465.131;517466.091;69.5128;-386.2675;-386.2899;
322131.903;515880.642;515881.895;115.0563;836.1886;836.2126;
283642.927;504101.680;504102.358;-44.8376;183.0364;183.0456;
297946.001;532109.055;532109.437;-135.6330;374.5367;374.5026;
307349.997;511883.523;511884.707;988.9264;-369.7670;-369.7495;
301296.517;505670.995;505672.358;253.2454;-262.0680;-262.0395;
316088.483;519881.926;519882.877;295.1687;144.1148;144.1368;
414795.488;476632.134;476631.594;-62.8715;-123.4111;-123.3963;
250660.242;519452.201;519452.624;502.1380;7.3219;7.3192;
249615.081;541818.431;541821.128;-176.9040;150.0461;150.0432;
305549.560;521918.240;521918.302;-44.9999;136.0975;136.0807;
190964.401;514103.096;514105.561;313.1853;-19.3808;-19.3849;
290128.563;585682.792;585674.751;144.0288;128.5460;128.5263;
336600.592;511875.373;511877.656;541.7399;99.9128;99.9298;
316722.270;519077.025;519077.678;761.9501;25.4247;25.4063;
361546.095;511733.269;511733.137;44.0627;62.6340;62.6099;
343563.203;509443.741;509444.694;296.9101;-222.5390;-222.5310;
326051.469;524534.605;524536.245;126.5550;44.1158;44.1113;
293925.855;494681.305;494682.663;137.6658;-654.0243;-654.0228;
292917.961;515601.503;515602.552;-322.3687;-318.9297;-318.9200;
302601.406;508043.804;508045.829;-557.4494;-485.9834;-485.9960;
364674.556;510965.132;510966.973;439.9325;-202.6904;-202.7299;
367617.144;470320.455;470319.474;-149.3386;-175.6356;-175.6784;
270695.721;535894.542;535894.688;151.7168;149.4115;149.3848;
295270.499;519218.317;519218.973;-405.0076;217.6721;217.6436;
323525.175;515520.019;515521.558;702.2346;75.3548;75.3998;
318104.860;518592.225;518593.953;298.3397;701.1677;701.2202;
310935.101;518578.605;518580.412;455.8844;82.8563;82.8734;
292546.002;518886.228;518886.261;-227.2989;-319.4839;-319.5421;
307353.117;509491.358;509492.111;-223.7795;-196.4381;-196.4261;
324454.611;516571.772;516572.286;653.6507;216.8901;216.9251;
367943.784;514946.722;514943.282;-471.4007;459.0859;459.0373;
353429.183;514594.124;514594.770;-93.1619;339.7664;339.7934;
356265.664;500848.531;500848.714;-142.9034;209.2290;209.2362;
265430.717;646874.417;646879.857;50.2163;-2.4796;-2.4721;
183984.816;396191.916;396197.539;10.9484;-170.1224;-170.1142;
693324.727;544599.048;544596.915;-63.5717;336.6451;336.6213;
707498.975;528385.547;528383.628;-231.8431;-176.2494;-176.2400;
662730.298;517202.112;517201.877;-1136.4541;-272.6269;-272.6288;
681958.852;511882.997;511882.902;-49.6764;-189.5089;-189.5128;
797713.771;545894.389;545889.812;42.0696;60.8155;60.8158;
670514.022;513263.948;513263.197;-51.1512;243.8074;243.7879;
648105.015;512313.032;512312.403;-653.1122;-240.5009;-240.4927;
691444.511;525073.190;525071.448;11.1877;678.5286;678.5046;
671907.245;480580.761;480582.779;-15.2895;-173.6812;-173.6574;
683556.969;478396.006;478396.860;-486.0677;-289.9189;-289.9219;
792779.365;623704.900;623707.792;-123.9843;-28.8978;-28.8906;
710673.556;489852.262;489852.704;93.0547;52.1476;52.1203;
668626.830;522930.080;522929.590;259.8071;865.7927;865.7378;
681403.081;519107.484;519106.767;431.8384;169.5149;169.4783;
684070.765;491154.162;491156.174;161.2131;47.8541;47.7933;
684378.214;519188.552;519187.425;871.9487;-239.1627;-239.1935;
693274.192;487380.022;487378.848;-684.7991;302.7112;302.7440;
665572.447;517544.142;517543.281;279.0386;-270.0719;-270.1061;
596511.710;583597.444;583588.867;-72.2782;33.2219;33.2068;
622885.831;368889.397;368899.483;-192.3273;-88.6356;-88.6263;
647977.536;555006.352;555003.737;-677.4545;-187.4076;-187.3937;
676860.074;521455.261;521453.510;380.1815;642.9202;642.9160;
644130.001;394751.748;394754.204;-119.4929;-55.0690;-55.0646;
464455.994;317300.259;317281.903;-205.9373;-17.0857;-17.0954;
669223.550;519295.530;519294.288;524.0739;-173.7164;-173.7462;
561915.301;627193.036;627183.839;-491.2852;199.4794;199.4559;
647804.524;484252.913;484254.633;-516.8955;-279.5676;-279.5494;
793237.779;558458.571;558451.239;156.7717;125.7982;125.7978;
688293.736;519995.436;519994.395;-786.6655;617.4283;617.4341;
676705.454;572892.720;572887.238;-23.3940;162.0540;162.0529;
649022.361;516117.205;516115.406;33.5142;-11.5532;-11.5664;
627216.951;503890.674;503888.483;49.1481;15.4440;15.4474;
669806.200;522787.608;522786.214;-87.4713;-250.8735;-250.8485;
719257.423;652574.535;652567.166;-219.8278;-26.4039;-26.4028;
681555.278;522313.885;522312.560;-423.8346;-391.2806;-391.2318;
696155.931;521356.640;521355.634;-712.2618;260.6299;260.6250;
617905.661;539166.056;539163.184;33.4441;-260.5544;-260.5278;
578195.469;487981.782;487983.620;-492.9847;97.2660;97.2514;
644703.126;532213.237;532209.658;-325.1089;-54.1826;-54.1725;
688113.300;509355.768;509355.860;-203.4543;-9.6104;-9.6315;
667627.455;492165.463;492164.549;-347.6378;554.1386;554.1573;
681687.968;523631.923;523629.872;-365.6964;-438.6669;-438.6712;
696065.807;501584.310;501584.392;-214.3951;-81.4601;-81.4625;
753408.443;594695.857;594683.316;10.5202;113.7281;113.7069;
709624.456;461635.159;461635.183;-408.7523;-31.3973;-31.4029;
665580.790;525563.091;525561.413;-60.6910;-107.6572;-107.6334;
651862.657;516096.576;516095.479;-157.8112;-272.3378;-272.3452;
533630.245;428020.724;428031.444;-371.1647;-108.2725;-108.2531;
726977.166;490080.320;490081.512;-214.5377;-197.4911;-197.4731;
659454.083;506413.372;506413.066;63.6334;255.5975;255.5469;
814975.304;442215.285;442219.298;-77.9406;33.4636;33.4580;
718038.346;533716.353;533712.002;647.3206;-43.5752;-43.6296;
670436.225;519749.533;519748.183;-414.5271;576.1359;576.0636;
664394.336;522353.801;522353.021;-152.5573;-550.1217;-550.0939;
715393.024;567038.786;567030.124;-262.7101;-177.3387;-177.3236;
609654.395;419988.116;419991.334;-116.3973;66.3364;66.3400;
675328.201;516693.896;516693.060;-173.1437;510.2160;510.1818;
678039.427;533513.040;533510.920;-532.8657;15.1394;15.1428;
684165.744;520449.973;520448.804;757.3914;-185.9694;-185.9793;
670093.556;511010.876;511010.274;154.1385;485.5145;485.5311;
487961.932;232610.881;232602.066;-181.9580;-54.8344;-54.8407;
674975.804;520939.303;520938.464;-91.1356;-613.6520;-613.5869;
695588.901;509194.667;509193.413;-875.4243;-27.9391;-27.9341;
659136.681;495733.849;495734.486;-786.7884;87.2973;87.3174;
676198.442;529628.342;529626.939;-409.8571;-499.7635;-499.7445;
754525.634;530562.539;530560.044;-418.1095;-240.2937;-240.3048;
666907.409;495572.054;495572.832;-1233.2763;246.0182;246.0439;
671121.561;521246.375;521245.953;-611.9741;889.6047;889.5464;
658706.632;522914.294;522913.492;-20.4196;-2.5497;-2.5572;
758392.895;502789.627;502791.056;2.6338;41.5768;41.5389;
655120.654;521689.849;521688.913;193.3387;293.8165;293.7892;
859153.778;454333.666;454336.253;-66.7040;-101.6259;-101.6230;
666058.739;517163.373;517162.614;-599.3010;-83.4177;-83.4017;
665993.772;509974.351;509973.561;-397.5210;-66.6694;-66.6919;
682338.844;529861.944;529861.581;379.9851;279.9015;279.9014;
682921.294;525068.082;525067.355;-146.5345;-125.0606;-124.9891;
661774.268;526631.248;526630.828;30.2125;485.1037;485.0995;
859066.791;538523.127;538520.954;303.1273;-4.2142;-4.2303;
661194.494;523806.232;523804.848;-249.3924;73.3284;73.2912;
633073.033;504063.722;504065.677;-30.5777;129.0001;128.9928;
664947.510;515196.414;515195.453;-600.2670;83.9238;83.9098;
675702.709;513982.131;513980.646;365.6379;604.2824;604.2137;
668189.433;518216.714;518215.397;-1246.5339;-388.1036;-388.0865;
631584.490;495282.087;495282.773;405.3550;155.6073;155.5614;
562720.355;311036.533;311040.323;-293.6785;-255.6781;-255.6826;
582973.133;544685.156;544681.302;-148.9750;-155.7018;-155.6886;
969560.247;523901.843;523887.388;44.8783;-34.7513;-34.7634;
621166.057;541467.911;541463.267;61.4821;-16.2675;-16.2760;
659925.819;524831.172;524829.506;262.7783;-185.4871;-185.4727;
617313.205;508221.569;508224.705;290.2296;216.3637;216.3819;
661051.940;581829.031;581826.586;-509.9020;127.6854;127.6681;
689407.604;509003.114;509001.926;304.1335;-334.0506;-334.0277;
680813.817;530347.284;530344.772;-997.5640;-16.7386;-16.7648;
674572.746;508287.197;508286.635;446.8665;-614.5417;-614.4526;
932940.662;737081.431;737074.247;114.8207;163.8003;163.7918;
666672.042;516799.178;516797.833;-397.2217;-56.3267;-56.2906;
676547.505;508047.241;508047.149;-931.4534;-238.2926;-238.2152;
676575.825;524232.727;524231.045;679.6147;-99.9219;-99.9076;
674263.475;516860.727;516859.295;412.0986;-217.6559;-217.6108;
