# This file was created for the Modelling and Simulation course, RUG (September-November 2019).
#
# Project: Simulate colliding galaxies, using Barnes-Hut algorithm.
#
# Students:
#     Stefan Evanghelides (s2895323)
#     Hidde Folkertsma (s2759799)
#
#     X         Y         Z         DX        DY        DZ
193432.608;518495.229;518495.683;-285.6423;250.1964;250.2138;
168529.642;595005.788;595009.559;-46.9132;148.7934;148.8151;
208094.752;489288.135;489288.502;294.3677;529.3369;529.3492;
225064.423;498105.838;498105.673;380.4143;-294.2541;-294.2640;
209966.941;562997.313;562997.527;-293.0905;334.4753;334.4736;
199056.522;491006.212;491006.635;-492.2564;397.0337;397.0233;
220537.361;533562.072;533561.917;206.4706;337.1830;337.1806;
211971.474;514228.162;514228.606;327.2434;395.4410;395.4277;
174073.534;509048.564;509049.822;-45.5037;247.5981;247.6015;
197012.311;445134.032;445135.231;10.9819;129.4583;129.4484;
178146.793;462269.957;462269.973;-129.0868;239.8489;239.8595;
127603.997;496058.433;496059.764;224.7980;39.6375;39.6468;
216081.151;510785.874;510786.426;-151.6047;122.6612;122.6783;
170086.602;497251.361;497251.593;534.5967;26.3366;26.3303;
209382.078;568880.926;568881.455;192.0285;-52.6508;-52.6463;
181925.325;543419.833;543420.653;-258.2146;-72.6006;-72.5900;
222740.435;466718.335;466718.374;-42.4253;45.3588;45.3639;
189804.891;506455.164;506454.934;-109.5499;-700.6146;-700.6185;
261952.473;428098.567;428100.665;189.3810;-258.2720;-258.2584;
197330.381;490441.191;490441.625;-552.0488;-230.9563;-230.9514;
207839.871;392038.512;392036.602;-73.6696;-347.3002;-347.3071;
216529.173;481662.967;481663.194;48.9633;120.5857;120.6016;
205466.955;500747.744;500748.483;397.1877;65.1978;65.1967;
217636.155;472594.236;472594.848;428.1458;-363.9377;-363.9280;
191813.986;483195.558;483196.374;-258.8143;33.8142;33.8238;
249366.069;424877.086;424879.362;-120.1181;-247.6690;-247.6713;
229319.821;493607.665;493608.524;353.1027;-27.8282;-27.8439;
245912.638;413177.766;413174.185;-4.2083;175.8795;175.8788;
224457.482;540786.245;540786.829;216.3264;-100.8536;-100.8575;
182937.753;510009.580;510010.268;-569.0827;252.6322;252.6284;
216074.833;490890.203;490890.560;-292.2300;-119.5202;-119.5249;
205958.331;506242.002;506242.243;-36.5067;-81.1730;-81.1714;
209583.941;474323.448;474323.528;420.7026;440.2128;440.1900;
182507.498;510116.770;510117.260;-107.5805;-101.9978;-101.9823;
198178.739;502341.991;502342.390;-57.9559;165.5256;165.5330;
198079.323;507184.064;507184.349;220.7520;-207.2498;-207.2478;
223182.714;514374.972;514374.868;423.1464;-34.8312;-34.8708;
224461.628;460749.349;460750.088;-99.0597;-315.1415;-315.1198;
197032.489;500864.794;500865.515;-547.1412;510.2512;510.2842;
165719.631;485384.687;485386.515;14.8439;-165.1610;-165.1761;
202832.833;493537.273;493537.105;-245.5496;-183.1150;-183.1459;
225916.723;527882.194;527882.448;415.4569;75.4030;75.3932;
199346.389;498702.237;498702.467;-267.2243;164.2633;164.2650;
226329.479;491297.313;491298.240;84.4394;31.5637;31.5676;
167521.914;593074.915;593078.457;-61.1101;206.2421;206.2577;
205476.452;537208.555;537209.357;225.0395;-173.5391;-173.5422;
193688.286;500068.844;500068.980;-237.0740;9.6558;9.6582;
216883.489;547585.497;547585.265;308.2096;306.8474;306.8467;
198375.352;517409.522;517409.821;-364.8129;154.1325;154.1248;
205232.096;490032.044;490032.470;198.4418;-30.5142;-30.5094;
196701.927;520748.131;520748.427;184.2548;-480.0150;-480.0268;
146572.778;524714.295;524714.300;-35.1735;-225.5508;-225.5469;
202572.312;494126.593;494127.057;-1115.6633;245.2828;245.2429;
270656.135;478584.618;478584.725;71.0795;-85.8664;-85.8751;
218161.644;483481.616;483481.572;621.6304;-521.5491;-521.5800;
203236.547;484327.962;484328.474;-670.4250;-227.4824;-227.4900;
202688.947;476163.472;476164.178;341.7752;-247.6409;-247.6387;
170797.386;599848.223;599850.544;8.9952;258.3729;258.3678;
201198.069;463302.812;463302.162;-273.2455;607.7105;607.7408;
210127.849;488724.674;488725.351;701.3038;-199.8984;-199.8983;
214337.195;475890.564;475890.902;433.6808;-228.9785;-228.9317;
210923.306;490977.875;490978.808;573.8079;-193.3959;-193.3978;
211076.591;494177.512;494178.094;23.9024;-166.3918;-166.3924;
182878.068;503436.574;503437.233;147.7198;-278.2170;-278.2183;
195348.699;504572.227;504572.607;-758.7941;148.6619;148.6733;
224370.560;488837.501;488837.998;-839.0446;243.4369;243.4264;
148655.758;526942.527;526942.600;-384.6995;-73.4556;-73.4570;
217672.400;493568.202;493568.384;-360.7487;413.5155;413.5298;
208482.107;535000.947;535002.015;-59.4428;47.2511;47.2388;
205275.454;497200.923;497201.794;293.9183;-66.5866;-66.5919;
208227.991;494994.618;494994.857;722.0511;-284.7633;-284.7436;
215857.786;549319.701;549320.761;69.6654;63.4168;63.4332;
210528.106;513171.136;513171.056;-38.5001;360.8006;360.8124;
202872.785;478846.491;478846.968;486.1945;-426.2754;-426.2862;
223200.725;495133.521;495133.299;133.2758;67.7584;67.7569;
208023.591;461157.017;461156.453;230.4422;401.3169;401.3413;
143671.374;515584.743;515585.820;-154.8426;79.8793;79.8822;
201164.719;463704.921;463705.580;-155.3391;103.7403;103.7304;
203122.097;490598.116;490598.520;72.9092;159.2389;159.2326;
201704.444;498013.296;498013.870;-10.6804;624.1482;624.1800;
198537.238;489444.560;489445.169;428.1936;-312.2341;-312.2266;
215610.610;489818.347;489818.819;-213.2687;193.7737;193.7728;
218828.043;510359.942;510360.290;-94.4505;-403.6586;-403.6535;
202098.473;500142.514;500142.997;258.1005;-1.6491;-1.6506;
221857.561;520417.327;520417.164;503.8472;352.2602;352.2517;
201367.102;484691.200;484691.594;-223.1477;-110.7050;-110.7089;
247445.897;485019.148;485019.458;240.6716;-404.8711;-404.8763;
203406.195;507829.260;507829.577;30.8957;-105.2479;-105.2517;
199387.684;493389.095;493390.090;-296.3724;-13.7537;-13.7396;
218535.615;482410.467;482410.730;264.3418;-482.5970;-482.6118;
226945.904;466735.639;466735.013;-167.6276;144.9771;144.9723;
209300.336;493920.448;493921.242;65.5138;-171.3663;-171.3645;
241818.878;534570.489;534572.285;218.4008;329.8670;329.8712;
226528.790;480525.254;480525.823;458.1679;-613.4004;-613.4099;
206100.096;476544.948;476545.045;332.0373;-227.5064;-227.4872;
227736.467;429470.829;429469.754;325.5918;-347.8161;-347.8452;
177560.023;482911.419;482912.026;156.1547;-7.8845;-7.8938;
193025.239;553775.391;553775.671;-241.5927;135.9037;135.9028;
206064.235;492233.826;492234.860;327.7030;434.2301;434.2286;
239754.279;530999.099;530997.695;-298.0773;191.3319;191.3577;
821407.726;541037.186;541036.144;24.3995;-0.1806;-0.1702;
747760.752;488176.613;488176.128;30.3867;297.2167;297.2048;
747742.240;440676.284;440676.851;-363.7268;-61.3761;-61.3776;
776651.987;507283.322;507283.062;783.2523;202.8279;202.8464;
780046.829;456612.973;456613.782;-243.2958;98.7605;98.7682;
794376.533;537473.536;537473.801;27.0625;-234.6629;-234.6785;
765292.112;471872.300;471871.028;107.7131;54.6045;54.5950;
827306.186;573112.377;573111.244;-440.3848;145.2614;145.2592;
802553.182;501083.896;501084.021;-47.9131;153.5250;153.5374;
742177.506;505341.446;505341.621;111.4140;315.0261;315.0243;
837881.467;563993.484;563992.382;65.3123;175.4662;175.4620;
697186.708;468821.593;468822.716;-252.8784;-70.3362;-70.3376;
807552.173;530237.299;530236.534;-568.0238;114.3924;114.4009;
785106.957;505048.404;505048.648;-361.2507;86.2970;86.3072;
745294.462;443953.065;443953.346;121.7960;130.3504;130.3467;
770632.608;502490.551;502490.016;70.6548;-17.7978;-17.8366;
779002.134;493816.255;493816.919;-778.8656;-331.2678;-331.2642;
788000.025;532897.004;532896.929;473.3359;-263.4875;-263.4857;
774144.899;460261.430;460261.358;-134.3637;-227.0591;-227.0708;
822690.940;553970.875;553971.134;-6.4056;143.7913;143.7699;
796821.630;546887.484;546886.434;-648.0772;6.6173;6.6296;
827623.967;530239.730;530239.431;477.4199;189.6011;189.5837;
758993.903;479738.980;479737.170;22.5584;98.3576;98.3451;
827141.376;546211.712;546211.137;-334.9656;-371.7782;-371.8048;
776778.614;506474.027;506473.953;-323.7257;289.5110;289.5084;
869065.747;434547.595;434548.036;200.0517;-270.2523;-270.2503;
736014.152;467489.350;467490.331;-223.1031;-190.6957;-190.6980;
811646.407;547120.452;547120.224;-351.3807;-0.7886;-0.7953;
721167.803;437398.743;437399.597;-235.4240;-142.7811;-142.7872;
849403.598;471603.015;471602.389;312.9534;-166.5698;-166.5679;
780136.081;502380.880;502380.994;256.8901;-227.0586;-227.0503;
780850.205;496512.568;496512.286;-221.9360;-333.3131;-333.2935;
784280.663;493816.219;493816.090;-1051.2033;-91.6032;-91.6031;
768890.457;475539.181;475539.642;162.7356;209.3331;209.3346;
785350.066;502218.639;502218.906;-253.2904;-289.7559;-289.7428;
782130.489;501274.963;501275.353;-172.9135;-412.2305;-412.2277;
706002.649;469847.820;469847.387;-34.2015;-45.6626;-45.6693;
767062.356;529317.845;529316.467;448.8901;-332.8608;-332.8468;
772999.533;498846.329;498846.634;-62.3286;-215.9513;-215.9495;
802800.921;535897.402;535897.354;-38.1063;-1.7453;-1.7616;
735689.504;574774.778;574774.800;24.4203;-44.0059;-44.0069;
771818.433;500384.851;500384.824;33.8530;104.6889;104.6846;
778312.767;529872.003;529871.859;-162.1168;157.7137;157.7108;
798444.030;520100.621;520100.243;-411.4315;-249.5895;-249.5776;
834669.896;580780.260;580778.058;4.8607;234.2976;234.2755;
813076.765;511201.844;511201.696;35.7048;301.6258;301.6144;
798120.401;526314.561;526314.230;114.1742;-87.4810;-87.4729;
836913.501;552136.007;552136.643;180.3533;267.5296;267.5289;
800157.318;546846.277;546845.639;218.0196;-26.2497;-26.2473;
767528.086;515499.022;515498.883;439.4930;224.0407;224.0433;
809946.701;493940.493;493941.033;90.1077;538.7679;538.7672;
717302.537;402012.020;402010.661;-229.4450;-291.1683;-291.1738;
790825.955;512496.124;512496.091;-552.1023;247.5793;247.5880;
765838.796;503874.128;503874.066;-165.6855;-436.9964;-436.9862;
727142.354;441094.900;441094.408;-422.3423;136.9248;136.9188;
812509.061;549408.187;549407.572;-192.0610;62.7720;62.7734;
767526.711;513047.749;513048.009;148.2635;-106.7958;-106.7972;
818158.717;511839.931;511839.992;-50.5260;-33.9882;-33.9791;
773435.911;483781.808;483782.001;-264.5139;-83.1031;-83.1132;
784847.739;504116.291;504116.157;749.8655;-84.6947;-84.6876;
725396.184;424698.348;424698.656;-198.2576;-311.2602;-311.2605;
792380.284;509723.595;509723.299;23.6451;92.0567;92.0708;
790775.585;518057.164;518057.276;-308.2420;579.6622;579.6946;
804217.924;505148.677;505148.886;52.7883;113.8984;113.9073;
794026.575;526968.006;526967.711;78.9667;151.4004;151.3854;
936390.036;514037.068;514040.368;289.3049;101.5627;101.5707;
781096.503;420096.967;420094.740;-62.2916;-228.5576;-228.5654;
801337.514;527506.193;527506.033;639.3922;173.1191;173.1191;
792965.734;496313.721;496314.009;-697.7055;475.0639;475.0465;
783814.827;503709.947;503709.962;-28.2874;0.5415;0.5398;
802834.269;500180.079;500180.539;-469.0611;-582.4469;-582.4368;
784619.932;505743.281;505743.407;89.1999;-745.5913;-745.5659;
670744.545;449139.568;449140.904;-454.2010;-26.8999;-26.8957;
797396.690;494106.810;494107.262;-620.4419;-191.9044;-191.9070;
804564.934;516181.166;516181.292;333.0359;-180.7570;-180.7511;
849435.079;585986.424;585983.314;218.2772;212.8602;212.8575;
783912.821;498090.714;498090.863;294.5629;-277.4868;-277.4899;
857726.054;484445.119;484442.221;192.8670;-71.7718;-71.7738;
728546.035;575244.802;575243.825;-141.6671;233.4845;233.4812;
785609.875;506166.973;506166.803;885.8052;541.4243;541.4477;
787172.276;515927.634;515927.403;-389.5421;104.7300;104.7267;
772471.220;500271.223;500270.799;-113.5407;134.8486;134.8554;
820724.805;519409.026;519409.283;-228.0948;-99.2924;-99.3078;
780799.918;503421.947;503422.062;-80.8801;300.6347;300.6563;
724291.792;492507.882;492506.684;-203.1909;-299.0110;-299.0036;
869843.853;587521.283;587520.528;106.1629;159.3233;159.3227;
798666.571;502417.170;502417.387;854.8758;5.2467;5.2564;
727909.978;444319.144;444318.777;-136.1703;-74.1988;-74.1955;
839578.010;550602.107;550600.672;-0.5996;56.9636;56.9623;
773133.644;504233.065;504232.969;-961.2862;-249.4458;-249.4522;
820449.800;545618.451;545615.453;464.4305;374.6538;374.5966;
848026.605;477657.137;477656.915;368.1867;-337.3034;-337.3033;
787603.354;498143.607;498143.781;369.5674;413.5604;413.5463;
774249.317;502209.853;502209.595;235.9896;-150.4155;-150.4049;
806446.508;511653.122;511652.961;-168.9238;506.1711;506.1540;
756066.213;404659.577;404663.291;14.5778;160.9001;160.9036;
777327.375;502341.004;502340.942;-262.1655;-239.4453;-239.4383;
779477.482;503705.386;503704.889;-87.2521;-141.0770;-141.0730;
779039.106;490000.475;490000.265;630.3567;500.7204;500.7054;
815361.304;547940.949;547941.908;-110.8246;5.0962;5.1017;
