# This file was created for the Modelling and Simulation course, RUG (September-November 2019).
#
# Project: Simulate colliding galaxies, using Barnes-Hut algorithm.
#
# Students:
#     Stefan Evanghelides (s2895323)
#     Hidde Folkertsma (s2759799)
#
#     X         Y         Z         DX        DY        DZ
480525.694;546213.269;546122.634;95.5265;116.0403;116.6548;
496046.086;541468.966;541321.617;-79.7746;255.7293;253.5646;
766717.757;820149.526;820128.469;68.2825;-77.0870;-77.1045;
352812.619;855473.561;856179.637;-104.4715;252.8830;253.3699;
477450.407;548913.238;548811.179;-575.1644;-67.9510;-74.7671;
471929.695;531518.440;531353.077;358.4899;-36.6508;-38.8913;
406867.603;608673.940;608433.435;-498.6535;29.1093;27.6823;
582139.280;618394.396;618912.918;315.6763;-252.5908;-252.0945;
355601.409;502197.909;501663.287;68.7271;-104.6302;-103.6643;
516309.527;517532.672;517499.955;948.8343;271.7284;271.4196;
575160.414;513909.553;514235.055;-549.4223;308.8953;308.7607;
340218.384;484791.954;485411.982;265.9783;191.7164;187.9419;
463256.818;552212.046;552138.912;353.7595;-513.9744;-518.8808;
447601.680;542221.349;542403.956;556.4137;633.3796;638.4542;
108522.594;581080.985;580806.654;-17.5191;-188.9201;-189.4630;
510342.606;554927.612;554744.033;-430.9392;-312.1812;-312.5594;
459676.321;556351.755;556290.129;968.0669;-476.2318;-472.7765;
468860.654;525191.439;525208.093;502.4883;742.0927;750.8279;
488264.664;547606.362;547349.593;-1379.7318;-803.2533;-795.8355;
318600.637;549176.704;547493.229;157.3290;46.0702;45.6023;
468838.013;535527.647;535492.562;469.9685;623.5934;616.6107;
308187.009;458770.218;457810.415;177.1521;-111.9309;-112.7595;
499358.806;529136.272;528957.149;12.5813;56.6267;59.8654;
452625.418;565154.190;565160.398;-111.3037;-123.2975;-127.2020;
431414.194;561596.271;561588.445;-172.4199;474.1204;473.1736;
485555.125;550750.458;550671.300;728.2614;11.4379;8.6573;
470181.304;538658.299;538582.567;-26.6015;517.5409;517.1344;
473618.646;535112.387;534997.826;-49.6931;500.6624;507.8970;
480251.439;537662.590;537529.347;303.6440;-229.7601;-227.1424;
470504.629;550078.787;550086.178;-399.8375;383.6533;383.1343;
898925.708;152788.631;152813.366;15.9604;-26.5087;-26.5149;
482414.164;567620.005;567626.284;-1180.8383;-433.6983;-416.5045;
443326.094;522096.906;521975.152;-94.7453;128.6655;128.6305;
468515.043;540152.570;540065.828;-931.1177;97.8060;94.2595;
425533.244;556114.928;556423.175;682.3657;-162.0074;-162.8980;
470884.837;531018.187;530918.533;-741.2710;-159.6791;-157.0533;
229362.865;483889.142;482318.177;-80.9257;-106.3446;-105.9136;
469185.991;538957.409;538855.069;58.3528;-119.7903;-118.4087;
503055.590;469872.991;469074.123;-330.2776;-108.0279;-109.1788;
496974.564;535043.537;534950.994;-82.3310;95.0349;97.2436;
478898.065;545079.666;544994.370;-715.2715;72.2151;71.7369;
177203.485;409231.124;408963.812;58.6067;54.0214;52.5630;
462305.776;544782.708;544736.837;-331.5152;523.6045;531.5378;
520105.569;545134.803;544984.420;859.0313;-331.5259;-336.9790;
413853.277;657752.237;657632.782;141.4845;-232.8957;-233.6291;
456911.121;551807.015;551730.734;-39.2972;-585.7383;-587.6916;
482897.618;537712.628;537529.205;-259.6909;-339.6564;-338.7814;
753158.299;224600.917;224611.465;-83.1230;107.5815;107.5525;
468969.055;555482.255;555417.628;-289.1087;783.5645;787.7253;
784088.365;713964.776;712472.743;-111.6423;12.4714;11.7704;
356174.443;564654.615;564665.513;-60.9857;-85.7940;-87.0068;
464316.554;550150.091;550161.624;547.2108;190.9677;186.2265;
469053.183;540314.350;540216.985;40.0290;-513.2356;-513.4647;
508030.907;537874.310;537854.598;-197.7831;336.7514;330.2672;
336791.921;391173.403;390991.657;-290.3341;-71.2176;-71.2909;
431891.606;515929.594;515887.015;127.4728;-94.1966;-104.5919;
447090.889;541006.444;540922.837;759.5403;-445.4348;-448.7401;
471351.733;548793.173;548691.280;-46.2289;913.9579;917.2531;
613441.110;458379.417;458883.875;-398.6470;127.2190;127.3521;
508651.528;546003.826;545791.279;398.9983;117.4261;120.3492;
964788.850;652677.887;652381.375;-54.5168;20.9691;20.7743;
473493.665;547044.600;546970.375;842.6074;478.1783;476.3335;
35097.301;502683.852;502487.217;-32.2019;84.7501;84.6889;
497467.351;543148.862;543050.268;-696.0856;907.5901;917.7024;
495512.430;473965.261;473318.900;420.5119;208.4723;211.0473;
487259.632;552530.410;552415.131;182.2070;42.3612;44.9741;
83400.030;105827.662;104966.641;-46.2949;-113.1292;-113.3233;
515148.862;574400.992;574171.629;99.8661;-363.0137;-369.0267;
544980.037;489549.590;488617.839;127.9991;-205.8381;-214.0808;
475128.983;545328.505;545201.332;1212.5416;111.8971;113.4785;
354781.753;589734.435;589332.677;350.5792;39.5641;38.2248;
473456.434;459972.331;459310.785;-50.3121;-411.9607;-420.3179;
445399.227;531583.300;531708.549;-655.7454;-202.7650;-200.5349;
806002.826;506972.420;505793.688;74.7547;-38.1074;-39.9488;
461099.918;646216.555;646396.524;503.3059;-66.4042;-67.4758;
529202.442;575552.641;575339.405;-38.9141;-134.7060;-138.4209;
533415.094;438600.051;438030.977;182.4685;-88.0886;-88.7544;
493305.047;537883.597;537755.463;-490.8655;-554.1602;-556.3650;
498432.983;510229.530;509833.574;470.5425;-93.3414;-96.1351;
474230.397;556712.475;556691.134;141.2836;710.5256;708.9288;
482346.454;567094.059;567109.948;-398.6579;-182.6882;-182.4524;
492426.674;567181.365;567127.812;-288.7358;267.3338;265.9898;
764128.534;504015.774;503128.141;-112.9086;4.9763;5.5465;
532304.538;533930.500;533817.697;374.1607;-322.4756;-321.9582;
466240.186;534150.012;534086.513;-15.6538;469.1073;469.6073;
460948.173;516942.710;516502.572;555.7044;548.8357;548.1800;
461021.365;537195.702;537126.134;42.3898;-262.5010;-257.9547;
480355.287;529415.348;529343.359;-378.3995;251.6439;257.1542;
500093.300;545799.770;545649.627;120.1593;-45.2326;-45.9912;
478837.950;546395.076;546299.450;-848.1425;999.3647;1001.6803;
473199.868;551825.809;551657.073;1320.2585;684.1762;686.0475;
556351.342;433100.990;432372.057;377.3732;-97.0963;-97.8067;
485634.283;548712.255;548605.592;536.9799;109.8867;106.6264;
478458.092;628820.885;628918.227;257.8331;132.1780;133.0394;
553441.739;621927.941;621974.080;499.1693;156.2423;155.3441;
443683.831;540627.378;540380.518;298.5752;785.9226;791.1081;
558640.899;671594.017;671450.808;-287.0793;156.7655;156.8406;
487834.200;666519.879;666444.648;216.4008;59.8938;59.7823;
709882.687;607667.330;607327.656;-120.1628;-21.6626;-21.9498;
431646.661;526181.420;526135.282;-379.7305;92.7876;92.0677;
539280.493;585434.177;585684.112;628.2402;-97.2276;-96.5185;
461865.793;540091.763;540067.467;-315.1655;99.8854;103.8600;
889254.644;464998.500;464992.383;-23.3214;1.8088;1.8177;
502471.863;543005.697;542822.042;-279.1046;-137.7976;-140.8768;
479963.922;554110.493;553983.365;-744.8251;-296.1811;-295.3643;
501145.276;536562.770;536381.434;89.6704;-488.1497;-487.5635;
703284.533;656689.353;656734.246;273.1194;115.2485;113.4302;
482787.124;513018.594;513034.130;60.3502;-317.2567;-317.6092;
212386.064;973357.840;973126.261;-79.5498;60.3178;60.2506;
467381.808;541963.395;541878.259;-679.8032;-261.9329;-261.9781;
469616.662;543499.000;543389.502;-988.9462;286.9271;283.4220;
464941.433;548377.206;548298.191;-840.7425;-420.7045;-418.6580;
477310.872;535365.421;535371.255;191.9620;-757.4012;-754.8421;
461630.134;517105.002;516910.931;133.2336;-150.5335;-151.4580;
405847.519;255424.763;254895.945;6.3304;-49.7779;-50.2479;
464162.510;559996.499;559922.875;-982.8742;319.5967;321.2200;
461941.820;538439.884;538366.561;884.7567;233.1639;230.8092;
153544.404;419923.475;418965.943;-69.8384;-88.0162;-87.6212;
150317.607;397602.986;397447.814;-93.6416;163.8125;163.4148;
484731.519;569643.196;569516.199;665.8710;35.9373;36.7116;
468393.632;526252.720;526340.312;937.2900;-773.4212;-780.9895;
480459.242;553205.789;553180.558;793.6248;198.0134;192.0355;
463585.774;431847.724;432554.200;-505.8427;249.7491;245.2769;
468932.693;498282.273;498188.866;191.9759;-254.5037;-254.0924;
393177.258;485897.346;485707.770;-552.2618;-162.1196;-163.6149;
456625.515;570388.061;570502.773;102.3516;239.2163;239.0114;
492894.733;535983.393;535827.142;-212.6765;9.2372;11.7718;
567296.037;313097.511;311947.212;-59.6272;-114.5650;-115.3251;
523707.623;534153.414;533986.046;-87.1359;37.0374;35.1855;
498713.665;516469.267;516540.852;64.5380;-581.8416;-580.5947;
363283.724;513501.659;513865.481;-274.4144;275.2438;277.1783;
463962.071;545912.251;545850.847;-523.8120;-780.3828;-772.7363;
558124.333;542006.058;541872.997;-263.7470;578.0471;580.1714;
479532.293;542229.928;542088.540;-284.2151;-807.8325;-813.4197;
475099.434;564657.568;564520.690;746.0003;-276.7652;-276.1909;
430226.635;450385.436;449440.529;-145.3034;-162.9886;-167.8128;
298856.029;635014.432;634136.137;254.4139;218.2318;219.3346;
483124.133;544616.942;544508.063;17.4813;272.0883;269.5256;
447982.357;581449.249;580931.213;-374.1472;-107.5324;-115.4951;
467602.392;541985.845;541656.333;29.3367;-825.6909;-826.1383;
462724.369;524740.871;524590.106;-533.0032;-173.3688;-170.7929;
419690.977;541865.085;542029.833;547.6070;19.5589;24.0608;
502821.273;547175.447;547070.080;639.2844;789.3496;784.9856;
502969.026;541182.581;540810.227;-1136.4633;-357.9262;-345.7855;
539158.618;558417.305;558329.764;-69.0443;210.7642;210.8896;
500008.378;533660.346;533415.799;-388.0311;-351.3638;-351.2291;
490101.072;531444.313;531319.990;-179.9134;-476.0662;-474.2775;
482274.861;544874.335;544824.773;679.6169;-548.7974;-543.8183;
495164.737;556749.892;556586.669;-362.5968;472.6925;471.6418;
423952.979;519003.005;518634.204;461.7648;-104.7402;-100.5387;
496367.845;567575.509;567541.526;-507.2199;603.9423;596.1076;
628964.485;685864.078;686144.296;269.0006;42.7642;43.1734;
484184.656;565205.525;565118.708;-332.3860;-375.5554;-377.4507;
467237.243;550927.311;550814.970;-745.9019;-546.1787;-545.5003;
125119.865;583546.161;583280.530;70.7664;-3.2515;-3.5855;
463874.283;558150.412;558118.592;-442.7993;127.2437;126.3184;
412389.565;508862.689;508918.424;305.6182;-518.8549;-527.2188;
439854.200;529581.012;529481.319;59.2794;-40.4325;-43.7356;
311975.720;473094.292;472581.435;-402.2663;-218.5947;-219.4449;
480629.041;547933.617;547834.923;359.1229;53.8123;49.7306;
482141.266;542484.674;542421.374;181.5588;200.2141;202.0985;
428718.569;579987.782;580053.276;-11.7132;-102.7172;-104.3156;
