# This file was created for the Modelling and Simulation course, RUG (September-November 2019).
#
# Project: Simulate colliding galaxies, using Barnes-Hut algorithm.
#
# Students:
#     Stefan Evanghelides (s2895323)
#     Hidde Folkertsma (s2759799)
#
#     X         Y         Z         DX        DY        DZ
488903.161;517961.261;517684.289;46.0697;-233.9562;-232.0352;
470201.343;541003.776;540873.532;236.7570;-409.5327;-399.8401;
814596.159;711522.151;711404.231;20.6128;-126.0800;-126.3805;
483807.388;523681.054;523513.452;-873.9809;-323.8256;-331.9366;
456091.076;538311.001;538157.717;-156.4663;639.4282;648.9669;
537939.539;678891.117;677949.593;-138.2471;465.5624;461.9925;
391632.148;402083.821;399834.648;-326.9570;58.4938;57.7391;
596779.384;805790.072;804802.576;18.6095;224.4846;228.1108;
531845.717;543050.992;542792.958;-389.2385;326.7217;326.9020;
209895.886;511778.312;509554.896;153.6600;-66.2893;-68.0267;
984677.737;595979.828;591760.441;367.4978;25.4712;20.2210;
459849.372;551718.345;551851.231;-232.3176;144.5017;148.0612;
458627.494;529186.075;528734.641;11.5446;-137.8373;-133.6111;
385094.460;441408.165;439702.373;489.7542;17.2563;16.9161;
32509.634;488649.102;487384.291;-315.3221;-27.4716;-30.6425;
474232.836;530914.789;530717.293;204.9049;238.8750;246.9617;
540069.156;513462.717;513402.458;144.4570;137.4365;131.9430;
257653.830;474009.257;473644.940;251.0614;68.0265;72.0197;
396578.814;572806.492;573871.016;140.1272;-69.9263;-95.8809;
439947.380;539015.824;538743.823;610.4666;-254.8336;-253.7034;
460940.746;611466.863;611868.500;-513.2933;194.1720;195.8974;
585022.581;538871.112;537702.176;314.3592;-30.2998;-40.7808;
466048.798;514510.461;514039.340;-287.7699;-249.6661;-247.2887;
676080.168;561412.197;557178.173;46.1930;-114.6941;-118.3723;
484920.633;536899.380;537198.031;-87.3040;-530.1893;-552.1820;
437614.529;543966.874;543468.285;-235.3096;7.1330;2.0873;
448002.973;530410.568;529903.555;362.4774;-560.7168;-574.1497;
504602.302;525127.144;525224.419;138.2587;226.7635;243.5412;
466486.870;524600.742;524124.019;-190.5567;467.8906;476.5188;
902836.992;136053.562;136062.288;-8.0310;-4.7560;-4.7818;
585502.423;461829.717;460128.021;-73.3270;290.7428;300.1970;
454751.521;532793.800;532620.498;-335.9939;-559.9033;-575.8486;
497195.237;550616.682;550974.241;-26.5761;-170.6102;-165.4959;
473454.874;593232.781;593122.606;259.9829;-46.5782;-51.7912;
455661.044;531968.008;531757.986;19.9573;-1.0648;2.4113;
553991.196;570152.711;570277.972;589.7030;214.8488;219.6165;
438677.941;530651.394;530241.577;-160.1933;-112.5110;-110.0984;
451879.511;542549.939;542374.613;-62.5403;-409.2678;-404.8875;
435970.512;518722.286;518233.872;-282.8424;-145.5210;-147.6973;
454633.826;538776.022;538442.930;34.7959;348.0961;353.1096;
424074.337;570121.358;569430.157;922.2507;117.2573;137.6844;
436055.423;526299.541;525850.500;-283.9480;-645.0238;-653.0677;
468020.303;573135.584;574139.855;471.7065;-155.1136;-202.8075;
477384.279;517438.865;516921.979;1194.7281;-123.5432;-158.6134;
418998.967;541885.539;540282.631;461.7300;73.5512;77.8211;
494367.190;556109.743;556365.194;129.5235;223.7159;237.5453;
579809.285;431514.059;431229.249;-309.8206;370.1774;368.6176;
495658.726;524193.641;524146.982;309.8062;467.3774;483.5802;
609219.133;680043.400;678766.359;-220.0032;-88.0130;-86.9949;
570983.186;639672.831;636702.417;-30.5952;45.2286;43.0428;
478568.518;553878.999;554089.262;1070.7310;-36.6244;-27.2193;
459957.493;530732.086;530492.184;-545.3590;444.5135;451.9483;
573752.872;525182.183;523586.980;-173.2636;-204.0323;-194.1875;
197563.454;467568.693;468243.313;114.4272;167.6980;168.1154;
475420.806;557926.296;557650.146;-330.1379;40.3614;38.6508;
446434.620;525697.373;525724.846;-31.1024;-861.4330;-880.1567;
459948.968;519900.621;519477.618;458.0038;-82.5335;-84.8017;
536616.071;673694.037;671935.818;86.6608;-98.5379;-101.6137;
432667.673;587659.589;588004.164;-356.2015;-66.3911;-60.6846;
849933.827;662228.224;661681.711;-170.6435;-15.0232;-15.5286;
478438.720;517564.515;517213.144;359.1058;-199.5202;-209.2478;
47459.180;593671.235;593374.801;53.0259;78.5613;78.4218;
424950.309;534253.320;533060.489;814.3857;-69.0359;-62.0090;
461113.010;503857.310;503073.391;314.0634;-381.0292;-390.3337;
440908.111;523832.794;523422.771;-777.7912;-76.4821;-81.6075;
54098.276;8738.520;7702.909;-10.3015;-68.5693;-68.7037;
463581.754;541041.005;540895.683;227.0761;-284.1940;-303.6519;
482258.649;519578.018;519280.188;191.5053;-486.1204;-467.0079;
473624.076;519272.287;518780.875;-92.2550;329.6958;349.2816;
439789.931;542364.723;541389.429;277.6182;604.6147;612.9194;
424322.203;293924.414;288827.231;-24.5274;-24.6217;-26.0073;
463101.931;554977.188;555276.253;-774.2273;61.7832;62.3838;
819698.966;473244.392;471072.501;-31.4955;-26.1615;-24.3376;
376660.961;595940.461;594500.002;409.2048;185.0116;184.2156;
528876.795;500185.554;499016.988;257.2739;-149.9657;-157.0069;
649202.588;449928.080;448952.215;2.8734;83.3961;83.2329;
448215.552;514519.066;513815.161;-60.9013;352.3604;349.5214;
465959.941;482217.681;481788.589;-112.6977;381.0293;380.1894;
455902.158;522834.463;522381.923;-589.1657;153.4366;149.8886;
447964.486;531175.818;530828.809;358.5474;-465.8395;-475.3442;
484581.983;526557.931;526116.030;-455.1093;747.2303;747.6911;
331071.940;619737.409;619494.159;-181.0449;116.0903;115.3864;
510111.887;538100.494;539084.688;490.6112;-195.8015;-193.7433;
445172.514;530219.152;529872.266;-92.5803;-536.2908;-546.9601;
432874.567;501171.650;501825.949;844.4012;92.3004;123.1684;
475145.667;533451.143;533084.591;-60.9969;163.4724;163.8875;
476293.599;552330.053;552528.386;-253.4352;-601.5290;-606.9301;
466990.811;547009.859;547080.881;299.3105;264.6922;280.2434;
482204.276;499904.251;498277.720;52.9541;-338.7194;-353.9052;
476651.952;497715.529;496695.819;-841.7767;-181.6656;-199.0702;
566263.657;556966.967;556751.226;-659.4826;167.4927;165.6196;
478439.815;532750.232;532540.799;-247.8630;-461.4877;-469.6385;
684213.395;663511.990;663255.083;125.3902;-21.3441;-22.3566;
873503.579;649740.531;648927.569;181.7271;3.0273;2.6289;
500891.378;578069.196;579355.428;215.1946;52.3941;71.2612;
558409.854;577481.253;577010.241;-142.0213;403.6081;399.3875;
467736.409;502760.419;502757.348;-848.3024;0.5269;3.4730;
281775.656;472445.111;472146.938;-356.8016;-160.1061;-164.4186;
403456.444;498108.316;497269.847;-196.6749;244.3986;243.5613;
607450.143;447814.168;446518.919;-244.2406;-32.1372;-33.9660;
433420.543;541774.336;541343.184;240.6756;593.8181;612.7832;
817892.887;477571.500;476916.345;-123.2696;25.8858;22.8619;
445054.991;516903.962;516650.108;401.2007;-458.9205;-457.9118;
481760.155;535607.607;535513.954;454.4740;-542.4929;-548.6432;
490643.467;508803.940;509176.591;-438.3459;-483.2482;-487.6971;
879815.433;730526.406;728740.289;80.7626;27.6651;26.4915;
491579.439;530061.151;530378.706;388.8795;-27.9912;-27.7797;
460099.415;519779.854;519093.706;-115.8143;-591.6946;-606.6025;
451335.367;506274.527;505629.753;101.0048;-97.7000;-106.7672;
464468.131;530524.395;530251.496;-587.1725;-389.2134;-399.8202;
459784.806;529913.812;529482.667;-34.9685;336.3393;333.9824;
439575.223;521988.567;521191.885;411.0459;14.2489;15.6622;
417819.425;225901.044;224869.908;16.2559;-4.6803;-5.1894;
468291.040;497383.240;496563.437;-371.4582;44.0364;28.8186;
518288.199;505000.821;504438.117;-239.5508;-36.1652;-32.5348;
387637.861;513212.071;511401.246;785.5456;404.0146;409.0507;
305158.921;582048.151;581935.382;429.8780;108.9075;114.4558;
474168.153;526637.550;526279.457;-232.1431;-302.3654;-314.1541;
459034.615;532662.076;532052.200;-1404.6207;387.5882;408.7435;
479644.820;543734.971;543770.089;140.7417;261.9913;287.3226;
572897.474;796170.649;797768.070;339.9718;139.4121;140.7842;
359180.392;536786.984;535771.648;-253.9266;-130.2184;-134.0578;
615252.487;481134.567;482122.676;160.5630;-188.7391;-189.8148;
457414.198;542875.461;542865.895;653.3545;-552.8636;-559.4253;
490421.397;528912.292;528664.921;-80.9057;17.6646;29.1426;
480043.728;264601.455;262915.481;-96.6712;22.1544;21.7189;
460753.700;534145.438;533752.528;-92.2409;-86.9088;-82.5574;
454276.021;538366.368;538498.503;-711.3172;91.8179;64.5976;
605635.015;535855.443;535732.794;328.4314;-163.1844;-170.1592;
469067.197;537494.022;537452.823;84.8207;108.1236;110.0001;
476126.329;561550.894;561661.782;48.0661;106.5170;117.6368;
476400.398;536623.400;536651.563;250.0770;32.4792;43.1510;
598159.206;559825.559;558885.193;461.4759;-89.8826;-89.6561;
358320.300;536588.410;538558.118;-191.9807;462.5361;433.0154;
480540.685;521555.721;521195.308;-859.1582;-106.1398;-105.0671;
518569.892;570055.492;570189.417;-144.4911;-202.7027;-194.7252;
450023.447;548847.197;548671.076;-681.2519;-230.5204;-230.5111;
444728.906;538726.872;538542.719;-252.6806;309.1205;312.9619;
416224.087;571522.637;571518.431;-37.9229;70.5973;58.8155;
487547.894;526804.998;526722.348;346.8718;810.8570;827.8411;
563824.368;458956.263;458486.126;121.9882;-196.5707;-201.7145;
433224.092;568535.101;568550.731;-234.1215;-258.4912;-254.9984;
471278.979;546724.423;546793.662;-71.3884;-153.6362;-151.5333;
459540.061;526328.874;525809.812;-911.6749;628.8267;613.9535;
469326.764;542433.947;542276.449;-812.4602;694.5994;698.5964;
400552.137;556767.258;556150.297;319.2926;-362.9319;-354.7055;
509188.280;546495.979;547033.682;450.1038;355.9895;362.7046;
512199.421;520703.532;520358.979;612.3195;263.5565;258.9961;
849443.062;676102.381;675934.623;160.9640;-47.7582;-49.1191;
441260.189;549747.902;549849.234;-98.3518;-5.2812;4.5973;
469251.808;539311.859;539230.757;655.3252;-290.5716;-298.1869;
533851.288;602919.110;602060.435;-42.8440;307.2781;296.1478;
433479.544;512795.002;512475.444;720.9992;34.2919;54.2116;
496760.366;513629.769;513538.305;456.1601;504.9552;533.5792;
446107.431;525410.458;525110.031;388.8126;-256.2912;-260.1291;
436544.940;550446.146;550324.216;-331.0867;-175.9270;-182.5727;
470933.395;548337.951;548265.214;63.5781;495.3279;511.8978;
478624.265;530254.938;529801.355;101.8775;-316.4896;-325.4262;
