# This file was created for the Modelling and Simulation course, RUG (September-November 2019).
#
# Project: Simulate colliding galaxies, using Barnes-Hut algorithm.
#
# Students:
#     Stefan Evanghelides (s2895323)
#     Hidde Folkertsma (s2759799)
#
#     X         Y         Z         DX        DY        DZ
493314.494;565450.280;561793.080;207.2974;259.2337;263.5662;
473252.800;545992.104;543140.289;1216.1481;1.8169;19.7629;
706643.983;468538.746;469745.576;-233.9589;-154.0838;-143.4723;
498717.647;539210.561;537542.832;-126.4870;-366.0876;-411.6534;
507481.153;565791.958;563605.838;-3.9436;611.6584;583.8783;
603033.383;632137.485;629652.299;354.1661;-168.1933;-164.6965;
595019.843;941463.393;955975.789;-14.0012;20.0473;28.2173;
581646.610;597106.932;608766.887;58.3699;477.9689;517.0377;
502706.037;610733.739;604774.057;-51.3079;143.9600;108.2247;
481643.172;569314.836;565526.735;-1280.2339;47.2935;-66.2013;
504449.860;548507.117;547492.236;-68.3635;-592.0451;-567.4210;
642891.905;678950.492;680017.944;-45.7211;170.9455;169.2700;
492230.407;553981.120;551225.788;-540.8105;-467.9130;-462.1407;
459821.675;540539.538;534691.344;893.1610;523.5320;623.2516;
391760.078;422846.974;411390.614;-317.0058;-223.8773;-264.6428;
536304.277;560593.429;559557.509;-498.1431;-150.5657;-135.0631;
494549.617;545708.882;544319.822;-316.7310;112.8546;108.0274;
549025.196;577981.230;585020.957;11.2384;-302.3982;-293.9232;
470535.999;553708.739;550181.271;864.8996;-119.1951;-80.2351;
550296.513;518943.322;522754.557;142.9866;-209.8621;-194.3763;
483436.474;553504.571;550328.290;317.6019;-176.2528;-146.6694;
487840.385;557150.243;554706.462;371.8438;-103.8112;-73.5284;
505633.713;522824.443;521790.448;718.8115;-37.6814;29.1878;
463421.190;546292.702;541457.474;-6.6553;184.7162;187.1871;
484522.273;550316.345;548197.816;-747.5663;-137.1859;-129.0673;
864380.162;153985.642;153889.650;-41.7019;29.3647;29.1789;
400910.727;455778.465;445785.636;76.9675;26.9770;25.2795;
493115.584;557340.961;556029.763;910.1972;-386.7914;-264.7220;
488116.014;535025.093;532394.927;-994.7837;490.8519;355.2123;
716991.148;509967.662;510288.014;-207.3758;36.4590;28.9173;
473654.241;559601.255;556157.994;-724.9120;-310.7465;-359.9333;
468978.417;407766.584;415140.510;186.7671;152.8700;179.6562;
527792.183;502357.454;500549.427;119.6967;-212.2193;-191.8069;
452280.546;550303.859;546533.146;-148.5096;-391.1967;-369.6569;
456651.574;535088.961;531123.342;-517.5784;162.3417;99.2695;
507465.731;553416.094;552950.882;637.5963;117.5624;141.0418;
537754.735;595159.471;592261.225;601.6508;-57.3644;-43.6079;
500515.197;550810.475;548455.105;-1072.9752;570.9780;440.5004;
481924.472;548758.070;546437.389;347.1029;156.4085;138.5238;
473319.087;528015.759;524764.856;500.1132;158.9015;118.1359;
464820.210;528953.773;526205.447;330.7256;292.7282;258.0212;
526106.047;557674.866;557072.151;-475.8764;-52.8763;-68.3149;
526185.492;491569.893;492257.887;-144.4418;325.7232;272.3852;
730663.059;413899.210;416110.866;252.6578;2.2095;1.2304;
719394.163;397507.106;398165.702;177.5047;-15.4075;-33.6570;
490174.133;553959.517;551898.175;-151.6781;466.8783;457.8235;
492274.296;555491.483;553494.388;-771.2887;415.2184;374.1165;
491285.658;517604.748;516455.349;-616.5441;-358.9464;-381.0985;
665592.185;170059.943;166345.073;59.4920;-258.7021;-266.8689;
428780.903;534514.355;530247.014;-42.1123;-202.6610;-184.6857;
471844.290;540688.219;536930.427;-199.1618;272.0500;241.8183;
446633.199;556168.759;552838.506;312.0845;-372.2858;-331.3262;
514185.232;467032.100;473425.795;-203.3052;-451.4939;-371.4745;
389994.471;682546.153;675724.740;-187.3198;-5.0365;-16.9785;
537336.341;448670.998;451363.262;313.1880;-209.4699;-173.4692;
492442.825;553088.660;551098.452;-513.2548;-1019.5226;-1001.2020;
216475.434;690280.592;689706.519;163.2743;36.8748;36.5566;
483597.186;525899.857;523575.379;-311.4689;-27.9066;-38.0080;
495895.667;553888.619;552291.873;646.6783;12.0161;65.0852;
487001.056;542084.706;539595.329;-623.6101;524.4880;429.4122;
507547.924;540823.945;540235.994;-135.5860;-243.2026;-232.5131;
514025.611;537899.663;538072.560;138.1879;31.4126;19.1952;
456280.533;535639.260;530855.747;-208.1784;528.8946;489.1121;
502130.205;531384.384;528785.685;-46.4096;-677.3021;-617.9890;
452563.203;539176.404;533243.109;481.4591;731.7092;757.8904;
486356.413;532908.836;530913.825;-1129.4567;-204.8520;-243.8168;
541729.640;528540.889;531343.138;-590.5742;103.7244;124.3306;
960567.250;335669.596;316539.695;292.1795;-268.0569;-342.8755;
642329.895;507587.922;511966.298;68.4137;45.2284;42.1733;
442631.289;472561.025;465582.628;199.1386;33.7891;48.4379;
481870.322;484356.834;482904.809;13.0000;80.4222;43.2839;
729087.990;438011.968;439704.022;324.4228;-0.5684;1.2717;
458839.523;555959.688;551388.975;207.4843;-181.0643;-164.1689;
486219.930;549809.007;546559.472;514.7861;-334.2581;-263.1704;
664085.406;473154.868;476280.544;-81.4240;161.5858;158.3025;
721841.226;392996.527;389605.746;310.6460;-126.9799;-113.4375;
502211.742;554008.352;552536.203;601.9918;-210.1934;-143.7228;
506715.585;553394.047;552345.820;45.3546;-58.3022;-71.4963;
514524.369;532492.063;533728.528;733.3605;458.9216;347.1798;
480136.161;565587.283;562399.614;-236.8454;288.5229;279.7599;
500853.135;545112.716;544587.060;-525.1260;219.8283;135.1164;
497593.831;535679.359;535003.778;-172.2382;-347.2625;-362.2933;
424805.762;485360.826;482842.572;-445.0799;-402.5448;-436.4038;
491380.112;539654.512;538041.772;540.1230;-563.2866;-608.2312;
446623.502;190099.935;174867.761;131.1479;-110.3818;-114.1667;
495030.419;562750.388;560574.339;-144.4634;-100.8180;-113.1941;
774460.636;592854.534;591638.498;-14.3766;-60.7835;-60.1635;
928050.763;596925.895;595094.803;-72.4031;-69.2563;-70.2133;
528802.127;523355.019;522087.391;574.1134;-409.2452;-292.6575;
515294.695;559087.395;558842.626;-397.9196;926.5628;800.7009;
511712.325;493588.851;496350.136;-430.8684;-295.3230;-283.1841;
503610.976;483853.159;486217.534;-401.1682;-103.7045;-141.3535;
825971.017;615080.403;617439.151;202.1386;-57.8684;-60.1328;
469277.146;548781.275;544889.040;-622.6524;48.6736;3.4796;
411832.121;571574.964;560716.105;-108.5293;52.0571;83.2879;
470461.609;562272.978;557612.808;8.5997;-140.8771;-132.2350;
476170.228;530842.106;526900.924;-641.8469;465.6264;436.4031;
491227.858;376773.678;383330.904;-180.9902;-73.8813;-71.2768;
888341.702;706037.772;703208.191;-68.7368;-55.0398;-55.2749;
464004.346;571601.103;566606.653;-311.2891;189.4683;183.9856;
477261.335;550040.579;547061.106;21.6374;-50.6603;-49.2208;
454249.192;545195.620;538478.667;-209.5252;-302.8420;-311.4365;
453714.617;539947.246;536542.858;-57.9524;-324.3688;-311.3341;
486118.219;518316.593;516936.804;-414.5086;378.7010;311.4083;
468692.775;540895.889;537312.039;-199.7198;120.7908;101.5795;
450119.897;274818.813;272101.867;22.2252;65.7168;63.3208;
482461.621;550003.414;548353.340;1259.3352;10.5137;46.5552;
498241.984;451276.274;456254.447;-194.6334;-310.8246;-259.3200;
932919.553;345267.177;326893.500;80.0102;-69.1705;-33.6183;
308108.227;508479.592;503097.424;63.0499;178.3134;175.1259;
484105.357;561998.133;558882.664;334.4419;246.0410;283.4203;
495577.427;531453.614;529760.234;-318.8142;371.3732;327.2710;
482239.418;550718.007;548630.186;377.9371;175.7120;175.6623;
998051.702;955279.151;947125.856;218.2812;51.1460;45.2407;
539831.772;517797.226;518104.577;190.5210;339.1396;401.5765;
507593.233;521105.623;519366.408;129.5609;-900.5214;-798.6478;
471167.668;488830.730;483213.538;-187.1410;-226.9986;-197.7560;
502512.181;540271.160;538795.966;-385.6385;-4.2570;-63.4104;
437225.832;535962.251;531359.476;566.4181;464.6441;491.6451;
486566.443;551072.728;548884.544;-256.1323;-479.8375;-457.1550;
502770.103;546734.463;545592.905;552.5121;333.4330;388.2150;
584821.869;503804.826;517398.023;67.2678;-4.1577;51.6451;
490532.419;550434.598;548461.951;-163.3944;-291.6602;-296.1733;
467214.784;535503.629;533486.167;791.9307;-555.3907;-610.9904;
494728.644;528654.225;526864.160;-824.5342;-117.8657;-252.8955;
825125.241;437085.206;429696.054;-29.4320;-54.8825;-54.6849;
430505.861;593540.949;599758.420;637.8355;218.8094;254.5911;
495254.102;556507.922;555056.118;583.9828;445.7688;512.7925;
392987.566;559461.622;560045.818;474.1384;-214.8238;-192.1813;
491285.125;538472.622;535186.486;1317.0877;-374.0750;-306.7011;
493280.736;548414.102;546080.520;238.2466;186.9002;195.3400;
534191.113;534966.752;537716.150;435.7415;-49.6171;54.7750;
448885.311;551781.055;550635.470;1021.1404;-338.0242;-344.7478;
610205.801;502870.888;520357.434;201.1474;1.0927;12.2579;
509495.114;545868.831;544842.393;-794.7937;744.2601;664.4477;
481005.353;539948.194;538453.052;521.4802;-137.6037;-108.6863;
499322.045;544635.447;542729.591;561.7533;467.3178;441.3552;
463423.950;537251.043;534017.392;178.1620;-321.3737;-303.6742;
483582.755;545881.273;543304.492;34.8869;435.0484;447.4173;
473418.235;545322.593;541294.838;506.4908;-108.0183;-53.0911;
499410.243;569994.034;566696.194;-885.5278;111.1002;58.7883;
526027.988;489553.297;493065.773;-356.8617;46.5841;-7.0374;
454206.572;514593.466;508653.016;-176.9542;114.0508;80.2426;
397494.681;433617.981;426091.618;85.3156;-402.8353;-430.3990;
499046.282;543733.561;542355.801;361.5917;751.3218;742.7433;
412934.759;551449.835;540672.206;-608.3990;54.7396;-7.8738;
496337.987;552885.234;551689.570;944.8978;222.2502;304.7995;
497256.799;558799.508;556714.102;662.0870;678.0746;620.5386;
518244.377;550793.469;549304.671;-1020.6416;-396.9844;-383.4228;
502041.039;546464.361;545500.614;184.6081;-1.1798;33.3559;
