# This file was created for the Modelling and Simulation course, RUG (September-November 2019).
#
# Project: Simulate colliding galaxies, using Barnes-Hut algorithm.
#
# Students:
#     Stefan Evanghelides (s2895323)
#     Hidde Folkertsma (s2759799)
#
#     X         Y         Z         DX        DY        DZ
140269.906;560214.148;560217.135;-40.0978;56.3243;56.3194;
175703.199;613815.777;613817.458;18.6132;-84.9460;-84.9479;
236430.619;605570.766;605570.572;79.9533;238.5548;238.5486;
240989.117;416396.706;416398.041;-47.0475;-159.9966;-159.9896;
144193.173;634657.530;634664.164;-20.2815;152.7934;152.8294;
233163.179;487236.286;487236.843;845.4853;-259.7238;-259.7449;
238904.493;495312.992;495313.116;-228.3000;543.1503;543.1735;
243506.507;573973.699;573975.156;-79.7590;48.1039;48.1102;
223822.974;533344.985;533345.500;221.2542;-115.3431;-115.3408;
218311.453;528776.456;528777.647;13.1835;-322.2535;-322.2746;
220083.197;488051.034;488051.674;-1066.4953;-193.1721;-193.1648;
217364.258;479685.833;479686.380;-500.3222;322.0355;322.0322;
196830.507;496634.685;496635.905;-410.2100;-200.5330;-200.5012;
240548.351;523080.378;523081.071;151.2790;-143.3609;-143.3760;
178456.048;474361.085;474362.539;251.3421;264.0358;264.0439;
199835.584;500626.190;500627.228;-1047.4997;-163.6202;-163.5864;
220718.666;485897.119;485897.866;219.8263;-82.9785;-83.0001;
209236.577;502193.272;502193.713;77.2312;625.0024;624.9770;
279594.095;369234.551;369230.909;40.2223;-101.2581;-101.2862;
217966.550;498048.498;498049.626;889.3096;417.8712;417.8656;
191470.480;302514.448;302510.907;-26.9162;-205.0991;-205.1025;
237572.426;495472.230;495472.693;164.3742;11.2437;11.2171;
219394.269;490659.578;490660.256;15.3787;185.3724;185.3581;
234027.952;472599.168;472599.223;-205.9117;-34.7193;-34.7119;
204379.544;504054.578;504055.276;104.5331;-672.8991;-672.9142;
212098.879;389655.612;389650.415;-81.6212;7.2599;7.2393;
222989.255;481487.069;481486.956;-74.2316;473.4829;473.4872;
200277.437;521681.467;521682.049;-291.2259;328.2853;328.2564;
186096.534;493051.237;493052.552;207.4935;127.0345;127.0223;
199144.829;497999.361;498000.343;-301.4140;107.5173;107.5038;
205432.137;502673.262;502674.286;332.1382;27.0409;27.0367;
219126.997;499755.435;499756.347;-265.9192;-211.3725;-211.3620;
289688.188;496831.627;496830.612;257.0192;100.1490;100.1298;
223527.105;491820.751;491821.303;314.2875;335.4666;335.4810;
215215.196;500695.919;500697.008;357.4712;-330.5920;-330.5979;
218021.055;502762.332;502763.458;263.3187;-192.2995;-192.2894;
251228.059;511715.470;511716.595;136.2077;-63.2265;-63.2156;
194845.861;429927.978;429931.527;-38.7210;41.2600;41.2602;
200431.919;508151.313;508152.513;-671.5080;318.3500;318.3808;
183722.520;463753.322;463755.226;79.5766;-195.1380;-195.1240;
228084.173;502707.502;502707.858;124.4171;114.2651;114.2318;
232507.045;487476.884;487477.849;-361.5466;620.4782;620.4759;
212856.933;498859.245;498860.243;383.4367;63.2495;63.2393;
225583.848;502475.019;502476.453;527.5808;-55.9549;-55.9666;
176692.272;606472.475;606477.736;20.5860;-138.5567;-138.5532;
174639.174;474062.105;474063.669;-147.0433;98.9860;98.9881;
222758.143;498062.912;498063.732;175.2503;193.5708;193.5832;
290009.644;605630.873;605632.216;132.0264;91.0041;91.0043;
264368.664;506722.518;506721.816;63.9986;45.8069;45.8122;
225049.586;493193.703;493194.398;-299.9995;112.3237;112.3375;
203579.757;511785.350;511786.686;-812.2813;93.6071;93.6373;
190107.573;504692.276;504693.546;-264.8092;378.1746;378.1617;
55198.196;564274.977;564275.719;-229.4704;159.8943;159.9024;
239125.114;528584.575;528585.335;478.2374;-254.5806;-254.5808;
202197.492;526638.279;526640.585;-85.3349;150.4647;150.4983;
220708.877;492612.468;492612.797;-241.3978;-581.7192;-581.7082;
281702.505;467644.705;467644.061;21.6370;93.4169;93.4157;
173102.745;610832.004;610834.969;71.0509;-43.3183;-43.3507;
278775.382;601444.220;601442.845;268.8646;114.1630;114.1601;
226732.883;497941.032;497941.947;570.7351;-527.6110;-527.6141;
193476.058;519538.598;519542.211;-45.7155;168.2797;168.2928;
211548.424;526861.880;526863.200;274.4170;90.6170;90.6079;
209136.790;494932.121;494932.715;53.5631;90.4475;90.4455;
189990.820;522174.707;522176.314;84.1914;135.6935;135.6972;
226487.172;478777.650;478777.876;380.9128;31.4344;31.4417;
194076.943;500958.036;500959.055;-473.8770;-6.7946;-6.7841;
291782.466;512441.380;512439.692;132.5662;38.2737;38.2622;
205433.981;499562.578;499563.950;-291.7884;529.3166;529.3397;
222246.719;504984.044;504985.025;-457.7219;514.2095;514.2282;
230314.062;497978.310;497978.883;139.5042;-102.3302;-102.3053;
231189.737;492010.360;492010.781;251.9783;-373.5004;-373.4750;
175124.405;454623.036;454625.394;-238.6912;-155.2784;-155.2780;
224411.201;478279.720;478280.193;474.4807;-268.8188;-268.8175;
317953.504;434721.323;434721.182;193.4054;-22.2420;-22.2402;
228112.092;502461.134;502462.031;433.1671;32.0836;32.0884;
148128.677;549231.512;549233.647;-12.4725;-86.6118;-86.5941;
156299.167;525970.581;525970.727;194.7133;-17.0708;-17.0736;
215967.255;521828.784;521829.921;-213.0882;-313.9918;-313.9989;
205034.149;505541.804;505542.786;-302.9044;-169.4945;-169.4956;
234677.101;458973.961;458973.417;282.8358;-54.5602;-54.5773;
215084.505;496600.768;496601.420;-71.3421;729.7339;729.7708;
234129.121;493654.200;493654.649;361.1931;-53.7336;-53.7493;
182078.368;481578.001;481578.883;354.9707;-48.3508;-48.3466;
221867.524;493974.018;493974.851;50.8796;-122.3148;-122.3007;
259330.435;461729.330;461729.006;742.8766;31.1606;31.1688;
201408.408;509276.780;509277.704;223.7764;-352.6665;-352.6722;
258244.174;527675.007;527676.284;62.3254;-143.7077;-143.7073;
221824.768;494695.218;494695.996;622.5222;-47.4424;-47.4556;
211149.645;499805.231;499806.470;415.5798;-334.4312;-334.4695;
234236.014;479839.838;479839.518;66.6019;-141.6501;-141.6514;
230204.032;491153.914;491154.932;560.1562;-535.4388;-535.4311;
212399.300;499664.070;499664.938;-36.0014;-193.5582;-193.5754;
200465.671;537751.209;537750.356;-131.0074;-336.8853;-336.8686;
201346.225;527559.042;527559.394;-305.0242;337.8484;337.8510;
250274.925;481462.862;481462.238;-248.7328;185.3387;185.3324;
324205.912;373000.746;373003.801;185.4211;-54.6025;-54.5767;
230783.158;503900.228;503900.726;537.9204;168.4500;168.4397;
260893.943;455217.135;455215.900;236.3100;-129.7931;-129.8093;
233563.048;582407.576;582407.011;32.9381;166.6762;166.6802;
263597.376;472671.240;472672.044;559.9443;54.4404;54.4650;
739671.615;493353.760;493353.811;-68.0690;-23.0294;-23.0105;
793450.493;526667.201;526666.335;-807.1287;-83.6693;-83.6787;
719415.938;503725.696;503725.686;679.7096;314.5623;314.5728;
764738.414;534791.326;534791.109;21.7551;-69.3376;-69.3347;
742984.081;513108.215;513108.170;-454.3272;-313.5942;-313.5716;
760703.431;515141.322;515140.581;-182.9172;-255.8963;-255.8814;
730512.054;511410.427;511410.485;-322.1966;-31.0699;-31.1022;
716840.650;507064.218;507063.710;156.9011;-523.1767;-523.1612;
791935.321;528277.366;528276.642;290.6819;-5.5324;-5.5427;
736546.527;480319.766;480319.180;-532.4039;208.9381;208.9368;
848454.247;603943.848;603940.055;23.5370;92.4782;92.4702;
751144.410;467243.641;467243.716;350.9362;230.2289;230.2437;
791644.745;522962.162;522962.189;-574.3909;240.5197;240.4896;
778486.876;506613.991;506614.065;-294.0700;-76.1059;-76.1203;
803224.624;536811.439;536809.779;-191.9700;-345.1464;-345.1487;
780885.795;518817.959;518817.568;-318.3043;-492.5102;-492.4624;
770688.407;509386.319;509385.024;211.5391;701.4449;701.4660;
761327.011;525432.193;525431.355;-242.0026;256.3240;256.3253;
835563.913;545248.713;545246.197;526.8272;18.2530;18.2422;
719537.017;484546.314;484544.708;-154.4164;-23.7894;-23.8058;
834666.586;482296.617;482295.390;157.8946;161.4856;161.4932;
769307.538;521137.346;521137.742;41.2695;805.1038;805.0677;
796658.955;541144.540;541142.759;-122.0541;6.3022;6.2717;
682909.105;415298.726;415299.609;-303.2958;-202.5827;-202.6122;
762828.670;529590.690;529589.911;186.8697;-396.1830;-396.1609;
889117.996;384806.062;384806.653;-41.4805;-46.7467;-46.7474;
686580.573;434099.870;434098.540;-47.4399;0.3343;0.3365;
801266.897;474080.246;474080.563;87.0134;15.0294;15.0262;
731624.324;497068.496;497069.071;355.3466;438.9212;438.9298;
888915.374;427005.266;427004.714;-60.0430;-68.5891;-68.5907;
773149.700;510654.428;510654.229;-125.0394;-371.1541;-371.1428;
762253.433;514621.343;514620.463;259.1564;316.8563;316.8613;
820368.395;508640.957;508642.277;-48.9201;24.5890;24.5851;
705839.841;500527.645;500528.491;-371.3463;-108.5514;-108.5457;
759354.080;518889.622;518888.956;138.4484;-194.7067;-194.6855;
758568.522;513209.824;513210.107;303.4925;-93.4580;-93.4415;
725083.763;459040.952;459041.420;156.3399;47.3642;47.3658;
789397.121;474980.278;474980.325;-256.5118;159.2371;159.2137;
776933.664;515125.695;515125.678;-43.6572;-20.5112;-20.4818;
772688.714;512150.636;512150.830;845.5346;128.7109;128.7243;
792117.566;474953.449;474954.888;42.0408;-306.8450;-306.8333;
762954.451;530338.036;530337.299;-183.5036;-316.0009;-315.9918;
771098.356;487995.759;487995.713;-205.4586;-144.9964;-144.9930;
737232.043;453824.751;453824.725;-80.3757;-71.0018;-71.0055;
831734.930;590077.405;590072.879;45.5971;-112.3549;-112.3505;
743079.553;537669.536;537668.221;-164.8756;-100.7535;-100.7604;
799122.500;522147.119;522146.762;287.2438;-213.2381;-213.2342;
836752.935;602939.478;602932.980;-82.7523;68.5163;68.5089;
792522.147;497835.176;497835.263;-382.8476;-83.4355;-83.4369;
774114.274;520446.111;520445.699;-655.0564;-204.5331;-204.5305;
703178.966;577770.969;577768.813;-154.0958;8.0765;8.0761;
666124.268;356743.543;356742.834;-89.3428;-47.0957;-47.0881;
768200.050;523586.633;523585.743;-193.2912;623.7784;623.7549;
787206.014;521770.222;521770.283;12.4762;311.5280;311.5300;
727750.799;496392.050;496391.686;487.4172;136.9315;136.9199;
757256.829;473362.701;473362.651;-176.3511;-280.9158;-280.9116;
770323.694;527944.015;527943.135;-649.5827;418.5366;418.5194;
786891.120;535804.978;535804.184;-186.6463;99.1666;99.1466;
744146.722;503478.582;503479.673;-327.0672;-250.9277;-250.9310;
768085.470;516379.234;516379.004;27.7554;-270.3758;-270.3555;
661520.473;339650.705;339649.194;-194.4366;-193.6257;-193.6356;
779362.991;520896.009;520895.412;475.4321;320.1435;320.1102;
794739.056;525684.504;525683.427;-812.7331;-356.5681;-356.5870;
783141.470;519720.138;519719.719;-167.9148;-534.4918;-534.4824;
769532.420;509093.318;509093.414;297.2922;-95.6448;-95.6266;
740013.317;393628.655;393627.280;-142.3702;41.3944;41.4008;
773320.949;513929.845;513929.778;556.4745;833.5124;833.4992;
757723.307;545814.092;545813.537;498.6298;302.1672;302.1406;
771029.191;525226.610;525226.188;445.3849;71.2863;71.2862;
805246.031;492585.121;492584.504;-207.1154;-161.2644;-161.2635;
768672.037;520126.868;520126.526;-781.1193;-549.5115;-549.4799;
591977.110;463429.620;463430.981;-75.5897;88.4652;88.4627;
754118.653;527364.071;527363.919;23.2111;348.6801;348.6749;
762992.116;528688.537;528687.930;-11.8967;173.3627;173.3586;
860145.579;602447.121;602445.477;-242.2845;-55.7243;-55.7330;
786273.357;515914.341;515913.694;-569.2548;-187.3966;-187.4375;
879053.471;463239.393;463238.844;-27.0829;-45.9125;-45.9032;
731702.683;593560.341;593559.686;98.5840;-117.5573;-117.5561;
750911.425;489962.598;489961.888;17.6075;147.9020;147.8919;
763426.015;530330.459;530330.039;-328.7572;135.1471;135.1470;
792802.771;518124.932;518124.366;-290.4080;-183.4752;-183.4526;
772975.839;509962.424;509962.860;-59.5675;665.2246;665.1983;
780834.927;508825.114;508825.360;-299.8614;-123.0100;-122.9907;
733112.386;444003.089;444005.362;35.9395;128.1899;128.1920;
860555.473;603633.365;603631.355;-27.4251;-57.6633;-57.6491;
762167.316;484035.077;484035.402;383.8912;30.2314;30.2360;
708620.234;472883.248;472882.917;153.4520;273.7117;273.7041;
744845.928;497862.373;497862.968;-321.9494;-245.5738;-245.5679;
774804.859;496091.122;496091.285;237.9836;-10.1180;-10.1107;
866615.088;617687.168;617687.022;-96.1879;100.2176;100.2195;
882837.397;440693.955;440693.416;-37.8675;8.6407;8.6422;
796810.369;517808.688;517807.887;399.2186;-420.7399;-420.7463;
777481.248;520163.517;520163.201;-113.8025;-5.2015;-5.1616;
768086.650;521994.787;521993.873;-604.1901;-258.4267;-258.4656;
759558.222;502881.243;502880.875;62.1138;585.2971;585.2630;
761021.563;514176.018;514175.495;243.6750;7.1102;7.1163;
777116.540;510577.894;510577.470;-335.7182;-52.0659;-52.0817;
718975.802;489202.474;489202.005;-167.6363;194.2127;194.1919;
735221.596;487906.150;487907.607;-306.5169;-100.9064;-100.9024;
