# This file was created for the Modelling and Simulation course, RUG (September-November 2019).
#
# Project: Simulate colliding galaxies, using Barnes-Hut algorithm.
#
# Students:
#     Stefan Evanghelides (s2895323)
#     Hidde Folkertsma (s2759799)
#
#     X         Y         Z         DX        DY        DZ
514859.781;534620.315;534620.969;-188.7673;43.5968;43.5442;
462144.483;525718.608;525724.209;-31.4866;63.0183;62.7418;
441973.641;871901.786;871894.641;114.4501;52.9265;52.9247;
229208.425;302544.292;302549.927;55.2116;6.4226;6.4239;
834721.133;689403.607;689334.796;280.1315;264.5257;264.4352;
481496.173;525786.399;525789.176;-997.2514;-86.0124;-85.5830;
503044.585;526192.566;526195.470;-398.9852;-349.1120;-349.0586;
818614.690;637011.059;636979.276;37.3908;244.9010;244.8247;
833672.866;466277.365;466248.692;504.4675;-114.6415;-114.6925;
696541.061;515605.000;515598.301;-54.4492;43.7612;43.7590;
365192.917;501358.692;501373.159;17.6432;-411.2129;-411.3038;
464733.524;687045.428;687038.487;167.2749;-28.2794;-28.3494;
360224.705;527563.721;527558.935;2.5669;-67.1132;-67.0879;
507536.132;524842.049;524848.624;-712.8321;822.1036;822.2901;
692147.044;544797.255;544792.332;-109.2080;-219.8211;-219.7770;
430576.620;492931.429;492942.881;-515.4664;-686.9734;-686.9476;
819096.600;495445.785;495417.367;406.1926;42.3433;42.3075;
505295.405;538670.990;538673.804;127.7099;177.6047;177.5905;
774640.236;641690.603;641664.391;318.8042;-138.4778;-138.2948;
495691.363;526690.804;526695.007;-857.6323;133.3112;133.4714;
307163.782;154906.167;154893.775;111.5147;48.9179;48.8964;
537775.671;677123.973;677100.019;-0.1273;110.8330;110.8166;
458149.613;525549.231;525554.161;586.5737;26.8371;26.9052;
492270.533;538940.083;538940.813;-178.1017;139.8817;139.8185;
442571.468;531099.375;531103.701;-168.5416;624.2918;624.2118;
452556.813;463034.625;463026.463;-54.3647;84.7278;84.6736;
489626.912;524823.409;524828.118;844.7340;-16.5598;-16.6225;
829900.959;718980.267;718935.147;444.0309;267.6894;267.6378;
345428.879;444586.569;444581.685;-137.4889;-101.6249;-101.6339;
502207.617;520287.475;520292.475;-486.6725;85.1488;85.1360;
429297.941;529215.734;529216.033;344.8497;-8.7265;-8.7517;
495244.148;526761.448;526764.924;605.5914;43.6665;43.6683;
556765.231;543803.068;543793.264;-407.0865;64.4387;64.3780;
498632.751;521529.586;521534.557;-509.8797;11.7237;11.7877;
459428.652;527685.921;527690.618;-74.6140;190.2685;190.4034;
495022.287;522454.652;522457.928;-477.1695;-107.6853;-107.6393;
495893.377;534312.894;534317.762;440.7780;559.9558;559.7332;
653619.362;362055.156;362065.094;159.3387;-139.1120;-139.0934;
351635.672;442704.643;442697.428;-458.8192;-157.6354;-157.6998;
461221.251;520379.229;520382.629;655.4741;-162.9587;-162.9000;
506590.700;530886.531;530886.686;-415.4107;-592.7956;-592.8073;
433236.157;489516.543;489533.474;-534.0052;-509.7266;-509.6312;
485774.354;518833.513;518837.649;-411.2703;-84.7508;-84.5645;
980268.630;492560.258;492520.788;705.7496;-39.4244;-39.4862;
773447.806;568723.966;568686.141;397.9765;27.2518;27.0429;
491685.419;417984.084;417979.925;-233.7362;-173.9221;-173.9979;
505762.486;518786.384;518789.000;-737.8826;447.7738;448.1094;
460706.604;565636.417;565636.708;485.5762;-177.4443;-177.4210;
751653.199;800343.802;800313.951;-4.5852;218.7202;218.6941;
510178.119;490204.151;490210.740;115.0229;253.7923;253.4890;
747804.254;662474.565;662434.958;82.2830;81.5295;81.3599;
490266.341;536009.492;536012.002;-469.5551;134.7390;134.5499;
463408.289;511858.283;511866.062;-949.6138;180.2941;180.4742;
363926.785;592709.238;592713.578;-128.3820;180.3763;180.3825;
460079.953;535698.839;535702.553;933.6111;-567.8814;-567.8540;
469262.645;530189.129;530192.992;-664.8748;-127.8802;-127.7708;
579432.863;644628.515;644627.419;204.4238;385.7140;385.6359;
686644.886;330410.292;330415.898;182.5279;-228.7420;-228.7245;
443690.437;538332.238;538329.697;666.3895;120.4533;120.4300;
818302.544;647843.128;647797.761;425.8798;172.6897;172.6337;
812405.889;544235.292;544203.938;281.1970;-14.0569;-14.0847;
712635.318;500675.810;500655.225;249.4641;44.7285;44.7000;
645113.976;470007.362;469985.211;80.8504;2.2388;2.1963;
529097.458;522671.524;522674.982;162.3971;34.7361;34.5396;
444729.039;518678.881;518679.272;992.2857;114.3751;114.7576;
692830.617;529556.107;529547.437;-435.1749;99.6966;99.8593;
506717.319;549100.219;549096.256;-643.7981;-203.3866;-203.3557;
506360.398;532413.900;532419.880;1010.4319;-416.7808;-416.6578;
483818.457;491865.292;491864.325;317.0706;497.7408;497.8015;
493823.770;520294.291;520299.621;714.3277;-67.6221;-67.5098;
496163.648;393546.257;393570.850;-179.0146;41.6656;41.7096;
465216.039;546281.830;546291.594;-585.4805;252.1232;252.3256;
602887.382;508287.532;508288.040;469.6611;50.6092;50.5549;
879692.653;597854.573;597818.488;568.9782;110.3372;110.2697;
487631.295;545052.109;545050.749;-309.2530;-158.4595;-158.5005;
506789.565;459743.407;459729.744;-170.4721;-251.2830;-251.2988;
703789.286;549234.788;549222.674;36.0862;81.3646;81.3591;
574931.820;623757.643;623736.318;-126.6108;65.9795;65.9905;
695920.984;528896.901;528891.756;-139.8221;12.7288;12.8356;
851468.135;537424.312;537392.345;432.9938;79.6897;79.6371;
831724.376;807747.602;807691.266;396.7640;399.1093;399.0179;
470654.594;490078.858;490087.102;368.3467;-363.4390;-363.4483;
457244.973;523940.732;523944.490;468.9383;-182.8091;-182.7222;
764449.226;510988.857;510966.150;95.2659;39.6207;39.5992;
415444.064;539078.253;539069.441;73.7342;-116.3561;-116.4078;
693589.456;529386.150;529376.404;54.3124;-151.8230;-151.9090;
504174.423;531163.679;531167.529;12.1987;329.8963;329.8147;
525275.578;522712.056;522717.123;483.9076;186.1230;186.0713;
801673.189;460218.661;460198.275;411.5975;-42.9406;-42.9724;
499736.042;532638.882;532643.399;448.0911;-491.0684;-490.9836;
703993.674;525636.865;525623.132;73.1089;54.7955;54.7666;
470450.696;525948.916;525954.635;651.3686;287.8429;287.7779;
422921.163;469335.878;469313.910;-338.1373;415.3368;415.4725;
489197.629;504084.528;504091.404;149.3175;447.3073;447.2300;
347109.565;403830.078;403823.977;-147.1926;-74.6383;-74.6460;
459564.890;526061.210;526062.864;656.5784;-311.5958;-311.3443;
364073.100;308942.674;308950.516;239.9931;37.4775;37.4726;
271879.867;342603.963;342617.072;-346.4459;-206.2202;-206.2206;
456438.316;531975.752;531979.590;-197.8603;-264.9884;-265.0062;
445510.047;542460.643;542463.634;90.5861;-87.4883;-87.4992;
475203.662;535707.436;535709.850;393.3626;289.1074;289.1171;
446778.582;514133.475;514140.563;-187.2308;58.2226;58.1361;
489864.774;541428.892;541431.758;-135.1674;584.1468;584.0065;
475284.949;533005.581;533005.873;-305.7294;-591.2194;-590.9427;
139415.032;413633.952;413646.535;-314.5513;-113.0758;-113.0899;
312161.568;532126.373;532118.967;68.8270;-101.5948;-101.5992;
443073.385;514508.381;514520.939;-741.6310;131.7542;131.8820;
489462.456;409683.114;409650.212;163.8480;26.0613;26.1720;
486776.442;528198.384;528202.140;645.7031;-358.2138;-358.3146;
490386.563;506154.626;506157.895;581.6685;532.6890;532.8014;
436920.206;551038.549;551043.646;-492.9371;156.9703;157.0043;
460435.718;537774.488;537785.667;-748.1718;-410.8970;-410.7913;
489209.456;512616.020;512622.820;-1339.6937;463.2048;462.5721;
487420.337;536851.226;536855.048;372.6747;114.8901;114.9286;
598772.294;569089.121;569077.692;8.5794;-304.5403;-304.4609;
635191.242;652722.754;652712.057;449.9193;170.3329;170.2776;
665712.083;394006.425;393998.247;349.8610;-38.5339;-38.5644;
469465.262;526424.601;526428.641;738.2722;-158.4710;-158.3374;
453661.484;454498.693;454492.312;-172.9951;225.8983;225.8177;
311851.907;480348.286;480369.083;78.2432;298.7192;298.8687;
500325.638;523998.486;524003.522;508.3948;34.8144;34.7904;
332040.139;440259.404;440272.545;469.6115;-244.2448;-244.3096;
457310.680;505219.742;505224.997;-566.2914;303.1680;303.2760;
745201.418;606954.438;606946.697;-189.4187;-9.4379;-9.4807;
426722.691;584019.528;584018.470;-144.2845;119.9883;119.8068;
511892.221;507379.075;507381.867;-343.2123;-462.6915;-462.5926;
501830.136;522120.273;522126.615;315.7173;-363.9299;-363.7775;
429707.729;514674.041;514677.766;311.3656;206.5487;206.5754;
482255.106;523238.427;523242.597;-563.5609;521.2847;521.2640;
462209.380;578599.018;578604.029;542.6692;-272.4945;-272.5251;
430428.313;518440.032;518445.598;-245.0089;-98.7335;-98.7719;
249330.097;399141.223;399143.094;-199.5262;-100.8133;-100.8200;
456141.578;448726.572;448712.958;138.0111;146.0625;146.0055;
335563.666;417787.869;417779.020;142.0776;9.0959;9.0010;
468142.792;519811.239;519814.415;-112.9006;548.5422;548.4932;
509346.124;530419.564;530421.779;-350.1138;576.9020;576.6271;
354665.570;497107.794;497091.308;133.4455;169.2565;169.2856;
527929.521;547574.572;547569.893;-86.1580;-113.2734;-113.4024;
503908.152;543987.396;543991.474;145.1071;292.1524;292.0580;
675170.426;650298.173;650281.328;-113.9536;-8.7297;-8.7518;
517534.384;535486.464;535480.709;-583.6537;17.4013;17.4431;
458627.481;532832.741;532837.053;132.6669;676.0344;676.0118;
487513.043;548239.074;548240.592;827.1004;262.8355;262.9736;
284721.894;549797.318;549801.816;166.7855;175.0532;175.0542;
390320.448;669448.263;669455.040;-35.0903;217.8753;217.8701;
454487.526;529543.603;529552.729;-1067.8339;-307.7740;-307.6468;
133775.529;389803.358;389795.614;-710.0528;-278.6229;-278.6493;
89217.120;736059.839;736071.168;-505.3964;260.1630;260.1809;
489180.871;532994.418;532993.890;-261.9954;-680.5103;-680.3870;
507496.342;522883.607;522887.924;-406.0517;-56.3993;-56.4575;
615562.687;503517.150;503509.608;-20.3888;-325.3012;-325.2147;
360396.909;567890.014;567896.801;-75.3952;-139.5575;-139.5174;
493068.029;537806.594;537809.497;981.1408;-276.1370;-276.0314;
246037.944;360767.319;360773.771;-310.4760;-251.9107;-251.9286;
474238.425;545309.556;545312.677;157.2320;-140.6885;-140.6864;
446703.109;522048.809;522053.452;228.8567;150.6620;150.5715;
306599.339;237082.852;237086.369;-115.6876;57.7074;57.7262;
460948.830;479732.698;479747.746;60.0028;-392.0786;-392.0500;
457512.521;524795.942;524803.386;-1099.3406;-187.1757;-187.6461;
568874.369;514574.999;514568.410;272.6082;-277.6472;-277.8280;
478411.705;531520.285;531524.091;-103.2782;31.0224;31.0549;
115929.765;463884.204;463871.348;-124.2930;-161.7534;-161.7539;
544695.568;468926.519;468919.830;14.0749;90.2480;90.1498;
472298.825;534870.340;534875.119;36.7616;31.8515;31.9726;
499653.282;547948.202;547945.996;-500.4323;-363.4972;-363.3566;
344040.349;760009.234;760012.540;107.2241;184.5543;184.5780;
551099.052;540931.505;540920.826;-156.3841;-54.6510;-54.6779;
247751.979;512809.565;512812.056;-105.5801;-40.5601;-40.5574;
419765.093;534522.902;534523.705;-448.8784;-30.4796;-30.6986;
498379.589;544406.347;544407.411;311.3285;-446.8003;-446.7617;
452106.743;524788.348;524792.875;133.4709;-80.5730;-80.4988;
489004.057;521531.748;521536.927;1098.8054;144.8232;144.7980;
191442.309;571519.109;571514.408;-365.2724;59.3017;59.2766;
915264.320;486103.757;486076.187;-181.9107;-40.9376;-40.9633;
544748.216;537643.099;537630.187;174.6344;-228.0187;-228.1296;
492050.173;538947.370;538948.774;-411.8049;-292.4782;-292.2879;
457978.663;536771.413;536774.679;325.2402;-247.5398;-247.4960;
495842.353;548374.317;548377.522;706.2973;581.6586;581.5839;
491627.961;547472.755;547474.969;23.8799;68.9820;68.8979;
415320.115;595521.088;595505.388;-133.9035;267.7113;267.7287;
177160.313;112374.373;112360.556;-292.6320;-100.4065;-100.4105;
417100.726;499778.556;499779.313;263.4802;-153.5472;-153.6394;
877998.563;517318.201;517304.545;-162.0316;18.5681;18.5690;
454459.769;461482.347;461483.307;-358.3256;219.7567;219.6803;
452693.088;530902.754;530907.497;165.6452;640.9192;640.9308;
490025.803;561201.309;561199.194;-315.3461;164.7693;164.7852;
477355.936;561971.312;561970.891;-922.8349;-267.2865;-267.3975;
449802.202;525825.331;525826.753;-497.6145;-476.1777;-476.3773;
503037.528;536844.017;536847.837;-67.4141;187.6471;187.4811;
494935.429;522360.293;522365.319;1177.9504;490.5793;490.6898;
429188.116;511094.577;511096.860;83.0965;9.9408;9.8353;
483397.347;532680.584;532685.620;508.9497;366.0294;365.8569;
496655.240;526307.684;526308.022;-602.6790;-411.8216;-411.6978;
434343.086;517250.051;517251.107;-235.2242;119.8211;119.8455;
