# This file was created for the Modelling and Simulation course, RUG (September-November 2019).
#
# Project: Simulate colliding galaxies, using Barnes-Hut algorithm.
#
# Students:
#     Stefan Evanghelides (s2895323)
#     Hidde Folkertsma (s2759799)
#
#     X         Y         Z         DX        DY        DZ
454819.329;510032.908;510033.640;401.5684;89.2035;89.1676;
439450.200;512168.920;512171.926;1022.7196;-40.8890;-40.9852;
347967.390;806107.613;806102.368;99.6154;100.8896;100.8870;
202742.387;312796.524;312800.911;3.0496;-32.4416;-32.4406;
324523.033;587452.287;587468.857;368.0789;-259.7547;-259.8136;
413043.204;509444.060;509444.515;1121.5022;82.6476;82.6263;
370083.589;524466.957;524468.860;24.6976;283.5143;283.4786;
631410.443;437693.851;437700.350;451.6890;147.7752;147.7553;
408916.978;496821.568;496822.437;91.9256;24.7975;24.7758;
390943.895;514671.979;514672.146;638.4516;-533.0615;-533.0928;
574910.405;409772.297;409770.051;307.2802;188.8053;188.8191;
409695.043;518342.854;518342.370;-151.5500;867.3250;867.6897;
379337.463;520618.018;520621.026;435.9045;236.7451;236.7377;
364003.676;511929.680;511932.814;72.7342;-577.7466;-577.7155;
393654.909;506582.017;506583.979;644.4099;639.1379;639.1008;
373508.613;500170.677;500174.331;-330.6257;-412.3000;-412.3302;
407438.201;488715.146;488718.658;331.5660;174.5282;174.5299;
391190.078;519955.276;519956.577;324.6804;33.4180;33.4560;
433137.922;620134.173;620099.643;423.7399;275.9425;275.8245;
406935.520;504796.823;504798.444;88.9012;-92.9269;-92.9847;
222996.495;154019.769;154014.111;68.0658;-44.2422;-44.2426;
450694.741;468291.248;468295.107;317.5654;42.9032;42.9035;
413778.143;515662.265;515662.790;-403.5451;292.1805;292.2099;
392009.050;520521.320;520523.206;227.2089;43.7587;43.8092;
434165.224;518694.033;518695.434;47.5517;90.1576;90.2108;
426106.082;547924.899;547927.458;720.8282;-107.3117;-107.2603;
401550.713;521514.091;521514.492;327.7923;-84.2150;-84.2480;
333251.774;501355.239;501353.362;541.9950;-142.4557;-142.4596;
387586.326;504886.894;504889.205;11.1949;-28.1865;-28.1754;
416349.385;513629.854;513631.478;350.1133;235.4047;235.3468;
376985.215;501910.024;501911.941;320.3002;98.2783;98.2344;
412390.182;521125.161;521126.381;-164.5410;-402.9016;-402.8984;
391150.048;527218.353;527220.959;-153.1634;-301.2633;-301.1527;
407296.866;520274.070;520274.843;-204.1898;143.4626;143.4863;
396461.404;519648.739;519650.558;-283.6785;439.6623;439.6519;
406509.566;515538.837;515539.962;371.2619;-401.5030;-401.4988;
406582.349;521722.801;521724.415;-94.3619;132.6574;132.7072;
388739.887;550663.236;550665.724;503.8323;157.9125;157.9090;
415757.713;504365.299;504367.287;738.6119;-650.5812;-650.5412;
418218.613;528249.057;528249.706;521.1693;-89.7327;-89.7271;
407554.873;515912.390;515913.794;-416.3536;-139.1011;-139.0698;
409269.835;524438.268;524438.844;401.1188;629.8001;629.6817;
433117.547;532108.001;532108.251;315.6519;275.6066;275.5062;
371479.826;496921.562;496923.165;137.3330;-26.8314;-26.8232;
264507.798;501054.464;501052.688;76.4963;-26.9051;-26.8631;
356589.993;507285.153;507286.744;-151.0941;184.6993;184.6956;
373639.715;544214.128;544216.521;-42.3487;73.0966;73.0823;
312407.849;509675.715;509675.397;-136.1097;116.2354;116.2356;
702226.701;549726.245;549717.902;227.5313;388.3521;388.2876;
436539.491;570564.849;570560.633;190.9307;67.2755;67.2311;
367666.699;521940.294;521943.673;1031.7154;-408.4056;-408.4390;
395905.224;520743.586;520744.881;-289.8830;-372.7608;-372.7846;
488159.121;561765.022;561770.109;497.0347;-86.1056;-86.1265;
352276.905;519561.865;519560.240;672.4063;-106.8195;-106.8458;
398789.554;513118.309;513120.231;821.1760;-91.0653;-91.0925;
366199.825;506368.313;506371.207;438.0312;111.8715;111.8260;
238785.868;501436.903;501440.763;0.0673;-75.3310;-75.3145;
266863.120;551976.562;551974.562;341.2995;84.7732;84.7700;
380560.858;504748.168;504751.469;656.3869;-39.0240;-39.0635;
422109.613;506089.153;506088.811;504.6670;80.5871;80.5076;
397117.371;498858.230;498860.057;488.2747;-10.1608;-10.1799;
423212.800;524755.393;524755.989;301.7440;-146.5638;-146.5790;
423468.418;523081.331;523082.059;413.4830;-108.5336;-108.5578;
406773.208;515011.724;515013.546;-38.3908;-219.9043;-219.8484;
400433.878;493130.724;493133.191;715.1654;357.7470;357.7341;
407506.053;505917.738;505919.317;1181.8099;237.0822;237.1051;
393394.016;513836.409;513837.948;-61.5571;-690.2131;-690.1897;
396822.275;512151.582;512153.185;-360.1397;-155.6355;-155.6041;
403366.878;525267.252;525268.195;-426.4317;139.8513;139.8474;
414199.359;523569.029;523569.036;653.2126;84.1691;84.1261;
371661.140;545490.070;545491.712;479.0785;393.5905;393.5910;
457243.754;509131.180;509132.085;39.1072;-5.3215;-5.3357;
246798.564;569591.454;569590.159;113.6215;22.7021;22.6902;
407026.029;516980.232;516981.475;11.0142;166.7874;166.7877;
481308.768;502930.048;502930.726;485.1873;6.8209;6.8011;
352524.870;611440.594;611428.989;195.2609;19.4833;19.4847;
436103.730;510924.231;510925.929;89.5889;233.5121;233.4976;
418692.917;512351.830;512352.773;687.6051;238.0433;237.9975;
411436.800;522574.335;522573.486;-522.1201;183.0609;183.1008;
377620.488;512210.664;512212.691;820.0027;185.3910;185.3557;
402938.869;508841.624;508842.600;278.3345;33.7661;33.7580;
372572.706;536716.854;536718.179;-603.8416;-145.2570;-145.2429;
367761.844;524048.992;524052.138;556.3478;160.5962;160.6009;
358779.083;536545.409;536547.678;352.9925;3.5293;3.4971;
320353.719;526495.779;526498.547;173.4834;-76.5745;-76.6131;
457629.920;552808.159;552802.536;671.3664;-160.2564;-160.2143;
390332.036;507133.753;507134.629;1086.3778;308.6532;308.6703;
445622.524;510909.644;510909.920;-10.9491;71.3548;71.3662;
412198.447;513856.860;513858.103;706.0041;-220.1644;-220.1745;
407918.008;486919.933;486924.704;386.9508;-274.3096;-274.2581;
387611.590;509465.531;509467.248;465.3798;-34.9202;-34.9466;
393426.142;503071.484;503074.717;-186.0682;-57.4823;-57.4868;
417054.354;510966.471;510967.799;778.6049;-3.1132;-3.1612;
362548.394;513788.773;513792.883;379.4151;109.0751;109.0750;
370695.504;500817.762;500810.487;1039.8128;309.4991;309.6806;
403211.615;505384.948;505387.290;14.2650;147.1703;147.2037;
373346.024;515158.542;515161.693;203.6884;109.5979;109.5593;
287003.020;635042.812;635054.060;78.7324;-61.2627;-61.2438;
207179.495;346439.208;346447.194;106.4580;-106.1989;-106.1941;
620385.651;589236.105;589227.387;-295.1833;-34.6977;-34.7143;
580987.086;519143.224;519143.035;-387.7153;231.9062;231.9147;
591188.997;517180.012;517179.437;-1021.1797;-434.5605;-434.5056;
596916.553;508942.584;508942.819;-447.8325;323.9086;323.8918;
726501.417;553804.754;553800.785;-430.5270;-32.5965;-32.5921;
608736.976;514663.151;514660.825;-326.5933;74.5834;74.5799;
573991.454;520161.158;520160.605;-273.6589;406.3007;406.2850;
560764.326;525285.162;525284.563;-574.6752;-201.8647;-201.7739;
558963.013;538308.543;538307.629;-31.8745;-316.1516;-316.1430;
573591.537;527202.280;527201.968;513.5539;390.2853;390.2646;
736402.396;606465.409;606467.720;-184.5297;-61.5156;-61.5320;
585040.407;508563.793;508563.151;788.0887;435.0022;434.9814;
612404.402;523739.135;523736.294;-135.0585;405.9006;405.8525;
589401.671;507327.221;507326.646;-72.2098;146.3609;146.3619;
612610.321;541768.609;541765.180;-674.6260;7.2766;7.2408;
578054.498;522540.449;522539.523;-726.1293;102.2740;102.3237;
597594.224;549915.406;549909.765;-40.4383;-579.1386;-579.0615;
600535.329;503787.388;503785.697;-655.0717;54.0695;54.1345;
599450.832;465086.547;465082.795;-393.1061;-322.2640;-322.2960;
546721.304;363392.778;363403.573;-221.4643;67.0565;67.0496;
633818.349;535278.744;535275.264;-402.9117;544.8824;544.8260;
599545.453;529351.181;529349.564;-305.6585;-232.3625;-232.2975;
596681.440;382891.531;382895.589;-141.3747;-7.3350;-7.3312;
391428.902;325235.425;325215.459;-185.6627;61.5886;61.5896;
617628.934;514053.248;514050.678;-542.1663;-146.3474;-146.3046;
389094.049;657484.369;657470.308;-444.1603;-45.8142;-45.8155;
510239.249;448816.571;448819.399;-289.2014;7.9478;7.9407;
820850.702;586632.468;586627.560;12.9265;52.7863;52.7950;
631099.669;542744.809;542738.586;-308.8750;354.6432;354.5998;
631098.942;550942.517;550939.323;-297.9319;-307.1733;-307.1734;
572974.631;523771.609;523770.996;-986.2853;294.4789;294.4119;
661691.097;545324.900;545317.102;-204.8642;46.2963;46.2710;
595044.789;512027.809;512027.018;10.7043;-178.4232;-178.4427;
618806.440;602081.883;602076.357;-329.5804;-302.7989;-302.7929;
599595.882;513391.940;513389.862;-1010.3706;-145.5606;-145.5123;
596905.805;514876.011;514875.683;656.3830;307.0219;306.9672;
678035.523;536622.964;536616.765;-241.2546;139.7721;139.7543;
399373.292;524317.550;524317.535;-881.8888;-195.1773;-195.0829;
607409.848;534132.576;534131.916;-379.8768;429.6208;429.6571;
583426.265;522292.159;522290.369;-695.0054;262.5001;262.4881;
657698.114;606035.214;606024.072;-154.9671;34.3920;34.3790;
548349.983;515015.221;515015.989;-441.7727;22.7080;22.7144;
582438.310;538948.158;538946.426;-120.1128;-177.8169;-177.8202;
747011.440;627025.354;627009.334;-40.6968;64.4306;64.4377;
648244.036;540518.340;540512.848;-89.0237;-205.6158;-205.6322;
591973.889;517546.787;517545.493;171.0003;-276.3880;-276.4074;
598413.336;518501.575;518499.275;519.7059;118.2340;118.1568;
397174.156;409638.984;409651.596;-358.9202;29.0826;29.0747;
601984.727;457484.585;457488.113;-401.1899;16.9649;16.9584;
608281.718;533273.216;533269.611;-286.8228;-273.9681;-273.9573;
757309.926;471005.759;471006.362;-255.1760;110.6820;110.6700;
701461.375;474259.974;474259.498;-460.2386;-98.1807;-98.1538;
595278.070;525536.144;525534.188;-68.5205;-798.8593;-798.8091;
582462.475;517567.279;517566.457;-492.6784;-432.4877;-432.4126;
521208.109;434393.846;434393.868;-464.4494;-107.4259;-107.4409;
568576.400;466679.619;466682.725;-111.7539;214.4423;214.4336;
600945.567;520133.805;520131.943;-696.6965;-14.1290;-14.0960;
576176.436;523473.175;523472.002;-380.3132;-330.1783;-330.1330;
605211.225;522522.054;522520.476;-23.3374;-527.7966;-527.8257;
614170.649;501810.318;501808.350;158.6584;273.3514;273.3197;
421944.024;220464.222;220453.511;-170.2031;-9.5114;-9.5137;
600170.265;510848.536;510847.633;314.9707;-367.1874;-367.1659;
574978.940;540072.554;540071.054;-357.5617;48.9697;48.9899;
635047.201;504544.710;504543.963;-688.6823;-291.2163;-291.1806;
616506.903;520097.475;520095.442;92.1105;-372.5963;-372.5937;
445774.806;578134.104;578137.870;-759.1735;152.7344;152.7153;
624329.339;580752.497;580742.253;-15.4366;-113.5652;-113.5450;
601310.334;530611.296;530608.265;295.8462;-5.7070;-5.7856;
606413.554;514870.091;514868.285;-515.9006;11.9237;11.9092;
495320.716;495771.762;495778.245;-778.5991;-181.6614;-181.6735;
582415.740;527884.706;527884.182;-778.2032;324.5405;324.5449;
773610.193;438148.105;438150.592;-392.0945;25.9108;25.9066;
576787.707;515195.784;515195.811;-454.6709;-213.1933;-213.2074;
591858.461;506597.502;506597.668;-460.5346;49.2949;49.2932;
593580.193;516882.636;516880.982;391.8148;420.8588;420.8255;
590962.840;517623.471;517621.405;177.1911;568.4355;568.4055;
665624.697;532330.182;532325.256;-237.9950;-128.9003;-128.8908;
931430.970;533137.001;533128.951;123.2422;-22.7026;-22.7189;
576473.209;520018.520;520018.607;-317.8275;-215.0404;-215.0927;
576419.698;516749.431;516747.988;-640.7756;155.7377;155.7341;
592716.278;518103.819;518102.282;203.3771;-661.2615;-661.2428;
586036.567;519475.962;519475.890;-562.8694;-267.9973;-267.9149;
577160.227;513238.725;513238.264;-111.6215;315.4770;315.4707;
603037.240;526419.301;526415.889;-992.2856;-617.6522;-617.5891;
452279.513;229148.299;229149.884;-306.1035;-194.0827;-194.0914;
648988.983;543170.958;543164.335;-312.5056;164.2959;164.2792;
969315.095;511250.065;511232.140;-44.9982;-31.2456;-31.2517;
665443.890;455725.180;455726.871;-96.4709;-172.1255;-172.1330;
591762.447;514848.554;514847.392;205.2450;-237.2360;-237.2815;
624892.468;510411.610;510413.032;-972.7715;187.2993;187.2614;
617733.600;498535.761;498540.293;776.5653;241.4067;241.3958;
593640.612;517688.831;517687.713;-1038.0957;405.6948;405.7328;
604666.880;530627.179;530625.118;143.4355;171.7161;171.6614;
598093.555;513877.616;513875.990;682.8450;279.3180;279.2871;
971228.327;794663.653;794653.434;94.0274;149.4298;149.4218;
600106.801;520856.638;520855.724;-132.9566;-68.7057;-68.6907;
598031.737;522518.521;522517.122;-310.7326;503.4509;503.3702;
592012.759;508982.920;508982.598;-846.0764;461.3274;461.3623;
534941.912;532403.355;532405.446;-489.3970;52.5237;52.5568;
