# This file was created for the Modelling and Simulation course, RUG (September-November 2019).
#
# Project: Simulate colliding galaxies, using Barnes-Hut algorithm.
#
# Students:
#     Stefan Evanghelides (s2895323)
#     Hidde Folkertsma (s2759799)
#
#     X         Y         Z         DX        DY        DZ
461901.348;536067.511;536071.518;121.6609;36.0345;35.9872;
471328.528;563421.573;563492.541;119.7263;599.9717;601.9608;
586468.164;900591.575;900582.817;111.3386;-6.1765;-6.1780;
332602.308;361119.458;361113.144;114.7950;98.3726;98.3392;
438086.062;547323.317;547312.940;272.4147;327.9211;328.9872;
451651.968;555143.641;555131.646;-926.2172;-416.7825;-418.1360;
777797.489;897813.157;897683.634;-80.1833;171.1259;171.0630;
87790.685;550880.467;550863.077;-236.0745;13.7082;13.6251;
637070.904;430361.761;430386.803;33.6322;225.1490;224.9085;
497686.974;577556.897;577568.410;549.5561;-305.9746;-305.6049;
277371.060;523707.911;523642.167;-158.1453;53.3781;53.4591;
560676.127;556577.643;556596.518;378.7718;-166.9721;-166.9211;
458857.710;526942.591;526938.108;1842.5422;55.9059;55.3824;
374569.595;454544.133;454544.340;230.2684;284.4143;284.2992;
496953.708;548252.671;548291.921;-352.0307;123.2138;124.8067;
503562.351;550678.778;550683.937;-366.5353;-261.9660;-262.1524;
470528.520;330786.607;330752.513;125.9376;285.4739;285.4438;
501124.401;667770.213;667750.708;-56.4151;-138.8727;-138.8479;
449031.283;545231.139;545212.911;-479.7409;-241.6621;-241.4616;
437286.967;524628.149;524616.099;223.1127;-348.8020;-349.3414;
358743.330;508139.071;508037.841;22.9527;253.3581;253.7549;
355482.259;516757.549;516662.635;221.7034;5.1430;4.9184;
469679.987;542032.821;542033.509;-721.2017;-301.9923;-302.1107;
473330.304;391540.412;391462.378;221.6300;91.4449;91.3835;
451086.087;541760.969;541754.805;232.6868;-107.8526;-108.2665;
424741.198;541889.998;541855.571;383.9373;20.8904;20.7971;
448279.086;519281.202;519278.015;-427.6741;77.2581;77.3651;
492885.882;554689.268;554695.165;-615.0085;-261.9343;-262.6786;
462552.459;537872.914;537853.822;481.8377;504.7032;503.0802;
450931.106;537218.747;537207.577;-476.2221;210.7353;209.8731;
464659.878;536802.434;536791.137;282.5634;99.5320;97.7171;
470353.977;540747.592;540727.563;345.3630;183.4999;182.6441;
804124.255;242975.337;242999.205;87.0041;-67.3132;-67.3068;
397294.530;431549.193;431484.316;256.2734;217.1724;217.1335;
445187.820;519635.065;519654.024;-762.6739;-370.2253;-371.1158;
426845.387;566746.653;566792.964;-643.8231;233.0913;233.1601;
372605.004;460671.961;460665.882;473.1051;471.9242;472.1291;
462806.264;534379.841;534373.798;-442.4847;258.6189;258.7672;
939123.377;528673.151;529009.197;-44.2117;-64.1971;-64.0348;
315079.363;420569.145;420520.612;42.0566;70.2449;70.1871;
462973.914;506577.750;506520.467;-444.1760;437.1692;438.8897;
421307.421;506843.448;506778.637;21.8300;393.6272;393.4077;
493359.706;541622.756;541614.756;-707.7544;68.8679;69.0488;
657814.912;667934.318;667937.435;-242.5838;-115.4709;-115.4153;
447618.876;536096.198;536084.656;695.8059;305.0279;305.1476;
513441.675;561697.272;561699.701;653.8711;-129.6788;-129.7472;
497511.069;349233.213;349170.980;-56.1817;-17.6985;-17.7561;
469414.579;504999.989;504985.270;342.8038;263.3263;263.5261;
473157.671;532301.888;532282.082;-535.0442;281.5948;282.6113;
724849.911;933054.289;932964.252;73.2992;149.8892;149.8292;
801234.039;173614.422;173634.818;29.1808;-53.2857;-53.2793;
521843.266;567271.682;567225.690;-349.9157;-24.6137;-24.9804;
856227.024;614486.958;614451.991;39.1204;99.3890;99.3200;
398440.707;456123.302;456062.183;63.2098;-224.6440;-224.9169;
454916.903;530234.092;530203.382;-1007.8560;-4.6242;-3.0395;
462660.900;521073.261;521076.498;45.1133;329.0238;329.8824;
492347.463;597053.296;597043.090;-116.3635;133.8563;133.2104;
496347.886;536012.375;535997.409;21.0046;15.5866;15.1032;
471636.188;552494.004;552469.395;-803.1801;268.3082;267.9356;
563921.016;688353.282;688464.097;-152.3165;31.4765;31.7614;
440035.886;538645.665;538622.926;511.7916;179.9726;180.0507;
758294.051;504001.405;503828.682;152.1522;-115.7809;-115.7634;
448471.318;554435.228;554428.788;-112.0817;407.1274;405.9076;
916870.603;589139.624;589107.556;121.3138;39.9168;39.9346;
477290.355;553625.978;553650.536;703.1996;144.1262;144.0325;
242357.650;369627.842;369559.678;-191.5813;43.3080;43.2074;
166491.427;611901.732;611929.769;-269.5961;93.7989;93.7552;
669596.652;386387.594;386348.270;279.6520;-105.7445;-105.6012;
459212.027;532399.770;532388.881;1386.8486;266.2375;271.9288;
443975.550;631490.957;631460.722;-210.8330;36.0036;35.6450;
489412.773;534099.875;534119.715;-422.2578;152.1026;149.3472;
331545.020;462031.800;461972.389;-393.5610;-337.4707;-338.5450;
595856.701;566053.325;566090.202;-63.8424;-152.9837;-153.2177;
537088.652;567152.152;567140.116;-549.5316;53.4631;53.2336;
473052.303;534497.996;534485.052;831.6005;374.1686;375.3893;
511806.944;577945.612;577982.755;-38.7317;-324.4953;-324.5315;
440516.563;565880.705;565898.220;222.7945;69.5964;69.7172;
580972.696;541432.897;541442.604;218.5763;105.9174;105.7235;
332888.107;549096.256;549017.287;-72.9793;-16.3218;-16.4449;
383706.980;584721.105;584721.826;166.1323;413.2885;413.4311;
485713.501;529182.400;529183.894;52.6143;-326.1635;-326.8573;
894711.286;639466.742;639250.644;481.5200;89.0885;88.7685;
679462.438;650921.931;650804.423;-18.4768;49.7896;49.7296;
449360.562;651421.694;651489.436;-523.4922;252.1196;252.3419;
469059.012;529097.365;529097.252;66.9422;-503.9802;-503.7718;
708952.614;603226.562;602901.561;522.3779;117.0447;115.6342;
385263.858;563099.237;563066.321;-158.9637;263.2071;262.7880;
447658.096;529604.354;529581.374;59.6316;-162.2102;-162.7350;
455523.972;531688.580;531685.186;118.3530;-433.2330;-433.5459;
459390.153;543513.570;543510.775;22.2204;-576.2483;-576.2378;
427661.293;500026.887;499965.107;-445.9493;-292.4444;-292.2963;
461490.148;553624.909;553622.022;284.9543;-529.8805;-528.8982;
460341.710;536418.908;536405.210;-209.5556;-17.2728;-17.1430;
446653.129;560732.816;560795.505;-109.0412;490.4976;491.5844;
499905.920;532037.175;532061.473;571.5565;2.5004;2.5667;
474674.819;525895.486;525911.289;-639.3349;-283.1937;-283.2247;
488601.616;532995.821;533019.562;353.2114;-455.5820;-455.1065;
434411.628;536938.844;536932.293;-562.8442;211.2059;211.2115;
471494.528;583317.043;583308.730;841.2546;182.8203;182.6341;
873777.412;475137.535;475106.280;6.9758;124.6709;124.6675;
439953.647;527271.868;527264.388;199.7846;22.1297;22.3643;
636756.304;515132.410;514956.449;10.1147;-111.8525;-112.0802;
714449.947;463785.716;463747.577;28.2509;-140.3627;-140.3360;
463340.996;527544.768;527530.165;640.9704;446.6991;446.6794;
363033.717;505971.589;505899.123;399.1328;-351.9203;-352.3848;
581927.494;535450.601;535442.832;-208.2179;-270.3058;-270.3146;
347241.609;504803.703;504661.486;142.1460;85.4590;85.8196;
504810.573;616231.693;616277.535;-57.3544;-270.4316;-269.7778;
550112.142;379720.286;379658.559;-32.6822;-126.2258;-126.2032;
460564.252;550797.662;550783.859;-88.1418;608.5277;608.2592;
798539.869;491027.306;490999.680;131.5643;-38.4073;-38.4192;
459468.804;518413.554;518402.575;916.6804;-251.5110;-251.9277;
431477.040;539150.116;539136.001;589.2040;511.4464;512.4873;
456387.524;522760.967;522739.764;230.2070;-81.8838;-82.5204;
169009.860;354505.041;354494.329;48.2736;14.8601;14.8477;
486368.978;466745.818;466676.564;-17.7846;-9.8095;-10.1572;
413331.630;756250.470;756183.109;-139.9090;202.4198;202.2981;
481413.718;532365.452;532385.215;-603.8363;814.3667;814.3060;
477380.165;557198.275;557233.573;868.6731;192.0986;192.5045;
459320.678;531485.999;531477.594;990.1825;-462.2371;-463.1861;
540014.538;513631.582;513534.916;-227.8909;225.5367;225.4693;
472938.007;536177.329;536176.010;-471.0106;193.0841;193.2608;
435243.672;477171.391;477081.981;-63.2095;-265.0963;-265.6041;
393368.811;544415.421;544415.045;-230.5303;-193.9528;-195.0842;
480723.031;550249.988;550253.999;-511.3480;-218.2288;-219.4046;
427996.987;439601.752;439521.222;29.9441;72.4631;72.7652;
538127.028;361497.951;361432.194;-189.5064;-179.8990;-179.9630;
383776.709;882738.067;882736.406;11.7702;138.4507;138.4437;
480470.628;551850.219;551859.807;-102.9026;74.6607;74.3916;
433721.174;555704.581;555708.217;-666.5071;328.6567;329.1360;
453581.761;531707.496;531683.694;-666.9401;-68.4356;-69.1715;
757660.974;592543.482;592110.949;220.2643;-111.9105;-112.7364;
435079.312;604446.467;604469.071;-192.0637;-90.9098;-90.9733;
452992.925;537057.695;537062.256;623.8019;-623.7325;-623.8260;
463473.014;553669.644;553664.922;-135.7453;-252.3329;-252.3195;
483984.801;511318.462;511264.247;-61.1857;629.8421;629.4757;
233763.676;403126.429;403134.179;44.8795;209.4138;209.3787;
482004.136;596755.256;596713.553;136.4809;41.6381;41.6922;
473426.530;511283.643;511296.501;641.4440;-648.7329;-648.5385;
561489.547;530284.127;530301.460;51.2561;-297.1931;-296.7951;
465916.487;534306.096;534302.774;-232.3489;-89.4008;-88.8616;
155244.800;289289.522;289291.674;160.7981;-79.4868;-79.4769;
520394.899;558802.515;558811.707;-164.5191;-267.7065;-268.0624;
453510.590;533938.496;533932.943;-1117.3810;-595.1448;-595.2200;
495941.402;546418.128;546423.654;103.2342;468.8441;469.1211;
545928.731;799875.173;799895.543;167.1160;-116.8420;-116.8469;
445326.480;524399.443;524392.694;-4.7662;126.5073;126.6423;
363451.103;547358.292;547298.846;-455.1639;136.2180;135.7640;
469917.665;505508.124;505548.242;-239.2916;-239.3259;-239.7718;
465074.837;544589.394;544573.157;-645.2262;-111.9065;-111.9742;
446612.812;530082.593;530061.193;525.7431;307.4474;306.4393;
457192.343;537792.476;537779.797;743.5000;-434.9202;-435.7469;
336258.128;621950.467;622024.021;-197.2678;209.4363;209.4633;
452608.779;533386.273;533379.714;-867.4007;-284.7842;-284.5736;
480327.980;538500.453;538508.060;-90.1097;370.5922;370.7873;
451205.448;534513.499;534522.022;-593.1972;222.6215;223.0106;
466117.451;545015.465;545041.904;360.1993;313.9299;315.7778;
466477.121;535386.390;535367.029;1213.8695;-131.2174;-130.8745;
390599.652;570459.627;570431.608;-434.8581;-259.9002;-259.6981;
508403.207;480542.909;480519.541;376.8964;-202.7380;-202.7572;
357439.677;452679.983;452645.997;-276.1394;-443.2712;-443.8368;
667018.528;560645.041;560514.327;56.0686;-107.9460;-108.1243;
446953.189;537241.013;537241.183;-458.0917;439.9041;439.4072;
475664.025;515636.905;515601.635;235.2008;185.1493;185.2778;
435670.307;333181.294;333127.366;110.1147;-13.8994;-13.8299;
463432.416;553103.052;553100.706;-540.5034;130.7449;131.3323;
448091.677;544193.377;544180.404;-537.1291;293.7731;294.2409;
490268.953;541078.242;541041.206;-576.8256;-47.6565;-46.5942;
439343.897;527320.728;527326.852;-168.5631;-440.9288;-441.4631;
477202.652;536399.670;536369.566;53.0909;17.7432;17.9626;
460713.610;541303.037;541283.561;119.3078;-607.4378;-608.5803;
463496.339;533068.131;533060.051;-534.9249;-140.0007;-140.1569;
