# This file was created for the Modelling and Simulation course, RUG (September-November 2019).
#
# Project: Simulate colliding galaxies, using Barnes-Hut algorithm.
#
# Students:
#     Stefan Evanghelides (s2895323)
#     Hidde Folkertsma (s2759799)
#
#     X         Y         Z         DX        DY        DZ
479469.674;506192.432;505995.187;-227.2260;12.0701;10.4203;
453899.603;531421.851;531083.631;265.9124;589.8128;615.6136;
816428.945;698677.122;698526.693;15.9870;-130.7947;-131.1422;
465687.382;538639.552;538608.058;930.7811;-106.4896;-95.2723;
464786.668;516231.897;516029.274;184.1567;-526.2757;-530.3617;
523472.110;721558.086;720178.942;-149.1315;401.2249;396.8489;
360483.248;410424.186;408138.497;-294.4557;106.5260;106.5362;
596814.023;825614.218;825341.462;-4.3169;167.0771;177.8941;
453043.236;555711.480;556093.047;-1011.4451;-292.3547;-290.8313;
229473.180;504712.404;502417.600;235.9262;-77.5975;-76.7393;
468254.194;520519.205;520456.178;37.8950;350.8192;358.4915;
452885.395;528735.913;528408.697;-400.9097;-64.8843;-57.7656;
437512.299;448151.508;446492.984;555.5405;128.6405;130.1267;
1403.654;485945.102;484364.294;-307.1233;-26.6435;-29.7930;
453026.976;523338.565;522940.011;594.6467;-206.4712;-203.2145;
517982.820;533334.461;532744.034;-704.7870;170.4760;176.2509;
287822.507;481117.911;481115.270;344.2663;80.0457;83.2695;
433848.997;554697.284;553143.503;679.7607;-360.0292;-369.2107;
485404.387;511656.612;511454.587;-405.9902;100.9184;101.0030;
410790.726;625987.582;626500.182;-487.4373;104.3052;104.6583;
606437.389;534559.318;532639.083;127.5149;-54.3456;-59.2699;
448991.093;523202.024;522882.142;142.5817;462.5652;461.4433;
675626.590;549279.281;544812.530;-56.6388;-127.4003;-128.1946;
447373.462;531200.726;531220.096;708.5175;526.5139;534.1947;
478798.010;521017.021;520908.484;22.8847;-235.4267;-249.1329;
451968.644;534932.915;534554.301;-850.7677;208.3707;198.9541;
456518.667;544380.760;544118.198;-1017.1663;-136.9258;-164.4035;
458455.586;533932.231;533686.673;191.5777;-689.9754;-702.3249;
901928.993;135676.479;135682.517;-10.1084;-2.8095;-2.8375;
570177.009;493844.766;493326.813;-253.7180;358.0407;370.9018;
477132.816;528373.669;528369.625;18.6859;521.6085;530.6133;
433804.980;517806.575;516947.984;-446.5470;-27.7465;-34.6236;
495513.969;560630.696;560529.073;115.9609;-704.6458;-691.1848;
452581.604;526466.261;526288.098;-390.8811;113.8958;109.3627;
598307.747;589172.724;589347.190;334.5799;151.6456;150.9417;
471189.808;528263.971;527950.986;483.5659;20.2082;24.2269;
483919.265;512237.325;511733.124;152.0476;222.9419;229.3639;
441595.662;518536.268;518038.269;447.6638;174.9339;177.5900;
455395.895;518652.985;518187.327;-192.3625;-98.3891;-100.4576;
516995.098;551742.620;552822.885;716.9466;-422.7232;-419.5193;
491978.441;529746.677;529594.041;44.0639;657.5646;670.8911;
482788.794;517147.439;516773.084;-612.8737;-748.6957;-694.4239;
553936.241;530312.255;529235.330;430.2466;197.4242;209.4360;
500955.166;525894.805;526335.365;305.6049;-335.1487;-363.7128;
497253.145;567681.117;568790.815;-46.4371;16.0982;16.8387;
545696.115;474962.969;474415.978;-382.7326;498.1929;494.7561;
433673.814;537558.137;537072.896;-416.9238;-636.8139;-651.1611;
586322.527;670412.429;669240.906;-238.2801;-105.2433;-104.1729;
566295.094;642607.645;639486.174;-63.2506;13.8549;13.0588;
512872.277;519763.975;519665.779;-296.3372;-387.4603;-400.4026;
466180.986;522732.524;522605.522;135.8802;-797.7970;-802.2661;
533711.796;509619.919;509380.907;-680.4642;-71.0634;-56.0096;
212467.646;485525.013;486170.517;187.3236;193.3566;191.8364;
453756.191;509686.383;509029.161;419.7177;-291.5902;-309.0173;
477249.546;494954.865;493529.728;361.0782;150.2953;155.2878;
449288.641;530556.585;530240.591;-8.8355;-549.7152;-564.8281;
544275.714;662588.449;660645.461;66.6056;-134.2237;-135.6439;
402472.042;572524.202;573199.280;-228.2877;-224.8144;-224.1358;
832852.121;660871.363;660282.241;-171.7087;-13.3859;-13.7679;
439886.717;536639.045;536553.782;-223.5017;32.6264;21.4182;
53110.864;601462.478;601151.964;59.9200;77.2666;77.1244;
525997.031;522117.596;522673.701;396.5071;-57.9668;-76.9763;
477270.998;509822.882;509256.331;-113.2895;562.6680;577.3867;
483519.295;533031.161;533170.831;748.0473;-152.5902;-137.3969;
53205.766;2056.361;1007.519;-7.5908;-65.1213;-65.2516;
457958.503;533421.228;533103.870;-168.8918;476.7442;469.1956;
445952.285;542847.675;542284.679;-99.7080;399.6538;420.8091;
448219.874;540885.412;540491.869;216.8663;-479.1180;-479.3464;
492512.541;559098.563;560425.356;532.2758;-149.3843;-142.2693;
422168.874;292302.459;287095.529;-18.4695;-8.0995;-8.8992;
448500.083;516553.667;515828.030;928.1925;-352.9598;-341.4401;
815742.503;471015.329;469081.744;-48.6590;-17.6503;-14.6737;
426207.567;606103.998;604822.164;564.6587;11.8060;15.8344;
540401.890;494725.944;493278.277;-0.4617;28.0848;29.0677;
647969.077;458927.883;457951.743;-28.8518;96.9430;97.2248;
474266.371;554611.155;555082.287;211.8440;96.5562;101.7511;
456119.214;557180.491;557330.218;-103.9229;614.8358;637.4352;
473998.175;540949.869;541056.439;356.7796;-352.8788;-354.2670;
447149.745;532730.695;532410.224;-715.3145;55.2601;43.2644;
414968.436;554396.368;554662.499;-366.7625;-119.7332;-126.6778;
316336.057;629013.199;628697.990;-116.4533;71.6988;70.9766;
508828.087;520178.386;519267.761;-465.0040;-80.6447;-101.5370;
479985.995;530855.325;530797.185;-556.6339;276.1814;274.5574;
488899.954;562679.845;561238.865;-171.2515;508.7481;551.7234;
453403.848;525006.136;524515.540;521.7302;-209.5980;-217.1808;
447848.631;492362.126;491293.699;85.9520;-54.7408;-55.5015;
453023.844;516521.310;516182.526;326.1563;124.4315;139.5675;
460126.232;511121.630;510921.535;-336.2593;774.3340;803.8114;
420155.241;528961.215;528727.983;77.9965;667.1072;688.7290;
479537.884;566312.449;566308.797;-1067.7220;-103.3434;-95.1145;
466288.710;534015.536;533875.503;521.4182;-42.8972;-31.8845;
696281.529;661106.242;660747.162;116.1445;-26.6521;-27.6808;
890536.487;650122.607;649274.970;159.8139;4.2318;3.9327;
501522.296;557326.778;558136.352;-349.3407;-459.5096;-505.4953;
531717.040;605095.079;604591.318;-372.6763;191.1889;191.2842;
406073.855;523794.088;522956.869;-323.6460;337.8994;326.8167;
246560.759;458425.788;457723.578;-338.1121;-125.1565;-128.9731;
410338.323;532167.569;531464.289;451.4252;380.1630;385.5046;
578547.636;447110.944;445733.625;-339.8737;18.3791;18.9802;
490523.264;532731.881;532554.376;184.2936;-678.2915;-696.3055;
805339.927;479976.149;478965.861;-126.8190;21.4081;17.2962;
479723.736;531116.419;530777.765;-221.7097;541.7613;555.1791;
451882.451;519286.039;518907.030;-551.8832;598.9534;601.9460;
436585.254;482049.780;480838.843;-515.7458;-86.1102;-105.2987;
887317.395;732938.809;731040.217;69.4929;20.7912;19.7129;
486389.898;530464.352;530016.821;-478.0744;-6.3001;-12.5254;
461637.778;544691.218;544430.460;-146.5152;322.8813;313.8869;
459173.217;549652.991;549816.972;-457.6960;144.6617;140.4973;
468072.614;531629.773;531549.688;340.2950;384.4849;392.9165;
459677.162;531611.724;531562.314;9.0477;-551.2690;-565.4498;
490691.575;530678.098;530897.363;342.7168;94.1103;105.3028;
419499.756;225657.959;224574.694;17.3271;-0.2089;-0.7426;
461446.591;547848.617;548198.293;487.6532;549.0922;560.8232;
453170.303;527147.157;526929.368;-1217.0443;614.8974;613.6362;
516667.890;546575.837;548234.951;1241.6995;67.1817;102.1041;
352479.066;591384.224;591806.725;521.0053;69.0008;73.5106;
458463.777;533470.547;533318.274;384.9962;8.4865;3.0494;
432457.991;553112.035;553103.489;695.5273;-29.6187;-47.0281;
446908.670;528683.934;527985.220;-245.0946;-608.6522;-630.3074;
608038.232;810906.813;812280.980;349.2944;161.4602;155.4761;
338528.611;524407.631;523196.854;-165.9639;-120.1466;-121.4556;
622881.758;464625.621;465306.351;2.0798;-139.2501;-143.9712;
463526.362;515222.165;514887.542;-457.4101;499.4476;508.0312;
446276.529;528586.165;528056.038;1048.8295;-90.5016;-69.7707;
470212.904;267479.323;265744.772;-100.0054;35.3694;34.8207;
460609.332;524533.618;524094.071;-347.8529;169.1698;175.9396;
470752.102;523426.487;523365.356;-243.7195;-115.6772;-161.6674;
626866.730;520690.313;519711.683;116.2278;-137.6322;-147.0797;
461694.140;526950.816;526852.176;360.0768;201.0057;206.8959;
449685.668;512903.218;512201.926;-283.6560;-610.7181;-623.9376;
456038.386;527578.169;527453.985;627.4173;457.3042;469.8069;
638974.045;549383.136;548488.518;364.9225;-115.1673;-114.8179;
356522.139;580266.238;578867.745;123.6413;403.8315;370.2021;
449640.504;544478.953;544219.771;715.5799;-0.4870;6.4468;
456148.525;523139.737;522810.842;-1506.6541;-756.8310;-801.5421;
475580.757;522395.727;522059.521;762.5591;245.7580;256.4579;
470299.443;534645.757;534517.086;249.3697;-561.4023;-558.3762;
434632.942;556098.358;555475.895;467.6203;-468.1696;-455.8894;
438570.470;558765.868;558706.711;-607.3475;-345.0549;-356.3231;
573664.903;443981.219;442972.644;72.0348;-96.2097;-101.6421;
466126.551;515904.841;515446.304;1143.3405;-442.8828;-455.4171;
451831.253;518110.156;517620.053;-157.4215;-177.7715;-183.9701;
446669.596;554215.662;554701.222;413.3063;-285.8268;-293.6211;
444312.765;528492.444;528217.953;1090.2521;-607.1237;-616.0088;
503629.835;514534.226;514101.483;919.5412;-182.4054;-188.4647;
514548.288;569058.864;569394.713;-307.5348;80.9945;76.4361;
535854.731;549068.554;548901.747;-51.6912;232.4084;236.7142;
864962.887;670698.891;670379.210;149.1391;-58.3217;-59.9424;
473898.815;515552.171;515204.335;-9.9203;-260.7378;-242.9234;
452017.051;518456.465;518204.779;-569.5458;423.2978;424.0198;
522973.359;622149.516;620413.942;-153.2489;84.1566;78.0731;
491492.123;551954.837;551645.099;-182.4392;274.6253;286.3978;
467902.311;571888.595;571873.386;-617.6024;266.9104;249.0013;
449805.528;531170.819;530954.537;-903.2030;-253.4988;-267.7397;
484430.820;518130.876;518126.381;280.3568;-21.1366;-18.5723;
453330.217;517717.911;517117.239;146.8172;-708.1630;-715.2866;
459007.918;514856.680;514663.518;-368.8931;120.0681;126.5446;
