# This file was created for the Modelling and Simulation course, RUG (September-November 2019).
#
# Project: Simulate colliding galaxies, using Barnes-Hut algorithm.
#
# Students:
#     Stefan Evanghelides (s2895323)
#     Hidde Folkertsma (s2759799)
#
#     X         Y         Z         DX        DY        DZ
501676.182;560607.430;559662.095;184.6275;-84.6380;-85.7758;
509118.415;553456.427;553389.426;-81.4405;721.3761;735.6531;
775550.114;535537.276;534753.267;-111.1801;-166.8112;-167.4698;
489809.189;544219.072;543575.996;273.2804;-624.9738;-640.1313;
505888.084;536782.820;536824.470;-923.4947;217.9941;159.6074;
433747.155;644243.295;641579.978;426.2002;119.6076;117.3498;
599443.436;927852.215;938894.660;-8.0814;48.7195;57.9604;
343972.256;508001.058;508841.429;361.7918;-139.7656;-133.6962;
473149.748;529632.793;529087.069;-674.9622;-1055.5587;-996.5027;
522521.935;537961.652;538412.639;40.9214;533.4142;541.0631;
486938.515;550209.327;548780.744;85.3676;-28.2525;-50.3114;
619889.532;581592.171;582602.616;236.6597;330.1304;332.7993;
463375.494;541565.162;540023.985;739.4977;-396.9699;-352.3761;
476225.145;583670.593;581873.010;329.0502;223.9686;245.5881;
569707.092;622707.637;617889.177;-232.6686;-263.0650;-279.1619;
433444.656;480260.909;474805.512;56.0316;171.4773;173.5224;
493566.245;535060.270;534147.110;-411.3504;-367.6658;-344.7233;
41556.627;607407.004;604965.908;-266.1343;-57.8162;-59.9003;
533228.253;494565.295;498336.694;-518.7272;32.0461;60.9569;
500895.518;537389.737;537019.362;-792.5846;-154.3289;-197.1489;
425597.059;504225.742;502419.491;-443.5849;-26.1433;-51.5986;
488090.850;544936.950;543854.393;-383.5915;226.9491;184.9870;
485268.344;540880.068;539791.278;-373.9195;52.2184;14.5002;
488660.194;547322.546;545946.894;658.6096;953.5477;943.2250;
458424.375;521480.228;518948.283;255.8851;-50.2180;-48.6665;
474926.693;543385.519;542572.850;944.2759;-471.4563;-413.4114;
879146.008;144280.673;144235.454;-32.6271;19.5519;19.4655;
493084.165;544013.553;543012.146;-1159.2409;-878.1792;-824.4677;
500851.066;537826.157;537827.103;160.9368;-91.2601;-89.5377;
466488.879;556583.104;555070.230;457.1321;295.3814;303.7943;
737218.044;495017.947;495729.368;86.7695;20.4168;26.9520;
506892.521;530377.589;529934.877;633.9561;278.9759;325.7731;
415912.167;413989.846;408776.612;26.5673;-168.4810;-154.7882;
422419.211;565784.624;561017.526;-15.5348;180.5779;159.6539;
513650.612;556307.759;555607.407;430.6257;392.5064;415.4387;
491346.629;509952.623;509728.968;-220.8732;-0.7214;4.1004;
487332.874;537799.196;536750.950;719.2752;65.8109;83.8954;
437844.314;440679.951;436771.851;-162.1916;291.6809;297.1504;
482224.443;530855.312;530072.978;1345.0503;32.2969;145.4987;
483166.413;535505.583;535045.053;127.7480;163.6571;131.7518;
453027.330;537619.349;537560.493;509.8855;-238.7861;-272.3458;
504528.539;559485.923;557174.234;89.5180;-686.2116;-645.4524;
527694.134;538406.008;538921.090;519.9843;110.5336;123.2253;
488239.085;519688.593;519084.384;717.5708;683.8008;680.4956;
610291.567;420837.008;420251.606;311.5690;-68.5328;-60.3374;
623823.254;430250.061;431534.759;316.7098;-143.8314;-130.4816;
468898.437;527405.832;525577.125;-209.9751;52.8661;58.5178;
477250.533;531169.406;529593.810;1372.6853;181.9070;234.0623;
434437.122;503319.731;500577.583;-669.5369;222.0238;214.2057;
637431.674;282966.257;282501.064;86.1327;-315.0156;-323.1039;
515957.367;555801.680;555674.672;-72.7724;351.8161;377.3645;
491523.196;507601.434;506762.858;-139.7261;140.6072;128.8821;
521993.914;550709.245;550520.442;533.2986;511.5657;533.3843;
390663.293;584544.562;583764.099;360.4103;83.9640;108.1221;
476235.673;660675.858;659187.611;-237.4356;132.0241;117.7458;
552567.611;597795.592;598740.474;-456.8009;-186.1118;-181.6880;
495490.605;563523.079;561971.651;65.1123;-10.4254;-9.1518;
157370.455;672664.038;672190.829;134.3143;50.8615;50.6570;
456888.047;524553.245;523317.032;-577.9688;457.9952;464.6184;
488934.862;544554.486;543235.351;597.9344;183.6308;190.8721;
502345.020;518265.193;518242.225;-146.0254;-351.5519;-335.1162;
484887.736;541770.950;540376.637;616.2519;-165.7967;-169.1631;
494408.745;528387.841;527291.389;864.9739;-603.4846;-581.6308;
486636.304;528831.597;527816.178;-790.3923;-83.5564;-128.9364;
505041.014;531652.597;532755.175;-790.9509;-273.7305;-309.7504;
431293.455;381209.978;382408.922;20.7698;232.5446;236.5294;
503935.291;497888.188;498784.711;-286.9046;-93.8045;-73.3661;
677495.697;493383.353;492509.961;-219.6805;80.9112;83.0650;
807453.120;438969.393;436289.594;435.1190;-272.2713;-303.8667;
460540.348;548186.044;546275.611;939.2383;-438.0343;-423.0188;
395952.263;485516.069;479544.527;5.5277;-100.2986;-109.9003;
510874.157;587622.996;588568.626;77.9729;123.2944;91.4596;
571887.343;465168.735;467130.449;458.7850;-175.7152;-173.5431;
491446.784;556114.346;555078.242;-132.1352;66.5427;74.4378;
491757.078;543928.573;543216.221;-449.4297;481.1246;452.4459;
626692.472;421824.356;420766.262;309.8254;85.0072;104.3200;
593480.693;464957.725;468220.117;416.1425;-272.0256;-307.1164;
485990.961;538960.898;537505.491;721.4050;-58.0764;-9.0970;
484005.746;539895.381;538449.811;1106.2730;176.7126;222.6257;
471797.972;538945.852;534755.960;-729.8675;-492.5219;-527.9368;
494330.190;531265.687;530182.403;-92.5917;205.3032;217.3742;
496687.202;534616.641;533879.763;-1020.6842;11.8186;6.1053;
488829.046;534668.991;533268.001;222.8367;-871.6415;-846.6648;
564407.359;595513.702;596710.403;187.1809;139.6626;152.1686;
489869.256;515039.061;515501.992;103.5165;-415.2999;-409.2291;
397154.209;243609.622;230383.184;114.1624;-161.5516;-168.3442;
499547.014;537971.797;537481.100;721.6137;291.5606;303.7140;
773085.671;615992.409;614732.501;23.2519;-55.5386;-56.0821;
945620.693;622786.808;621355.720;-17.3387;-60.3886;-61.4134;
550216.244;492689.725;490010.199;-230.2226;489.6857;507.5684;
449025.232;564994.332;563179.052;-751.3737;-152.7110;-146.1176;
441997.711;589318.565;586935.203;403.1958;119.5697;116.3046;
433628.955;507891.124;505182.290;-104.2862;255.9335;250.7946;
729323.897;632091.983;634910.737;287.4409;-22.5409;-22.3086;
451705.261;540252.714;537996.309;-122.2148;-45.4167;-43.5951;
586779.932;517021.106;519436.205;-380.5658;54.6038;77.4488;
496296.769;545699.840;544882.394;-80.2394;496.8930;457.8282;
500580.143;536802.706;535238.671;567.4499;-836.5901;-848.5101;
556024.200;434523.920;438377.758;-135.7390;-229.8347;-217.9440;
907615.885;723861.893;721172.558;-29.1059;-34.9311;-35.3878;
503796.396;569404.036;569059.220;-29.1937;133.0791;141.1553;
479105.458;539026.988;537227.610;-471.1204;-186.9745;-202.6058;
486522.547;555596.173;554441.488;-816.0275;-349.8885;-426.0102;
499483.326;561158.114;560658.771;-756.1872;240.3986;198.6028;
482415.089;542706.720;541377.165;1269.4865;-55.3029;-14.0476;
496613.225;543840.161;542437.510;321.0620;-176.5236;-147.0187;
441872.745;252017.164;250169.907;20.6915;49.6162;48.0398;
443386.514;534047.002;532145.601;535.2531;62.3560;77.4716;
393683.657;535441.222;528635.539;6.0390;205.5316;184.7133;
908717.978;388236.188;370190.918;101.0851;-135.4236;-148.2427;
330918.854;449879.334;446389.681;-170.6894;105.7585;99.9691;
493690.874;533951.149;532814.805;350.5080;-413.8995;-402.0795;
510332.023;524445.620;524270.667;-406.1104;-501.0972;-492.8725;
504108.448;549343.673;548449.281;-61.0217;-277.6785;-233.5803;
907028.576;931201.939;925461.345;239.6313;70.7625;64.5407;
425442.017;449072.443;449503.666;281.9280;32.5776;24.4976;
447316.422;525772.199;519709.448;-1005.4820;319.8469;211.4492;
500870.375;515725.025;517165.342;-485.5293;613.1207;579.1839;
483538.050;531471.197;530349.596;-836.6136;-505.4486;-535.2961;
375861.615;408699.989;400931.073;0.2634;237.1305;234.2845;
475348.116;542779.458;540875.780;395.7245;-320.3907;-335.3075;
484973.972;547569.163;546500.492;-281.4487;126.1386;129.3159;
383329.343;607687.476;605880.897;160.0782;-222.6780;-234.0543;
486992.435;539238.423;537913.379;340.7417;-111.9908;-113.8584;
507027.497;555166.198;555048.861;-1047.5210;280.5717;240.3630;
469879.296;551135.027;548814.874;819.5016;239.5228;277.7546;
823092.077;461633.715;454569.756;40.8196;-63.1166;-65.5615;
438864.309;466212.048;453345.155;-563.3927;183.4798;118.5114;
486634.803;542389.140;541397.398;-110.7606;379.9788;376.0043;
527084.310;517216.003;518162.231;-523.3415;539.1229;499.3878;
551038.535;519249.045;523378.730;-268.3376;11.4710;5.9063;
485659.342;548612.288;547549.835;244.9609;82.6891;67.1834;
501554.634;530751.964;531083.271;-1040.1808;697.7003;588.5622;
524546.600;500317.338;499285.951;421.3220;-230.9268;-232.0177;
390390.876;604508.289;605935.180;303.7947;-93.5972;-61.8343;
496093.538;544945.767;544039.840;44.3757;640.2757;625.9404;
488100.846;545903.533;545360.293;-128.1228;175.1981;161.9064;
476319.475;534543.045;533645.120;77.1326;-262.5622;-270.4484;
467852.667;542231.847;540178.612;241.0593;-574.3426;-591.5184;
476496.924;521796.268;520500.551;-718.4075;250.1679;204.3132;
454664.579;539599.825;536650.419;171.9990;-584.1270;-586.7671;
502401.729;552145.751;552353.889;-884.3700;244.8832;227.8443;
422303.401;557548.333;553166.529;-207.3174;182.9600;184.4083;
494494.121;504929.607;503943.729;101.8298;-109.9416;-115.4878;
595912.650;569208.745;572367.802;-567.5383;175.0916;156.8733;
480854.618;558436.593;555885.743;-201.8741;-8.1937;-57.7157;
595698.967;486480.363;487266.123;250.2113;72.9308;83.1891;
480483.532;535058.223;533430.794;1116.7715;-2.2578;56.4396;
487426.922;550504.639;549326.532;-246.3789;-303.1302;-356.3920;
501235.359;568648.381;566222.778;332.6636;-339.7284;-321.0458;
471245.755;530610.193;528750.164;193.2423;124.5036;137.6650;
