# This file was created for the Modelling and Simulation course, RUG (September-November 2019).
#
# Project: Simulate colliding galaxies, using Barnes-Hut algorithm.
#
# Students:
#     Stefan Evanghelides (s2895323)
#     Hidde Folkertsma (s2759799)
#
#     X         Y         Z         DX        DY        DZ
505804.854;573011.005;570705.922;140.5628;3.1801;26.8557;
528110.570;552218.100;552153.840;3.2605;31.0645;62.7971;
690193.087;458263.839;460192.517;-249.3341;-147.6559;-137.0752;
475116.685;557973.967;555031.528;87.1936;240.3458;244.3396;
484684.115;564159.141;560971.206;-491.5545;-672.9293;-676.8969;
625217.579;619336.125;617264.024;297.7172;-205.0608;-196.6369;
594032.635;942661.633;957722.756;-15.0308;15.2697;23.2409;
582318.201;627428.517;640925.336;-24.4738;415.8454;433.1419;
497876.781;611736.135;604133.902;-99.2140;-114.5531;-122.5996;
436062.401;538876.492;533296.665;-51.2508;-622.2027;-571.3393;
466980.089;550955.488;546456.278;92.0377;524.8967;533.9903;
638998.751;689770.608;690712.159;-67.8862;147.7996;145.8203;
482157.989;545879.586;542296.739;376.0688;510.2709;481.8594;
535509.398;558075.196;559610.013;709.1137;-98.7492;-100.6946;
373625.368;410261.735;396806.344;-219.7384;-160.1543;-181.8547;
470407.536;542266.508;539382.536;-1170.0771;-262.6639;-372.7961;
484445.926;546438.357;543279.176;162.4905;-258.4968;-222.9986;
537378.466;553201.663;558097.395;-432.7280;-440.6432;-534.3294;
531041.387;540780.837;540655.067;637.1083;-166.8575;-127.4767;
545073.659;510515.784;513516.749;-241.7691;-36.1385;-65.8568;
492883.568;544025.250;541296.446;-645.3958;126.0280;29.8769;
490610.120;538978.692;536115.428;-572.7548;259.1931;193.5822;
521280.551;545796.650;545751.060;-350.1609;584.1087;511.7245;
500019.155;548330.501;546672.683;650.9932;-164.0159;-169.9719;
491324.727;545511.685;542108.156;738.7163;111.1911;184.2529;
861488.423;156043.410;155933.731;-43.3246;31.1371;30.9198;
408549.603;459534.051;449985.049;131.9955;97.8975;125.0167;
497959.184;535121.095;531507.377;-648.1046;168.5937;83.4703;
468597.818;569288.831;566228.431;387.0430;116.6114;171.9526;
700308.395;512490.571;512322.518;-284.8177;37.9799;31.3281;
494574.386;532887.386;530861.717;921.5817;307.2872;345.9297;
481910.609;420832.379;429721.057;195.2080;238.9971;256.2213;
531353.744;490335.336;490552.295;-0.0872;-134.2780;-101.1831;
487390.211;533964.865;531217.516;1013.5873;210.1730;217.0335;
437268.980;549295.383;542412.717;-91.8662;207.0438;188.6622;
475713.454;543687.672;540046.431;-917.4912;-240.6993;-257.7599;
573150.829;586009.638;584557.012;438.9348;-190.3918;-166.1709;
476590.909;542899.168;540180.288;983.8720;-296.2479;-287.9451;
499542.129;543980.738;542094.869;-453.8060;-202.4471;-218.9069;
500696.609;562862.795;561831.338;-63.8691;403.9108;454.5937;
505114.169;560244.230;558874.929;365.0064;144.0316;219.5429;
477559.472;547285.798;544549.742;-821.0695;-242.5054;-295.2966;
503181.647;525671.476;523333.444;-574.7007;794.3792;757.2669;
747454.189;414223.280;416329.545;241.7971;7.4057;5.3741;
731732.510;396131.386;395181.053;184.3847;-22.6408;-48.3359;
488126.541;537334.254;534604.084;-98.9667;-75.8252;-77.4930;
486801.492;536565.779;533701.328;668.9948;29.4270;70.9233;
456836.702;521775.223;517924.117;-293.5863;384.8379;339.5776;
669540.526;152703.509;148433.731;56.7254;-251.9707;-260.1242;
446558.093;527195.027;524108.136;568.1694;30.2439;36.9603;
496710.660;552076.668;550160.540;528.8927;-241.8322;-240.5939;
515685.511;539916.515;537336.442;843.6810;336.7950;378.7742;
498864.580;439844.605;450928.140;-247.1178;-362.8787;-303.9827;
377687.909;681632.050;674020.203;-174.6693;-21.4289;-32.7479;
557598.371;435818.128;440907.936;284.6419;-171.9214;-137.4741;
469778.313;514784.525;511115.897;-240.8855;-123.6999;-162.4651;
227759.601;692689.185;692092.373;168.5583;33.9743;33.6222;
485589.666;563667.845;560485.461;389.9449;469.1090;471.0718;
488309.504;542547.378;539385.839;-720.8344;-104.8135;-163.4189;
484679.206;549376.136;547088.482;375.7822;-576.8750;-566.0723;
467044.418;556807.742;552203.726;-24.2642;175.7746;183.0778;
465457.640;555455.543;551198.106;-624.9902;12.9971;10.5027;
496011.629;562029.298;560261.381;998.4320;-150.5437;-76.1423;
490206.707;503345.773;504666.097;-205.3196;-239.8030;-202.5837;
511861.740;571059.749;571118.848;903.0508;96.4082;176.2801;
440446.941;542066.961;536842.709;-255.6128;311.9010;276.3226;
490905.290;541237.777;542106.632;-955.9936;365.6445;217.8292;
979620.185;317781.477;293620.200;271.4939;-259.0834;-332.2216;
644099.904;510889.166;515215.637;-15.7616;50.6693;52.9346;
457104.981;476099.389;470310.722;233.4824;72.8852;95.2656;
483747.139;494087.850;490386.523;48.9002;190.9831;174.4038;
750122.788;438217.826;440010.363;295.2201;5.8918;7.0103;
508326.473;541176.246;539753.654;559.8459;124.7490;132.3893;
485551.995;550479.120;546646.524;-803.9317;106.5850;8.7510;
656533.054;485136.120;488013.579;-142.2597;191.5264;187.7302;
742009.870;385555.213;383491.136;284.0403;-95.4675;-73.4846;
481421.096;544593.503;540815.223;-641.9153;169.9865;99.7975;
466320.653;543500.123;539639.730;15.9756;115.0807;117.2841;
494189.449;564541.297;560351.807;-1182.7176;-11.7877;66.4219;
484621.553;544888.212;542013.387;373.1691;-755.7951;-743.6371;
479187.815;544867.742;542597.652;541.2349;-195.5457;-127.7601;
476924.748;559390.995;556028.623;155.7404;332.8980;397.8310;
399285.184;460942.584;455859.471;-304.8180;-338.4884;-391.8193;
493004.121;548253.004;545906.555;-749.4774;643.8113;664.5651;
455597.032;182847.400;167369.477;132.7173;-103.0838;-106.5344;
483780.974;533432.525;530677.353;-81.5904;271.7173;243.7227;
773259.909;588672.404;587499.848;-20.9049;-62.2092;-61.5538;
922759.851;592171.310;590276.438;-83.1529;-70.5490;-71.4652;
550038.344;506232.086;512599.933;111.7632;-122.2130;-30.6441;
466843.999;587421.146;579276.398;-697.1788;20.1569;-48.4462;
482537.271;478007.657;480508.003;-430.4823;-161.4557;-180.5549;
476241.057;484570.781;483541.817;-399.6626;114.3507;52.1490;
839298.880;611031.407;613228.211;190.1976;-61.1007;-63.5928;
491984.836;545455.088;543460.852;1150.4391;58.6219;106.2891;
406942.882;573559.700;565376.098;-35.2616;10.7022;54.8243;
499664.664;533781.572;532538.103;424.6322;-135.2541;-149.8360;
472290.985;567159.230;564568.552;592.1712;209.7543;233.6047;
478849.789;372541.477;379229.865;-182.6261;-51.2277;-49.9872;
883407.838;702163.790;699319.838;-76.3083;-58.8707;-59.0581;
453684.254;573385.989;568987.699;-3.0818;-114.3383;-95.9491;
498410.867;545859.181;543743.716;-231.4665;2.9644;-21.2029;
504870.864;548959.280;548029.579;1023.6097;578.0447;510.4775;
487191.533;538588.743;535661.786;931.2711;473.6499;479.2242;
476636.502;565681.676;561661.461;309.5190;665.0448;699.4767;
468277.003;550478.557;546563.968;258.9005;143.6467;158.6734;
451654.250;279402.841;276522.741;22.8881;69.0958;66.6940;
534954.910;545070.759;543489.628;165.5023;-140.4307;-121.7544;
485175.497;434019.462;442162.643;-186.4471;-207.9771;-164.7684;
938476.907;340524.173;324543.578;80.6765;-69.5080;-34.7253;
313989.590;520819.031;515244.737;110.0139;184.2551;181.7667;
502977.830;540986.417;539383.561;-191.6778;-574.1371;-615.8379;
480882.448;564095.431;561148.350;-18.2030;-234.5726;-234.7244;
503410.780;544112.798;541775.191;-201.1745;-250.7135;-253.9887;
546979.613;542410.228;546790.116;-4.8177;376.9109;421.4639;
509471.868;475887.447;479998.751;-29.6698;-510.8974;-446.1600;
464234.846;479603.337;477212.262;-26.4015;-48.6066;8.1027;
473810.947;552999.217;549845.713;312.0651;-271.3545;-267.4389;
502393.969;561720.498;559409.476;1126.1966;90.4017;124.9916;
485884.613;544156.903;540656.681;136.5684;451.0201;444.4518;
474599.941;542808.184;538872.200;-356.5540;-425.2357;-434.7220;
583613.056;506045.282;522091.546;-105.6693;70.4537;84.3825;
487305.247;548759.718;545895.726;-120.3235;245.1861;243.5053;
523363.190;537331.437;534144.013;462.2238;496.9815;572.8425;
476528.839;560795.431;558697.166;866.9204;466.8731;562.8483;
822684.428;433446.184;426085.835;-42.3296;-52.1960;-51.5247;
479331.113;601894.083;609029.615;778.9635;19.0660;1.9989;
496359.791;543361.679;540010.660;-750.4018;-552.1457;-624.0743;
441975.779;543206.767;541787.232;1103.8402;-247.9689;-342.3368;
552588.224;533319.859;536593.072;521.2484;61.1144;140.3953;
491001.300;547536.570;545421.004;-449.2321;-250.8623;-306.7829;
536852.697;536389.307;541165.193;-348.6429;129.1771;51.1893;
537703.292;541926.297;539366.794;788.9364;123.5308;220.0107;
619288.321;504370.728;521456.582;74.3084;41.9567;19.5888;
443382.821;563120.153;557597.648;-611.5692;-162.8576;-189.9881;
512316.147;544800.307;542584.724;198.7396;225.3080;196.7636;
478371.060;546768.400;543866.525;-434.3681;-539.4115;-591.9824;
503202.354;558343.405;556339.570;245.1719;478.2673;504.9339;
493178.204;542300.977;539626.920;-550.3722;-522.1544;-553.6253;
508810.235;551428.336;549942.402;-220.9186;109.4443;29.6344;
455097.153;544094.006;540514.482;-103.4893;-629.8797;-607.7382;
496716.113;502929.302;501354.307;-489.8161;341.7345;258.0931;
456058.964;533108.772;527255.976;257.0382;424.0511;478.2199;
403374.156;407602.764;397756.363;83.8282;-356.9873;-393.9267;
477653.529;553028.124;549729.769;-377.3742;-796.0320;-800.8247;
386864.336;553777.879;542625.247;-196.9655;16.9935;45.7256;
480735.169;542966.405;539278.134;-875.7386;-226.8831;-248.9625;
503235.269;554271.736;552136.117;-568.7312;-662.3272;-621.2117;
436193.696;542163.082;536094.857;-620.2944;96.8815;1.3237;
494635.320;549496.296;547597.441;-361.5786;38.4449;-21.3425;
