# This file was created for the Modelling and Simulation course, RUG (September-November 2019).
#
# Project: Simulate colliding galaxies, using Barnes-Hut algorithm.
#
# Students:
#     Stefan Evanghelides (s2895323)
#     Hidde Folkertsma (s2759799)
#
#     X         Y         Z         DX        DY        DZ
339075.689;510718.930;510720.543;769.5885;-177.1894;-177.1371;
296896.217;511170.915;511173.540;-50.7046;40.6908;40.6432;
329816.063;786167.509;786162.763;94.4505;112.4800;112.4772;
203025.089;319783.417;319787.614;-6.0215;-42.2578;-42.2568;
267364.112;626005.204;626029.516;257.1100;-162.7094;-162.7353;
376533.876;509625.745;509628.149;474.5180;-404.3687;-404.3784;
372308.801;526853.419;526855.369;1028.6580;205.6556;205.6189;
542890.655;421150.331;421159.110;477.0845;38.3613;38.3562;
356401.907;527566.445;527567.471;478.5651;-83.7695;-83.7427;
361006.689;516496.907;516496.985;85.1696;711.1286;711.1764;
516308.403;387079.241;387075.252;311.3303;64.1503;64.1551;
375551.080;440239.543;440231.777;232.1492;208.9682;208.9292;
360914.074;523988.368;523990.041;459.4144;182.9729;183.0072;
423077.868;532044.341;532042.785;-141.0890;268.2540;268.2546;
386233.659;525543.670;525545.317;-41.8141;300.0603;300.0449;
436687.421;527984.485;527979.343;86.7926;96.5739;96.5641;
342756.932;509008.440;509008.819;205.0758;-503.4639;-503.4700;
330678.350;515388.710;515390.715;-206.1200;-194.8996;-194.8760;
355809.845;548820.465;548815.922;399.5747;565.1088;564.8780;
333977.416;506674.520;506676.459;341.1772;-615.1004;-615.0241;
211393.292;163855.051;163849.492;56.0169;-61.0792;-61.0798;
383578.725;474623.699;474626.011;425.1008;-123.7692;-123.7494;
365116.158;514721.343;514723.305;198.3212;-414.2204;-414.1991;
327225.601;514636.066;514637.396;144.5179;-189.0877;-189.1037;
363360.357;516114.640;516115.118;-746.2837;-76.7823;-76.7977;
316819.279;499602.821;499605.583;-3.3838;409.6674;409.5785;
333193.128;516482.285;516484.277;-116.6912;-36.7328;-36.6785;
255551.633;530268.375;530268.363;317.6861;-136.1444;-136.1548;
379075.146;513570.616;513571.860;496.3431;221.4988;221.4826;
359602.063;510867.079;510868.159;345.2735;-376.0219;-375.9647;
371940.240;520478.111;520477.834;133.5406;80.2629;80.2343;
346860.345;523849.155;523850.126;75.3457;-39.3238;-39.3048;
324878.076;529174.950;529173.377;494.0879;-36.0975;-36.1302;
345424.479;514565.842;514567.926;30.5054;-238.9639;-238.9533;
355871.405;513703.694;513704.810;-500.8490;-368.4016;-368.4342;
344626.909;519736.579;519737.988;428.3272;-351.3898;-351.3824;
346326.648;515341.266;515343.308;57.5383;-237.7560;-237.7760;
343869.367;489305.146;489306.323;-137.7305;231.9425;231.9521;
314409.700;561112.107;561113.512;285.8552;31.0760;31.0652;
361838.293;526308.551;526309.652;-149.8356;-107.1707;-107.1943;
355558.209;516600.652;516602.232;15.2437;-2.9316;-2.9454;
366038.011;505805.474;505806.627;250.1084;272.5406;272.5922;
359044.453;519331.188;519332.879;-958.6913;376.5319;376.6444;
372655.137;524026.150;524028.002;44.8236;-44.6652;-44.6553;
277782.128;513981.943;513978.965;-332.5682;-106.7120;-106.7709;
397789.814;529094.891;529096.081;191.8032;-253.4464;-253.4293;
378738.964;476361.617;476362.584;272.5275;157.8497;157.8330;
379724.484;510739.555;510741.937;-425.1175;-327.4333;-327.4696;
610089.006;487849.932;487853.124;718.6630;62.2385;62.2217;
359372.845;499174.505;499176.341;1045.8494;389.6511;389.6396;
254049.583;559495.821;559497.178;411.6420;-91.1420;-91.1225;
355767.231;510725.197;510726.412;-81.1263;331.9638;331.9161;
375148.778;551704.891;551707.146;749.8985;293.6465;293.6978;
366654.445;508668.077;508667.041;-826.9425;350.9559;351.1150;
350286.304;517132.424;517133.872;626.9417;-197.1647;-197.1504;
362246.429;516682.918;516682.931;-280.5425;-191.1667;-191.1458;
275968.063;516044.344;516040.769;-481.7854;-68.9562;-68.9023;
228696.652;530798.768;530798.149;40.2569;138.8993;138.8885;
344755.920;514877.129;514878.030;823.5397;-539.2708;-539.2440;
345036.959;509827.834;509828.624;-188.4042;230.3899;230.3119;
359627.776;514651.818;514652.723;35.8774;288.5871;288.5662;
340966.757;495945.454;495946.988;265.3101;5.0168;5.0183;
349815.100;506268.307;506269.532;28.2944;-282.2296;-282.2339;
343351.949;513761.070;513763.464;71.3080;263.6363;263.6629;
375161.350;505711.506;505713.200;503.2166;477.0388;477.0454;
367179.217;505964.650;505965.172;-380.0829;343.9558;343.9763;
367937.933;502928.294;502929.954;1075.0917;21.5720;21.5286;
327958.085;511238.599;511239.977;108.8358;-365.8334;-365.8101;
344318.034;510729.852;510731.460;-50.1512;123.1240;123.1326;
347434.158;508329.807;508331.218;421.9129;-64.9166;-64.8671;
381002.973;472532.968;472534.927;-329.6558;103.5705;103.5808;
399364.333;513772.575;513774.429;646.9044;-42.8631;-42.8542;
235397.591;560596.152;560597.173;-0.5739;76.4930;76.4803;
346044.935;512845.136;512847.081;581.3851;-94.1084;-94.1066;
293525.485;514593.446;514594.447;950.0875;5.8973;5.8940;
318615.861;603283.034;603272.284;168.5060;68.3484;68.3383;
323312.147;516616.184;516618.560;236.2118;69.7699;69.7699;
338279.264;519212.017;519212.872;-250.5222;108.5416;108.5227;
320265.021;520509.802;520509.421;399.0728;-50.3329;-50.3495;
365818.481;510809.861;510811.630;1078.7620;-47.3967;-47.3656;
350537.181;511263.729;511264.780;327.1987;132.4159;132.4279;
377804.827;463354.399;463356.095;582.2409;198.6760;198.6710;
382143.788;528927.761;528929.470;341.1664;-168.8415;-168.8184;
393947.789;513018.053;513019.414;376.4611;-321.4840;-321.5207;
372201.449;505457.663;505457.356;-465.4600;397.0792;397.1368;
326869.587;519824.927;519829.727;313.9399;834.8709;834.8457;
390273.626;505877.987;505878.809;244.7718;155.5534;155.5077;
355259.159;514244.555;514246.393;1133.5769;-80.0792;-80.0692;
360698.659;518010.048;518011.348;474.0046;-272.0260;-272.0510;
353999.505;556483.698;556485.110;185.3910;-93.8154;-93.8368;
356502.901;513974.946;513975.378;-66.6164;64.2466;64.2671;
372848.371;528598.048;528598.976;460.4519;316.2151;316.1586;
378165.932;510945.234;510947.069;152.3760;-200.8083;-200.7967;
372068.782;514699.263;514700.250;-193.3522;-187.3914;-187.4226;
281458.933;501695.197;501699.499;100.8061;-198.3443;-198.4384;
334370.112;500125.783;500126.405;539.4639;84.5294;84.5706;
358220.312;514726.559;514728.261;1212.4357;170.4116;170.4760;
274807.732;643979.872;643987.481;53.6625;-32.0983;-32.0801;
191091.602;368748.031;368754.968;64.0723;-133.7988;-133.7924;
666544.123;580317.167;580310.920;-214.3966;110.8849;110.8679;
620621.287;519567.163;519566.577;212.3585;254.7774;254.7601;
649077.071;522661.890;522659.459;-910.5703;-194.1974;-194.2027;
648454.389;505747.660;505746.246;-389.8482;85.5097;85.5082;
782928.885;554216.519;554211.973;-189.1940;24.5878;24.5890;
641543.700;512423.505;512422.809;80.2695;281.7140;281.6986;
622175.336;510844.737;510844.954;-818.0769;-27.5141;-27.4881;
659964.780;490915.592;490916.784;228.7023;-41.8065;-41.7849;
633327.577;533844.136;533841.729;-708.8096;529.9355;529.9171;
599959.537;469209.372;469209.083;-395.3849;130.1709;130.1643;
767960.328;616759.122;616763.108;-150.1420;-47.7563;-47.7528;
594989.089;522051.873;522052.318;-694.8600;-174.7377;-174.7261;
646431.719;512518.136;512516.695;399.4792;519.3257;519.2884;
645042.818;523680.314;523678.804;-630.2166;-347.7157;-347.6818;
604600.707;517479.481;517479.452;-108.9197;-359.7238;-359.7640;
654781.486;508223.015;508222.509;-627.9017;-6.7672;-6.7544;
618812.055;581582.939;581574.837;-227.9892;175.7760;175.7362;
651047.180;514686.960;514686.577;-146.1652;-124.8108;-124.8046;
605904.140;566587.185;566581.122;188.5717;-269.4189;-269.3602;
586840.463;359148.320;359159.490;-205.3386;-18.6532;-18.6506;
599945.567;493564.030;493564.193;217.3935;-254.2626;-254.2482;
649080.190;531369.370;531367.157;-230.7754;288.3418;288.2693;
621718.618;386750.070;386753.339;-127.4235;-32.9319;-32.9274;
427526.582;317608.917;317589.276;-199.0377;20.4413;20.4369;
657806.933;519293.463;519292.108;-121.6079;-72.1569;-72.1816;
475235.062;653087.242;653074.627;-468.2726;87.4356;87.4217;
570877.086;455460.998;455464.187;-364.5372;-85.5428;-85.5406;
813488.187;575261.703;575255.255;70.0412;70.9128;70.9203;
586260.390;519097.639;519095.906;-21.8965;-273.1718;-273.1513;
665182.117;581383.142;581379.035;-107.5205;-69.9214;-69.9098;
610619.888;525811.505;525811.988;-249.0221;199.7097;199.7339;
674366.232;527101.413;527100.530;107.0904;157.7079;157.6725;
635203.986;517594.506;517593.501;-216.1836;-121.7814;-121.7861;
674955.635;639365.271;639358.460;-268.6875;-122.5201;-122.5149;
647095.885;523082.575;523081.141;358.1893;267.4937;267.4916;
574360.952;513637.134;513636.035;-277.1624;-91.7593;-91.7504;
684278.730;508847.638;508846.493;228.1376;136.7068;136.6760;
498423.499;508324.385;508323.734;-405.9185;119.6447;119.6322;
660887.739;526027.416;526023.301;-1053.3936;168.9976;169.0481;
654242.445;506062.850;506061.654;-644.9311;173.9064;173.9397;
669096.192;582939.859;582933.458;50.3102;245.5149;245.4730;
669842.956;526637.732;526634.423;110.3214;2.4080;2.3963;
627030.226;533272.241;533270.848;-365.5460;243.8338;243.8319;
752346.639;612791.538;612775.685;-19.2143;87.9009;87.8867;
620706.078;503094.957;503094.469;-353.8827;676.3322;676.3408;
629647.089;518763.226;518762.704;-45.5574;-290.4771;-290.4776;
621426.938;511845.020;511845.140;71.7411;182.7996;182.8092;
465880.721;412741.152;412754.117;-369.2826;-57.6179;-57.6137;
672785.189;464433.896;464437.131;-350.5301;-88.1449;-88.1388;
640004.023;509417.833;509416.763;-630.6917;-578.6972;-578.7080;
794206.091;452919.846;452922.474;-149.3340;80.2555;80.2462;
755249.835;502560.114;502555.000;-98.8561;-192.8972;-192.8774;
634220.078;528005.360;528004.292;-107.7091;-277.8200;-277.8241;
626322.638;517228.071;517226.803;-375.6790;-408.3021;-408.2984;
611260.136;478783.417;478786.129;-528.0266;-434.0847;-434.0798;
589476.591;436309.717;436313.392;-105.9243;117.4648;117.4659;
643561.152;513555.281;513554.679;-51.3780;464.2217;464.1831;
650255.898;503696.609;503696.235;131.5472;166.0305;166.0159;
651704.854;519305.933;519304.394;317.9063;-368.1759;-368.1433;
643188.950;499966.847;499967.131;79.1366;391.5666;391.5004;
454965.667;224554.011;224544.120;-180.1118;-33.6545;-33.6599;
644795.450;506809.529;506808.305;-22.9177;-295.7084;-295.7276;
642471.611;517553.724;517552.627;723.2068;-674.4199;-674.3537;
650141.048;552163.630;552159.367;303.5085;7.2364;7.2223;
659205.271;523321.572;523319.521;-316.6484;-420.1558;-420.1406;
586848.964;524573.244;524576.517;-963.9949;396.8929;396.9407;
611565.678;569651.878;569645.982;143.9177;236.5584;236.5137;
628048.839;520608.646;520607.228;-83.3582;657.0256;657.0277;
636051.839;518301.708;518300.855;-706.8015;202.7782;202.7565;
697616.710;521921.945;521915.253;-758.5480;111.8110;111.7891;
620550.169;531661.059;531659.697;-209.8016;169.5778;169.5827;
831809.561;440488.463;440491.323;-230.3851;-48.3111;-48.3111;
623004.893;521394.225;521392.999;-534.7124;55.0800;55.0860;
635517.155;508604.794;508603.717;-542.6025;-2.1954;-2.1654;
647764.120;518912.176;518910.842;395.1618;425.7769;425.6850;
636629.849;514329.110;514327.640;-731.9002;-284.4997;-284.4254;
683287.190;549877.406;549872.503;49.0927;-43.8059;-43.8216;
902725.093;536649.531;536644.448;189.6553;-15.0197;-15.0355;
616806.873;522716.783;522715.300;-290.9034;-51.8717;-51.8268;
672470.195;521363.865;521361.336;-61.7050;-80.1262;-80.1076;
627952.650;526078.424;526077.648;-41.8897;-44.1048;-44.0997;
647840.990;508726.148;508726.180;-176.6760;616.9865;616.9615;
629095.679;513878.786;513878.818;-1010.1607;-272.9609;-272.9143;
690619.587;552862.290;552860.816;-150.8474;102.5597;102.5503;
508726.876;267783.103;267785.958;-299.2831;-221.0303;-221.0361;
598322.316;510552.041;510551.739;474.3889;-143.2830;-143.2550;
973543.644;517523.876;517507.450;-0.1938;-34.9111;-34.9207;
668508.197;500164.931;500166.882;162.2475;-358.0281;-358.0092;
624293.519;519682.255;519681.720;41.3740;-166.6739;-166.6571;
705574.105;507739.471;507736.592;-37.3600;-88.0464;-88.0095;
577677.635;565539.568;565533.036;-302.3998;-289.3772;-289.4035;
653968.869;505616.767;505616.411;-268.7801;54.8830;54.8486;
651621.921;538955.429;538952.905;-254.1007;45.8158;45.8273;
625486.215;514862.553;514862.943;534.8122;-118.1864;-118.2212;
952778.090;766140.048;766131.348;103.6195;155.8968;155.8886;
646895.848;518329.255;518327.869;-391.9037;29.0940;29.1210;
640126.204;503807.538;503806.632;-623.2384;256.1992;256.1362;
652818.001;508051.343;508050.470;-459.3514;-229.7011;-229.7275;
664900.734;511482.502;511481.214;-542.3690;100.2206;100.1821;
