# This file was created for the Modelling and Simulation course, RUG (September-November 2019).
#
# Project: Simulate colliding galaxies, using Barnes-Hut algorithm.
#
# Students:
#     Stefan Evanghelides (s2895323)
#     Hidde Folkertsma (s2759799)
#
#     X         Y         Z         DX        DY        DZ
498705.220;527180.538;526967.349;-73.4592;-239.4549;-232.9646;
484460.038;540647.982;540396.547;-865.0661;167.2038;146.7972;
802769.988;587918.332;587348.988;-60.6367;-159.3803;-160.0515;
468698.606;537946.240;536718.448;3.9652;595.3435;621.3131;
459272.691;533705.244;532319.256;-235.4211;-115.0816;-127.3029;
411815.677;962319.909;958198.380;-141.2437;273.9793;270.8739;
314313.554;577762.599;577052.892;258.7386;251.9052;248.0423;
601129.672;908258.163;916207.926;-1.9175;73.7472;83.7880;
306247.317;560354.567;558191.666;-109.9275;-166.4811;-155.8948;
596879.386;603670.144;606765.973;27.6727;56.4997;49.3982;
451240.547;539656.837;538473.134;-658.2135;-237.2829;-257.4111;
479942.618;526222.086;525627.042;-208.3223;484.3049;480.5944;
419389.404;506924.040;503457.801;602.3889;-227.4245;-198.6071;
488395.116;526266.684;525617.066;410.9570;-208.9785;-207.9469;
433324.465;527091.927;525729.118;-232.2366;147.8595;159.7945;
603470.239;654385.225;656791.404;-11.3444;33.4723;10.3659;
474177.384;500692.581;499859.624;-353.1710;-487.9003;-525.9126;
490373.917;540917.284;539819.247;605.4558;-283.0599;-265.8925;
131510.994;624630.308;622981.383;-294.8581;-47.6172;-50.6793;
430782.173;554841.739;552402.898;653.7428;-186.6530;-164.8350;
440288.098;511908.292;510938.751;102.6376;237.1662;232.0307;
471778.053;608407.473;609231.364;264.4105;-5.0881;-8.5738;
494370.330;528645.017;528210.851;-61.6149;252.0391;259.0288;
500970.360;536984.940;536800.576;-120.6124;449.2506;449.2837;
493289.663;510566.048;510054.617;-276.4741;50.3301;35.9108;
516042.677;544204.278;543901.729;-502.1046;341.5771;337.4337;
513870.859;535533.606;534818.991;-718.2915;357.0783;329.0306;
888517.522;139165.932;139142.751;-25.7493;12.3733;12.3181;
567966.502;595127.329;597408.585;81.5869;105.5660;104.5638;
480467.000;534509.842;533853.213;374.1049;290.2950;313.6564;
514028.401;510033.639;509625.213;-379.2608;-264.9277;-243.0614;
673484.109;495625.098;497567.883;355.2685;-88.9096;-98.8107;
487201.915;517712.997;516658.271;-108.6260;98.9919;81.2296;
479130.552;533330.659;533327.255;-1151.7444;-867.0589;-983.8234;
533005.428;537283.722;536995.566;190.9386;-39.3549;-49.6312;
504222.287;537145.762;536960.702;850.9020;413.6084;456.0713;
432953.216;551706.819;550691.882;80.3199;211.3321;209.4005;
485564.987;539583.327;539126.937;-154.9014;-300.8459;-307.0129;
496522.846;390448.020;385282.857;-195.9161;44.8359;44.6299;
483601.461;580003.683;578587.500;-390.9077;-100.6587;-112.3714;
494037.790;533790.886;533518.822;-331.5756;-425.5706;-366.1816;
459732.183;565694.437;568784.104;-258.1454;-92.0150;-64.6774;
501023.664;545674.596;545005.910;901.6326;-275.7981;-217.4494;
414902.685;555982.046;554145.166;-110.4910;-36.2517;-52.2514;
88248.490;595678.022;597795.952;-383.1348;39.4472;38.5306;
447878.697;510435.704;509599.563;223.7832;40.8695;36.9470;
511746.204;457707.859;456247.405;324.3200;-177.9513;-184.6787;
493477.460;494127.751;492401.145;521.1538;-377.3228;-384.5088;
466808.171;547578.002;546871.296;162.3985;764.9574;755.5977;
457501.346;524126.677;523002.411;125.1386;-790.5104;-799.6103;
402017.668;563440.257;559403.059;371.6780;331.0192;333.0692;
600736.972;398346.475;400328.413;161.9245;-422.6504;-429.2688;
502153.251;503855.950;503028.719;567.3579;77.3734;104.7433;
519265.603;518775.092;517941.575;-555.0301;246.8230;245.8716;
489689.414;519070.995;518395.883;1053.7052;-360.0911;-363.4103;
350158.972;539595.710;532558.165;-94.1008;168.9303;178.3701;
549004.206;589724.334;592040.211;-198.9984;319.6516;323.4287;
670211.183;633571.316;632782.484;-289.4781;-80.8994;-80.8579;
483754.570;513265.445;512927.620;-438.9829;162.6325;131.9603;
117583.620;654752.724;654335.322;113.8061;61.5999;61.4673;
506754.538;488758.509;489994.129;-646.1552;-15.2898;-7.9175;
479415.938;533620.516;532539.276;746.2550;-44.8419;-46.5589;
454888.840;540667.976;539520.786;-164.1683;348.2352;339.0510;
496044.924;531195.330;530443.278;-135.2109;663.8542;684.6591;
484058.736;515793.389;514917.506;2.8998;-770.8855;-776.6922;
461812.804;539857.175;538741.172;-6.8402;543.0436;544.0154;
505048.602;518847.982;517366.894;-240.4206;-337.5971;-351.9714;
429142.806;326051.403;325183.983;-2.1514;122.7379;130.9548;
444556.659;525780.531;523610.014;-721.6670;194.9718;163.6238;
738539.753;474906.468;474013.925;-155.1888;31.9563;29.7855;
625499.389;531438.202;533333.541;774.6217;-264.8259;-250.7503;
478026.481;535581.520;535255.311;-1109.0756;560.1162;540.2125;
442741.404;535928.519;535130.475;-456.4509;-205.8035;-228.0212;
466325.480;491541.352;492537.935;-160.8796;-142.2879;-140.4385;
439711.871;594812.293;593299.476;38.6892;-70.8857;-76.9467;
474998.838;515054.724;514155.708;-315.5019;-296.0260;-323.6848;
489891.076;530990.025;530227.548;-72.7240;-20.4187;-31.2753;
491854.821;445960.850;442621.561;456.2848;-279.3900;-289.6752;
384908.544;588148.085;586846.167;392.1394;-190.0857;-210.2114;
480011.490;535526.850;534355.368;253.0323;-403.1931;-406.2012;
474607.580;536506.312;535970.187;291.5134;-685.9550;-677.4126;
520669.308;498395.090;502597.070;626.1898;235.6059;227.2104;
504343.039;530483.308;529926.757;-324.5295;281.4571;288.1040;
492271.482;533662.989;533030.051;894.3006;329.0600;316.2146;
473832.091;541633.959;540894.602;392.3798;-10.4226;-5.0822;
423291.873;486347.364;485667.601;-129.8183;21.6437;39.3822;
512958.271;514804.668;515262.003;286.8678;-480.0455;-490.6630;
365184.302;303970.186;293547.573;81.4616;-219.3334;-230.1280;
485372.409;526782.074;525913.176;440.0280;-42.6949;-40.7033;
760742.415;632229.183;631177.339;53.0900;-45.0642;-45.7763;
945501.698;640682.461;639574.158;14.4738;-49.6649;-50.6096;
542517.976;432499.296;435649.627;230.1282;-64.9910;-63.7530;
446838.705;502625.771;500325.034;20.5938;-552.8389;-545.6413;
423430.151;509896.304;508888.324;-398.0027;228.5930;226.2305;
45048.154;385927.796;382557.146;-226.1012;-82.0653;-85.4295;
442804.643;567064.615;566205.705;348.9827;261.1130;251.0828;
620437.899;630226.241;632112.912;402.4617;49.2305;59.0114;
510075.962;534793.548;533926.719;298.5960;278.3817;284.2287;
682084.038;503386.729;498984.318;-241.4028;41.8992;43.8527;
500567.305;539530.554;538802.372;-548.4145;-85.3706;-70.2183;
563753.229;511451.585;513131.664;-299.9842;-10.6736;-2.9681;
544368.596;541638.604;538516.023;408.0531;-372.1082;-362.8245;
912313.816;732620.926;730103.050;-0.3346;-19.5420;-20.1571;
508776.101;555665.141;555749.962;-334.8916;-19.9466;-28.9242;
501365.451;537276.651;537055.408;106.2356;502.0553;498.5422;
482370.885;546122.606;545576.842;-335.5887;224.5981;199.1433;
503820.688;538814.606;538166.843;450.6642;595.9269;612.7612;
465909.885;530454.370;529798.437;397.3094;-158.1199;-150.9482;
491642.471;532247.420;532136.625;240.3341;-125.3088;-136.6056;
434726.726;238500.361;236956.548;22.5203;34.3378;33.6576;
491489.251;513606.103;512196.160;1036.3649;-26.7354;-13.1719;
514325.468;581294.691;578598.023;185.4613;-157.3946;-165.1739;
863100.330;436236.464;422957.500;188.2429;-164.1658;-181.1157;
412251.703;432658.578;431359.296;-331.3937;-17.7839;-25.8531;
503186.715;529585.748;529162.367;-402.2408;217.0598;222.8016;
442756.939;525405.927;524400.700;-256.0964;258.9762;252.8007;
496622.000;531001.990;531126.571;-204.2848;-356.8530;-375.1127;
827008.607;905337.663;901636.752;259.5711;91.3346;84.8443;
354420.195;452521.614;453027.719;164.0363;-44.3186;-41.0870;
545822.711;607017.265;604229.320;206.1580;-119.3935;-110.3310;
459360.637;549638.243;548641.720;920.9863;-213.9227;-172.0020;
494142.443;517714.825;517506.689;-552.1513;13.9792;13.2849;
389270.811;345629.688;339716.980;-72.6473;164.7511;156.7997;
477028.162;537550.272;536291.381;500.7843;-353.5167;-338.9661;
488349.242;522947.412;522067.541;30.5169;685.5351;654.3192;
377087.889;611805.676;608283.736;-23.6838;156.1487;196.9014;
490108.026;537431.138;536800.727;114.3025;431.1054;442.6559;
476180.938;513949.554;512827.122;725.7014;227.9175;248.1931;
467294.535;526072.263;524848.196;-29.4140;462.0849;456.5136;
796764.960;482584.332;477052.595;119.1946;-70.5791;-76.4240;
600621.456;513809.392;520975.609;-184.7971;-429.7547;-416.1023;
488606.484;532647.111;532016.413;-164.4254;458.1379;467.3421;
492492.524;523206.882;522097.521;1023.9541;-844.6293;-883.3958;
423827.439;552684.160;552463.367;-221.5943;-32.0806;-17.6010;
490077.383;538993.848;538073.533;325.9416;-379.8401;-366.0281;
554001.358;474740.119;472539.358;266.6785;-48.9667;-52.6417;
478800.359;483126.334;480319.943;119.4131;162.1809;168.9430;
370922.212;615889.010;611452.969;-222.4374;69.0662;44.4379;
487618.282;530671.559;529957.575;-853.0443;-567.6828;-582.1837;
491310.064;528306.493;527657.608;-80.4778;52.1700;46.0858;
487114.649;539636.354;538612.160;-730.2827;-303.9696;-307.5428;
470652.065;542693.024;542039.893;303.7668;-191.3363;-194.5066;
474614.476;537977.567;537268.817;1141.5912;486.5605;514.8537;
507010.860;566406.754;565315.468;-419.6698;75.5457;71.3317;
514525.596;554771.530;554545.566;-186.1619;397.1236;379.1187;
974876.279;627210.308;625716.222;127.4512;-36.2788;-37.2408;
451950.528;533154.710;532581.129;591.3761;-237.3281;-227.9430;
514714.306;502622.173;501880.129;-337.5107;117.9908;130.4317;
661734.304;505422.552;506430.163;46.8254;226.8949;242.6128;
482943.650;539884.529;538577.266;-1015.0006;-351.9541;-353.1274;
501434.759;599485.844;597484.987;-452.2186;-265.3863;-295.7376;
479881.490;513457.130;512348.575;131.1612;-427.4611;-434.2797;
498254.943;544252.353;544035.990;81.9582;477.5413;486.7495;
461836.966;528411.884;527863.947;-717.4992;385.3294;349.5507;
476711.532;532743.980;531811.156;306.6825;411.8703;408.0580;
