# This file was created for the Modelling and Simulation course, RUG (September-November 2019).
#
# Project: Simulate colliding galaxies, using Barnes-Hut algorithm.
#
# Students:
#     Stefan Evanghelides (s2895323)
#     Hidde Folkertsma (s2759799)
#
#     X         Y         Z         DX        DY        DZ
569065.568;525913.142;520192.032;56.2664;-189.8205;-171.2709;
536580.505;533873.951;530408.969;-602.3452;185.8465;158.9600;
477404.997;394615.432;403347.325;-331.2645;-19.7435;-11.5399;
518678.027;568078.804;561743.511;-438.1186;532.2356;421.8507;
551522.158;538525.801;534888.514;186.0300;-8.8902;-35.9935;
600359.984;444241.523;450252.353;-321.5537;-128.6492;-125.9711;
580175.461;936157.028;955958.088;-24.5035;-34.5792;-29.0965;
514654.031;794908.927;800553.370;-107.5053;123.3955;100.2876;
550910.513;591692.389;604061.613;20.5312;-393.7793;-350.3696;
499555.715;547718.348;540814.347;127.4556;-1118.9760;-993.9809;
528993.980;559095.652;554186.680;539.2091;434.4633;303.1666;
529696.460;713683.743;715721.342;-211.1293;-82.3818;-79.7132;
531855.916;551363.141;546018.803;-105.5121;-187.7784;-219.8234;
538958.490;521194.379;525237.625;-618.9463;774.4691;608.3821;
399074.928;364518.570;347567.239;176.4639;-41.5114;12.0258;
493215.357;546346.159;537174.847;-780.3902;-27.8059;-139.9401;
519823.427;559205.740;553901.255;198.7239;-270.4679;-300.8701;
536157.444;469187.837;483754.248;-58.3174;-159.6651;-144.4630;
438647.042;570702.629;554161.020;-257.6138;157.1042;94.7093;
539763.496;520627.879;515922.117;430.5838;247.8265;248.1403;
510582.810;556195.499;549411.566;284.1354;-169.5136;-153.7997;
506865.768;551537.421;546435.153;-638.6387;-478.6256;-548.6190;
541067.132;564940.128;559992.496;-56.8540;52.7294;43.7011;
541431.199;568421.420;563193.927;-33.2206;-306.7529;-347.4424;
510583.246;538966.976;535392.029;286.9778;335.6089;270.9954;
825436.937;184051.188;183709.967;-60.1314;49.8871;49.4865;
664925.672;618209.599;655438.691;126.0273;-52.8757;62.6275;
492998.152;566339.783;561364.903;351.5420;291.2783;231.3527;
526253.905;565213.084;559783.169;393.8401;465.3461;358.4212;
284934.737;513084.610;515457.048;-83.3217;-128.9294;-22.1442;
437257.960;521765.839;519125.860;-0.1911;-60.5523;-45.5437;
316282.157;569882.855;596711.645;-94.8990;-94.7471;-56.3260;
619918.119;656090.120;661361.975;313.0167;197.4221;240.7537;
460886.677;554908.864;547027.177;195.9331;-229.1210;-218.9327;
531829.992;561136.453;555900.235;-15.0505;-549.3841;-472.0152;
508200.206;552205.359;548450.370;-578.7155;589.7581;478.9897;
576382.291;621087.149;619682.580;508.7098;65.1964;96.8554;
539182.374;545468.557;540699.809;176.9022;131.8457;118.6272;
528117.610;540675.593;536448.400;-388.0590;-319.4084;-287.8543;
569904.756;547397.104;541678.486;131.4814;118.2448;127.7112;
533579.346;565244.121;558482.179;88.3647;-100.5963;-117.7525;
524351.383;541888.266;540233.234;728.7619;457.5709;429.3239;
426317.883;603306.567;598639.530;321.2320;-311.2444;-334.7790;
891644.636;446719.119;442345.438;143.8653;63.2156;56.8441;
856652.961;387919.773;375296.184;169.4562;-2.4599;-5.6422;
516134.773;551416.937;546610.211;-113.8451;5.0650;-1.2562;
540702.687;547944.963;543515.215;358.0284;-212.0322;-163.8143;
504160.630;537872.811;535108.638;-728.2199;-289.1252;-298.6601;
522263.558;574589.035;565002.704;-440.3364;838.5092;658.6093;
520616.140;539965.827;536335.688;-3.1890;340.9579;386.0551;
529720.858;560803.219;555802.683;-790.9428;-332.5388;-223.1866;
337353.544;353457.477;334476.538;-224.8279;11.8190;-106.7237;
316317.906;618368.376;606682.934;15.7054;-155.2351;-150.8994;
701682.301;383651.735;405314.138;149.0559;-8.0581;5.7621;
586784.621;624310.991;629087.718;210.4358;-42.4450;45.4088;
365753.305;702103.432;700984.148;228.7416;-12.9529;-14.1718;
531704.276;555403.513;549743.772;-970.8625;148.7309;95.3176;
521937.613;535159.767;531554.009;-113.3490;354.8347;321.7949;
533768.645;525974.176;523670.887;-623.7341;39.0408;59.2613;
538116.001;538960.892;535784.381;-299.8179;691.5083;568.7367;
545158.206;560768.234;556376.654;97.5816;482.6772;440.5652;
517261.815;549098.659;544985.140;-361.8027;4.3239;44.1823;
614065.106;527315.673;525090.057;-242.3567;-80.4720;-124.4302;
450587.660;513588.141;512575.141;-244.6391;349.5667;383.4590;
541530.471;534598.485;531112.327;32.5863;-805.4563;-826.7279;
250603.690;631972.220;584636.634;-197.0455;66.7921;41.0946;
321281.016;543356.223;527928.755;-236.0049;33.0017;-29.6491;
423756.135;606049.719;599937.845;-111.7061;2.6235;21.1577;
549626.501;539288.256;535840.368;74.2032;304.6586;247.7721;
879193.787;434208.859;430115.931;115.2147;-3.6666;-21.6651;
538907.006;547770.985;542753.789;436.0507;34.3489;39.4444;
556400.123;548482.449;544940.315;59.5429;86.0643;92.5936;
470285.924;495015.100;489671.572;371.3652;168.7864;186.6974;
884006.657;368370.781;376092.533;135.2819;27.1761;27.9978;
522210.798;554180.052;549488.773;173.2603;0.0008;38.6378;
503748.453;558181.975;553485.781;-247.2982;276.6622;225.0389;
492291.121;604106.501;597909.895;-533.3855;52.1525;93.2029;
543437.374;571691.519;566178.471;-198.0975;95.0565;8.1916;
527633.408;553589.659;548728.845;-666.1554;495.0927;423.2416;
536799.193;563985.859;559281.275;26.0732;403.3625;363.3957;
332455.699;347145.239;334732.133;85.9462;-2.2750;31.5829;
506012.796;544452.123;541841.057;340.0634;-294.9286;-313.5741;
550515.758;133993.132;117118.064;137.0242;-40.0297;-40.7509;
528622.454;543092.330;539512.707;20.9012;-705.5869;-573.7134;
729029.584;541294.932;540638.634;-114.7056;-71.6099;-70.9514;
819978.353;545017.040;543633.344;-218.8502;-66.2074;-64.3113;
524714.091;508041.198;505404.050;-42.0779;-7.9444;121.6142;
568677.455;536005.935;536293.265;308.0997;623.9728;548.0698;
298873.952;538422.870;522669.791;-110.1711;129.4996;203.8634;
630722.826;463610.219;462790.377;-70.1932;-157.6191;-156.3800;
934123.103;555873.468;554841.173;79.6927;-92.2045;-98.2695;
511005.470;557987.833;553494.754;-48.5893;178.7877;107.2708;
596944.713;520294.972;526152.889;27.8517;-34.7751;0.9216;
539014.319;541874.245;538234.192;336.1900;173.4062;236.7661;
479771.458;555888.417;552679.655;85.3716;527.6329;498.5695;
350474.153;392031.586;406339.614;-143.4584;81.6222;93.8184;
797675.351;645652.355;642888.319;-181.9852;-106.9308;-106.3727;
562283.462;545973.698;540086.047;-173.1555;65.4598;54.0203;
533813.038;528856.297;525080.495;74.6187;-83.7252;30.7679;
480636.620;569543.677;559089.970;-329.3718;-155.6905;-161.5679;
544773.291;527390.760;526589.746;635.0697;181.6053;138.2581;
411642.630;631519.179;624914.477;161.7707;125.0399;150.4432;
489550.254;552940.125;548417.715;246.2629;105.1228;122.1971;
461053.221;346198.087;331203.436;2.4920;121.2452;85.9943;
505410.131;552566.263;551179.984;-277.6212;475.1593;445.8199;
474556.446;453531.469;462753.019;106.6766;287.2597;244.8300;
957821.944;308832.481;317143.101;-28.4622;-16.8213;17.8220;
607462.189;540034.594;535678.555;197.3738;-329.8201;-377.4626;
525896.403;566042.648;560058.375;722.0526;-58.8431;-162.5498;
519151.709;557389.411;552665.605;1055.8163;-476.9967;-415.0777;
531441.681;530231.019;526535.640;84.3645;278.1060;316.9419;
358649.979;539232.542;535462.859;-143.9747;-199.8415;-157.5559;
384610.831;407863.591;423809.784;-132.9181;139.9677;105.8678;
511637.706;520616.953;526365.794;-352.2287;-819.6680;-353.4995;
540801.009;558997.847;553009.548;283.3601;-391.4841;-385.6971;
639938.062;472397.969;471957.803;-214.0635;-54.7894;-91.9638;
505767.150;554776.081;550754.688;-147.8598;-289.0578;-270.7243;
530763.732;550775.039;545290.606;-546.9491;-254.4316;-203.4267;
305411.374;506821.809;521495.957;-39.4640;59.4529;-87.3664;
528345.986;556370.202;550893.646;95.4598;-228.9746;-172.2653;
479870.669;570044.071;562170.532;-169.4621;124.9150;157.0475;
537210.152;548178.552;543114.261;107.7953;553.7292;533.8993;
749375.973;410695.326;414373.819;-153.0177;-7.1316;15.5079;
500630.677;441446.756;483876.610;-339.9459;271.6572;147.6956;
531667.722;547405.839;542558.648;1042.2590;109.1643;1.2218;
522614.571;512982.069;518520.898;654.8025;-620.0138;-409.2850;
511030.559;569184.770;564719.126;-1147.0565;-42.6879;-32.3195;
531280.034;550396.298;543657.920;74.8291;-376.1266;-363.0750;
502214.652;544424.183;541399.485;263.9653;43.0057;-95.1864;
558117.734;514875.745;519466.226;624.7080;-201.4067;-85.7589;
329103.902;529587.940;536161.831;-273.9366;-82.1919;-65.0408;
468153.546;508220.450;504503.042;37.4127;-122.9221;-101.0121;
519122.609;554780.553;552156.265;462.9984;205.7351;169.8810;
513409.560;554136.792;550172.879;659.3284;-97.1115;-95.6348;
508010.151;549751.118;544104.321;558.0898;13.3919;35.1206;
530417.094;546332.181;542453.945;418.7931;179.1670;107.5921;
523947.351;569623.224;563365.747;577.7313;296.7993;283.7711;
495479.248;518564.380;516710.081;745.8688;18.8907;128.1032;
555455.920;546948.746;542445.414;203.4073;-828.6609;-671.1493;
536038.897;568258.109;567089.339;313.8783;-667.1102;-748.3652;
502828.674;282089.765;273862.997;166.1472;-57.7011;-23.9209;
534528.757;552757.738;548251.971;1135.1645;679.6123;491.6779;
450192.489;530288.472;529781.115;159.1691;-131.2143;-109.8703;
519499.081;550591.388;545699.644;499.7018;224.0095;226.8191;
521714.068;547478.135;540643.937;-699.4017;-619.7229;-604.4631;
527084.627;532716.737;529849.317;-201.4403;-691.8929;-507.3779;
502315.165;552974.205;548768.628;141.3826;324.9718;336.8023;
