# This file was created for the Modelling and Simulation course, RUG (September-November 2019).
#
# Project: Simulate colliding galaxies, using Barnes-Hut algorithm.
#
# Students:
#     Stefan Evanghelides (s2895323)
#     Hidde Folkertsma (s2759799)
#
#     X         Y         Z         DX        DY        DZ
460153.441;553442.303;553435.140;383.4237;-136.5638;-136.6420;
492940.938;547140.977;547093.201;-428.1857;-207.4856;-207.2600;
683711.890;878542.837;878530.985;97.1839;-41.0017;-41.0068;
466753.456;541196.828;541139.526;33.8493;640.5230;641.4060;
470288.309;551403.037;551388.297;-394.2662;182.2509;183.5837;
452761.928;560720.289;560767.444;530.3867;262.5231;261.9366;
312380.160;512094.498;512000.136;-85.1343;-292.6310;-293.9438;
282276.118;553838.387;553516.646;-17.2848;262.2077;261.6162;
613053.434;525773.896;525804.823;289.5643;12.2383;11.6341;
496936.349;587823.866;587871.673;-43.3187;608.9391;609.0536;
487109.766;484039.567;483850.977;589.2528;-430.3771;-432.6345;
573253.529;614493.528;614323.381;-247.2530;-83.3553;-82.2012;
464177.161;539588.877;539523.138;-29.1271;133.2962;133.1561;
474539.064;578876.470;578773.593;469.2844;-378.9549;-376.9228;
287409.492;628065.887;628183.931;-448.2709;-63.9494;-64.3048;
412271.217;463445.202;463148.896;3.4034;45.3747;45.1728;
465392.990;543326.052;543349.872;1275.7757;499.8642;500.1038;
413283.970;533005.598;532941.474;-401.9692;-26.4776;-26.6379;
329848.825;546013.563;545913.797;294.2714;-36.8124;-36.2399;
590994.383;640338.582;640361.118;-47.9476;-99.9977;-100.1736;
448259.069;532432.528;532350.592;-542.4783;24.0362;22.5459;
437968.918;607348.763;607446.023;-541.0310;62.3571;62.6901;
445058.849;546773.536;546746.945;-807.8593;371.7766;373.1631;
494538.489;584275.358;584247.513;-186.9266;153.5337;153.9228;
498147.384;529441.078;529472.202;103.6186;-519.0752;-520.3141;
458273.643;552923.265;552921.119;-74.4536;-30.6537;-29.3865;
450066.029;547221.874;547200.570;-257.6052;-333.7362;-335.4773;
444054.466;562751.189;562753.858;-819.0563;175.5171;175.8404;
438104.774;533120.086;533049.113;53.0077;-174.3306;-174.1248;
465548.979;527375.347;527280.117;123.6430;-60.1670;-61.4747;
867769.095;190309.283;190336.355;50.6286;-48.7723;-48.7717;
439300.717;540815.186;540760.686;1156.8625;-712.6359;-713.6983;
465631.105;544872.204;544827.446;1197.4854;89.2998;93.1706;
463072.449;535805.931;535793.942;879.4672;-582.3004;-579.5454;
495521.329;560515.851;560677.296;809.2657;347.2993;347.2065;
437495.679;566707.440;566737.435;-441.4763;10.4552;9.4688;
749512.418;497567.071;497031.147;-336.4818;33.1775;30.0189;
508189.242;525542.763;525513.835;-278.1260;-94.0882;-94.5741;
392742.597;583434.149;583499.352;191.7572;357.1940;357.5704;
485511.651;527666.965;527648.818;-63.7069;-111.0962;-111.9157;
452969.697;543132.429;543074.252;489.1880;-644.2915;-645.0586;
235157.975;444379.519;444188.614;-229.7805;-112.7970;-112.7892;
453794.184;545075.799;545049.413;-580.6454;254.1983;257.2301;
474537.815;577416.075;577507.462;-183.1945;246.0633;244.2829;
467692.155;513521.786;513406.421;-58.3731;781.3541;781.4110;
451422.191;550809.426;550791.013;348.4007;690.0112;693.1939;
402487.861;561169.903;561141.030;-14.7968;-80.9090;-81.3248;
802019.167;160766.219;160788.353;-23.1935;24.2707;24.2677;
448430.937;552733.280;552723.556;-886.3334;309.1591;310.0718;
855955.609;681620.335;680977.808;-34.5356;50.4504;49.4842;
504187.074;409044.558;409030.264;73.4417;82.3440;82.7963;
469410.441;562334.442;562362.076;168.2355;192.0319;195.0607;
446577.896;541058.430;541022.302;-749.8356;-61.5418;-61.3797;
472700.950;554477.320;554453.392;467.3803;594.1652;598.0468;
454076.929;522072.416;522058.140;-1053.8323;-274.0621;-277.7580;
451162.594;531316.065;531347.056;346.6012;-799.2562;-798.7757;
541303.279;528303.540;528191.231;-105.4341;274.1557;274.1333;
441324.743;548447.483;548398.833;171.2831;-817.7789;-818.1115;
803266.039;428322.400;428269.409;-41.5294;-36.2241;-36.0477;
443268.990;523443.976;523316.962;-21.9253;-50.3109;-51.9924;
980417.437;623867.550;623768.061;23.4967;36.6181;36.4170;
449360.818;549302.903;549277.270;-253.5244;-186.1948;-186.4112;
104498.318;424145.588;424006.705;-108.6301;71.1009;71.0371;
3687.342;673501.983;673481.034;-105.1243;48.3849;48.3308;
876783.767;325425.208;325512.417;184.7762;-40.0644;-39.9397;
421261.717;568155.336;568018.288;478.3583;-352.2201;-349.4812;
455671.979;580166.124;580275.872;-841.2651;-290.1035;-293.5165;
464822.471;539671.632;539602.423;43.6244;240.4581;239.4483;
155260.319;245636.410;245021.262;-107.8976;-174.7569;-175.0837;
601877.745;600355.703;600269.997;186.5155;-208.2486;-207.3491;
544660.854;568368.425;568585.833;586.7003;64.9380;66.3374;
454739.522;550025.361;550015.723;-188.2415;-283.4350;-283.2804;
432139.518;489395.012;489223.408;-556.1148;-149.7519;-151.0589;
476738.746;558075.691;558180.283;352.4026;400.5617;402.5441;
380677.365;480953.481;481021.785;328.5980;180.4688;180.8214;
650815.193;520994.411;520925.290;265.0369;-13.7652;-14.0907;
440679.153;450158.351;449756.432;-579.8100;12.2823;12.1233;
480214.270;532627.508;532587.637;291.3293;-354.1378;-355.7921;
589673.790;655559.081;655496.249;-190.2006;-75.0231;-74.7282;
64549.232;726406.299;726524.658;-334.4776;12.9875;12.9821;
479272.737;537420.536;537388.603;-143.5581;-554.7450;-554.6978;
553878.621;511174.590;511093.784;134.9225;46.3076;45.3148;
448296.720;544308.053;544248.446;479.2962;-68.0369;-66.2005;
461798.179;538187.833;538139.764;293.1479;505.8832;507.3837;
448935.407;550359.841;550348.432;-907.5707;576.2513;577.2674;
694240.309;542705.434;542557.719;302.5912;-49.9843;-51.4776;
428310.510;504025.899;503941.144;-457.1872;-2.3737;-4.7945;
453965.016;562175.331;562160.565;-205.6337;-453.6279;-455.0612;
468722.075;576908.033;576917.642;9.9576;-231.6672;-232.5281;
451752.115;539286.049;539254.690;-96.0334;412.1412;413.8046;
423846.629;534560.957;534498.724;429.4642;228.2296;227.5899;
476096.825;546346.588;546343.525;238.0753;355.8554;357.9875;
455171.673;551088.137;551082.303;408.7161;399.8459;399.9654;
481419.401;616457.460;616584.281;472.7563;70.5820;70.7101;
768827.567;591806.118;591662.149;-266.0141;99.6449;99.2678;
456371.704;536186.256;536153.675;1123.7861;-125.2707;-125.2273;
537037.138;452577.684;452496.959;-213.6837;5.0745;5.3416;
625757.771;393890.396;393871.095;-203.6645;1.6767;1.6861;
416397.346;531008.119;530884.984;-518.7573;-467.4317;-468.1705;
423891.767;679934.700;680087.687;-268.4171;-87.3022;-86.7155;
540709.959;585627.598;585742.242;161.8060;-202.7346;-202.8871;
701463.548;597397.751;597351.077;133.0104;40.9174;40.9432;
434063.522;520784.902;520701.440;277.3832;139.8039;140.2485;
441424.566;360623.559;360599.023;-153.6613;90.2768;90.3078;
495869.841;520536.233;520462.083;347.7164;-39.2703;-39.3699;
879467.032;468963.973;468929.792;45.2938;-9.1838;-9.1525;
443227.809;540766.086;540699.698;-487.6600;174.3271;172.0785;
456904.313;531064.240;531014.426;-301.4723;284.4574;284.3712;
472866.593;523738.570;523688.844;-181.4499;-165.3574;-165.7709;
297551.275;413940.089;413809.885;240.9518;133.1493;132.9516;
471059.101;488005.022;487850.401;-19.9761;-256.1601;-257.2626;
302801.432;892028.358;891869.764;-104.1618;108.2543;108.1718;
460079.439;554179.809;554169.134;287.9548;-341.0164;-345.4645;
440673.738;533751.697;533704.860;-535.8336;326.2231;322.9308;
451604.981;532647.243;532557.329;710.3433;208.7502;209.9220;
463807.682;546371.403;546368.976;-1036.0548;508.2114;510.0318;
437770.703;566778.915;566773.493;-153.9774;-124.6097;-124.5545;
406703.518;330451.284;330284.799;-7.9652;-104.7059;-104.6555;
443446.014;567936.305;568088.475;-68.8115;248.0452;247.4175;
420145.786;538466.908;538405.085;240.1085;155.2401;156.6496;
587726.873;607406.003;607506.654;-435.2138;-267.7561;-270.1718;
317710.086;311919.669;311854.064;-226.9096;26.8792;26.8455;
397858.927;997760.886;997752.045;17.2976;113.5056;113.4967;
408301.972;591224.462;591141.552;218.0461;102.2647;101.2678;
543579.251;532660.639;532645.493;-71.0023;283.2248;284.7323;
461686.817;540539.450;540499.103;170.3588;-510.6169;-512.8998;
799621.310;474219.853;474346.207;-152.2333;-158.1538;-154.8924;
604018.781;575964.823;575875.465;33.9916;118.4985;118.4906;
409435.280;523574.020;523474.420;-374.1760;296.7591;296.4349;
439631.383;554119.620;554117.580;632.5984;-304.9407;-305.3890;
445717.875;546499.706;546458.776;670.6363;465.3542;461.9495;
546208.664;537813.005;537935.675;359.3084;-374.2952;-373.9456;
468264.154;530523.965;530438.380;-1218.5419;224.0077;224.2978;
379831.377;567743.846;567624.749;283.1568;-273.4227;-272.9135;
413023.941;521027.508;520973.123;-765.3288;486.7657;486.1619;
474193.374;581738.018;581826.641;152.2662;250.6915;251.3382;
349937.084;283318.517;282948.333;244.8789;81.0621;80.2217;
421480.237;512020.496;511824.161;375.8469;-248.8182;-248.6299;
426292.477;518031.161;517975.047;-364.0949;370.6598;369.4006;
479452.426;492409.726;492331.598;-87.3752;12.6396;11.4247;
595323.454;529873.539;529563.124;-313.8840;-480.5287;-480.5012;
457237.394;542315.029;542259.639;813.2002;52.0485;52.3435;
407741.948;522083.930;522058.945;694.1099;-24.4723;-23.4826;
411979.797;514771.157;514653.303;-335.3694;-213.9897;-211.4550;
500916.935;558560.946;558623.121;-168.7661;-32.5792;-32.4604;
416864.161;530930.598;530786.699;133.2075;90.0352;90.0603;
458460.862;526657.632;526512.585;710.2536;324.2288;324.2543;
437640.331;581312.162;581323.831;520.9153;-615.0237;-615.0670;
474576.562;570906.142;570918.311;-389.2571;-316.4358;-317.6075;
459364.424;550601.493;550599.534;-133.2678;-17.3929;-17.4645;
467727.267;542160.457;542134.283;-684.7272;-449.1899;-451.4466;
457073.957;533162.965;533085.045;331.4294;-109.4579;-111.8083;
461849.017;551552.479;551520.547;-715.5317;740.9701;742.8562;
403595.635;561407.956;561377.389;-439.8768;-251.5537;-253.7672;
496932.533;561218.154;561345.740;42.9000;514.1858;516.7779;
189648.395;148601.536;148475.362;-140.3364;-282.9261;-282.5084;
527232.466;482719.366;482616.019;-413.6611;26.3797;26.7052;
474256.809;546761.803;546787.114;205.7293;-142.9601;-142.6628;
453462.054;549241.678;549210.860;291.4101;-164.0472;-165.2561;
300685.184;626848.523;626970.739;-464.3710;175.2530;175.1446;
448782.505;540841.346;540803.567;-12.9593;613.5294;614.4115;
439870.536;582483.984;582486.221;-631.3287;-2.2575;-3.2477;
461116.857;530169.627;530163.824;-343.0703;-339.8528;-338.9707;
455700.205;536726.963;536703.423;976.8625;-303.7329;-304.1762;
458883.778;544721.823;544711.723;-732.9215;551.9803;553.1506;
452055.619;544709.923;544699.152;730.3521;-445.7189;-448.0870;
393034.566;535860.975;535807.627;-4.0307;-103.9400;-104.0576;
