# This file was created for the Modelling and Simulation course, RUG (September-November 2019).
#
# Project: Simulate colliding galaxies, using Barnes-Hut algorithm.
#
# Students:
#     Stefan Evanghelides (s2895323)
#     Hidde Folkertsma (s2759799)
#
#     X         Y         Z         DX        DY        DZ
478174.929;545658.688;545613.176;257.2642;-86.2785;-86.2100;
452759.467;521364.198;521292.183;-460.3541;165.9731;168.5429;
747842.525;838866.444;838849.133;77.2693;-67.4639;-67.4757;
380341.367;788665.631;789241.785;-108.4128;263.9818;264.5010;
473582.888;538027.740;537925.461;-733.1870;-101.5686;-106.3391;
482650.021;539829.445;539788.166;574.1973;120.9125;125.0391;
514138.318;498397.701;498364.566;280.0480;585.3985;585.9246;
480389.211;660154.224;660301.921;426.2644;-60.1873;-58.1700;
423829.297;540532.483;540551.361;-836.0022;-143.6721;-146.3185;
378483.702;609643.665;609543.783;2.1607;-334.3637;-335.5600;
642356.565;457690.405;457686.233;-80.5090;150.2304;151.9242;
307541.559;458045.215;458470.179;9.2359;26.0991;28.9508;
473828.099;531953.242;531832.317;1023.0510;-95.0136;-93.5635;
445696.857;569531.957;569493.315;144.9350;243.1383;239.2499;
139501.016;606309.442;606159.596;-120.7259;-43.0920;-43.5021;
542716.802;595940.962;595860.340;47.9433;-37.5409;-37.9749;
480424.788;535663.423;535625.704;1214.3337;-526.4680;-532.9996;
539146.636;566873.543;566294.244;-173.7173;-74.4750;-73.8328;
598325.463;619345.067;619341.974;-213.3972;-74.6261;-74.3356;
316750.200;535589.190;534524.855;-135.8077;53.5569;49.5473;
482175.033;544860.506;544804.032;-442.0695;-309.6173;-304.7448;
280416.650;495117.608;494689.713;43.4487;-163.8312;-166.3664;
477454.222;528985.528;528879.311;604.3595;-611.8854;-610.8867;
466714.918;508145.448;508068.301;417.1822;-93.9492;-96.1292;
519686.467;541407.895;541257.181;676.7048;-186.9161;-193.7564;
456584.897;527879.402;527784.314;-177.8647;-490.8484;-491.5879;
472044.849;556179.045;556211.888;16.5533;-170.1667;-169.1317;
477704.008;553521.987;553544.191;-90.7988;158.4267;156.1418;
480969.943;544581.493;544518.377;-368.1095;98.7567;98.6757;
457437.862;550834.428;550785.990;-179.5314;-151.1145;-152.7444;
893906.485;160393.797;160419.800;22.9865;-32.3267;-32.3305;
637877.439;569249.887;568081.580;-279.4268;77.4488;76.6497;
449439.349;527039.567;526919.183;-317.7350;-347.3944;-347.8384;
460817.447;534168.114;534019.657;-297.8631;380.4303;384.6367;
546069.613;524728.252;524817.755;-600.4019;-6.3935;-4.4947;
470786.045;528610.791;528518.373;291.6295;496.5967;496.9292;
278456.393;515354.774;513941.433;-322.0013;-133.6396;-135.7995;
460422.438;535976.725;535937.839;-116.1379;-89.4542;-89.1669;
475505.570;566349.077;566471.685;988.4352;-264.9263;-263.7186;
484696.778;528012.267;527854.507;32.8382;105.2872;106.0742;
468567.917;528498.994;528402.450;-457.7341;-90.7507;-90.1948;
164214.211;403544.306;403397.976;16.7836;-4.6185;-4.5967;
455275.905;539385.516;539386.646;-147.7364;400.6078;406.5291;
384504.709;504436.922;504133.893;-157.7607;77.6585;77.2743;
391528.381;693285.741;693377.201;45.7893;-57.2749;-58.0784;
496231.317;545863.753;545840.393;-537.4160;148.0294;148.2223;
467624.958;514334.237;514132.485;203.7904;168.6274;168.2996;
771926.696;199894.276;199910.427;-62.4632;83.5700;83.5542;
469650.649;529292.047;529179.358;585.3535;-790.5570;-797.5364;
810213.399;709206.279;707909.986;-90.3796;24.0266;23.2231;
408487.333;575739.747;575849.579;-366.0050;25.1041;27.1407;
481484.865;542754.653;542646.355;749.4612;-450.1840;-453.3145;
446555.264;538675.337;538606.745;-118.0437;-69.8498;-69.1765;
509578.118;529606.835;529487.052;-155.9635;-73.8040;-76.7207;
424268.624;428369.495;428212.289;-390.4078;-240.9247;-241.0495;
485189.081;543975.456;544025.212;1161.2750;183.7270;193.5974;
507708.328;534320.655;534260.882;-141.8362;686.4256;682.7852;
462671.924;550448.553;550493.960;160.2857;-736.7420;-739.7250;
697681.357;435716.816;436097.374;-264.1067;56.3937;57.1002;
450750.554;536806.435;536664.340;-693.9667;-99.0689;-96.5620;
976265.893;646670.049;646424.455;-34.1212;25.4115;25.2135;
470562.788;552230.073;552250.631;33.2812;-419.3667;-419.8245;
45998.688;480990.324;480808.709;-52.0070;82.6381;82.5826;
994720.699;304504.207;304675.539;140.1659;-19.2827;-19.1778;
509779.346;567688.253;567545.592;-176.4985;236.5660;234.6816;
400405.832;497370.041;497172.427;146.7769;-385.0892;-389.5472;
456519.849;536965.255;536966.223;-426.2524;-464.6934;-467.9848;
96856.215;136818.226;136010.236;-57.9668;-126.4810;-126.6973;
491522.295;489459.428;489280.624;-53.4397;-29.2692;-28.8461;
393120.977;574406.219;573698.962;234.9521;-41.6263;-42.9996;
471726.659;526115.396;525964.894;-340.4510;-282.0987;-286.2342;
296585.469;567481.327;567435.057;124.0957;117.2759;116.4194;
478818.708;606462.233;605994.747;45.3503;-241.6111;-243.1392;
443512.731;526484.740;526299.054;711.4034;494.4851;496.7617;
779163.364;515582.271;514882.861;132.0362;-14.6293;-16.1442;
347518.814;630587.962;630862.699;340.2739;166.6851;166.9311;
464984.055;499186.767;498962.987;-33.5285;156.4296;155.3870;
481606.992;474368.790;474008.422;231.2221;-223.3488;-224.4720;
489787.302;505803.880;505559.559;-201.3398;-9.7662;-8.3792;
492462.681;580217.675;579998.760;-247.2644;274.5744;273.0806;
472116.154;561129.032;561036.332;55.8633;439.1928;439.0903;
501785.765;553632.006;553710.451;359.3472;309.5633;311.4359;
516426.447;553085.811;553029.690;-56.1963;22.3958;19.8251;
784541.303;505817.432;504831.944;-43.5291;-31.8293;-31.9931;
400379.252;518517.154;518340.895;-235.4117;127.9392;130.8822;
480693.213;559744.126;559730.749;-82.0341;-330.2588;-330.1007;
498701.760;546738.578;546858.453;1012.9475;263.1709;270.1024;
493909.428;545115.804;545022.398;-102.6996;-142.2094;-140.6145;
478831.801;539688.047;539660.414;49.8120;601.4620;602.2198;
468240.519;536980.675;536940.216;-456.9218;-584.4501;-583.4819;
476246.887;529835.028;529734.484;598.6660;708.4861;707.7904;
485378.387;495932.213;495403.491;-356.4824;-416.3998;-416.4218;
439778.544;507412.693;507249.807;358.3645;-682.8710;-686.8560;
469386.020;553026.921;553032.127;44.1435;-180.7909;-182.2115;
417629.272;577092.961;576933.263;175.2490;280.4666;281.4901;
429001.755;518177.662;517984.912;-96.3835;627.7328;627.4902;
449555.290;581724.396;581934.667;281.7579;112.0758;111.5524;
602395.387;601783.768;601718.852;56.3237;363.5478;362.3635;
431527.167;632937.836;632899.020;199.1838;207.0139;206.8858;
731894.067;611232.489;610978.356;-50.5041;-5.3602;-5.7195;
455829.886;524958.033;524853.582;383.1880;616.3381;619.4524;
384333.867;527017.891;526757.425;235.7040;406.8889;406.4403;
457730.778;540950.223;540917.893;345.5527;466.9884;467.9754;
893092.442;464958.349;464947.891;-6.1940;-1.4781;-1.4541;
483890.131;556194.980;556138.405;606.5816;9.0945;6.9222;
460893.253;540622.000;540570.067;771.5698;239.9807;237.9304;
488194.309;523827.883;523661.667;-498.7081;-52.7364;-53.9052;
619463.591;620468.342;620941.632;404.9104;178.4570;177.4055;
479258.157;597309.557;597332.553;4.8197;25.3045;25.6322;
233747.070;956422.789;956208.998;-85.4584;70.6586;70.5885;
459654.132;530005.740;529911.569;-320.8933;4.9305;5.0104;
477416.880;534238.087;534089.709;-665.7297;-111.3218;-113.2340;
487765.820;538487.011;538409.207;131.3531;74.2866;75.0035;
478059.684;523889.602;523764.118;189.9133;716.8047;722.0873;
507076.179;549947.937;549855.019;-101.5885;182.9837;183.4547;
404536.097;269850.953;269445.763;3.6785;-61.8334;-62.3179;
471147.727;557085.570;557169.267;-736.6308;-463.7984;-466.6540;
452198.938;525701.164;525571.699;160.4909;430.3634;431.5661;
189881.377;439711.304;439000.178;-197.9962;-78.5379;-80.1844;
182173.930;362752.660;362637.719;-143.0464;112.0871;112.0012;
535070.072;501131.696;500732.986;-256.2417;-172.5420;-171.2888;
522627.860;576739.552;576758.888;-47.5882;517.5134;514.0888;
468097.077;569431.779;569454.609;564.4948;-151.2213;-150.7091;
589100.095;401263.469;402627.898;-437.4729;19.6815;18.6624;
496537.877;591396.630;591455.938;-326.8249;-173.1149;-173.6297;
514794.826;612367.664;612292.948;113.4018;-253.6765;-253.2148;
441723.248;561456.622;561495.793;366.1989;-184.6750;-187.1844;
475619.516;531347.751;531256.268;-45.0008;-174.2667;-170.6895;
580187.555;348329.759;347407.363;-38.2481;-160.4005;-161.4454;
467981.410;534467.034;534436.525;-1295.4657;147.8625;151.6584;
496337.478;513888.590;513665.363;-380.2598;473.4565;474.5336;
504883.110;492206.657;491598.825;-645.2035;-300.2371;-301.6217;
465347.163;540112.111;540057.822;1060.0989;241.6551;236.9415;
536694.006;420905.393;420409.008;233.6876;349.2056;349.8097;
476024.431;530249.085;530159.785;296.0617;526.3782;531.5266;
442979.212;541730.222;541657.815;-497.9999;432.4870;436.1691;
481694.570;546204.529;546151.338;-50.6184;-778.7508;-772.8918;
264614.446;565162.886;564180.274;-12.6907;310.8350;310.2283;
462475.394;540552.539;540501.601;-161.0195;-65.2972;-62.8936;
435704.695;519838.091;520015.115;-141.0717;-615.3601;-621.0479;
445223.560;524811.412;524852.749;-372.8474;-425.6572;-418.3026;
458987.154;511456.502;511360.925;190.3155;110.4119;109.1586;
534735.450;538124.230;538021.159;-509.4314;-6.6272;-1.9147;
519735.133;512750.512;512537.127;377.3330;162.1717;162.4006;
511474.363;581799.894;582001.815;548.9298;84.1124;85.7572;
452689.400;545892.521;545845.046;-1003.6392;173.2689;175.9372;
444743.060;559720.849;559737.608;149.5058;255.6561;258.7849;
453469.076;556673.198;556657.237;-225.6273;37.0168;37.9533;
490056.069;531297.233;531250.102;104.7887;-138.4200;-143.0876;
441829.688;536848.038;536846.113;428.6774;-620.9810;-627.7239;
523282.570;530177.780;530042.143;-386.4454;386.6607;385.7891;
420518.837;505978.849;505587.315;13.1366;-240.9218;-246.4599;
552873.610;667339.511;667484.003;317.0580;106.6354;107.2651;
472937.434;557477.944;557504.239;91.0826;7.1416;8.2361;
492525.931;542759.083;542689.467;-95.0551;-11.3776;-11.2841;
105812.343;603536.057;603369.733;-22.9558;-112.0180;-112.4521;
463865.021;529993.458;529914.952;648.6809;-9.4349;-8.0091;
541582.295;578155.062;577794.125;-521.1667;303.9732;299.3512;
480728.301;536018.721;535987.334;-463.3007;-833.2031;-837.7195;
451135.406;541786.227;541893.320;-995.6676;-322.7261;-321.8991;
461672.917;548527.767;548495.685;-243.5763;-205.4691;-205.9662;
462387.792;547496.906;547500.212;215.6061;-42.4652;-41.7073;
479138.204;556945.057;556892.048;-347.7575;401.1070;403.6952;
