# This file was created for the Modelling and Simulation course, RUG (September-November 2019).
#
# Project: Simulate colliding galaxies, using Barnes-Hut algorithm.
#
# Students:
#     Stefan Evanghelides (s2895323)
#     Hidde Folkertsma (s2759799)
#
#     X         Y         Z         DX        DY        DZ
226838.533;549359.567;549356.467;248.0778;-89.5337;-89.5364;
407121.754;483832.460;483834.513;-34.5852;183.3818;183.4294;
305202.407;753335.951;753332.006;87.3179;130.1592;130.1560;
206441.830;333215.230;333219.115;-19.3577;-57.3046;-57.3033;
211588.879;658244.787;658270.836;164.3097;-77.9726;-77.9662;
289428.381;513874.433;513875.977;1139.0498;51.1204;51.1474;
305287.787;512493.667;512494.310;1084.4510;-279.1568;-279.2314;
412720.732;420536.361;420545.411;489.7085;-33.1065;-33.1019;
302086.863;508283.891;508285.554;83.4400;-249.4671;-249.4420;
291224.183;483393.791;483396.106;235.8365;-310.5657;-310.5442;
431905.175;387951.165;387947.639;316.9175;-66.3495;-66.3562;
312865.362;420322.233;420327.037;223.4553;-54.5818;-54.6095;
276901.502;513863.988;513865.361;531.0039;-377.4573;-377.4574;
347170.493;477045.830;477046.891;627.7444;-65.0261;-65.0581;
290253.943;536622.073;536622.625;-441.6614;384.1555;384.1555;
260422.545;530632.028;530630.058;556.0351;-442.1825;-442.1318;
319055.806;525952.604;525954.127;334.8759;347.2352;347.2580;
308006.921;520264.127;520265.396;765.8193;255.0434;255.0654;
319387.560;416600.397;416588.306;53.1923;266.6923;266.7478;
312060.935;505119.320;505120.247;-84.7475;180.4713;180.4727;
198546.043;183807.056;183801.733;38.6630;-86.5391;-86.5402;
285714.252;537604.595;537607.322;95.2225;30.7140;30.7207;
299275.609;520468.231;520469.071;-612.5480;-51.3402;-51.3484;
322651.897;518116.902;518118.934;-408.9649;-43.1425;-43.1738;
321113.291;519568.057;519568.663;-606.0921;-316.9842;-316.9752;
375017.053;507494.289;507489.275;15.0769;-205.3495;-205.3637;
319162.060;521102.331;521103.354;94.1431;149.5721;149.5794;
192759.321;560995.298;560997.630;169.1558;-97.9679;-97.9694;
301336.599;514398.885;514400.257;-292.8889;398.9990;398.9887;
286455.462;510977.455;510978.073;-342.3627;-122.2238;-122.2637;
310401.077;513705.809;513707.871;-3.3600;-107.9583;-107.9293;
289982.840;523253.721;523254.901;28.0566;56.2332;56.1980;
287682.793;510052.520;510053.783;1300.7743;-183.9727;-183.9156;
297935.582;516693.968;516695.166;80.5697;183.8656;183.8761;
300382.735;516410.400;516412.336;750.6680;51.8755;51.8844;
302147.174;516879.268;516880.970;-189.9955;-146.2512;-146.2895;
290856.914;514297.937;514298.766;-91.5607;116.0210;116.0388;
363190.081;483933.033;483933.026;-14.1730;-118.3914;-118.3895;
339328.606;495024.737;495026.271;-126.9240;-194.0302;-194.0464;
288092.663;515091.774;515093.395;315.6188;-573.8085;-573.8745;
279759.912;518691.046;518692.258;10.2316;322.1503;322.1645;
274285.857;524386.271;524386.399;350.4381;355.7656;355.7554;
263709.474;510969.732;510970.008;161.1080;260.6258;260.6057;
271238.724;515194.853;515196.489;82.8361;-162.1373;-162.1249;
405268.549;486633.032;486630.481;65.8281;197.2305;197.1837;
282544.882;524707.475;524708.063;433.6822;474.0879;474.0496;
296908.855;547059.300;547059.755;-4.5524;-190.5793;-190.5854;
396071.092;572784.998;572786.702;43.6136;-161.9063;-161.8974;
452675.180;499769.155;499770.347;569.8984;-71.0318;-71.0184;
315397.255;495306.612;495308.686;320.4736;162.9208;162.9448;
187303.509;557315.758;557313.668;70.7090;93.9998;94.0009;
294629.538;508320.622;508322.549;-257.2663;-126.3165;-126.2843;
313877.762;450076.935;450082.602;-85.1229;26.8266;26.8344;
281568.194;521775.609;521775.168;1150.6469;6.0226;6.0270;
304998.476;516945.811;516947.261;-104.6654;199.8607;199.8477;
287361.497;507897.554;507897.859;678.9885;-107.4724;-107.4510;
405488.052;487711.265;487709.395;66.3217;253.3438;253.4067;
337990.513;528360.991;528360.736;-411.4437;-508.3861;-508.3664;
310415.624;524021.702;524023.301;123.1471;94.4444;94.4555;
279835.900;506196.641;506198.426;-27.5881;-132.6757;-132.6189;
292393.826;505793.157;505794.635;66.6244;208.5567;208.5569;
321458.081;530489.442;530490.585;221.1489;191.3485;191.3460;
278193.300;502725.448;502726.768;290.9389;-108.6915;-108.6808;
294400.697;515232.962;515234.064;110.8305;-362.6078;-362.6376;
288187.054;505739.119;505740.179;225.7113;-695.3795;-695.4019;
322743.301;530808.398;530809.867;-143.5703;-268.7464;-268.7504;
316032.699;490427.544;490428.812;-76.2660;121.6294;121.6423;
295512.532;518647.108;518648.191;-521.3475;381.4572;381.4346;
312748.481;523208.859;523210.370;-18.6387;335.5028;335.4681;
293068.420;520606.057;520607.541;-193.8820;-190.1459;-190.1251;
412362.466;491725.987;491724.608;137.6180;-206.0867;-206.0893;
214322.876;518643.465;518644.226;332.8228;9.8768;9.8725;
278163.758;523347.039;523349.049;-559.5580;320.6344;320.6649;
306714.630;506879.520;506881.720;75.5794;57.2538;57.2440;
170082.698;516124.752;516127.475;157.0482;-25.7943;-25.7959;
277965.397;572450.531;572444.496;127.3234;172.5616;172.5357;
267092.463;521962.821;521962.793;459.4729;-217.5941;-217.6059;
272488.736;511320.635;511322.161;18.4894;11.8085;11.8162;
335730.098;505579.574;505581.928;558.8362;56.2197;56.2033;
267610.138;517554.218;517555.180;683.8113;248.7651;248.7868;
299881.131;511357.644;511358.581;421.4446;137.4677;137.4804;
328024.181;545514.480;545514.854;-392.2843;-93.1495;-93.1476;
321452.821;511841.313;511842.702;360.6634;53.5211;53.5054;
306151.361;514400.057;514400.985;738.9413;416.1214;416.0524;
287979.229;519869.493;519870.355;1159.7143;161.4412;161.5053;
372370.078;498468.311;498470.534;81.6409;-402.5095;-402.5179;
305888.997;508887.219;508888.531;-941.0433;233.3436;233.3831;
328092.051;510772.062;510773.526;-11.5474;-110.9676;-110.9553;
290120.524;519106.660;519108.465;-404.6437;1.7817;1.7505;
283185.932;484544.184;484542.997;315.9691;111.2436;111.2457;
281446.776;510577.152;510577.130;138.3909;19.8290;19.8320;
321629.574;510869.172;510870.514;139.1651;232.3416;232.3914;
301272.547;518807.467;518808.865;309.4134;307.4763;307.4771;
268626.642;507839.423;507840.279;407.6009;-62.8605;-62.8902;
388015.501;473503.837;473508.239;-101.9473;409.6821;409.6063;
340647.492;488556.493;488556.512;272.9940;193.0759;193.0673;
352104.126;497961.228;497961.956;263.7847;-43.6093;-43.6128;
261106.256;646595.101;646599.923;46.7162;8.9263;8.9328;
184440.590;412322.345;412327.201;-22.7139;-193.3793;-193.3701;
685925.152;503741.153;503741.086;220.3827;414.5350;414.5195;
698988.471;527705.689;527704.158;417.4126;325.2491;325.2222;
709933.063;524307.691;524305.273;265.6261;136.0319;135.9960;
664461.652;525712.074;525710.251;-221.7421;194.0260;193.9959;
785071.782;540390.804;540386.329;284.1000;41.2069;41.1977;
683481.699;524188.846;524187.622;-304.1285;118.0438;118.0418;
722300.432;527476.788;527475.323;-93.7554;103.0880;103.0816;
642642.909;491855.827;491857.528;431.7454;17.0034;16.9839;
681940.934;528555.911;528554.049;-282.0168;-689.7254;-689.7076;
712027.944;521189.880;521189.162;67.8146;-619.7217;-619.6855;
803319.154;625893.784;625896.015;-112.8222;-20.1644;-20.1567;
679627.936;503647.021;503646.741;450.8028;-556.8430;-556.7984;
690556.532;501167.492;501166.864;-334.0237;-440.4573;-440.4542;
686323.395;517196.194;517195.592;-1059.0485;-17.6147;-17.6310;
670830.032;519639.984;519637.910;-212.6110;-687.6387;-687.5328;
678464.912;511819.117;511818.084;-1297.1901;52.8529;52.8225;
728347.060;485781.439;485780.856;-149.6069;-208.4060;-208.4290;
692518.147;514293.275;514292.231;-140.7703;39.7089;39.6776;
606558.787;576236.559;576229.877;-157.1368;136.1017;136.0740;
639856.422;378384.664;378393.768;-189.2736;-125.9538;-125.9408;
711207.748;560383.002;560379.673;-685.5746;57.6060;57.6075;
684968.588;520027.443;520026.656;-805.3101;-422.2912;-422.2034;
654633.569;400135.878;400137.959;-116.4749;-66.0097;-66.0057;
482844.827;319598.960;319581.569;-207.0780;-34.5515;-34.5635;
689758.835;513765.574;513764.597;-334.3098;-150.9156;-150.9166;
606943.094;606356.446;606349.545;-523.7009;275.6189;275.5905;
699100.415;525671.373;525669.919;-432.1810;-578.6408;-578.5958;
777282.453;544681.204;544674.617;196.3273;189.6505;189.6295;
710080.791;475951.902;475951.638;-53.5777;339.8686;339.8529;
678472.643;553826.940;553823.191;-53.7411;293.6188;293.5822;
708643.905;519068.204;519067.396;-310.2988;98.0032;98.0377;
628338.608;503495.322;503493.841;-77.9445;-2.9693;-2.9849;
685053.591;513300.586;513300.355;-147.8519;49.4686;49.4688;
737889.806;653091.395;653084.019;-198.9484;14.9199;14.9191;
693724.066;531253.190;531251.040;43.1526;230.2445;230.2057;
724089.224;499153.365;499152.669;-42.6512;179.3141;179.3069;
620593.346;558973.681;558968.728;-72.1407;-185.5002;-185.4802;
626913.988;482309.535;482312.463;-602.8634;4.1214;4.1134;
708889.079;503282.467;503284.042;-372.9383;160.1415;160.1641;
655576.800;521614.539;521613.227;-121.0216;182.8847;182.8469;
702693.962;463663.263;463662.675;-397.3834;159.6685;159.6590;
680606.377;517633.481;517633.004;38.5338;515.6770;515.6886;
703682.784;515288.482;515287.999;81.9267;-220.7184;-220.7036;
751508.276;583686.360;583675.854;34.6692;135.8835;135.8585;
738894.218;473158.715;473159.027;-229.7480;-236.6966;-236.6958;
685097.767;509059.370;509059.668;-74.4298;-80.3015;-80.2913;
707839.542;518911.840;518910.456;-72.8722;244.8648;244.8542;
567156.001;438769.290;438778.114;-384.9765;-134.2583;-134.2350;
740752.272;508863.690;508863.163;-90.2656;-213.9719;-213.9527;
690167.387;523583.754;523582.203;-443.7829;-392.0910;-392.0400;
820159.176;440527.843;440532.259;-37.0007;3.4389;3.4356;
646218.914;498505.826;498506.868;313.3790;629.4593;629.4591;
673405.150;519633.187;519631.839;-296.2253;-458.4783;-458.4609;
693130.652;515176.681;515175.659;-133.8111;487.1496;487.0948;
732040.540;575667.941;575659.208;-116.2847;-17.6167;-17.6303;
620263.834;414929.547;414932.426;-122.1213;47.4535;47.4576;
672063.573;522084.906;522083.750;-417.2504;-333.0624;-333.0448;
707771.439;514722.597;514721.873;-48.0990;271.5172;271.4916;
662605.517;512212.680;512211.833;-691.5825;143.0302;143.0259;
686954.679;527687.169;527686.530;-381.5405;47.8719;47.8871;
504162.407;237935.270;237927.029;-182.0381;-64.9075;-64.9141;
681630.049;512065.714;512065.626;-424.7038;561.7561;561.6971;
688976.698;525570.586;525569.683;995.0092;-21.3015;-21.2890;
722192.448;514434.655;514433.262;-318.5910;-405.9752;-405.9705;
678842.740;506383.837;506383.643;235.3559;319.6191;319.5791;
784285.489;549808.655;549806.848;-284.9116;-169.9471;-169.9412;
753464.242;498157.664;498155.524;-656.3881;-173.3159;-173.3049;
688137.386;492704.492;492703.847;101.5936;-260.1195;-260.1133;
689622.594;512353.560;512352.682;-371.2041;40.1236;40.1186;
740494.126;501615.335;501618.767;462.9314;-16.9237;-16.9048;
699666.178;520433.166;520432.199;-203.7260;-227.5414;-227.5369;
861234.987;464399.609;464401.878;22.6621;-124.8282;-124.8239;
685830.233;519941.287;519940.648;171.0102;248.8081;248.7782;
687723.885;529269.230;529267.575;-36.0697;92.2531;92.2720;
664568.144;499800.235;499799.906;-255.7955;-44.0425;-44.0893;
666829.791;507183.968;507185.133;-516.3036;-80.3968;-80.3907;
681461.619;486822.508;486821.614;-336.2222;301.1292;301.1306;
828014.669;538458.341;538457.579;405.5100;6.8380;6.8228;
685877.811;513115.384;513114.388;78.2114;-257.2924;-257.2697;
644863.165;496113.111;496114.683;-235.2180;39.7441;39.7591;
680083.378;521184.963;521183.832;132.0502;277.1831;277.1601;
688758.315;523545.147;523542.999;-700.0501;38.3549;38.3785;
697794.652;521237.521;521236.594;675.0482;306.9765;306.9742;
609668.024;491255.438;491259.118;113.1798;-16.7332;-16.7536;
588757.468;334653.055;334657.219;-291.7328;-275.7188;-275.7227;
602551.885;556326.089;556321.309;-294.6776;-105.0328;-105.0253;
964517.707;526955.728;526942.397;68.9952;-33.7760;-33.7892;
621671.808;540388.105;540384.685;-70.8166;35.6230;35.6046;
693368.958;508146.022;508146.199;-450.8454;119.5064;119.4978;
608655.162;490085.060;490085.291;-53.5766;187.3242;187.3600;
705305.442;554962.120;554960.170;-435.1464;504.9037;504.9066;
639306.935;533203.985;533203.440;142.4347;13.2367;13.2344;
691260.752;512837.470;512836.918;797.9515;-65.8179;-65.7759;
679066.629;531180.881;531180.332;-548.3795;509.2078;509.1726;
922444.875;722301.489;722295.062;121.2368;168.4975;168.4889;
690669.364;520835.366;520834.837;-59.3356;65.8131;65.7779;
679146.323;529698.438;529698.072;276.5553;435.6617;435.6070;
690419.862;511641.819;511641.445;-726.1221;-259.2851;-259.2548;
653384.262;527797.156;527795.081;47.7413;-23.6932;-23.7163;
