# This file was created for the Modelling and Simulation course, RUG (September-November 2019).
#
# Project: Simulate colliding galaxies, using Barnes-Hut algorithm.
#
# Students:
#     Stefan Evanghelides (s2895323)
#     Hidde Folkertsma (s2759799)
#
#     X         Y         Z         DX        DY        DZ
434745.412;553531.374;553511.704;204.4696;113.3937;113.6439;
475641.771;555898.848;555944.823;931.5397;110.4479;109.6439;
676358.955;881516.562;881505.079;98.9057;-38.2600;-38.2648;
455501.743;504035.092;503960.215;185.7553;373.0221;372.8918;
432111.889;534428.985;534399.505;212.1708;-110.5746;-110.1167;
460582.470;522136.037;522045.863;-328.7184;-44.7961;-47.3959;
323683.560;535442.706;535444.557;-218.9621;-334.1016;-335.2561;
287025.164;534073.034;533804.280;-114.8810;261.7510;260.9067;
586432.373;526419.833;526461.039;418.5240;-22.3922;-22.3446;
470462.925;531032.700;531029.500;1131.7996;771.9717;774.5468;
437940.241;536969.117;536972.302;320.6057;-1204.1528;-1204.9118;
593008.692;616934.490;616756.371;-259.4763;1.6260;0.7238;
452166.068;544943.859;544906.524;-427.1425;70.0631;70.9265;
439845.437;579660.708;579661.430;361.8745;345.0730;342.0845;
326424.759;630283.108;630425.062;-571.9809;7.8161;7.5525;
412974.003;461794.193;461519.841;-22.1394;-1.4719;-1.8524;
419345.139;530558.031;530398.381;-386.1598;5.2904;3.9043;
480829.127;547789.716;547789.469;-551.8258;-370.5206;-372.4191;
314621.706;548265.660;548127.354;112.7326;-15.5646;-15.1733;
593048.315;646069.688;646100.956;-9.6792;-51.1831;-51.2353;
458972.541;555391.952;555397.946;593.3118;-42.4804;-41.2422;
479184.794;598035.375;598098.516;-533.0900;187.6365;188.1814;
481006.589;528888.095;528861.265;265.8766;14.1561;13.6388;
500149.367;567157.613;567130.230;55.3404;309.9381;309.3993;
449506.453;563195.619;563178.115;1047.6638;-44.1799;-42.4229;
447754.050;529809.987;529787.968;58.1850;-69.3745;-69.2432;
452947.968;535504.023;535459.374;416.0217;289.5071;290.4012;
463502.300;516987.897;516925.606;582.0325;353.7429;354.6940;
471289.845;550105.488;550131.503;-70.8320;11.0745;10.5736;
446817.683;559831.445;559842.598;-77.3819;-43.1395;-41.9696;
863851.448;194015.895;194042.901;53.8765;-50.0768;-50.0757;
400988.745;586010.755;586045.830;231.4994;-470.8927;-471.4630;
422541.449;531153.234;531142.629;-384.3402;233.4631;232.8428;
433720.152;563886.845;563895.183;-243.6855;47.7424;45.3019;
409888.584;519966.009;519697.257;678.9696;358.4464;361.1777;
465530.818;521202.298;521124.258;467.9131;618.8378;619.7305;
773618.109;495234.539;494941.965;-309.0317;29.7095;26.3862;
519654.135;535030.792;535034.973;-34.0766;-145.2772;-145.6337;
389530.004;552102.239;552072.544;-156.3552;454.5696;456.3653;
468364.608;542202.639;542195.765;639.1540;-261.7001;-261.0062;
459121.766;547747.542;547750.142;-231.0767;623.9282;626.5383;
253844.363;453432.972;453242.613;-270.2033;-129.3293;-129.3539;
447612.962;543198.429;543210.288;301.0151;-237.4294;-235.9701;
457105.025;540052.138;540008.539;941.3509;742.4124;747.6378;
467768.826;468780.362;468692.749;23.1471;466.3980;465.8813;
459269.962;523520.993;523492.087;-123.8928;-285.2593;-287.1673;
411054.515;565716.253;565710.763;-208.8336;-36.9808;-37.1556;
803633.390;159171.035;159193.358;-19.7911;18.1779;18.1758;
458157.415;527973.713;527939.114;849.7618;-291.2329;-291.3242;
858327.701;677744.054;677174.412;-28.6442;52.9453;51.9680;
498381.659;403705.896;403657.256;81.1655;59.7560;60.2187;
438052.079;521120.284;521095.248;9.1572;136.2322;136.2167;
451385.131;542531.184;542525.266;899.2535;194.9889;196.6983;
423127.212;523951.399;523929.507;119.6251;-145.6932;-145.3255;
483553.205;567990.658;567956.449;260.6017;-486.0079;-484.9632;
461121.919;577251.843;577168.192;-275.9390;-164.5257;-166.1070;
540213.904;509624.070;509538.185;135.1281;214.6456;214.0759;
471638.252;552190.577;552229.273;-103.0976;688.8758;691.0618;
805819.997;431365.344;431299.144;-26.4305;-44.9327;-44.7551;
455841.461;547382.969;547418.599;-274.3585;-446.7875;-447.0414;
978422.263;621081.520;620997.105;29.8128;37.6936;37.4927;
455526.639;530095.978;530063.829;391.2183;223.7664;225.0636;
112867.765;418883.596;418749.547;-114.6456;69.1763;69.1112;
11944.784;669796.444;669779.598;-115.2364;50.5059;50.4506;
862728.348;328540.263;328618.030;190.1377;-43.0832;-42.9561;
405780.203;577786.471;577669.746;-12.7154;52.8021;50.4113;
513025.112;583679.511;583854.457;-613.2210;120.9399;121.6274;
450255.773;545263.924;545217.317;-425.4696;-66.7832;-66.0328;
163643.276;258982.559;258392.573;-115.9096;-181.2983;-181.6432;
581792.335;619073.850;619029.211;298.3927;-257.6769;-258.7793;
480598.013;557348.578;557380.196;1330.8174;329.1358;333.3789;
450899.767;533452.558;533433.358;217.3591;251.3752;251.6616;
474709.186;512331.156;512291.259;-508.1005;-533.6171;-535.6697;
428494.081;521201.607;521032.246;496.1003;254.0973;254.4078;
360274.017;470832.212;470865.354;221.7161;94.9117;95.4568;
629742.103;522273.077;522228.278;297.8264;-20.6242;-20.9475;
484069.187;453915.825;453547.610;-567.4669;-117.0404;-117.8296;
427668.987;555583.871;555571.425;419.7929;-31.3589;-30.6265;
603427.724;660353.199;660270.424;-175.7190;-52.9166;-52.6827;
89983.441;725229.950;725348.503;-344.0237;18.5226;18.5229;
450891.211;568458.773;568474.483;603.1165;-118.4761;-119.4256;
535207.396;513413.815;513401.092;377.4882;-106.9164;-107.6730;
463234.064;537848.903;537850.675;-111.1177;120.4887;122.0732;
454504.164;549607.187;549605.435;-596.5935;-104.7803;-105.1029;
478316.991;520279.933;520223.392;319.0395;6.4948;6.2609;
669722.412;546473.891;546438.603;354.0785;-50.8074;-52.3057;
464412.141;531013.309;531023.579;-332.0381;-878.6638;-876.3620;
457164.517;542232.035;542219.149;318.0052;1001.5174;1006.0301;
460112.712;560960.148;560992.558;273.3377;819.8380;821.6558;
457571.629;546881.614;546894.274;332.5316;-280.3075;-281.8298;
455830.651;534756.323;534702.167;-1261.6212;-528.2920;-529.4803;
433917.736;538043.769;538027.279;-390.2005;-86.9145;-87.7276;
456809.417;532612.495;532562.396;-196.7422;-328.7892;-330.5974;
444280.853;601126.885;601217.777;494.5715;359.9443;360.8539;
787603.706;584113.867;583998.564;-235.0076;105.3239;104.9377;
460323.234;548312.420;548314.737;-929.2581;421.3524;420.5220;
552499.912;452832.383;452731.845;-198.2977;-11.8439;-11.5833;
640415.333;394354.298;394334.148;-187.0147;-14.0071;-13.9941;
495347.679;553704.779;553795.817;-703.0071;-43.7883;-44.5058;
444516.190;683849.097;683954.812;-279.6767;-16.6257;-15.9560;
524940.618;598482.256;598600.936;258.0047;-137.2196;-137.1736;
690621.302;594097.367;594048.652;157.1456;47.1340;47.1620;
431251.713;533426.368;533356.717;-443.9021;-470.2800;-471.4988;
452950.482;354522.617;354495.486;-153.4414;72.2620;72.3002;
435931.778;551177.021;551176.887;748.7654;-573.8340;-574.8153;
875826.960;469687.389;469650.844;51.9568;-10.1667;-10.1342;
473558.909;543314.886;543286.520;397.6504;-175.1608;-173.6226;
453604.092;554218.013;554217.340;439.3305;-306.5376;-307.4354;
458766.932;550287.569;550274.970;621.7244;-350.6050;-351.2283;
280208.462;404614.949;404499.882;221.6141;115.6838;115.4783;
469852.246;513922.438;513869.242;103.1169;-500.8446;-502.4141;
310694.056;883729.238;883576.908;-106.3460;113.1679;113.0833;
454039.670;528785.620;528681.081;-407.3599;468.2594;468.0258;
466560.773;554032.390;553990.552;687.4054;-162.7314;-164.6255;
445902.282;543929.498;543933.453;-733.0968;-235.0693;-235.8978;
484326.729;520530.309;520429.619;279.8396;119.9008;119.7399;
455445.959;567590.780;567585.598;-285.7567;112.8677;112.7890;
407352.330;338522.642;338352.597;-9.4690;-110.6676;-110.6236;
464410.403;520111.608;519921.198;-132.6844;550.5836;551.4474;
447899.671;532089.092;532028.667;-1018.2869;-158.6733;-162.0329;
613700.654;622337.388;622438.977;-235.7686;-150.9296;-149.4534;
335036.218;310159.350;310095.005;-234.5264;20.1798;20.1812;
396567.799;989189.139;989180.953;17.1269;115.1050;115.0964;
400474.586;574946.047;574935.085;-24.4852;321.4011;320.6094;
534185.627;514322.367;514216.026;331.1856;198.7820;199.6689;
444609.275;554093.863;554087.500;-111.7399;304.6359;306.0444;
809738.817;486343.742;486221.492;-115.3136;-165.3942;-162.0308;
600072.189;566808.275;566718.907;65.0011;129.5523;129.6615;
465855.576;529785.036;529756.634;-776.6477;-708.7229;-709.6421;
448999.995;548225.105;548201.874;-916.7050;547.7121;547.9281;
465971.721;541262.805;541186.178;-39.6323;-452.3012;-455.0348;
510677.942;564562.696;564624.255;630.8408;-331.6139;-330.4942;
520822.758;532501.388;532502.955;-356.2797;-121.2640;-122.7355;
378544.176;582751.217;582653.136;-233.7436;-110.6032;-111.4838;
479109.768;505673.333;505621.018;-833.6943;-104.5636;-104.4496;
449654.721;534850.254;534800.705;314.9498;974.3111;975.3689;
331707.023;277899.485;277594.272;240.6109;63.0977;62.2053;
436395.988;547576.410;547596.728;-1182.6406;-443.2717;-446.4171;
460025.340;529169.841;529112.809;-452.7926;-919.0314;-918.9135;
480890.740;497338.272;497333.968;58.5394;-164.5551;-165.3146;
613417.786;565269.437;565008.478;-159.8505;-467.4273;-468.5288;
456947.471;539100.474;539079.537;-684.5702;72.2657;73.1442;
394033.995;532349.953;532204.197;-263.4443;-228.0326;-226.8043;
466111.750;550602.542;550645.708;-953.6253;-531.3187;-538.1210;
490351.337;554635.539;554649.910;520.4140;125.1017;126.0948;
446191.485;532862.800;532845.882;-1014.3388;-345.5128;-347.5275;
451874.235;554571.961;554559.468;-1018.3459;-216.7114;-214.0157;
405878.031;615772.114;615777.941;361.7452;-352.0871;-351.9346;
483122.442;581401.562;581482.575;71.8271;74.2484;73.6742;
457840.139;539206.518;539171.892;240.8375;213.1757;213.5330;
439394.064;540498.526;540463.487;336.7695;499.2998;500.1189;
460752.804;549710.677;549691.166;-123.4123;472.6767;473.1147;
445554.145;535824.714;535789.417;322.5246;-669.6697;-669.5086;
457223.674;567211.781;567235.840;-932.8629;271.4524;272.3880;
456037.736;522002.817;521871.827;1078.6443;282.0724;283.8302;
200273.186;169987.505;169829.943;-143.0887;-287.5188;-287.0996;
556255.880;482492.412;482366.922;-359.6105;-18.9241;-18.6634;
433046.864;534681.233;534619.542;-48.6912;298.9789;297.4650;
459136.414;534967.601;534921.375;-170.6614;257.0298;257.7932;
336033.066;612918.602;613043.873;-511.4414;203.1479;203.1895;
458838.205;548394.019;548395.414;400.9925;-367.0336;-367.6642;
489094.897;553919.665;553957.673;-284.4166;774.9614;775.5734;
443980.420;553287.585;553321.570;-18.2458;417.4078;416.0597;
408837.106;562079.045;562049.619;352.9048;-287.1369;-286.9041;
446335.725;540976.349;540960.789;427.5268;-408.5619;-410.5616;
462738.096;538285.029;538243.600;-401.5402;409.5643;408.2338;
401935.770;543148.001;543100.782;-239.3728;-86.9361;-86.9682;
