# This file was created for the Modelling and Simulation course, RUG (September-November 2019).
#
# Project: Simulate colliding galaxies, using Barnes-Hut algorithm.
#
# Students:
#     Stefan Evanghelides (s2895323)
#     Hidde Folkertsma (s2759799)
#
#     X         Y         Z         DX        DY        DZ
138050.767;566081.529;566083.694;9.0830;25.6721;25.6663;
185330.710;584324.086;584328.427;124.5864;-211.6792;-211.6978;
248065.907;638775.084;638774.031;75.2007;203.5581;203.5528;
233526.961;394792.156;394794.420;-51.4830;-128.9889;-128.9840;
145069.325;652924.727;652936.365;25.6378;94.4421;94.4728;
217189.799;522005.252;522006.347;356.3269;40.3878;40.3665;
193979.085;516829.801;516830.813;475.9934;11.0828;11.0889;
228637.773;574640.641;574642.775;-115.1002;-44.8916;-44.8883;
240211.282;497407.538;497408.549;-94.7654;-334.1918;-334.1946;
240342.240;469822.894;469824.508;264.9009;0.5176;0.5208;
151965.008;513963.264;513966.002;-28.7709;206.8207;206.8345;
214359.325;547966.726;547969.186;165.5657;239.1579;239.1701;
250010.581;508207.569;508207.583;704.7856;268.7098;268.6955;
198488.215;487714.806;487716.167;-272.6329;245.0504;245.0514;
257494.922;509160.553;509160.577;-70.7498;-266.3156;-266.3148;
169840.397;497863.348;497865.651;328.9619;108.8017;108.7901;
223621.390;512034.417;512036.063;-281.0629;234.7491;234.7665;
233538.028;488752.720;488752.651;66.9509;212.0228;212.0323;
285639.695;358239.225;358231.710;39.9047;-46.3034;-46.3266;
199508.981;494931.120;494932.676;-71.6858;88.6847;88.6827;
188495.276;273910.965;273906.958;-12.9521;-175.2974;-175.3001;
214445.119;502977.418;502979.347;4.1505;180.4158;180.4241;
227229.772;496990.725;496991.213;116.7989;193.9626;193.9600;
227182.723;512517.900;512518.630;-112.7106;-477.2495;-477.2517;
275404.283;492361.837;492361.654;-8.3093;216.4598;216.4466;
202126.430;397172.711;397164.969;-47.4228;91.2054;91.1930;
201882.939;532348.470;532349.985;-160.8830;-170.3552;-170.3710;
171003.337;552477.457;552475.755;-124.7317;124.8910;124.8877;
258559.682;503296.228;503296.980;257.7274;-85.1513;-85.1549;
248780.040;494953.832;494954.029;13.4423;-325.7936;-325.8260;
247398.865;490513.852;490514.251;-132.1326;-6.2151;-6.2163;
225870.956;515208.403;515209.493;-496.6578;234.5046;234.5121;
269742.041;513279.051;513277.513;-640.9170;-11.2121;-11.1842;
221514.719;494082.783;494083.803;86.6390;65.7972;65.8085;
219070.644;518180.969;518181.911;254.5264;-0.2280;-0.2505;
220948.409;518510.145;518511.616;-97.5695;359.1955;359.2082;
221434.986;498844.872;498846.367;495.1945;275.0846;275.0849;
192218.440;443312.446;443315.623;7.4419;136.5233;136.5183;
225415.573;510034.544;510035.064;998.6299;-136.3456;-136.3673;
220558.104;470652.815;470655.045;433.3330;339.2955;339.2782;
234509.217;515056.293;515056.365;-213.9941;289.9922;289.9905;
197056.199;517475.274;517477.716;342.9979;-281.4078;-281.4112;
219937.622;515197.359;515198.159;400.3007;348.0987;348.0947;
254286.511;488211.745;488211.016;-62.3217;-42.6214;-42.6227;
183742.754;589276.768;589276.566;85.7186;-158.9374;-158.9836;
178995.251;503284.747;503286.454;144.4665;255.9997;256.0035;
229332.793;506454.513;506455.554;-24.7609;333.6707;333.6783;
306120.483;616029.720;616030.451;107.9749;49.7269;49.7203;
201294.387;497041.581;497042.785;-577.6516;-158.6333;-158.6465;
235460.401;493485.097;493485.715;10.6750;-125.0235;-125.0332;
168186.795;494873.936;494875.931;185.9039;-120.1615;-120.1707;
238292.242;484487.000;484486.719;-197.4969;-142.5460;-142.5673;
25147.746;587030.387;587032.354;-172.6645;142.3962;142.4043;
213171.496;467989.215;467989.661;-601.8632;-131.9018;-131.8958;
242914.041;485832.412;485832.214;673.8766;-303.5238;-303.5068;
226398.797;523836.741;523837.372;-345.0797;70.0671;70.0859;
269009.345;484941.531;484941.527;-219.6640;144.7371;144.7457;
187117.135;592673.686;592674.029;106.5708;-246.5085;-246.4880;
316740.067;612894.903;612893.932;212.9228;40.8456;40.8518;
226880.387;515139.005;515139.947;-149.6131;-326.5940;-326.6133;
227584.361;503830.332;503829.871;522.9670;-331.7764;-331.7488;
232869.592;499499.494;499500.238;-75.2648;-431.3761;-431.3697;
238384.309;500737.773;500738.553;-46.1073;-55.0308;-55.0404;
227762.937;512091.398;512092.220;368.3389;-332.1903;-332.2017;
231633.847;495345.450;495346.380;631.5717;-155.3449;-155.3506;
254713.224;493648.692;493648.638;-110.0431;-130.1428;-130.1417;
257331.632;499666.723;499666.317;-797.1002;-163.4242;-163.3823;
234297.743;497074.302;497075.110;216.1336;-534.8056;-534.8206;
218736.836;510561.608;510562.553;792.6223;-138.5598;-138.5733;
231275.142;517244.308;517245.642;-152.2592;237.8982;237.9239;
231328.955;506318.483;506319.704;-262.1824;-55.0047;-55.0121;
156956.171;445558.179;445560.132;-31.1414;5.3945;5.3903;
275511.532;476743.735;476743.913;173.4123;149.2187;149.2112;
342257.705;434754.633;434754.795;132.1052;21.2156;21.2178;
241676.530;493791.329;493791.728;-219.4998;-38.0919;-38.1003;
178876.309;520785.547;520788.982;560.5196;-315.1658;-315.1808;
205443.286;515912.973;515913.868;508.7576;-139.6203;-139.6039;
235548.816;477618.046;477619.076;455.4360;53.9600;53.9587;
222291.892;488610.356;488611.390;521.7216;130.3390;130.3360;
263756.828;487343.064;487342.872;16.1939;406.9994;407.0265;
241142.009;485678.733;485679.400;489.8645;-247.0309;-247.0204;
227384.138;497552.812;497553.826;-307.8740;160.5577;160.5734;
247837.177;515063.440;515063.320;-470.1486;-34.3448;-34.3342;
221724.563;509343.504;509344.839;2.8656;125.8710;125.8698;
326770.661;489296.894;489298.456;167.7330;253.2508;253.2677;
275930.991;479287.575;479287.506;275.0806;121.9881;121.9777;
186120.702;479680.646;479682.052;-320.4464;33.1843;33.2071;
229773.439;509955.155;509955.720;21.3893;151.5409;151.5339;
257593.310;486175.830;486176.584;26.0534;164.5299;164.5457;
226737.445;509096.810;509097.243;117.8246;-190.5755;-190.5665;
251567.238;471670.429;471669.793;-8.0189;182.4397;182.4377;
238027.845;489325.440;489326.151;212.5918;134.5859;134.6008;
240747.651;471390.465;471392.328;630.2409;-182.0794;-182.1178;
186726.372;529883.550;529886.210;135.2659;-253.9257;-253.9167;
202957.386;517710.077;517712.785;-21.9377;207.7137;207.7265;
348993.081;369072.025;369078.628;146.3052;0.7375;0.7587;
204061.672;497447.665;497448.611;-114.8987;136.3178;136.3156;
270128.078;475998.446;475997.976;-220.1699;429.1381;429.1647;
238213.455;604005.623;604005.897;25.3781;122.9457;122.9521;
318871.756;482950.220;482951.844;234.1079;93.6805;93.6719;
752581.861;516500.127;516499.468;440.3121;249.1514;249.1204;
708614.099;479969.231;479970.227;-156.9776;-214.8401;-214.8412;
827468.439;531360.767;531358.160;132.4732;95.5967;95.5773;
752122.888;515255.623;515255.479;-196.2150;503.6873;503.6711;
754091.357;509976.753;509976.515;885.0782;559.5616;559.5817;
748300.555;510691.178;510690.709;-40.1336;-558.7862;-558.7425;
772493.572;532564.680;532563.322;-284.4170;416.0370;415.9851;
777337.642;465308.755;465309.668;365.6196;-9.5981;-9.5957;
730515.866;512871.891;512871.341;200.3724;45.9489;45.9374;
703595.593;530345.235;530345.261;148.5523;297.5490;297.5544;
851411.813;614347.853;614343.826;0.9204;57.4419;57.4468;
753073.480;546729.257;546726.690;-620.6969;332.3415;332.2979;
761822.147;515398.974;515398.203;472.4688;582.5836;582.5599;
755776.943;503792.552;503792.149;-612.1875;-34.8963;-34.8781;
698607.944;494952.311;494952.834;-436.3505;-23.2053;-23.2241;
765320.040;501429.048;501429.007;-837.9493;-399.6044;-399.6259;
752293.033;491308.517;491309.901;-361.3027;-579.0536;-578.9390;
747312.914;517247.644;517247.361;-69.0593;154.8927;154.8947;
884232.193;538936.937;538933.701;163.1835;-73.5619;-73.5628;
768605.721;518850.044;518850.237;879.8631;201.8774;201.8257;
823995.037;516615.454;516615.619;-332.2514;277.6927;277.6989;
748081.201;501667.097;501666.433;279.7233;151.5154;151.4795;
754122.966;519245.871;519244.969;-406.9392;-358.5492;-358.4949;
640204.270;388673.983;388670.402;-266.5211;-157.0908;-157.1197;
747594.487;529070.752;529069.999;-83.8736;169.2307;169.2233;
877583.929;383356.054;383356.476;-110.7299;27.0505;27.0490;
683869.030;438400.348;438399.480;11.7945;58.7129;58.7165;
794612.904;489943.313;489943.216;-189.1345;201.3248;201.3214;
816213.427;532125.636;532122.881;273.8884;-19.1837;-19.1915;
874446.327;422211.185;422210.436;-127.6457;-2.0292;-2.0301;
766438.044;500594.314;500594.033;-321.9759;-503.3924;-503.3784;
795314.175;543419.248;543419.231;74.0378;73.2467;73.2425;
721820.490;515828.302;515827.533;-634.6229;-103.3568;-103.3411;
718589.977;491864.632;491864.330;555.3870;53.0564;53.0486;
757649.739;516871.328;516870.208;-688.6954;17.9747;17.9689;
746484.151;515272.167;515271.776;-652.3679;-269.2835;-269.2607;
757911.457;479345.925;479346.654;249.8304;287.5897;287.5883;
748674.460;536543.061;536543.409;-87.7002;449.1739;449.1940;
761071.454;510502.918;510502.453;-433.5168;-276.3099;-276.3263;
751975.787;496057.372;496057.552;568.3125;-70.8916;-70.9191;
783211.807;455912.521;455913.825;-156.2505;23.2906;23.2827;
762032.307;510413.931;510413.527;-589.0002;479.5997;479.5847;
740074.665;482480.679;482481.020;-185.4292;73.3652;73.3666;
726844.299;449165.561;449165.316;-52.0888;6.4901;6.4898;
831959.966;568204.294;568201.323;-76.4925;-186.0637;-186.0479;
774117.671;505186.665;505186.442;-643.1713;196.2683;196.2422;
743836.269;516080.106;516079.589;748.5149;-64.4205;-64.4356;
829619.731;603765.780;603761.433;-37.8937;-62.4169;-62.3862;
732447.964;512536.520;512536.150;-183.2937;250.8358;250.8322;
763332.890;519515.862;519514.965;-209.9604;-117.8217;-117.8156;
689955.165;570676.805;570674.873;-21.8313;-104.6830;-104.6798;
653631.686;353246.107;353246.443;-76.3374;5.8065;5.8128;
754848.136;513431.513;513431.392;476.0732;87.7710;87.7642;
760028.688;502807.300;502807.856;316.4576;-36.5414;-36.5439;
800273.986;550022.213;550020.836;77.1687;188.2295;188.2076;
729973.818;441770.410;441771.190;-179.2639;-154.0668;-154.0608;
763344.995;508940.106;508939.735;-671.5536;298.5880;298.5842;
751482.491;497852.541;497853.213;6.2226;-348.0823;-348.0632;
773020.765;521564.107;521564.592;757.1942;196.7450;196.7643;
764363.898;501524.629;501524.441;-100.5679;-314.2794;-314.2813;
633094.213;313800.944;313798.051;-183.9581;-154.5491;-154.5577;
755057.467;505269.818;505269.233;520.3845;-46.6412;-46.6334;
731459.182;497382.546;497381.613;580.0686;148.5887;148.5644;
762597.308;518423.318;518422.589;540.3098;-233.5848;-233.5751;
763597.134;498515.923;498516.084;13.3332;-105.3152;-105.3314;
718394.935;407037.678;407037.340;-140.1833;138.1280;138.1351;
752680.046;523019.690;523018.586;-279.9769;-816.4312;-816.3891;
737512.865;497658.755;497659.158;-1143.3421;-59.6383;-59.6382;
744224.842;510162.727;510162.309;-417.6433;-53.3932;-53.3938;
744753.602;535869.780;535868.409;253.1459;212.8450;212.8136;
767324.135;529433.765;529433.066;-48.3914;80.9857;80.9909;
588899.102;479123.932;479124.799;36.6851;118.2313;118.2274;
746172.274;502746.199;502746.346;-834.7464;39.8131;39.8186;
748892.144;509995.109;509994.871;-256.4183;80.7712;80.7674;
815999.263;590097.593;590093.260;-301.6822;-120.5300;-120.5493;
757522.388;508663.253;508662.763;-814.9997;-307.5105;-307.4409;
870254.820;456490.381;456491.165;-92.0004;-52.5003;-52.4931;
752492.430;558580.664;558580.110;184.4841;-396.0261;-396.0267;
782833.901;537006.942;537005.352;95.6989;-114.2603;-114.2851;
766415.994;504369.555;504369.035;166.7651;-410.3844;-410.3720;
774097.815;511369.757;511369.843;529.7074;193.6087;193.6207;
748113.969;496641.097;496640.594;-315.5331;69.0129;68.9767;
758238.096;508011.622;508011.387;-638.4728;-27.5357;-27.5376;
748573.936;493782.439;493782.602;242.7933;723.6091;723.5743;
839683.129;591800.240;591798.923;-244.7848;-105.8588;-105.8638;
750086.529;531828.759;531827.649;-829.6045;145.5818;145.5696;
787226.624;529203.232;529203.101;755.3031;178.5739;178.5701;
712266.939;487155.818;487155.221;-72.7498;96.1744;96.1654;
740989.407;527943.019;527941.632;-104.9655;-359.0710;-359.0623;
843788.743;621800.268;621799.420;-193.2484;-41.2849;-41.2969;
864721.754;447769.486;447769.220;-203.2194;102.1849;102.1879;
738142.777;524862.911;524861.480;426.0026;-72.0901;-72.0949;
769315.460;514437.852;514437.390;-181.6882;-311.9457;-311.9637;
749797.502;511157.937;511157.630;170.2479;-531.1387;-531.0690;
801238.857;572609.945;572609.213;250.7230;307.7010;307.7056;
756367.635;517157.704;517156.804;-630.7465;-196.6491;-196.6574;
756603.958;509098.469;509098.266;-492.0175;-41.6704;-41.6209;
790884.850;522688.835;522687.801;-11.0627;87.7700;87.7442;
703683.337;490226.398;490225.962;-73.2401;103.0060;102.9901;
