# This file was created for the Modelling and Simulation course, RUG (September-November 2019).
#
# Project: Simulate colliding galaxies, using Barnes-Hut algorithm.
#
# Students:
#     Stefan Evanghelides (s2895323)
#     Hidde Folkertsma (s2759799)
#
#     X         Y         Z         DX        DY        DZ
474731.907;535891.490;535897.930;55.3723;145.8686;145.9636;
482344.431;565279.018;565286.160;-80.1208;-190.3475;-191.6289;
559315.498;900819.984;900811.523;112.9711;4.4204;4.4193;
306649.154;339893.004;339894.081;100.3448;76.3914;76.3651;
467815.907;545164.371;545172.248;75.2087;-585.5300;-586.9660;
476265.835;552681.708;552678.386;-792.4303;346.1878;346.8812;
795428.395;855268.630;855155.142;-65.3933;180.9529;180.8835;
153946.510;547158.724;547161.469;-315.5143;17.3704;17.2879;
615635.391;384627.705;384672.396;148.3572;140.2792;140.4038;
390216.519;571042.930;570990.344;208.9342;286.3270;286.3002;
357833.047;513566.046;513500.325;-584.8664;15.1264;14.9039;
463235.873;491874.475;491831.494;-332.1116;133.3729;133.6521;
317674.450;580669.402;580607.449;120.2215;-124.0329;-124.0099;
319512.396;398731.920;398683.462;191.0306;193.9298;194.1860;
467353.074;536608.307;536575.314;1240.8831;77.7243;79.1450;
492124.050;545958.294;545965.726;-815.7441;-133.8749;-133.9176;
437361.974;273116.042;273085.856;139.5001;200.9781;200.9652;
513267.553;693450.809;693427.342;-44.8511;-76.9337;-76.9218;
453951.159;539442.975;539448.840;-57.5002;10.8279;11.0917;
483198.120;527490.024;527491.143;-199.1312;-154.3422;-153.9697;
421992.733;492406.694;492414.666;-654.4188;-227.8575;-228.5852;
360165.380;517070.861;517057.694;-236.1944;-26.7108;-26.9456;
476789.850;532570.342;532563.718;806.5421;-123.2145;-123.3677;
419476.825;377529.597;377471.082;220.5845;27.9520;27.8553;
461288.815;533013.489;533010.616;-214.6281;-550.4068;-550.3766;
507349.560;542810.729;542783.619;-247.8316;-44.4325;-44.5553;
452732.857;545754.557;545761.524;-268.4553;101.6190;101.9060;
491114.338;540067.595;540064.734;-739.2212;-184.7208;-185.0753;
424548.048;531330.943;531328.690;131.6386;2.3274;1.3526;
465667.171;527041.182;527030.326;-253.4341;-67.8482;-67.8242;
437351.676;518127.472;518134.836;9.8740;98.4242;97.7776;
428623.779;527547.174;527557.198;-108.5916;54.0297;53.4903;
781846.966;260125.196;260147.338;97.3320;-74.6761;-74.6682;
337990.599;407857.006;407828.956;283.6482;26.5091;26.3003;
416580.030;519223.082;519152.337;412.5043;-87.8835;-88.2345;
484770.957;491129.177;491124.089;323.4412;-223.6777;-224.1067;
311322.929;384140.343;384099.245;99.8970;167.3956;167.5006;
468067.030;529761.290;529756.177;-295.4142;-464.7466;-464.8199;
943012.868;544654.486;544925.529;11.1751;-66.9027;-66.5214;
321277.295;408099.626;408070.131;-131.2887;72.9239;72.8707;
464257.277;549822.252;549829.781;983.2833;-452.7788;-451.1480;
442385.581;444250.922;444252.868;-102.2565;156.5182;156.4841;
727082.859;986942.178;986887.444;-40.6919;152.9596;152.9373;
496699.755;535352.791;535354.331;-1046.8019;-273.3407;-272.7934;
706768.156;687395.321;687378.168;-164.1279;-49.6171;-49.5183;
484080.991;535053.468;535053.058;-209.7438;109.2094;109.6191;
482428.807;504215.532;504203.523;-253.0149;-393.0353;-393.3269;
506423.094;365384.837;365340.240;-18.0811;-120.8856;-120.9707;
498281.758;529133.696;529128.066;423.4843;587.8049;588.5874;
447229.425;546869.839;546863.320;466.0314;-118.4936;-117.8010;
706024.832;894177.301;894102.046;83.0548;171.3689;171.3062;
791995.896;189169.829;189188.433;47.6884;-75.6407;-75.6323;
406494.877;519372.883;519377.841;-293.5710;62.2528;61.0891;
987222.238;533540.484;533400.921;71.0303;-8.1486;-8.2935;
844125.466;590934.594;590907.213;63.6908;97.1659;97.1559;
402352.399;529180.897;529190.537;-247.8814;-378.1926;-378.3403;
457592.773;521951.689;521958.528;-175.9447;62.8286;63.7657;
458007.248;552701.939;552693.920;-786.8908;-31.9998;-31.6663;
437786.564;534212.853;534216.733;-595.6012;-513.1336;-513.6815;
455081.729;531519.186;531516.402;189.2895;553.3133;553.4535;
491870.682;518949.773;518928.392;-80.6579;83.8359;83.9664;
591407.036;666823.297;666852.437;-69.3162;147.5557;147.9349;
481809.568;542182.880;542199.334;-489.8131;-95.4260;-95.2508;
710609.457;532755.846;532590.428;250.0467;-119.9222;-120.0093;
513282.591;499797.355;499709.568;-99.4020;-75.2452;-75.6095;
883662.699;579082.140;579047.064;153.6439;43.6553;43.6573;
457381.715;560118.829;560094.669;360.4915;-382.2052;-382.1690;
291123.036;361696.149;361654.633;-214.1440;20.5610;20.4424;
241558.576;586310.423;586347.044;-360.7219;119.7230;119.7004;
594480.109;417458.983;417417.267;346.2248;-144.5791;-144.7428;
445946.250;532123.746;532125.274;1259.2216;185.7004;188.6766;
497002.472;567530.028;567568.983;16.2956;665.4738;666.0129;
496911.785;544903.561;544935.845;420.5918;201.9307;199.8783;
524319.146;550613.445;550546.063;-984.4059;20.4483;20.8351;
533372.718;572525.362;572536.268;605.3526;189.8837;190.5205;
478246.661;528303.648;528299.119;1609.9732;-105.2038;-104.5594;
491058.822;526425.407;526437.660;806.8417;-211.2780;-211.5702;
474685.585;595107.327;595097.928;256.6993;184.2167;184.2426;
485363.643;544099.088;544103.637;770.7538;-192.9026;-193.0585;
395555.157;543522.338;543505.124;710.2503;-29.3115;-29.5131;
372753.919;548642.738;548625.544;-269.3732;16.1146;15.7484;
478789.378;474097.353;474087.932;-788.1596;211.3924;211.3474;
476287.142;554807.549;554812.752;243.3605;-23.6493;-24.0851;
768461.972;613315.839;613192.118;569.9200;125.9292;125.5024;
679708.034;637071.276;636972.937;14.6408;67.7363;67.6553;
560290.095;554301.058;554275.116;-289.1519;520.0694;520.3103;
464777.935;543183.590;543196.815;557.4111;-127.0204;-127.4926;
549475.336;565082.513;565140.168;953.6285;249.7357;248.5383;
535183.152;557873.040;557834.149;-91.0829;-230.6869;-231.0576;
465351.718;534206.142;534220.333;96.3500;-256.2739;-256.2570;
464343.277;543434.817;543443.349;-30.9746;-327.8862;-328.6021;
467916.481;524886.038;524881.023;-269.1992;192.8575;193.2064;
531391.824;607998.583;608086.115;-193.0505;-178.5966;-178.3166;
22304.876;669391.614;669380.398;-346.5847;136.7356;136.7076;
452233.299;549771.357;549796.096;633.6472;-156.4864;-156.6995;
467973.052;537718.051;537721.066;-566.0487;-106.6994;-106.5723;
438922.205;535549.163;535581.545;-643.2154;550.7614;550.4219;
501060.218;530673.688;530649.242;-690.3471;-171.4079;-172.0545;
452471.818;525767.478;525738.910;-704.1890;698.3832;698.7477;
453560.007;520237.374;520201.228;258.7020;722.7239;724.5790;
466709.392;536316.019;536314.948;390.4492;466.2822;466.1421;
469839.268;468029.853;468005.157;-529.1959;81.9259;82.1768;
988869.339;701272.414;701069.098;261.0424;-6.1836;-6.4040;
865159.867;447036.967;447007.926;64.1587;107.5045;107.4918;
464710.670;533971.205;533976.645;753.5945;180.4398;179.9818;
625474.185;543556.178;543445.974;86.3175;-121.0423;-121.3542;
697284.830;501359.221;501313.607;118.7706;-170.6229;-170.5849;
467362.202;531798.855;531804.445;-1115.8819;318.7791;318.8970;
357848.885;591107.188;591082.210;-277.9634;-300.3951;-300.3764;
590917.319;599567.899;599573.500;86.3681;-225.5347;-225.5360;
357135.508;497132.080;497030.483;-174.0897;-21.6968;-22.1619;
498624.241;641818.046;641715.434;74.3951;36.9183;37.3997;
554322.746;413699.363;413638.502;-20.5857;-165.6956;-165.7430;
453207.029;523398.732;523389.622;778.6452;-3.6598;-4.1476;
763156.947;501031.154;501004.422;161.9233;-44.2504;-44.2490;
496185.024;570045.129;570053.851;-219.8299;314.4796;314.1481;
461918.520;571510.795;571497.197;440.4226;-95.9114;-95.6361;
467908.047;525526.002;525532.653;682.5150;-214.6048;-214.4212;
162202.403;353168.789;353161.049;7.4965;-3.1736;-3.1862;
472860.865;517476.561;517492.056;223.7410;-578.9639;-578.8285;
449007.466;701351.530;701315.403;-155.4734;256.7023;256.5660;
478835.512;566544.310;566534.822;-749.5683;-172.6874;-171.7526;
463881.568;566968.408;566954.831;441.6688;-565.2728;-565.1257;
486685.639;535128.745;535132.325;641.0978;-308.7306;-308.3538;
521869.001;495007.358;495005.404;399.0586;-111.4998;-111.9426;
439742.850;547296.506;547298.257;270.0782;12.1869;12.1663;
483304.427;570871.779;570882.128;-317.0703;-294.7899;-294.6172;
525230.700;509258.254;509239.436;81.2191;96.9222;96.3947;
495163.289;531997.379;531983.179;-505.4272;329.3038;329.1664;
430045.878;466631.263;466551.321;-134.9574;-353.2503;-353.8593;
575920.341;417245.910;417197.070;-104.9014;-279.8482;-279.9209;
381344.403;848158.899;848158.887;8.0303;147.6083;147.6016;
455072.681;527401.797;527403.344;414.4807;-112.5358;-112.5818;
450295.582;544677.299;544700.550;-753.8873;638.6022;639.3892;
470190.961;534757.909;534755.496;209.4068;342.9130;342.3785;
687319.804;616049.219;615850.986;363.7944;-77.8347;-78.9388;
491595.058;603370.309;603389.235;-252.8837;123.6994;123.8165;
454080.935;537464.918;537476.317;-816.9213;430.1762;431.0108;
463759.096;520353.413;520343.159;441.8459;-87.4468;-87.8177;
477879.952;568497.930;568552.931;-381.0990;-57.0885;-57.3444;
229714.525;355573.743;355587.325;-9.1163;182.7749;182.7608;
442447.703;488326.257;488251.496;215.6050;160.7958;161.1405;
484586.372;557596.021;557604.088;-129.1101;826.5879;826.8049;
453805.922;578926.863;578934.714;703.6606;198.9991;198.4455;
463606.945;533510.948;533519.291;-334.8057;-449.2679;-449.9001;
121048.016;312206.308;312205.648;119.6140;-109.8873;-109.8741;
417782.136;499756.897;499718.745;13.9068;74.6043;74.5256;
495422.922;526958.058;526949.350;656.1413;154.2635;154.8599;
476030.448;550062.864;550071.091;-606.6907;262.8569;262.6298;
504161.785;820726.337;820746.740;175.9163;-56.7372;-56.7327;
474996.737;530758.060;530752.859;-165.2841;352.6072;352.9179;
575015.634;567897.502;567823.525;-269.5878;-202.2578;-202.2450;
475250.440;516911.337;516872.081;-519.9309;417.9632;418.9405;
483749.405;530655.703;530643.117;169.6133;5.6196;5.8510;
422347.726;523441.042;523383.219;139.4745;42.0135;41.4585;
475455.118;544142.451;544143.527;234.6190;-418.0779;-417.7546;
437063.006;540270.048;540281.953;-1089.2963;634.0608;635.0348;
489888.404;535984.321;535981.001;-11.5259;208.2464;209.1353;
462371.526;552514.099;552531.430;-351.7281;114.7711;114.7387;
464267.939;526773.051;526771.922;-304.4255;303.2224;302.3151;
473556.864;537250.048;537246.050;-1124.2407;-186.2702;-188.6594;
460613.507;528139.997;528141.253;-692.1388;-743.8389;-745.1650;
499051.169;512036.692;512052.104;552.3572;507.7032;508.1948;
460441.754;595855.922;595886.952;-291.6839;-232.4371;-232.6408;
498486.192;560344.602;560307.867;-968.6913;-70.6963;-69.9443;
640448.024;586506.745;586422.953;168.0657;-100.4816;-100.6975;
461324.244;543636.839;543642.400;-351.3127;-141.5466;-140.9697;
488408.978;522826.348;522833.902;668.0213;493.5963;493.3482;
416761.481;351532.508;351468.160;58.8830;-147.5011;-147.4837;
436953.723;533732.434;533725.062;324.2001;-378.2734;-378.9407;
457362.309;537101.891;537106.592;-490.5726;310.4450;310.4046;
455822.880;531287.486;531288.468;832.6266;556.6061;554.6204;
441500.078;531794.460;531776.256;478.9675;-55.1696;-54.5250;
434335.457;517882.550;517890.098;-50.8516;115.9635;116.0694;
455510.461;523253.928;523264.912;-141.2809;-590.8688;-590.7216;
451733.130;526051.115;526047.448;-157.0509;66.4165;66.1645;
