# This file was created for the Modelling and Simulation course, RUG (September-November 2019).
#
# Project: Simulate colliding galaxies, using Barnes-Hut algorithm.
#
# Students:
#     Stefan Evanghelides (s2895323)
#     Hidde Folkertsma (s2759799)
#
#     X         Y         Z         DX        DY        DZ
442710.903;537389.883;537384.946;-79.5325;25.0200;24.8296;
506676.322;528044.575;527955.349;-135.4898;-301.6015;-303.9993;
631206.497;894699.589;894689.916;107.0487;-22.1547;-22.1578;
384964.749;410315.822;410290.737;143.8441;146.9613;146.8947;
446153.998;550506.271;550518.287;506.7920;433.0600;434.0142;
464818.082;564393.197;564423.895;-712.6261;-180.5932;-182.5491;
740046.587;966980.197;966830.242;-99.1801;175.1959;175.1717;
11512.958;555929.711;555879.290;-142.8317;11.4232;11.3454;
577128.196;552765.757;552688.609;-472.6773;350.1890;350.3267;
428831.037;457937.566;457901.557;-455.5134;-5.5047;-5.4535;
296921.794;547597.198;547579.431;266.8363;53.7709;53.9073;
439676.303;546470.702;546497.072;-1546.8276;118.7898;118.8483;
578907.643;645842.961;645871.125;-153.4423;98.0997;97.9439;
610782.865;600835.260;601026.346;247.4489;98.3449;98.3440;
466360.866;549391.857;549376.970;-349.0572;-175.3639;-175.4823;
423228.145;526923.937;526915.846;-907.6421;-168.3622;-170.8064;
531428.265;477486.834;477396.358;96.1613;503.4674;503.4170;
466239.941;568998.011;568997.370;-146.9651;-500.3113;-500.1429;
455782.375;541728.741;541742.319;-97.4176;330.3945;330.4000;
463371.925;553956.799;553970.075;1203.3919;-148.3004;-147.3635;
546959.920;536539.666;536517.816;-289.0206;-12.1429;-11.5373;
565547.336;614687.061;614610.011;203.9473;181.2681;181.3655;
482027.209;551734.325;551778.559;-642.8601;191.3495;191.1998;
547729.618;455186.444;455107.888;92.7096;237.9752;238.0484;
442630.806;551218.034;551229.599;799.1604;372.5915;374.1062;
436835.059;546391.216;546428.185;-768.0481;-87.4110;-87.2608;
467122.241;510009.571;509972.173;-363.8386;157.4049;157.5237;
479144.009;558016.346;558047.870;308.6308;225.4923;226.8991;
447354.717;543471.673;543464.180;-253.7239;-319.8111;-322.9456;
462963.973;544032.105;544042.137;570.9972;-443.1605;-442.3694;
450403.789;534455.086;534441.320;568.0930;140.0348;139.0712;
435219.738;533826.378;533776.991;99.0006;-25.1562;-25.7472;
836430.647;217519.981;217545.917;71.2478;-57.7366;-57.7328;
422608.434;630309.337;630384.593;-258.3582;197.4813;197.6501;
454840.214;549089.161;549073.138;-804.2899;-191.3122;-195.3374;
441887.821;541782.448;541805.454;-709.6813;-612.2767;-613.8398;
570309.730;589282.583;589357.285;-35.0915;-83.3433;-84.8987;
463888.324;546590.502;546608.368;755.2992;-457.0887;-457.3176;
893076.103;503914.976;504241.173;-193.5179;-51.1653;-51.4807;
359532.489;470684.527;470591.244;209.1376;197.4017;197.2757;
552239.998;596147.164;596100.953;170.6198;-208.2930;-206.7746;
528687.815;531339.745;531270.719;-198.4025;-149.5918;-150.1381;
463407.257;539849.265;539849.546;-415.5319;-366.9538;-368.2999;
515262.454;575979.805;576003.391;-557.1432;-413.5479;-413.7832;
447670.668;527286.595;527256.099;-169.3964;-275.1373;-275.9093;
450217.778;570600.020;570624.723;428.6798;-434.7056;-434.8899;
463429.990;365118.484;365104.660;-7.5664;88.4581;88.6333;
452630.188;561244.291;561241.726;-384.6349;-446.5548;-447.2024;
468910.521;552907.255;552927.925;-477.4054;42.3091;42.0657;
753000.601;985594.872;985477.737;61.0497;100.6741;100.5884;
807565.863;159104.363;159126.573;2.7584;-18.1383;-18.1358;
427767.088;551335.665;551308.289;-863.7891;-9.4462;-11.0833;
863861.827;651403.247;651266.321;-0.5991;69.0598;68.1294;
447957.364;403673.927;403537.652;137.8204;-51.4099;-51.5772;
472573.197;554865.386;554915.644;506.4601;280.5828;283.3243;
460846.152;545120.703;545123.640;56.8309;718.7380;719.1147;
361383.441;495468.253;495440.000;31.8048;34.8395;35.6026;
416900.325;525929.547;525872.050;-44.0759;236.4319;235.2701;
491202.641;525584.686;525586.916;282.9074;272.9605;272.6950;
481320.702;654539.908;654704.371;-238.3568;-233.6924;-233.8065;
444016.259;526187.201;526162.209;145.9962;-349.7695;-349.8408;
799232.825;461170.169;461031.482;56.3949;-89.5902;-89.4562;
441087.282;558940.147;558982.204;180.6360;-135.8364;-137.0847;
956721.495;604779.353;604750.208;73.6057;35.5912;35.5775;
451120.780;550872.998;550889.527;143.0281;17.1226;17.3972;
171075.306;391302.405;391198.535;-153.7448;57.1523;57.0791;
76004.223;644373.613;644381.070;-180.6640;67.3167;67.2622;
772086.106;352064.313;352083.635;226.6872;-66.5934;-66.4536;
504395.334;526040.659;525870.666;-519.6301;7.5154;9.4225;
484402.085;505770.466;505722.271;689.9023;-209.8601;-211.0891;
450970.494;524603.258;524615.608;40.6537;-85.8900;-87.6552;
228479.552;348241.448;347839.860;-187.2491;-234.4091;-235.0034;
423705.038;614120.924;614159.872;330.1324;386.9160;387.1774;
361244.641;439830.119;439625.180;-76.8859;-36.2540;-36.5876;
457478.809;542628.290;542639.844;-528.8585;19.8263;20.2140;
359497.139;585602.206;585581.249;79.2666;173.4099;173.2574;
448725.023;518248.759;518207.981;-71.6557;-232.7477;-233.7566;
391636.374;516609.844;516535.422;-543.6363;-327.7993;-329.1682;
400566.753;548192.843;548143.864;544.0916;-41.8300;-41.3124;
532537.843;607251.240;607233.046;430.1757;-309.9811;-309.1511;
452983.979;547313.141;547320.495;477.0936;-556.2515;-555.8317;
658843.669;665017.233;664889.442;-80.1032;17.3183;17.3189;
255559.047;707791.882;707901.942;-421.8982;69.3197;69.3641;
463784.968;534644.051;534649.406;-34.6139;-237.7457;-237.1363;
891666.885;637104.926;636340.571;386.2628;71.5826;71.3549;
495736.253;506434.867;506383.746;-149.5389;156.3777;156.3886;
454090.914;537635.527;537613.920;213.4010;185.0945;185.8203;
461047.611;549851.950;549875.039;12.1945;332.0769;332.6904;
428801.072;541633.600;541612.409;-50.2513;244.6907;244.7646;
396030.221;508474.795;508370.113;295.6315;298.1701;296.8002;
407669.750;552718.147;552660.879;374.2739;240.3433;240.0994;
471647.407;546971.434;546993.624;77.4901;-180.0843;-180.9137;
455836.204;508693.472;508597.726;89.5059;-314.3182;-314.4007;
436756.815;516876.310;516840.383;9.3181;-451.2936;-451.1892;
453275.486;554660.654;554685.206;1060.0190;-451.0590;-450.1110;
451465.622;531772.786;531721.749;-538.8739;723.3028;725.9053;
494401.390;560747.699;560776.671;-340.1354;91.3398;90.9561;
591942.298;505108.504;505117.632;-197.5321;-229.6207;-229.9707;
857624.115;530771.886;530765.735;-81.7625;139.5094;139.6513;
459634.501;552665.710;552677.327;-315.0657;-194.5362;-195.1729;
617962.182;474524.498;474328.290;-98.8824;-80.5912;-80.4442;
700717.225;417173.262;417145.074;-87.6033;-86.5732;-86.5517;
436195.678;540896.426;540886.119;-695.0703;477.7331;477.5774;
552488.580;579739.526;579713.149;-128.8285;532.0274;531.2702;
404213.376;528049.082;528006.324;-257.3481;470.4373;470.1851;
575565.183;568259.492;568216.768;429.4371;73.1689;73.0419;
368570.095;496702.791;496616.174;-190.5172;143.4512;143.5368;
516038.036;345789.993;345742.392;-126.6286;-33.5312;-33.4862;
433322.349;552473.082;552480.556;249.3866;-193.1907;-192.9514;
843719.945;477397.591;477356.041;92.0298;-27.8503;-27.8966;
450797.483;563745.781;563785.546;-327.0975;90.1377;89.4882;
406022.551;591303.324;591323.848;10.3698;114.5426;114.7298;
457119.418;537017.588;537037.616;-298.3813;-346.9094;-346.4671;
204332.991;369128.208;369102.418;130.7078;58.2628;58.1204;
426499.709;578768.767;578796.686;-186.9563;241.3664;241.3269;
360257.581;827037.613;826925.266;-121.1476;148.7274;148.6277;
466363.148;565774.765;565802.344;-534.9379;118.7894;116.4383;
500482.225;520607.477;520526.436;-368.5233;276.2305;274.5696;
477861.269;555411.683;555413.300;-521.4844;-272.6183;-272.5674;
395050.810;505346.873;505159.184;363.0076;-54.8015;-54.3711;
481223.461;556459.081;556490.747;-250.4394;35.6774;36.0179;
414885.746;396143.316;395967.109;-29.5706;-158.5560;-158.5894;
452610.320;551843.512;551862.641;-299.6649;-835.0713;-832.8575;
473895.019;555606.633;555616.687;-122.2566;-43.1395;-42.2811;
543887.684;618418.486;618471.390;462.7569;210.2467;209.2946;
441742.482;315075.114;315001.259;-252.4253;-50.6108;-50.5927;
389407.231;936654.081;936649.456;15.3424;125.7608;125.7532;
402003.238;542070.858;542036.332;-282.6000;93.8071;93.4992;
405863.596;532381.193;532338.420;683.9199;-329.2797;-329.5744;
487954.297;547067.707;547083.603;-374.6066;158.5126;158.2975;
809541.369;545555.988;544890.403;55.4444;-121.1137;-121.3781;
491529.564;513783.777;513760.524;545.6469;9.2084;9.1636;
446659.959;547122.244;547125.104;-56.1134;650.5094;652.2932;
434103.307;543344.286;543328.836;227.9423;-13.2632;-13.5637;
472497.859;563097.568;563071.899;-944.9153;-415.1483;-413.3105;
281325.381;499012.246;498992.837;214.2555;262.3052;262.2136;
357489.137;480827.153;480745.461;-108.3604;64.3603;65.1385;
423778.482;531195.447;531144.333;1072.5872;-154.2837;-153.6070;
441550.170;582921.905;582993.852;530.4510;342.2772;343.2763;
461200.286;540226.995;540234.738;1163.3409;550.3774;552.9037;
232464.727;267859.482;267863.546;215.6039;-22.7096;-22.7196;
440292.395;534637.041;534653.098;-1381.8526;-116.4057;-117.5390;
512683.148;534543.976;534504.598;-426.3497;-184.9074;-186.4733;
466533.418;510667.443;510610.868;79.1251;219.3149;219.2396;
604297.267;727339.899;727355.198;105.3288;-246.1377;-246.1585;
458082.282;534213.970;534203.784;317.7236;224.5360;225.7802;
527582.904;527824.308;527802.150;737.5043;-35.4583;-36.9904;
472285.874;536824.099;536880.193;-389.0670;16.3440;17.2016;
444192.716;532605.668;532599.386;-341.0912;-189.2257;-189.0614;
458661.368;545935.564;545953.938;192.9690;188.5924;186.8068;
439319.280;547323.815;547307.269;706.9602;-369.3983;-369.1682;
316877.460;665371.157;665416.514;69.1486;20.0282;19.9049;
444858.515;542735.025;542731.924;-732.9171;-293.4565;-295.1372;
443519.382;534880.391;534875.075;23.3602;-387.8901;-388.8947;
462798.922;537349.300;537342.208;202.1528;-51.6297;-50.6726;
448211.845;534792.866;534743.920;911.5262;112.2855;112.9617;
443455.360;526418.331;526391.435;-66.0130;176.8454;177.1636;
502119.744;528303.407;528257.135;329.5332;591.3585;592.4747;
561440.066;491756.409;491741.547;-106.1049;198.7467;198.7655;
270752.366;303703.795;303457.041;-184.9685;-320.3513;-320.8399;
655617.450;515578.196;515404.228;-116.0758;-105.8033;-105.8154;
434309.576;526018.488;525979.106;452.9607;18.4686;20.0880;
452619.570;541322.534;541322.772;-234.7929;507.9102;509.1221;
493489.915;394227.483;394181.464;64.1585;315.0253;314.9841;
468375.980;523142.675;523089.141;584.6694;267.3180;268.3561;
469705.557;516303.315;516252.104;866.3395;91.4822;91.1302;
424950.999;536125.451;536079.968;-211.7323;341.9740;343.5366;
428118.051;606705.961;606775.569;-229.7616;87.9016;87.7626;
457592.343;541622.011;541650.110;1108.0234;495.0550;497.0384;
468771.147;536568.955;536566.391;967.9223;51.8004;54.7109;
431205.898;533921.024;533906.284;-280.6827;-199.1077;-200.0109;
