# This file was created for the Modelling and Simulation course, RUG (September-November 2019).
#
# Project: Simulate colliding galaxies, using Barnes-Hut algorithm.
#
# Students:
#     Stefan Evanghelides (s2895323)
#     Hidde Folkertsma (s2759799)
#
#     X         Y         Z         DX        DY        DZ
457978.226;545161.948;545126.889;79.2529;61.0834;60.9080;
480040.380;567247.343;567340.464;232.0592;-289.4039;-292.7942;
740842.156;844728.594;844712.259;80.0543;-64.2367;-64.2470;
390067.492;764936.120;765465.354;-110.2227;269.5528;270.0890;
453930.908;546531.241;546443.194;98.4664;130.1148;127.7018;
468181.366;546279.292;546257.479;-842.0660;-74.3526;-69.7959;
479675.225;460960.368;460764.741;435.6373;296.6214;298.6809;
442526.988;662576.673;662539.696;421.8768;5.5246;7.6343;
529912.271;543024.617;542787.226;-827.2123;42.6664;46.5343;
382875.115;635181.826;635189.469;-95.3779;-239.9537;-241.1428;
646005.615;445985.468;445833.834;-2.6812;112.9375;114.5195;
310037.560;457885.347;458037.511;-66.3557;-23.2285;-19.9898;
486962.149;551947.352;551885.738;-697.7753;328.5303;332.5375;
492702.562;526046.422;525822.625;-625.4659;192.2228;198.1768;
150471.393;609798.402;609684.249;-127.4225;-35.7761;-36.1696;
535320.045;596483.607;596438.049;118.9759;25.0280;24.6396;
451780.211;555079.868;555004.623;-893.0239;203.9257;203.0372;
535864.381;566414.410;566307.178;286.6495;136.5107;128.9443;
613681.663;621241.513;621302.703;-114.1142;24.7874;23.5669;
332971.362;530837.456;530161.109;-227.2884;53.1811;48.6484;
451800.776;535315.627;535326.107;209.4171;113.0150;116.6052;
278731.452;510704.767;510477.080;-7.9243;-185.4131;-187.4347;
458523.214;559552.081;559633.723;-357.5004;272.8556;275.5551;
439335.090;534598.177;534584.181;86.6956;-471.9433;-470.6162;
423449.498;542432.050;542258.642;654.4034;179.6155;186.4935;
480722.089;546466.739;546415.511;416.6901;454.1502;456.3382;
472137.750;525898.351;525829.478;24.0570;99.1618;98.7121;
461847.956;542772.939;542762.308;-77.8916;-410.1678;-414.9918;
454475.866;546127.194;546071.051;225.7217;-130.3813;-130.4556;
479434.876;533326.363;533209.385;340.6811;-97.8392;-98.3290;
891745.253;163364.384;163390.690;25.6397;-34.4583;-34.4614;
657149.533;561889.853;560841.307;-154.8907;88.1309;86.2920;
494031.265;557254.815;557244.224;90.8632;171.1299;173.7840;
472634.034;560955.459;560947.607;267.9797;-357.9850;-354.6750;
573582.601;530282.502;530101.187;-39.1739;-117.3111;-113.5706;
476302.528;559311.152;559317.980;-581.4948;-257.4767;-259.4202;
312325.670;527841.759;526708.636;-449.8373;-151.1062;-155.4181;
482260.648;550867.358;550819.713;-121.4392;-179.8507;-181.1160;
408605.009;555904.064;555766.082;408.4293;317.7877;320.6012;
459414.781;544791.058;544791.913;262.4972;-389.7259;-391.7764;
461780.522;554412.001;554402.807;157.6997;330.6899;331.7906;
163943.325;404555.639;404404.698;-10.7861;-17.9583;-17.8863;
480821.495;559651.572;559744.722;214.7216;-364.5104;-365.1762;
418280.991;507065.797;506911.953;-605.8112;-157.0573;-159.4974;
388469.305;696355.439;696515.618;22.6421;-11.2097;-11.9444;
470389.364;538598.939;538530.999;953.9980;-157.0810;-158.1339;
450138.162;514299.233;514206.264;159.4591;-130.8295;-132.2384;
777217.301;192797.275;192814.696;-56.4274;75.8670;75.8541;
479197.781;543975.285;543879.962;-223.3690;766.6606;766.8368;
817954.242;706907.205;705683.620;-83.5105;27.6558;26.8256;
450310.058;566245.462;566144.059;-616.2869;257.1411;259.1679;
473904.646;538495.610;538361.291;-767.0658;101.0689;103.1996;
488005.822;548275.271;548213.836;616.5788;-70.1904;-71.1372;
454844.104;550309.494;550227.038;1105.3306;-203.3773;-200.1620;
460615.095;454627.033;454483.142;-428.3161;-365.3232;-365.4970;
423333.781;528302.698;528141.827;15.0319;37.9456;33.3610;
490405.769;487460.091;487383.885;354.7859;331.1938;334.6417;
477993.489;536976.684;536894.189;-13.6158;799.2849;796.8938;
719675.006;431354.221;431667.638;-230.5379;42.0470;42.8430;
505988.541;548237.451;548314.246;-223.9721;-123.2399;-125.8840;
978998.767;644342.298;644114.352;-27.2178;26.9078;26.7093;
473731.911;526579.319;526505.991;-9.4312;193.2954;193.2946;
50926.225;473675.762;473499.065;-58.7951;81.7036;81.6485;
982038.967;306306.446;306468.317;144.8993;-21.2554;-21.1477;
472606.232;529633.455;529588.954;1314.3481;255.5058;262.3936;
402013.759;537523.040;537599.705;-281.1512;-485.5676;-487.2877;
473242.539;538194.355;538190.432;552.0866;179.6074;176.2032;
102209.546;148291.602;147503.255;-62.4272;-131.4387;-131.6640;
492487.569;521968.103;521749.314;205.3961;-767.5605;-770.5169;
389016.503;571724.682;571312.488;-145.9353;108.3387;103.5684;
463044.145;557550.978;557486.535;109.6050;333.5369;336.0243;
287884.875;556063.796;556050.801;68.2351;141.2832;141.4148;
475320.365;620152.568;619905.401;31.0452;-80.1841;-83.1636;
413239.271;498979.893;498811.516;143.1572;154.1867;153.4022;
767411.810;516327.793;515743.987;132.1299;-4.5839;-5.7211;
321460.018;613186.602;613420.389;244.4118;221.5234;222.1698;
470804.243;504437.868;504331.866;-58.1523;-269.7310;-270.7710;
461351.832;499140.475;498907.569;227.7240;-348.9547;-350.8091;
500380.203;519281.081;519051.306;49.1194;-306.5143;-308.8655;
484835.775;531314.746;531355.559;833.0399;689.6615;692.2605;
464935.228;521157.428;521041.085;6.1252;-164.7320;-162.0671;
430785.662;535840.352;535754.462;176.4277;-121.7760;-124.9492;
465677.504;539249.493;539180.138;1203.4191;193.6574;198.1305;
786456.553;509367.153;508421.405;1.0724;-45.4717;-46.1468;
446665.173;515421.315;515158.133;-845.3330;-180.9227;-183.8494;
461474.991;521840.894;521743.517;-79.4611;272.9620;274.4402;
419892.622;532305.999;532207.406;5.5221;-15.1823;-19.9716;
444354.695;539607.205;539591.531;240.0513;62.7188;64.6363;
462156.251;551213.684;551207.305;-612.8802;-587.0471;-591.1661;
463793.585;533655.357;533575.039;42.4695;182.4466;185.0145;
435964.383;527488.715;527360.279;31.2659;-435.1962;-434.4773;
495584.610;556896.584;557076.319;573.3855;-830.9208;-837.9670;
457950.278;575830.720;575905.609;-746.9615;-540.7439;-540.2920;
473717.113;535812.766;535753.642;87.0484;-304.5184;-306.7585;
407418.717;550159.187;549928.219;36.8381;320.3191;320.7650;
449551.791;475428.940;475302.939;-297.6352;363.6560;362.8506;
462541.341;534443.633;534298.909;-1085.0587;750.1826;755.6562;
589444.656;567248.227;567282.727;259.2800;420.9002;419.9769;
415249.642;611598.262;611568.823;161.7494;275.0028;274.9273;
735403.892;611431.930;611210.018;-28.2674;1.0082;0.6442;
450092.116;506401.545;506215.914;-132.3614;-96.2263;-96.6451;
373059.483;491844.672;491643.521;42.0165;369.4579;368.6569;
482512.212;542550.934;542486.752;-52.9156;-608.1083;-612.2833;
893381.852;465137.164;465124.377;-0.2400;-2.5477;-2.5194;
460099.797;527582.555;527463.267;-436.3656;73.2415;75.6794;
471578.874;536912.496;536804.094;-742.7567;-341.0613;-340.7535;
503950.009;544757.040;544765.112;191.8290;-366.8653;-367.7912;
579466.607;603510.105;603950.735;480.1148;206.1008;207.3517;
478433.050;587851.294;587807.768;22.2510;206.2894;207.2730;
241444.328;949967.165;949759.661;-87.5439;74.4801;74.4089;
471319.922;554901.345;554878.357;375.9906;222.0449;222.1358;
449554.022;548812.094;548717.354;41.7966;186.7852;187.4561;
456928.597;552268.440;552273.484;-139.6620;-150.9667;-151.1280;
449851.922;494983.417;494662.994;290.6470;82.5180;82.2816;
499650.473;533871.045;533804.085;302.0725;140.5054;139.6650;
404253.854;275544.810;275182.959;2.6402;-66.1962;-66.6856;
505676.447;558271.073;558172.987;76.2291;366.8202;370.4381;
474912.385;539422.938;539368.695;-392.9113;-760.0317;-761.1054;
209343.022;447272.305;446715.576;-241.1904;-92.5037;-94.3171;
195379.319;353269.650;353161.967;-153.7742;101.1095;101.0311;
539547.910;523731.076;523386.424;161.5542;-329.9265;-332.8428;
471358.339;522578.709;522459.641;1423.9495;161.2821;166.8612;
435075.544;551497.382;551476.306;-51.2764;492.3508;493.3001;
626301.527;401423.682;402843.299;-398.9171;-22.2758;-22.5099;
523537.637;602751.227;602837.239;-280.2497;-91.5572;-91.6793;
500313.535;626060.930;625943.729;206.0693;-60.1241;-59.6417;
458664.896;550554.056;550544.078;-888.2904;583.0649;588.9624;
471376.512;547079.752;547036.057;-101.7677;398.5314;404.6965;
583195.580;363488.693;362667.324;-28.9812;-180.8433;-182.0769;
513873.379;546230.065;546123.460;289.7744;-233.9866;-237.3591;
501367.763;501209.537;500989.694;247.4887;-167.7753;-169.5720;
543362.830;531604.075;531477.972;-214.7719;-537.0455;-544.1949;
474353.608;542307.722;542183.174;-845.5580;-507.5712;-510.0303;
514948.786;392484.715;391950.244;252.3666;291.1895;291.4851;
463733.102;552678.106;552718.736;-598.6758;-517.1839;-519.0378;
500594.973;553425.827;553412.708;397.2735;-489.2628;-488.4051;
468891.871;590434.473;590211.740;188.6174;-298.7499;-298.8877;
271522.896;537007.895;536131.438;-148.1201;318.8280;317.0280;
476323.960;550287.423;550290.274;245.7536;-101.9504;-100.8945;
522362.857;562122.783;561737.048;-801.1704;29.4123;29.1468;
504538.149;561857.570;561970.931;-256.8736;-4.3032;-9.7882;
455989.662;532709.981;532639.208;-254.7455;-600.8415;-600.2206;
556915.906;538140.846;537720.837;-36.2553;-6.9455;-5.5276;
458903.379;522471.205;522351.841;715.8430;-640.9655;-644.7796;
452379.650;541551.049;541413.815;488.0833;953.2381;953.9678;
498265.692;537987.060;537953.994;375.6234;-211.1544;-212.1122;
459205.128;531579.688;531447.895;-514.7197;258.0993;256.8469;
491527.159;530410.628;530320.857;254.2069;-176.9624;-176.9295;
460358.492;553485.908;553478.675;-549.5649;414.5495;412.2390;
494247.952;546032.644;545869.091;-573.9446;572.8245;574.3207;
531801.164;503338.502;503220.250;105.4562;189.0329;190.0788;
443265.666;538730.690;538847.655;-697.7464;-497.9679;-498.8862;
523966.388;656524.232;656610.081;333.0621;138.3569;139.0493;
473767.737;530587.060;530528.809;-31.7631;-116.6062;-116.9225;
445710.020;544019.495;543968.744;216.2347;-57.1991;-57.0818;
110637.856;613169.167;613041.762;-84.8128;-103.5829;-104.0227;
491220.829;555645.198;555651.630;-344.0855;68.7130;70.1285;
558960.784;541776.554;541688.643;98.0693;473.8197;471.9074;
454276.246;537783.155;537721.430;-64.1224;631.3780;629.3649;
525693.632;553188.559;552890.700;-508.2723;6.3256;9.9402;
471464.140;538682.916;538627.350;424.9549;-150.3568;-152.1093;
485270.922;545377.341;545374.444;219.6486;-165.8864;-166.2887;
482469.257;521040.935;520950.571;203.2404;224.5064;223.5085;
