# This file was created for the Modelling and Simulation course, RUG (September-November 2019).
#
# Project: Simulate colliding galaxies, using Barnes-Hut algorithm.
#
# Students:
#     Stefan Evanghelides (s2895323)
#     Hidde Folkertsma (s2759799)
#
#     X         Y         Z         DX        DY        DZ
465870.554;529795.403;529795.942;-36.7533;-45.3027;-45.5238;
458275.560;506578.650;506551.189;541.9684;72.0939;71.2450;
544583.790;899864.827;899856.494;113.6729;10.3459;10.3450;
294061.295;330839.943;330843.940;93.2240;62.9670;62.9482;
466781.721;530141.685;530156.890;254.0270;-734.8516;-734.6274;
458661.626;542305.131;542300.087;-337.1772;-490.2039;-490.5715;
803398.408;831344.904;831240.624;-57.0719;187.2780;187.2057;
198514.312;544725.109;544738.419;-373.3536;20.2409;20.1615;
592970.852;369797.541;369823.898;198.1949;87.6945;87.8475;
389909.712;524397.515;524381.875;-255.7226;386.3294;385.7797;
475434.147;528651.367;528662.122;-1405.7828;-481.4771;-482.5023;
478590.305;544723.061;544740.038;615.9546;-785.8825;-785.9098;
315760.951;592091.181;592033.879;-81.3369;-45.8485;-45.9493;
300254.195;372728.738;372665.625;111.0532;209.8327;209.8304;
506898.016;543006.504;542989.274;-500.0081;-168.6867;-170.3242;
442795.385;521453.463;521452.458;274.7092;125.3061;125.0865;
419349.548;248874.132;248845.693;137.4374;172.8791;172.8650;
518683.999;701724.549;701699.617;-38.6327;-50.6016;-50.5911;
452576.367;535121.988;535124.703;839.0009;221.8707;221.9056;
485148.585;520437.970;520426.705;-508.9052;-264.9890;-265.0091;
498014.902;568788.809;568775.596;-164.8917;-287.1448;-287.3849;
423864.249;524536.040;524536.148;-916.9706;-112.3154;-112.2875;
494838.621;528053.491;528047.394;-704.3245;-121.3544;-121.6801;
392678.856;374358.937;374311.761;165.4313;20.4086;20.3582;
462935.769;520311.076;520298.222;667.3419;-91.9573;-91.8818;
467181.463;532997.113;533010.347;870.7164;329.7466;330.6841;
476198.745;528806.293;528808.304;867.6305;-424.5048;-424.3377;
447050.081;520666.460;520665.282;-281.4490;-18.8464;-19.5223;
503114.902;540285.824;540286.558;32.1120;-50.2838;-50.6963;
465666.064;519349.845;519352.729;425.2170;-149.3694;-149.6256;
503978.721;537803.637;537805.826;-165.1526;237.5016;237.1689;
481886.303;536626.514;536637.887;625.2047;325.6906;326.0722;
768805.849;270124.225;270145.287;103.4327;-79.2948;-79.2861;
302245.746;404066.967;404058.865;234.9683;31.9764;31.8731;
475917.336;536692.461;536702.412;-1310.5931;308.4455;310.7002;
464103.927;566878.675;566884.466;-245.1842;-317.3911;-317.6468;
305299.257;374028.543;373969.605;1.3477;4.3676;4.5184;
469836.332;529933.945;529936.037;-37.0268;-141.9997;-142.1020;
939706.739;553247.034;553460.855;40.0781;-64.7159;-64.2197;
339034.914;398128.651;398103.851;-129.3010;69.9163;69.8790;
396112.215;555215.026;555144.541;170.5504;166.7956;166.5835;
456795.565;428844.367;428849.339;-116.9438;85.1397;85.1235;
732155.808;966625.350;966573.540;-37.2430;159.6906;159.6679;
487079.392;546109.056;546121.643;883.1922;510.0540;510.0890;
725699.900;692016.489;691986.159;-127.1662;-22.0922;-21.9900;
489700.338;525716.655;525714.081;-428.2950;2.9674;2.8006;
445613.681;560756.703;560766.944;324.7476;167.9001;168.0167;
507491.727;385542.723;385510.146;1.9125;-192.6189;-192.7193;
424650.865;542319.911;542339.636;-202.5318;-401.0931;-400.9516;
424559.035;541101.877;541077.370;-110.8356;155.4592;154.9648;
694799.964;871126.291;871059.336;89.8670;183.5685;183.5034;
785089.241;199825.955;199843.392;58.8049;-88.5295;-88.5200;
518458.143;549205.696;549211.219;-65.6341;28.2340;27.3079;
976706.445;534798.250;534682.701;90.8586;-11.5015;-11.7250;
835111.089;578088.721;578062.587;74.1246;100.5960;100.5864;
467873.052;563207.968;563206.892;-657.7033;-61.2637;-61.0589;
461315.712;516959.604;516934.705;849.4217;239.2954;239.5950;
460089.454;536265.985;536263.995;192.9234;-832.4041;-833.8391;
505613.663;519816.814;519811.318;728.0424;79.9992;79.7486;
481613.136;540910.089;540912.833;-48.8520;346.4024;346.4918;
459451.984;530258.290;530252.097;-450.7150;510.8435;511.1390;
596691.830;643045.393;643023.641;-8.0597;223.8060;224.2032;
479181.764;531448.014;531435.516;-801.4647;-23.3095;-23.0905;
673266.018;548085.496;547937.414;330.3589;-114.3665;-114.5590;
493368.764;529109.059;529134.263;593.3675;-428.9164;-429.7480;
862425.218;573290.603;573256.131;174.2719;45.2770;45.2659;
451648.527;548626.770;548648.303;-295.7939;660.1800;660.5854;
319934.140;361000.019;360973.123;-221.3730;-15.1039;-15.1953;
293923.622;569670.093;569707.068;-455.4171;135.8327;135.8627;
545031.363;439296.041;439273.409;403.0442;-199.0752;-199.2021;
457183.161;526654.408;526683.359;-1516.3159;-292.2102;-292.4350;
423903.643;491463.186;491441.270;704.3949;98.5976;98.4517;
448482.581;529933.251;529966.073;-1004.4443;-175.7151;-177.2358;
617082.008;546868.015;546822.687;-548.1161;33.3228;33.0191;
420031.021;494630.335;494619.898;625.5838;485.3566;486.4033;
362682.767;545627.632;545651.888;374.1712;-58.4646;-58.5537;
435327.386;536482.424;536491.382;-522.6080;297.1502;296.4271;
441809.176;543048.942;543054.796;35.3473;723.2608;723.1375;
451262.624;515057.047;515047.554;-574.3022;49.4159;49.5041;
335856.290;543090.754;543099.532;263.2081;18.9779;18.7948;
422243.317;543190.449;543210.046;-561.2224;89.3238;89.2045;
558617.118;466160.298;466140.941;-481.2517;-58.6863;-58.5646;
474949.709;524638.876;524633.006;-111.8501;-489.4753;-490.0673;
688814.039;595707.047;595640.693;666.2610;146.9591;146.5028;
676142.215;626862.686;626773.101;43.0209;87.8580;87.7901;
572528.785;489796.935;489748.221;78.2998;444.5493;444.6145;
484909.243;525747.274;525754.368;-419.6754;-222.4429;-222.7300;
415258.815;495956.200;495877.190;427.1220;515.4503;515.1700;
504248.636;565420.393;565456.277;548.5553;201.1740;200.8743;
467404.886;530775.442;530769.484;334.5221;-0.5596;0.0082;
463209.732;539622.409;539624.060;321.4825;183.1441;183.8163;
474444.632;520158.035;520148.848;130.4092;415.9780;416.2815;
549655.651;622294.006;622330.478;-100.7162;-50.9856;-50.5079;
67736.630;651495.999;651488.430;-352.6191;138.6546;138.6265;
497572.366;523905.728;523920.611;-511.7190;-307.5331;-307.7866;
473358.844;532074.295;532075.225;-435.4948;84.0299;84.1705;
498732.930;545529.523;545551.888;986.5751;-143.2887;-143.8612;
471935.203;541310.913;541300.588;825.5926;591.7142;592.7090;
456630.205;525841.380;525844.099;316.8569;938.4202;936.6819;
499428.559;553079.510;553042.766;-574.2086;8.3198;9.1075;
492548.472;537226.092;537226.580;-371.3331;257.9659;258.1878;
537850.436;485639.471;485607.871;-428.5025;-308.7925;-308.8873;
953869.368;701685.041;701510.897;277.8040;0.0379;-0.1907;
854854.842;433676.934;433649.737;94.6977;97.9013;97.8858;
494682.804;530100.302;530098.995;135.7580;253.6340;254.0098;
610822.189;559130.309;559063.286;143.0638;-113.5384;-113.8991;
677583.141;524684.561;524632.945;189.9458;-188.8168;-188.7595;
458403.757;525769.094;525766.740;-529.3669;386.5404;387.1876;
408205.890;618560.589;618536.041;-481.7122;-111.8895;-111.9201;
574527.212;625264.746;625268.623;160.2711;-170.3450;-170.3223;
391572.244;505052.065;505024.058;-383.2731;-103.6028;-104.2433;
487519.853;627596.308;627447.033;93.9092;188.4200;188.6127;
556252.230;439313.436;439263.299;3.4841;-234.2401;-234.3671;
502862.838;523683.093;523678.800;-210.6899;128.0230;127.7585;
740871.585;506997.664;506970.619;181.6967;-47.6211;-47.6180;
445925.057;521551.961;521540.040;430.4960;-220.3843;-220.8529;
433508.425;537657.200;537663.379;-303.5224;602.2744;601.9080;
435402.414;547671.868;547673.324;-176.9684;77.8207;77.6164;
162637.871;354103.908;354097.822;-14.1320;-11.2262;-11.2389;
457161.288;585557.134;585529.626;46.9852;-290.7656;-290.7070;
469805.956;665041.120;665023.009;-164.0221;306.2087;306.0703;
501166.823;522324.348;522346.755;1036.6125;461.2237;461.7853;
432227.492;572206.281;572214.490;-0.3696;368.3987;368.2063;
471829.411;522237.714;522232.786;-887.1573;-102.3105;-101.8172;
448240.356;554149.707;554138.185;380.1228;-478.9320;-478.8509;
437518.168;530841.221;530843.624;-261.4033;191.9023;191.9287;
520407.928;598040.692;598031.225;-258.5032;-160.5677;-160.4286;
450634.516;540004.635;539993.587;758.4588;-616.4703;-616.1044;
443661.334;542970.789;542972.483;90.9897;-36.5319;-36.7002;
489144.169;554570.875;554587.050;-963.3488;-509.3815;-509.0290;
585225.400;455830.633;455793.863;-20.7425;-320.1618;-320.2732;
380480.680;828617.995;828618.849;5.0969;153.1316;153.1250;
483892.654;524342.795;524339.627;346.4341;65.6391;65.8453;
490078.215;533301.770;533318.981;1059.0363;-586.8839;-586.8296;
485641.590;534558.159;534564.734;-349.1177;232.3489;232.1678;
634573.461;624131.990;624086.275;452.3785;-37.8661;-39.0831;
520505.150;579760.069;579761.664;-179.8791;240.6391;240.7804;
450961.222;537410.466;537413.419;895.9599;157.3149;157.8811;
13809.501;159063.383;159069.021;-244.2273;-199.0849;-199.0781;
489210.474;517466.128;517460.094;37.4541;419.5786;419.4319;
444382.719;514939.593;514961.447;753.3728;-197.9825;-198.4530;
232408.997;332886.917;332901.743;-31.9547;165.7889;165.7839;
436204.846;506387.217;506367.852;-173.4102;-511.9648;-512.9213;
420295.345;498615.616;498582.043;287.2259;-247.3006;-247.0095;
430920.970;515914.940;515902.638;-601.8010;564.4814;565.0319;
463135.642;532232.626;532230.732;-39.4299;-105.1702;-104.8274;
107240.955;327477.234;327474.776;92.0215;-124.8247;-124.8102;
487001.087;541404.093;541405.108;-867.0066;-695.7858;-695.7101;
463760.057;528631.829;528619.032;-1232.1403;530.3342;530.7898;
468665.202;512495.673;512475.466;610.6106;-179.8480;-179.9079;
481261.191;826189.947;826209.483;175.9751;-27.3126;-27.3037;
476998.078;523451.409;523447.578;-168.7643;357.0763;357.0719;
584409.535;585149.751;585097.849;83.8690;-63.3769;-63.6623;
456400.317;546737.239;546730.491;855.4936;-108.2601;-106.7980;
470614.655;524314.731;524303.662;-601.7422;201.8762;202.1504;
515431.160;534687.927;534635.075;-550.3481;70.8447;71.1867;
474394.777;539975.298;539980.502;257.7780;-96.4863;-96.9338;
578909.395;501773.697;501743.639;-753.1800;117.2211;117.2704;
472297.316;530126.117;530113.130;-673.5259;250.3021;250.5403;
479320.646;515219.749;515207.126;317.8566;35.5528;35.4324;
468623.268;518379.959;518378.739;194.7392;-11.7387;-10.9363;
449010.090;530238.912;530262.738;-794.5835;-30.7611;-29.5027;
453630.108;521160.015;521160.597;113.0876;-325.0757;-324.3182;
414161.438;508580.757;508525.700;308.1828;-289.5828;-290.1096;
500722.443;604217.927;604246.053;-292.5081;63.8695;64.0251;
590019.724;556100.041;556058.913;-551.9041;78.1999;78.0332;
614566.619;598359.154;598305.114;232.2418;-79.4513;-79.6936;
461763.130;536514.403;536503.616;281.0941;-111.4527;-111.3494;
442467.467;547459.831;547465.462;-480.2441;-257.9181;-258.5197;
408698.943;377938.113;377875.846;90.2065;-261.4470;-261.5260;
488180.654;527104.083;527106.810;556.1652;-287.4307;-288.0525;
458492.750;525952.351;525951.122;-30.8181;458.0157;458.6143;
498469.713;537261.633;537284.518;52.3369;301.7368;302.1784;
455898.201;530874.034;530898.683;-742.7819;72.2276;72.1648;
489648.271;529398.974;529397.175;511.9179;441.5843;442.3749;
456771.891;518071.082;518053.378;1102.1561;22.5259;23.2607;
487941.887;539908.991;539906.909;-109.6138;-30.6333;-30.5057;
