# This file was created for the Modelling and Simulation course, RUG (September-November 2019).
#
# Project: Simulate colliding galaxies, using Barnes-Hut algorithm.
#
# Students:
#     Stefan Evanghelides (s2895323)
#     Hidde Folkertsma (s2759799)
#
#     X         Y         Z         DX        DY        DZ
147465.030;568044.939;568045.690;82.0840;-6.7465;-6.7549;
237170.276;501116.329;501118.028;338.1468;-887.4422;-887.2420;
264161.009;678411.887;678409.814;77.4568;173.2315;173.2271;
222816.286;370971.079;370974.065;-46.6593;-98.1702;-98.1676;
154963.216;666869.432;666886.989;66.1189;40.1268;40.1520;
229895.668;510590.088;510591.651;-43.7063;0.7717;0.7878;
229283.042;522238.866;522240.307;-441.3597;391.4913;391.4600;
198177.408;534639.377;534638.427;-70.8094;-405.5621;-405.5911;
234251.460;471170.922;471170.863;57.1937;51.8368;51.8372;
201770.061;524016.417;524018.691;-229.1567;-197.3042;-197.3014;
228806.582;530079.297;530081.046;762.0446;-273.0052;-273.0484;
242617.854;561731.256;561733.598;93.6406;-99.8174;-99.8284;
246482.915;490572.757;490573.811;-480.8510;-264.7318;-264.7286;
278326.744;471538.859;471538.595;-3.3384;-308.3122;-308.3142;
256279.573;495030.216;495031.192;-56.4909;-417.1081;-417.0845;
299382.567;477166.771;477166.211;-104.1653;-108.4951;-108.5091;
243353.736;498114.430;498115.583;457.7211;-81.4161;-81.4021;
280830.021;501626.961;501626.622;-44.2572;154.9767;154.9773;
294116.384;355810.855;355799.203;40.6974;22.9041;22.8884;
242447.658;490440.150;490441.404;-146.3761;493.9739;493.9877;
187599.786;240341.906;240337.381;4.0901;-142.8649;-142.8670;
259809.522;481456.061;481457.698;92.3295;-264.7707;-264.7475;
269455.746;504745.858;504746.235;-71.6144;208.9130;208.9164;
235604.615;495472.459;495473.770;309.9795;207.0957;207.0958;
230554.533;515689.834;515690.517;905.8565;-128.4655;-128.4823;
199336.703;430578.763;430570.160;30.3636;233.7373;233.7434;
266104.327;501326.140;501326.382;-395.1541;89.4964;89.5239;
157960.309;571210.416;571209.053;-17.1644;54.2202;54.2260;
228539.693;513359.345;513361.086;203.5189;275.0065;274.9982;
239674.416;518292.186;518292.194;-192.5607;-444.1390;-444.1276;
243655.859;515312.537;515313.313;3.5440;-168.1860;-168.2025;
283590.426;496438.486;496438.460;-115.1403;372.2080;372.2111;
178504.645;494966.590;494968.464;227.1699;40.0888;40.0633;
268098.147;503045.279;503045.646;414.3942;396.7019;396.7012;
225878.038;507811.543;507813.236;99.2225;114.7333;114.7353;
277522.082;503355.553;503355.765;17.0087;496.9499;496.9275;
277041.284;507575.527;507575.211;415.5701;483.9847;483.9908;
208619.192;492336.413;492337.545;210.8094;362.4130;362.4013;
238347.770;520424.916;520426.114;19.9190;-21.2814;-21.2737;
215612.070;501609.312;501610.967;127.9460;-367.9133;-367.9452;
283739.436;501553.902;501554.716;-142.1357;66.0194;66.0328;
226637.989;515433.404;515434.207;98.4189;462.8036;462.8274;
233218.544;505011.709;505012.785;-438.8509;-127.3377;-127.3129;
230756.111;517800.899;517802.550;10.4908;119.3471;119.3269;
233654.031;502236.117;502239.922;445.0082;-877.3917;-877.3741;
272125.834;504613.754;504613.975;322.9201;-373.9088;-373.9228;
288044.848;492528.653;492528.771;288.2409;401.7546;401.7404;
340079.857;618635.145;618634.001;192.9432;-20.4282;-20.4343;
157119.048;485881.861;485883.346;51.9021;19.8667;19.8794;
268585.877;494542.817;494543.698;406.4407;350.9776;350.9870;
309605.975;504771.039;504770.684;372.6445;-82.6356;-82.6495;
272092.811;487958.156;487959.465;462.6778;226.8036;226.7686;
154166.716;497714.959;497717.452;80.2554;265.3322;265.3368;
201825.327;516151.923;516154.674;-37.8794;50.6151;50.6519;
271592.539;504209.395;504210.312;-188.8441;43.1554;43.1601;
193206.322;529354.095;529356.407;-127.3676;135.5800;135.5866;
232861.058;499942.483;499942.101;428.3300;-709.5618;-709.6315;
342106.712;614888.288;614889.261;50.3277;-25.6832;-25.6762;
261344.446;505398.648;505399.194;685.6745;345.9016;345.8632;
221720.406;512068.996;512070.334;-368.9582;220.7540;220.8072;
258413.295;512887.317;512888.331;112.0859;284.2853;284.2862;
254283.899;500869.656;500870.508;178.7393;-91.2329;-91.2533;
241477.363;507324.245;507325.319;-124.0183;284.3161;284.3135;
236960.988;508664.313;508664.953;495.9984;-176.9645;-176.9691;
254488.705;477815.286;477816.398;244.4575;0.9395;0.9390;
264672.184;497998.842;497999.523;542.3731;-529.7499;-529.7619;
207815.627;513492.872;513494.168;-44.7900;-210.4719;-210.4610;
255203.473;508092.500;508093.193;254.8799;-75.0561;-75.0554;
265350.459;498428.217;498428.554;-169.6768;166.5639;166.5553;
252011.921;507962.702;507964.068;4.7919;160.3559;160.3420;
175389.518;464955.165;464955.995;210.1375;185.7649;185.7592;
203485.495;513367.143;513369.244;-500.4437;53.6532;53.6680;
362477.835;444800.443;444801.126;56.1851;74.4044;74.4070;
245060.418;515174.833;515176.687;153.3340;27.3167;27.3020;
326159.781;479600.797;479601.045;103.2611;-7.0191;-7.0068;
283559.745;474634.669;474633.449;71.9090;-74.1761;-74.1837;
208942.440;507079.945;507082.023;-133.1002;-113.2027;-113.2009;
221156.511;495997.189;495999.088;-372.3978;-40.6102;-40.5938;
203560.402;498149.557;498151.445;239.4011;82.5529;82.5654;
228085.296;507953.726;507954.558;890.4311;22.0678;22.0189;
230544.890;518887.228;518888.295;208.0849;-118.4481;-118.4510;
295321.346;489270.762;489271.198;88.7584;-112.7102;-112.7010;
252123.324;506891.394;506891.887;28.0304;236.9287;236.9326;
291987.395;521089.434;521091.492;-578.8790;-61.0318;-61.0600;
200335.538;513165.723;513167.736;74.6538;84.5810;84.5736;
284715.036;516127.621;516127.058;641.8772;-308.1394;-308.1497;
232275.658;507245.713;507246.872;-210.7530;363.9585;363.9441;
222167.594;513417.731;513419.855;325.0640;-127.9081;-127.9249;
256603.859;500502.677;500503.338;349.3926;275.6575;275.6382;
209164.570;526916.010;526916.702;26.5596;-162.7805;-162.8031;
229156.430;509794.491;509795.183;-143.0602;-33.5772;-33.5639;
301712.828;505586.899;505585.232;-232.9880;248.0051;248.0575;
275799.733;498016.212;498017.196;-504.8548;192.7793;192.7826;
244498.517;506057.210;506057.371;218.6284;-312.5283;-312.5220;
375680.532;376880.238;376890.601;106.6051;73.1980;73.2120;
260097.144;476694.381;476694.780;-77.4245;-80.6444;-80.6295;
221340.048;504700.045;504702.171;1034.1824;42.3308;42.3099;
243211.504;625167.416;625169.071;25.5268;80.0281;80.0347;
329626.664;518404.992;518405.546;-185.1607;164.5999;164.5977;
772264.713;523347.785;523347.250;-277.3753;16.1298;16.1248;
715378.674;471109.614;471109.303;199.1658;117.0833;117.0806;
744114.067;522659.111;522658.638;-918.7583;-422.2537;-422.2561;
729157.619;515357.220;515355.976;465.7789;235.9633;235.9504;
768888.693;529318.556;529316.956;-515.6561;-98.7624;-98.7241;
736252.535;503154.774;503154.523;169.8743;-493.1518;-493.1557;
740032.134;492649.979;492649.437;-176.5460;609.1138;609.0887;
795635.862;501782.152;501782.200;-315.7027;288.1367;288.1289;
724620.124;511953.580;511952.715;-904.3402;137.6357;137.6196;
784942.186;536924.473;536922.043;282.8523;-320.3036;-320.3193;
844387.495;623720.330;623718.117;-54.6805;27.8239;27.8336;
672292.689;542493.124;542492.107;-136.8119;-235.2587;-235.2341;
746597.638;515050.305;515049.469;518.2927;400.3608;400.3214;
738483.053;506433.730;506433.504;70.1707;253.9016;253.8876;
734539.870;512296.312;512295.792;1223.2329;124.6469;124.7100;
733542.604;505179.046;505178.662;790.9638;52.4891;52.4377;
773535.365;539860.287;539859.887;277.7054;-209.8259;-209.8336;
744658.242;512558.877;512558.118;-141.2130;-540.0803;-540.0433;
879317.582;520212.473;520209.767;-202.4987;-87.9220;-87.9173;
769800.873;536915.577;536914.755;-695.2903;-52.4209;-52.4034;
699836.296;514157.504;514155.908;-194.4024;-504.2030;-504.1675;
736757.600;509072.332;509070.912;-302.2557;5.7072;5.7000;
708794.234;455698.144;455701.332;-134.9662;-202.1317;-202.1349;
588172.441;358886.723;358877.683;-224.3510;-123.3068;-123.3286;
744779.648;515709.452;515708.636;413.1848;-368.3580;-368.3284;
842980.462;401003.508;401003.515;-220.7892;144.8162;144.8137;
700027.956;462397.277;462397.455;179.0896;178.9506;178.9597;
686685.971;523578.633;523577.227;-335.1231;-65.9773;-65.9834;
763554.493;531485.574;531484.378;-935.6665;-31.3472;-31.3501;
838344.095;428613.984;428613.183;-214.2403;61.2765;61.2770;
742711.513;493265.663;493266.152;-826.3467;-135.6959;-135.6890;
791238.152;543590.417;543587.483;-162.7200;-81.6194;-81.6345;
766544.104;513215.479;513214.708;405.3784;310.2941;310.2922;
801919.723;580945.030;580941.496;30.3824;329.7326;329.7062;
746851.377;517288.060;517286.716;-51.0669;274.8521;274.8438;
730927.287;527586.455;527585.788;-367.6980;-117.9426;-117.9423;
715754.070;562020.334;562016.402;-328.2631;189.7444;189.7245;
746130.377;580513.654;580511.353;23.2889;59.3666;59.3488;
725384.478;496674.470;496675.258;-157.4288;129.2801;129.2643;
734805.532;509827.860;509827.992;-267.4706;697.6925;697.6553;
718639.715;532285.504;532284.824;-299.2313;413.5770;413.5600;
745440.568;513323.220;513322.745;-543.1114;129.7432;129.7254;
752545.689;530109.813;530108.383;259.0427;86.4745;86.4633;
720006.812;460514.938;460515.041;0.0409;110.4953;110.5052;
736563.139;503715.442;503714.694;-1307.1750;-268.3432;-268.3146;
766622.622;508864.976;508864.129;455.0590;271.3781;271.3644;
732757.587;512849.040;512848.435;719.5564;-435.6098;-435.5890;
809509.662;576059.542;576061.993;-186.6813;-195.3820;-195.3627;
757294.963;512695.992;512694.976;67.2891;-270.0563;-270.0520;
756328.090;520660.026;520659.153;-46.5874;-161.4085;-161.4095;
722634.349;520942.075;520940.760;511.3420;-553.9480;-553.9353;
637890.998;364808.989;364810.094;-74.6662;102.2734;102.2738;
737366.427;504130.539;504130.747;-877.1368;-41.9875;-41.9978;
749637.367;502417.239;502416.295;-333.4441;58.5744;58.5911;
760367.819;521140.164;521139.061;-656.3454;-465.0647;-465.0277;
692914.436;418258.408;418259.977;-169.0242;-69.9493;-69.9473;
719947.126;511456.471;511455.791;-86.3456;-452.6341;-452.6181;
729058.436;527748.578;527747.795;-270.1859;208.0454;208.0467;
716943.202;502819.524;502820.110;-343.3544;-571.0309;-570.9964;
719214.107;510459.368;510459.003;-62.7953;25.7514;25.7355;
594627.964;284575.465;284570.840;-180.1325;-122.9740;-122.9818;
744445.540;502387.024;502386.704;-446.8654;170.8130;170.7717;
766957.217;533453.879;533451.092;-392.7749;-437.2648;-437.1950;
754042.083;510155.133;510154.746;158.8670;-386.6155;-386.6163;
719107.091;511332.316;511332.190;147.9049;122.8652;122.8421;
696705.033;458769.972;458771.103;-4.6247;399.2345;399.2396;
738137.130;462698.477;462700.584;-178.5950;199.2026;199.1893;
779366.006;504619.098;504618.395;-213.7041;-1.7939;-1.8154;
729663.031;514090.727;514090.061;-222.1644;-237.3260;-237.3251;
708975.053;505721.942;505721.078;196.7014;560.0489;560.0294;
743565.162;513905.956;513904.842;-24.1100;-158.7823;-158.7792;
620532.190;507685.260;507685.084;300.7879;146.0912;146.0854;
723394.005;501626.347;501625.901;342.0793;-96.4910;-96.4820;
731559.323;506738.993;506738.625;-13.7478;-222.5353;-222.5264;
748662.754;517724.180;517723.547;-398.2770;-848.1670;-848.0882;
738250.729;501562.332;501561.798;247.7880;473.6211;473.6461;
831652.926;447459.296;447460.291;-237.3783;-18.3651;-18.3663;
723891.500;451575.043;451578.866;-259.4715;-159.2719;-159.2528;
724662.051;510193.892;510192.981;899.1626;37.0913;37.1210;
731889.210;492035.531;492036.259;-230.2546;314.0784;314.0589;
740774.403;518637.874;518636.458;-330.1435;171.0385;171.0560;
742297.763;512801.542;512800.482;446.9626;298.0655;297.9844;
730142.915;502511.866;502512.318;259.4694;371.3466;371.3096;
784585.694;562744.181;562741.654;72.9948;-65.6493;-65.6528;
763218.666;550739.534;550736.775;-442.7584;-386.9028;-386.9011;
690449.903;493645.804;493645.434;286.6191;-238.8598;-238.8536;
883204.306;539832.331;539827.635;300.4159;-2.7996;-2.8226;
774026.674;521339.054;521338.515;378.2133;-2.2392;-2.2531;
731237.762;512517.261;512516.407;-636.9290;648.9644;648.9478;
796588.804;592727.508;592723.810;-256.8779;-245.3288;-245.3364;
787545.332;493845.243;493846.222;-724.9371;442.2304;442.2238;
721727.922;525575.602;525574.830;344.3726;304.2484;304.2444;
762474.945;501089.331;501089.832;-472.3359;-168.2072;-168.1846;
732852.713;497043.885;497043.939;-436.9804;388.6472;388.6675;
848724.615;627488.138;627486.218;187.9237;225.3376;225.3280;
744368.134;513232.698;513231.796;265.5560;396.5401;396.4980;
729803.564;498107.048;498107.004;-17.4334;112.2483;112.2784;
753230.565;519576.582;519576.053;-100.4933;160.2611;160.2354;
755046.332;519689.994;519690.097;507.2115;-23.9505;-23.9369;
