# This file was created for the Modelling and Simulation course, RUG (September-November 2019).
#
# Project: Simulate colliding galaxies, using Barnes-Hut algorithm.
#
# Students:
#     Stefan Evanghelides (s2895323)
#     Hidde Folkertsma (s2759799)
#
#     X         Y         Z         DX        DY        DZ
512335.365;535031.012;535031.172;-266.9366;31.4532;31.4167;
462361.082;527002.972;527005.456;81.6879;143.2938;143.0297;
443233.030;872480.667;872473.502;114.5228;52.3749;52.3731;
229819.106;302618.133;302623.782;55.7708;6.9563;6.9575;
837786.722;692305.328;692235.529;277.5058;263.1896;263.1004;
471399.162;525311.938;525319.319;-872.9612;-11.0032;-10.6280;
497153.635;523135.129;523138.664;-627.2859;-201.2786;-201.2217;
819009.145;639719.010;639686.365;34.7680;247.2595;247.1794;
839214.994;465019.161;464989.927;503.3084;-114.1680;-114.2190;
695905.583;516251.172;516244.413;-60.9691;71.4762;71.4682;
365448.940;496846.193;496859.342;32.1135;-407.9423;-408.0731;
466577.859;686705.515;686697.804;167.9913;-33.0896;-33.1594;
360398.463;526810.556;526806.063;26.7618;-69.5470;-69.5194;
497608.469;533933.340;533941.094;-1028.2162;792.5848;792.6010;
690981.292;542226.734;542222.213;-104.1721;-246.9016;-246.8712;
425151.443;485634.816;485646.399;-476.1954;-646.1745;-646.1758;
823552.449;495914.598;495885.789;404.1685;42.8482;42.8127;
504701.617;539478.294;539480.800;-198.1539;8.4694;8.4341;
778130.399;640160.661;640136.458;316.0579;-139.5919;-139.4096;
486423.920;528767.091;528772.724;-801.5454;215.8748;215.9639;
308392.764;155451.450;155438.822;111.9016;50.1165;50.0951;
537771.012;678328.273;678304.142;-0.6672;108.3606;108.3447;
465474.085;526395.004;526400.476;720.0388;113.0966;113.1285;
490469.585;539492.539;539493.114;-136.8411;-24.7870;-24.7602;
442551.047;537498.680;537502.131;116.9347;539.0272;538.9559;
451999.768;464090.565;464081.866;-47.2659;105.5029;105.4596;
498939.231;525352.328;525356.197;802.7319;106.9368;106.8544;
834780.484;721919.354;721873.666;443.2287;266.7760;266.7242;
343884.768;443458.217;443453.338;-143.3639;-104.5328;-104.5215;
495751.288;522184.382;522189.010;-653.6319;234.0385;233.9927;
433569.714;529114.258;529114.349;427.2831;-10.6602;-10.6723;
501416.306;527899.776;527903.190;490.2161;146.9008;146.8869;
551732.149;544341.810;544331.417;-500.2796;34.7013;34.6543;
492286.022;522507.758;522513.217;-617.5808;154.2352;154.2615;
459728.050;529821.267;529827.221;97.1039;181.2241;181.3112;
489440.979;521934.637;521938.456;-506.3113;5.2535;5.3048;
500127.846;539413.061;539415.147;295.6888;397.1407;396.8762;
655366.928;360533.735;360543.875;158.4805;-137.6516;-137.6334;
346554.566;440989.896;440982.106;-467.9883;-155.9336;-155.9676;
468737.343;519479.063;519483.273;712.9209;2.9007;2.9841;
499991.088;524375.713;524376.456;-726.1501;-557.1624;-557.0629;
427629.663;484177.714;484195.458;-491.5361;-467.4998;-467.4472;
482196.071;519758.747;519764.692;-257.4128;228.4242;228.5605;
988026.467;492127.026;492086.877;704.8600;-39.3515;-39.4132;
777778.801;569011.619;568971.510;390.2374;25.2524;25.0458;
489103.202;416056.987;416051.839;-235.1857;-174.6348;-174.7304;
496630.762;524485.732;524492.015;-891.9949;573.9145;574.2354;
466168.756;563518.383;563518.947;504.6918;-205.4369;-205.4107;
751600.666;802743.668;802713.531;-4.9394;217.7130;217.6869;
511143.770;493402.083;493405.297;63.8775;323.0927;322.7841;
748698.580;663352.183;663310.718;80.4525;78.3563;78.1880;
485394.657;536484.161;536484.946;-407.9440;-37.6816;-37.7931;
453288.295;514970.036;514979.310;-883.6172;370.4267;370.5196;
362606.257;594637.658;594642.061;-113.1949;171.1535;171.1589;
471070.379;528667.594;528671.655;1041.7661;-672.7436;-672.7089;
462009.867;528753.169;528758.250;-645.4498;-131.4769;-131.3653;
581657.406;648827.284;648825.323;200.4322;378.4650;378.3859;
688636.278;327912.973;327918.771;179.8049;-225.6141;-225.5968;
452798.989;538686.845;538685.026;952.1990;-42.0801;-41.9500;
822969.222;649720.088;649674.131;422.7028;168.8890;168.8375;
815481.669;544080.090;544048.432;278.3132;-14.1494;-14.1769;
715352.766;501188.767;501167.879;245.0267;48.1617;48.1348;
645976.924;470048.139;470025.527;76.4489;4.9359;4.8945;
529594.242;523332.742;523334.005;-51.5209;81.1176;80.9188;
457310.438;520882.003;520887.044;1270.6053;275.5853;276.0257;
688101.687;530649.670;530642.757;-426.4714;100.7368;100.8947;
498613.247;545829.374;545826.406;-802.0987;-392.2803;-392.1324;
515471.698;527480.305;527487.090;661.6193;-455.3023;-455.2740;
487229.757;497783.916;497783.777;306.1328;573.7858;573.8716;
500841.279;520651.718;520657.906;548.1552;121.9880;122.0320;
494181.293;394064.897;394089.894;-181.1248;51.8028;51.8333;
459013.970;548636.079;548647.805;-546.2922;184.5198;184.6774;
608022.663;508838.209;508838.089;464.2001;49.1660;49.1068;
885944.548;599067.175;599030.349;567.8393;110.1528;110.0854;
484608.055;541945.836;541944.791;-241.3846;-369.9457;-369.8663;
504896.590;457023.013;457009.191;-173.4074;-244.0764;-244.0899;
704065.293;550047.770;550035.648;17.0498;67.9967;67.9992;
573519.843;624461.864;624440.671;-129.8216;62.3263;62.3392;
694376.451;529031.510;529027.459;-133.4868;9.9919;10.0777;
856222.990;538299.569;538267.026;431.6566;79.4556;79.4033;
836076.282;812127.020;812069.682;394.6948;397.3188;397.2279;
474786.663;486419.432;486427.492;378.8998;-308.1318;-308.1534;
462941.892;522529.455;522534.193;556.3757;-72.7870;-72.6989;
765447.894;511435.634;511412.696;87.0822;41.4322;41.4118;
416995.736;537647.238;537638.092;197.9275;-141.1123;-141.1240;
694289.127;527684.758;527674.035;72.6372;-156.8434;-156.9343;
502528.937;534122.856;534125.674;-269.8397;205.3439;205.2492;
529839.105;524918.279;524922.703;361.2384;211.1519;211.0886;
806194.635;459750.142;459729.406;410.5818;-42.3072;-42.3390;
503495.700;526971.651;526976.799;248.9223;-526.2098;-526.1741;
704389.904;526326.509;526312.659;-2.7347;70.4379;70.4495;
477688.032;529230.950;529235.846;666.8373;300.0007;299.9178;
419374.522;474083.138;474062.860;-307.8400;446.9933;447.1681;
490737.324;509671.621;509677.526;131.8911;562.9444;562.8464;
345514.652;403080.094;403073.913;-143.0730;-62.7205;-62.7275;
466988.038;522784.110;522788.615;685.5111;-284.4625;-284.1996;
366718.528;309370.370;309378.158;240.9090;40.0544;40.0494;
268074.329;340343.730;340356.833;-345.5590;-204.8616;-204.8622;
454726.764;528709.232;528712.835;-116.0294;-314.1942;-314.2186;
447542.394;540744.096;540747.119;267.7559;-213.5126;-213.4958;
480229.792;538324.669;538327.331;517.1137;185.4912;185.5222;
445604.589;515562.474;515568.379;-32.4798;194.7853;194.6573;
488643.262;546344.341;546345.759;-86.2956;320.5504;320.4294;
472386.830;526244.737;526248.556;-238.4379;-619.1140;-618.7740;
135974.469;412390.380;412402.799;-311.3306;-112.9909;-113.0064;
312990.824;531002.780;530995.333;80.9104;-102.5979;-102.6008;
435115.562;516088.201;516102.007;-706.4114;152.2631;152.3651;
491266.890;410066.723;410035.291;163.7000;40.4965;40.6436;
494430.559;524718.432;524721.222;710.0245;-262.3838;-262.4520;
496502.027;513456.572;513461.120;528.5141;797.8879;798.0043;
431994.462;552374.722;552380.123;-411.7554;94.8110;94.8337;
453274.780;532075.045;532085.793;-557.3460;-601.4868;-601.6474;
475008.110;519280.590;519280.336;-1256.6385;737.8385;737.2325;
491623.778;537274.507;537278.497;410.8653;-26.8624;-26.8700;
598723.470;565674.794;565664.258;-15.5061;-315.2130;-315.1306;
640116.318;654570.483;654559.180;445.9646;166.0385;165.9835;
669535.644;393600.895;393592.385;345.7160;-35.4835;-35.5134;
477768.280;525267.365;525272.765;782.5073;-70.2205;-70.1186;
451765.472;457040.917;457033.655;-171.4291;235.7674;235.6879;
312771.960;483646.454;483668.880;88.2054;300.7698;300.9167;
504536.912;525447.054;525451.500;261.8424;208.2322;208.1564;
337432.780;437645.871;437658.054;511.4445;-229.4346;-229.5517;
451256.584;508926.181;508932.612;-537.3540;365.5938;365.6975;
743105.236;606843.871;606835.656;-191.5149;-10.5637;-10.6069;
425233.642;585225.920;585222.851;-127.9978;101.1551;100.9715;
507753.139;502628.080;502631.980;-400.4974;-407.8787;-407.7774;
503943.612;519168.050;519175.487;82.7446;-186.4654;-186.4124;
433366.898;517018.914;517022.937;351.8290;219.1173;219.1444;
476667.740;529411.425;529415.310;-464.1618;570.7900;570.7606;
468265.491;575309.077;575313.721;556.8971;-322.8430;-322.8789;
428211.900;517460.217;517465.319;-167.4949;-80.3840;-80.4285;
247154.924;398041.836;398043.634;-196.2833;-99.2238;-99.2305;
457664.714;450422.664;450408.459;138.3618;161.4453;161.3949;
337163.387;417909.033;417899.159;148.1776;12.7166;12.6249;
467189.260;526854.256;526857.181;-49.2279;698.5044;698.5014;
502906.930;536190.681;536190.317;-753.8417;451.1440;450.9608;
356343.233;499021.637;499005.790;164.1777;176.5477;176.6171;
526436.313;546038.861;546032.891;-179.3721;-161.6018;-161.7078;
505181.091;546930.602;546933.594;91.8101;246.4380;246.3362;
673908.807;650196.741;650179.654;-115.3342;-9.6260;-9.6479;
509401.915;535323.544;535319.273;-871.9729;-47.2479;-47.0261;
460823.754;539456.425;539460.411;251.6160;539.9637;539.9309;
496613.824;549793.572;549796.607;811.6921;41.6848;41.8176;
286602.365;551710.443;551714.950;174.4149;172.9762;172.9768;
389940.812;671835.473;671842.191;-34.0362;216.3110;216.3057;
443742.855;526302.063;526311.915;-883.5322;-282.7710;-282.7549;
125982.230;386752.486;386744.458;-707.1716;-276.3416;-276.3668;
83671.277;738914.358;738925.883;-503.1528;258.9560;258.9738;
486778.818;525056.962;525059.192;-174.9564;-706.5581;-706.2191;
501743.624;522906.487;522910.061;-605.9134;47.6024;47.5302;
615181.627;499994.232;499987.677;-45.9891;-315.6075;-315.5154;
359609.080;566341.769;566348.995;-68.4744;-141.7601;-141.7205;
503217.901;533810.927;533814.882;820.0150;-436.0427;-435.9595;
242632.433;358002.384;358008.640;-308.8598;-250.9069;-250.9248;
476773.428;542680.044;542683.165;290.9048;-319.6272;-319.6273;
451170.168;524280.925;524284.669;554.6828;241.9113;241.8381;
305330.216;237724.033;237727.757;-115.1129;58.7738;58.7925;
461665.511;475672.728;475687.941;68.2805;-351.6799;-351.6766;
446860.840;523314.190;523316.150;-824.9990;-93.6716;-94.1618;
571621.220;511583.981;511575.437;231.4960;-267.2129;-267.3881;
478411.226;531554.317;531558.312;87.8963;-16.7763;-16.7749;
114586.332;462105.070;462092.211;-120.3385;-161.7295;-161.7295;
544697.267;470066.446;470058.704;-11.4623;114.8188;114.7252;
473240.240;534281.608;534287.401;126.9889;-130.6011;-130.5445;
493804.984;543294.465;543294.073;-546.9343;-475.4027;-475.2159;
345231.301;762020.570;762024.135;109.1323;181.4318;181.4554;
548903.691;540237.304;540226.456;-236.5762;-70.1659;-70.1711;
246670.156;512365.438;512367.959;-92.3865;-40.2197;-40.2171;
415496.851;534082.658;534081.109;-341.0941;-46.9123;-47.1211;
501000.071;538792.844;538794.481;170.5884;-556.9587;-556.8947;
454552.022;524201.930;524207.212;300.7823;-27.1631;-27.0973;
500922.136;524226.672;524231.237;1011.2764;327.6966;327.6182;
187436.635;572168.464;572163.488;-363.2277;58.8115;58.7865;
913239.843;485659.097;485631.246;-185.8340;-39.9939;-40.0193;
546171.487;535105.790;535091.906;90.7819;-231.4648;-231.5337;
487600.875;535454.923;535458.487;-393.6296;-339.6140;-339.4153;
462538.936;532972.509;532976.310;502.1656;-419.8706;-419.8220;
502875.846;553259.960;553262.210;575.3377;336.6955;336.6019;
491883.906;546660.186;546661.516;32.1867;-201.9608;-202.0332;
413957.781;598334.952;598319.507;-115.8434;246.1447;246.1723;
173944.558;111273.789;111259.928;-292.1004;-99.7597;-99.7637;
420344.035;498183.547;498183.390;319.1852;-138.2372;-138.3126;
876197.933;517522.919;517509.271;-165.0920;18.6565;18.6570;
450537.614;463971.914;463972.034;-354.8135;232.0679;231.9920;
455324.291;537386.430;537391.132;300.0625;532.8267;532.8142;
486446.543;562401.767;562399.963;-329.5519;64.2383;64.2758;
467515.040;558270.623;558269.106;-868.4264;-393.5098;-393.5972;
445999.287;521027.942;521027.746;-226.2981;-404.8967;-404.9994;
500470.726;538045.235;538046.959;-370.2385;42.7571;42.5591;
506656.049;528753.006;528758.795;926.4364;633.4517;633.4749;
430417.302;511344.308;511345.474;135.2249;32.0223;31.9240;
489755.310;535994.032;535996.873;630.4905;230.8826;230.6743;
489666.050;522737.033;522739.453;-634.6731;-257.7591;-257.5262;
432108.272;518653.653;518655.030;-177.4244;133.4733;133.5058;
