# This file was created for the Modelling and Simulation course, RUG (September-November 2019).
#
# Project: Simulate colliding galaxies, using Barnes-Hut algorithm.
#
# Students:
#     Stefan Evanghelides (s2895323)
#     Hidde Folkertsma (s2759799)
#
#     X         Y         Z         DX        DY        DZ
485604.134;515041.345;515175.482;-177.5096;-48.3055;-45.9156;
528907.818;518103.402;521064.630;286.4509;115.7332;140.7904;
749003.522;501796.695;501064.744;-180.1108;-184.8125;-179.3950;
484364.910;540971.771;539584.160;-172.5328;561.0276;468.5211;
526614.394;540528.380;541930.135;-532.9690;303.3317;268.0008;
520979.471;652988.178;650167.931;442.9281;-31.2671;-30.8750;
597558.723;935978.345;948782.738;-11.0921;34.3722;43.1071;
468429.797;499353.331;496009.565;1055.7033;163.7039;121.1364;
462765.275;496338.470;493087.681;201.2080;356.3844;349.0456;
470807.642;486438.350;484798.334;507.5532;-191.4568;-150.4696;
491152.701;531696.198;531030.723;-390.5271;345.0352;287.1163;
643757.951;637324.465;638572.849;44.3381;242.7812;242.7660;
499566.512;535678.580;534651.842;1103.8767;217.7593;282.2287;
469990.243;506771.310;506863.286;-698.3861;-239.0454;-233.0395;
468409.202;502779.583;502400.690;-578.0010;-710.3883;-767.0003;
513778.111;549740.972;550249.514;950.4998;353.9427;351.4812;
488023.332;545231.307;543370.318;201.6493;196.8771;215.3868;
499162.728;593202.629;589514.287;389.4447;232.9006;299.1597;
415357.704;544364.301;539203.927;-84.3931;82.9769;74.5253;
409386.176;531482.679;525668.429;278.1046;205.9768;196.6143;
501763.829;533251.697;532968.214;421.9281;-164.2733;-164.9480;
503955.997;535556.535;535536.110;85.1116;-135.6108;-139.5012;
491197.872;511871.082;512231.602;92.0181;-50.7341;-10.5439;
472920.500;529275.179;528395.723;-423.8234;-37.4861;-46.1928;
511467.945;535287.500;535610.860;611.9605;-33.2658;74.3232;
872326.134;148571.339;148505.915;-36.9827;24.2544;24.1320;
407860.949;464356.322;459595.314;-165.6591;-169.0831;-204.3340;
482412.776;541354.266;540699.257;-460.3722;198.9918;161.1196;
458402.362;517685.238;516526.376;-254.9221;423.0107;363.3888;
740235.879;501679.756;503298.523;-36.1457;54.6301;53.1098;
509933.095;558914.076;557786.608;-831.5597;291.5269;226.2993;
434588.767;394842.663;395332.303;146.9909;-18.3730;19.6149;
452523.090;568001.362;565680.394;322.2844;-171.3181;-130.9182;
493265.638;513491.323;513337.195;313.3949;-322.2617;-267.5685;
520131.034;561259.290;559914.141;212.7950;7.8086;15.7824;
492684.411;542106.497;541359.957;-668.3303;-148.3282;-177.1280;
425853.197;527849.266;524963.224;173.1165;597.1836;603.6611;
506611.378;529014.905;528423.057;-138.9676;727.6426;726.8261;
510169.824;546363.434;546745.825;-266.1436;-59.2444;-94.3119;
479105.488;531703.299;529750.432;353.9896;-214.7008;-79.6153;
496278.689;538440.829;537629.866;950.3294;584.1246;688.3580;
568198.004;555705.373;556673.891;-5.2679;50.7316;47.2064;
490061.348;561234.350;559046.668;18.9474;-838.8511;-876.8568;
674097.740;414273.092;415730.365;317.3293;-5.7494;5.3637;
678317.535;406554.520;409170.182;241.1527;-87.6889;-85.5418;
494776.230;549014.691;547284.884;813.9129;-164.9001;-109.3883;
505406.584;520030.333;520608.572;317.7575;225.1803;249.9243;
414671.021;571576.067;567295.178;473.9078;362.0046;350.9886;
652589.814;224606.781;222543.834;70.0092;-282.6485;-290.8288;
524609.505;513525.189;516068.826;433.0947;203.1418;249.1741;
491974.753;523010.757;522939.137;-582.3556;-324.8134;-318.7200;
505716.909;510008.764;510931.466;481.2288;-377.9197;-296.2897;
485390.207;578796.415;578770.127;641.8087;-234.7536;-291.7994;
431088.042;678053.389;673815.890;-218.0302;51.9655;38.4206;
472720.726;519337.849;516296.814;171.2308;-583.8315;-594.0382;
489781.511;526932.151;526331.124;153.7301;907.2535;883.7024;
185035.874;682033.234;681515.902;148.0664;44.6079;44.3601;
491469.728;512411.943;512966.238;-1064.8663;178.7120;72.2262;
500999.402;540420.966;539883.351;-472.8813;-242.4513;-255.3008;
494567.744;527872.713;527396.362;-1150.9876;-421.1412;-444.4285;
487553.265;537757.970;536426.868;-447.3488;65.0972;21.1516;
490870.929;544272.625;543118.497;824.0933;-592.7998;-544.0494;
480105.641;536841.852;535670.571;-796.4845;562.4076;490.3307;
436781.093;565792.857;561678.285;189.1521;203.6747;252.1097;
431325.240;438771.074;437526.644;1.5244;353.5616;330.3053;
526788.089;577576.326;576344.794;295.8200;100.5448;128.2079;
626681.028;510384.863;510000.996;-313.1020;94.0072;97.4000;
887592.798;388381.036;379364.443;388.2733;-249.9495;-282.9765;
601839.771;504002.542;508368.879;356.9080;-43.0224;-28.7090;
409352.262;473320.676;465064.828;126.6318;-24.8525;-31.9431;
492780.788;532339.722;531785.402;-303.8767;-861.0649;-791.9749;
653389.999;443103.477;444495.864;402.5720;-82.2169;-88.2662;
484331.975;555456.146;552810.486;-218.0638;-209.1825;-192.2542;
497348.973;531755.884;531465.099;624.8691;-262.2534;-265.7894;
666705.805;445736.385;448735.845;77.1560;144.6657;158.1982;
658577.608;422947.891;419685.094;302.9629;-168.5350;-190.9688;
497189.093;540000.311;539120.413;-597.0349;-78.4220;-88.9345;
500501.622;541465.506;540893.693;-788.8741;-331.8218;-348.3653;
483625.714;521606.590;518262.609;228.0206;-192.4374;-292.8081;
493669.029;552743.351;550929.685;-517.2241;431.8304;364.3007;
479563.501;546274.277;544443.008;155.9163;-9.2088;31.0793;
488453.106;537060.435;535986.471;-311.9566;645.3695;610.0676;
550738.582;595257.935;593061.005;-301.3562;-181.2497;-206.8529;
499875.482;552164.454;549630.691;-128.6269;-776.9772;-766.5529;
420711.109;214721.135;200364.131;124.9056;-134.1356;-139.0821;
486326.631;530089.290;529191.508;215.9711;-228.9730;-217.9138;
775596.897;604783.283;603473.146;2.9182;-57.9187;-57.7443;
939693.817;610495.205;608864.119;-43.2989;-64.9692;-65.9808;
414822.891;566106.905;559021.468;-197.6652;50.9464;44.1019;
409617.756;512086.867;503640.461;260.2915;-211.4006;-226.1163;
531490.052;573140.546;571543.595;353.6879;-331.0385;-318.7118;
533274.187;549748.599;550062.070;616.5844;-378.3063;-319.0308;
781163.447;625511.087;628239.716;242.9855;-43.8438;-45.0842;
479844.887;540019.228;538558.079;-1277.3115;-62.8245;-148.1035;
472707.308;543292.571;540505.379;-653.8266;252.7643;117.6581;
495329.389;553160.526;552074.079;-528.0336;163.4753;140.0311;
481460.230;547445.024;543996.887;788.2979;599.7437;590.3836;
526259.944;398614.943;404245.005;-164.5478;-143.3765;-136.6675;
900088.597;716081.397;713312.050;-47.8178;-44.5009;-44.8582;
500795.035;512412.773;512883.863;120.7894;-188.0514;-150.0635;
512283.756;540919.394;541009.934;312.1072;-57.5658;-20.0550;
469109.552;562293.372;558962.735;-487.4815;-291.9363;-254.6116;
495585.731;497848.328;498297.796;423.5634;35.6041;76.2233;
468442.801;548599.009;546454.612;335.1199;226.1914;202.4760;
491687.619;540429.706;539097.650;167.2462;180.3528;188.6975;
445824.348;262456.122;260214.825;20.3766;56.9144;54.6417;
525087.616;534201.278;536091.455;-847.9457;86.3256;50.5637;
488799.245;559083.324;558856.619;1082.2643;-246.7069;-183.7243;
923974.826;363485.545;343228.639;54.1769;-116.1555;-125.3948;
308107.772;475091.684;470546.356;-61.0854;149.1437;144.1788;
500674.324;535882.189;535808.799;-605.0788;387.8245;335.8733;
521344.165;529220.709;530360.985;-889.6779;-423.9793;-444.0156;
501664.919;543995.136;543240.443;-612.2163;-167.8302;-238.7207;
952914.616;944032.500;937087.983;228.7730;60.4455;54.3814;
483637.723;466719.223;463490.839;301.6965;155.6027;136.1999;
403451.097;583485.271;582286.838;242.7796;195.7055;228.6449;
474582.068;590202.276;588342.400;153.1241;-196.1841;-125.8747;
483448.426;544394.556;542787.519;442.0096;229.7470;209.0762;
384668.584;461789.063;454102.416;101.7703;312.2425;317.0421;
509411.592;541336.733;541358.948;199.6676;355.0353;347.3135;
506265.962;538586.786;538353.971;-306.1269;366.5394;300.9121;
492016.255;539282.775;536786.172;1451.1846;-594.3780;-587.2250;
488789.270;538203.542;536888.920;-135.5110;-131.6817;-146.6023;
502099.402;521688.814;522187.935;651.5192;643.3002;682.0668;
511293.303;554635.074;553096.833;516.8260;-486.2354;-456.9335;
827476.053;448973.305;441646.739;5.8589;-62.6953;-63.4694;
370147.921;523355.119;514285.191;-58.1155;366.7714;450.2815;
499725.437;539272.688;538785.770;-125.9250;-446.8590;-404.4816;
377391.733;584250.998;579288.780;-268.4221;-12.0141;9.4465;
433947.314;573460.279;570526.664;-159.2258;193.0891;214.4168;
502782.055;544110.330;543220.828;-24.0670;-219.3167;-189.3028;
415376.184;574133.832;571788.719;-29.2183;-116.1489;-80.8860;
464630.556;557758.487;555356.330;-1003.3963;371.5373;255.3311;
481899.626;540545.902;536129.536;1202.3190;-731.7449;-715.2059;
495382.704;556289.291;555030.448;-649.1376;378.6031;317.9842;
509183.051;529037.808;530266.122;-127.8739;267.5000;242.3199;
503771.109;551676.515;550940.127;-409.6412;-44.7523;-108.1271;
511268.984;544376.092;544236.720;-672.9003;443.9026;388.3530;
492321.468;548156.466;546419.910;456.2202;515.3682;470.3894;
472123.658;555772.267;552845.416;-421.7934;-377.3239;-353.8207;
486369.290;499317.465;499182.941;654.6631;-128.0160;-45.8641;
482262.613;551575.894;549231.928;962.7609;-523.0835;-508.8446;
500473.688;580395.855;576422.163;-0.0700;8.5484;2.4551;
426676.185;535921.939;531424.711;-572.6919;-636.6524;-656.2209;
502028.093;530465.126;529778.230;237.1684;-527.0651;-506.2134;
595090.111;515018.971;517102.986;-300.8736;199.7774;207.5818;
505018.235;547334.999;546546.471;-832.2582;-93.1665;-115.7232;
495424.375;525135.592;524938.820;-249.4623;-105.3954;-168.9332;
483924.497;534198.706;532842.172;1091.3096;719.5397;794.1755;
500526.680;532986.967;532719.888;-530.9352;-110.0412;-114.6311;
