# This file was created for the Modelling and Simulation course, RUG (September-November 2019).
#
# Project: Simulate colliding galaxies, using Barnes-Hut algorithm.
#
# Students:
#     Stefan Evanghelides (s2895323)
#     Hidde Folkertsma (s2759799)
#
#     X         Y         Z         DX        DY        DZ
474335.576;546668.257;546622.553;290.0801;-54.9741;-55.0178;
460291.024;520930.803;520823.955;-619.9633;-125.5249;-123.2040;
746757.849;839807.624;839790.475;77.7157;-66.9541;-66.9656;
381860.872;784964.767;785533.637;-108.6791;264.7743;265.2959;
482307.072;539447.272;539418.192;-446.8262;-126.6953;-131.6592;
472676.762;537838.189;537740.967;847.5255;121.9637;124.7790;
509843.290;490555.365;490510.208;336.7818;530.0063;531.1374;
474419.365;660926.792;661046.082;426.5638;-49.4606;-47.4187;
436834.012;542393.708;542445.569;-1047.5832;-115.8515;-117.7543;
378576.674;614224.727;614141.639;-16.4111;-319.0140;-320.2183;
643398.098;455626.626;455598.760;-67.3956;144.1692;145.8592;
307489.772;457730.059;458114.573;-2.6653;18.3789;21.3101;
459920.756;535069.679;534959.169;859.6769;-358.2968;-361.6427;
444558.790;565254.702;565272.940;-8.6896;372.9457;368.8572;
141193.356;606903.517;606759.390;-121.1129;-41.6952;-42.1019;
541965.340;596395.053;596320.365;59.9946;-26.7038;-27.1173;
462366.793;542935.205;542963.839;1278.2508;-478.9331;-480.7430;
540958.452;567885.844;567312.195;-84.2353;-71.3570;-73.1964;
601266.840;620278.456;620272.825;-208.3544;-57.4009;-57.4546;
318749.037;534840.093;533832.797;-150.7939;53.4512;49.3045;
486805.878;548345.309;548232.950;-165.1021;-178.5111;-175.7251;
279853.232;497435.924;497042.896;36.4376;-167.6514;-170.0882;
468149.122;538524.840;538416.330;714.1311;-702.7950;-703.8544;
460925.938;509852.001;509803.955;407.3112;-157.7041;-159.6347;
509046.319;543984.845;543933.631;866.2218;-182.8899;-190.1814;
460991.465;535988.696;535913.437;-467.7804;-651.7923;-653.7220;
471639.314;557271.531;557281.141;48.3456;40.4290;42.6758;
478184.908;549669.261;549703.959;85.7957;392.3616;393.3400;
484802.838;542509.719;542452.354;-129.6650;180.7909;180.1592;
461791.668;551711.019;551688.593;-472.5135;44.8795;42.9193;
893582.041;160848.531;160874.586;23.3924;-32.6592;-32.6629;
641654.484;568154.357;566998.472;-258.7913;79.1538;78.1670;
456011.414;533018.902;532916.570;-644.7579;-504.2248;-506.3805;
466220.328;529814.051;529644.793;-414.8534;186.0162;184.2424;
553749.553;524970.500;525029.865;-492.0921;-28.6258;-26.2140;
466118.687;523940.734;523846.352;365.3344;129.7806;129.7163;
283077.241;517232.559;515851.308;-339.4129;-134.7593;-137.2077;
462761.496;537295.183;537249.367;-213.3260;-104.2653;-103.5526;
461809.058;568817.347;568910.977;958.2441;-83.3380;-80.5232;
483278.077;527133.693;526972.486;174.7093;10.4977;10.0526;
474518.948;531501.608;531404.604;-363.4509;-351.7367;-352.4377;
164008.143;403623.512;403476.791;12.3465;-6.8469;-6.8125;
459630.359;533600.872;533508.353;-507.6872;353.1117;359.6023;
387169.029;503481.730;503186.163;-232.2020;56.4036;55.6290;
390910.953;694040.008;694142.658;42.1582;-49.9626;-50.7570;
502059.258;543540.930;543512.649;-275.9908;184.7156;185.2733;
464785.414;512384.208;512189.912;200.3447;105.2207;104.4640;
772794.814;198732.282;198748.650;-61.4860;82.3425;82.3273;
462291.043;541698.068;541688.681;418.9178;-879.5954;-885.9587;
811471.625;708866.128;707581.113;-89.2903;24.6071;23.7992;
413731.026;575300.617;575379.619;-386.2171;38.9985;41.3356;
469661.509;548129.969;548084.766;907.3495;-287.5656;-293.4444;
451832.983;539323.568;539252.603;-709.4871;2.5868;1.9967;
510509.814;531034.737;530957.094;38.7073;-133.6327;-136.6808;
429772.454;431837.916;431682.498;-396.2604;-255.7858;-255.9170;
468016.004;540870.465;540770.423;1261.5549;266.0509;276.6750;
508582.763;525042.369;525031.257;18.5412;636.8460;633.6613;
461825.939;559418.810;559486.770;-44.2481;-507.2964;-507.3968;
701342.362;434943.631;435314.186;-258.5121;53.8999;54.6234;
461523.536;538036.295;537870.692;-849.5368;-83.2570;-82.5572;
976736.515;646312.743;646069.922;-33.0329;25.6491;25.4510;
470016.393;556519.424;556532.198;34.2727;-168.5231;-167.0589;
46733.740;479834.284;479653.446;-53.0770;82.4999;82.4445;
992753.619;304776.136;304945.997;140.8986;-19.5865;-19.4812;
511613.997;563904.500;563793.884;-77.5001;308.3861;305.6210;
398564.151;502996.121;502860.007;116.7158;-421.1540;-425.3802;
464355.890;542881.712;542897.102;-686.5042;-364.6426;-362.7936;
97672.197;138593.938;137788.985;-58.6519;-127.2476;-127.4653;
492140.138;490600.083;490406.111;-37.7769;-138.6733;-137.1867;
390245.492;574839.525;574157.313;172.1022;-18.7521;-20.9600;
475606.258;531698.778;531617.899;-177.1909;-525.6927;-531.2742;
294901.561;565820.155;565784.985;115.9045;120.2883;119.5716;
478199.500;609619.316;609176.758;43.0843;-208.0953;-210.1145;
435045.630;520070.915;519865.967;499.9820;418.3808;418.8538;
777312.873;515768.932;515090.185;132.2679;-11.9211;-13.3532;
342848.759;628187.708;628458.521;325.6565;176.8620;177.1821;
465563.980;497478.193;497270.556;-49.9477;83.2587;81.9856;
478373.751;477591.851;477247.670;230.3938;-238.2780;-239.4741;
492475.808;506285.659;506022.067;-178.2000;-61.2144;-59.9520;
495812.840;575902.747;575711.777;-228.2734;347.4853;344.7984;
471250.203;553555.278;553478.440;73.9119;654.9621;652.7184;
494520.727;548137.740;548171.035;727.0998;472.5140;477.2174;
516086.490;552456.689;552435.639;116.3127;69.4791;67.1362;
785107.402;506285.044;505302.535;-36.7857;-35.1263;-35.3944;
404181.805;516816.058;516599.266;-314.5212;114.7009;117.5226;
480482.166;562581.432;562567.499;138.1694;-38.2469;-38.1661;
481848.295;542590.224;542582.902;1435.4156;336.0973;347.3019;
493236.735;546662.204;546556.581;212.9923;-68.3749;-68.2519;
475774.381;531259.159;531205.568;394.7594;511.0603;513.9555;
474416.408;544155.919;544093.469;-374.9483;-444.5434;-443.2868;
467083.288;521995.119;521908.497;698.9842;386.4864;385.5542;
490398.145;502248.859;501741.044;-357.0905;-494.7572;-497.8165;
435325.316;517628.679;517523.997;256.2434;-778.8818;-783.1918;
468722.065;553601.306;553611.921;25.5498;122.2305;122.8417;
415264.320;573109.953;572936.036;161.1351;289.0872;290.0895;
430904.242;509690.667;509505.070;-168.9190;578.2963;577.6422;
446004.013;579432.798;579643.048;217.5585;225.1750;225.7870;
601448.950;596663.472;596615.292;80.7839;368.7478;367.5449;
428767.119;629975.738;629938.682;194.7426;216.9234;216.8007;
732577.941;611301.182;611052.086;-46.9433;-4.3818;-4.7422;
451481.947;517582.688;517440.382;241.9289;437.3318;439.5193;
381287.881;521320.876;521067.287;197.2692;406.7094;406.1767;
455106.676;533960.848;533905.266;-22.0053;492.6782;494.7238;
893173.082;464980.149;464969.351;-5.2589;-1.6482;-1.6235;
474449.811;554982.734;554960.617;724.3147;180.3695;177.8077;
451843.923;536888.920;536860.573;478.6225;272.5258;271.1504;
494437.260;525130.710;524986.551;-390.2159;-133.5050;-135.4362;
613664.549;617926.725;618412.239;427.1026;184.4837;183.9218;
479200.372;596818.232;596834.685;3.6519;47.0024;47.5855;
234945.603;955429.734;955216.926;-85.7841;71.2491;71.1789;
465311.827;531503.277;531417.673;-498.7797;-239.3170;-240.5848;
484410.083;536421.653;536325.378;-277.6774;-224.4057;-229.6250;
484127.620;537780.975;537697.445;419.0427;25.5672;25.6810;
474646.908;515269.116;515077.705;294.2656;516.8486;520.9026;
508150.885;547290.921;547193.269;-47.1626;193.6346;193.8316;
404485.624;270721.019;270322.618;3.5203;-62.5103;-62.9956;
481090.429;562452.358;562562.534;-650.9294;-277.3439;-277.9005;
451235.695;520925.745;520789.483;-20.2677;236.1707;235.8450;
192694.234;440822.231;440134.362;-204.3066;-80.3245;-82.0024;
184187.753;361195.355;361081.604;-144.7618;110.2623;110.1781;
538280.426;503740.479;503327.060;-198.3234;-201.4586;-200.6267;
522650.948;569050.610;569109.950;56.7217;588.2487;586.2188;
460356.045;570721.159;570735.290;537.3979;-26.4769;-25.7823;
595182.724;401035.959;402413.757;-431.0378;12.3633;11.4808;
501077.023;593696.528;593762.373;-320.7738;-154.5116;-154.9349;
513092.373;615686.877;615605.637;130.8427;-218.5865;-218.1172;
437691.612;563521.852;563591.415;205.2081;-101.2831;-103.1306;
474836.680;535150.391;535024.977;211.9653;-381.8939;-381.5849;
580714.081;350595.118;349687.521;-36.8702;-163.4526;-164.5241;
485117.122;533201.178;533113.483;-1090.3019;14.9625;19.0057;
500887.382;507942.702;507708.690;-276.0106;374.2874;374.9107;
513541.541;496766.212;496187.916;-586.7539;-356.1694;-358.9728;
452669.350;536226.078;536225.457;698.9243;277.3648;274.5272;
533394.695;416082.576;415578.205;237.8323;339.1001;339.6336;
470992.668;524895.739;524745.471;422.4545;200.9382;204.0588;
453709.730;535319.800;535208.628;-1054.4107;454.1753;455.5184;
481737.420;556600.956;556473.653;66.4747;-692.2678;-687.9814;
264918.488;560794.379;559821.399;-32.2687;313.3303;312.5463;
465986.222;540987.012;540903.497;-304.4639;23.7242;25.7068;
439748.157;529187.702;529406.998;-486.4168;-722.4020;-721.6721;
452332.369;531563.613;531491.096;-680.4550;-553.0783;-544.4610;
456482.535;510699.219;510620.605;163.1385;-12.8643;-13.9583;
541130.197;538178.712;538010.843;-402.6480;-1.0560;3.4452;
513571.769;510904.866;510690.709;518.8747;97.8182;97.7320;
503525.961;580174.559;580344.167;594.8665;154.1866;157.2769;
467999.016;542338.401;542257.949;-1151.8994;332.5209;334.4225;
443143.168;555918.903;555891.093;73.2742;287.6174;290.7856;
458557.396;554746.522;554718.899;-554.7491;265.6533;266.3522;
484936.513;534607.195;534608.715;666.4488;-339.9282;-341.4348;
438848.958;545182.717;545260.923;-32.7354;-549.3979;-553.6834;
527809.927;524974.228;524852.635;-256.8551;356.1908;355.0773;
420772.288;509660.871;509352.462;-59.2647;-289.2034;-295.6199;
548419.284;665817.984;665953.600;319.4452;111.0596;111.6984;
471391.877;556162.515;556167.591;130.6277;209.7891;211.7836;
491713.498;542658.059;542591.079;205.3901;32.7001;32.2631;
106201.162;605098.139;604937.901;-33.2799;-111.0356;-111.4710;
456361.930;531645.839;531553.558;382.6861;-219.5923;-219.2356;
548247.248;573546.468;573250.777;-420.1459;359.6020;355.1840;
484817.461;547194.871;547208.749;-73.0428;-741.1285;-742.8144;
465822.010;546051.256;546129.213;-1095.3663;-273.4093;-269.8050;
466421.724;549952.198;549925.633;-458.2844;5.4579;5.0421;
461126.050;546548.982;546529.260;-62.5096;167.5936;170.1344;
483591.602;550929.902;550843.993;-276.2171;460.3370;462.2940;
