# This file was created for the Modelling and Simulation course, RUG (September-November 2019).
#
# Project: Simulate colliding galaxies, using Barnes-Hut algorithm.
#
# Students:
#     Stefan Evanghelides (s2895323)
#     Hidde Folkertsma (s2759799)
#
#     X         Y         Z         DX        DY        DZ
487491.920;534464.017;530693.007;-443.5943;-176.7761;-233.4882;
511600.814;547145.371;544967.037;800.7021;26.5322;31.5250;
642851.715;434132.996;437868.995;-285.3559;-124.2230;-114.4800;
488581.100;540696.071;538477.326;-125.9730;-808.5571;-861.1107;
493037.796;555609.219;552879.908;-550.8113;933.2150;997.1335;
664422.110;576916.855;576546.004;139.6516;-269.8613;-259.5740;
591140.032;944262.265;960686.231;-17.6112;2.8972;10.3210;
569756.995;689714.508;704108.153;-97.6565;300.9517;297.2735;
496385.183;508910.999;496708.877;36.8673;-388.7667;-526.1765;
518566.370;565489.137;563230.118;-545.1607;657.5980;672.9744;
492588.585;551067.173;548830.944;785.2002;-406.3985;-455.3847;
622445.323;710584.824;711219.772;-118.5062;87.6890;86.7875;
488419.470;545377.003;542120.758;-268.6589;-232.5636;-312.7198;
481105.443;543220.126;540504.967;-1421.9715;759.1682;544.5570;
346607.942;388985.830;372965.720;-99.0191;-81.6124;-90.7398;
412432.321;530116.277;519640.478;112.1539;10.2060;25.1973;
477617.401;545638.067;542029.638;-357.8148;188.9001;179.0338;
409951.465;561924.757;562142.344;-250.6551;205.6490;293.9977;
590704.805;533290.753;538429.356;173.3099;27.0857;44.8509;
473305.399;572861.137;568356.955;106.3232;205.6956;271.2578;
473312.176;544737.495;542576.376;-451.4046;-60.0316;-120.3747;
480133.816;552257.479;550494.022;-851.3884;-145.1008;-202.0557;
511708.755;555064.157;552990.476;-210.7999;546.1119;628.0364;
502164.626;538220.357;535505.176;140.4731;-180.1758;-157.9469;
488398.603;547194.016;543806.428;-765.8957;-123.8174;-163.3598;
853439.967;161963.089;161807.357;-47.6452;35.6755;35.3827;
445900.352;492221.739;491699.305;363.4988;328.1297;383.5122;
521908.974;536744.262;535631.105;-114.3849;45.3469;112.8693;
480457.031;560392.832;558170.038;370.2965;211.6084;210.1268;
617445.487;520891.208;521921.668;-786.2150;91.4225;143.2857;
502458.408;527097.048;522954.262;-6.6716;453.3767;487.2069;
513779.803;490382.229;498359.354;140.6925;623.4593;559.1231;
519118.870;483230.545;488688.668;-151.0986;60.3705;86.2707;
487073.500;554571.840;552982.880;-543.8514;-803.0781;-917.5014;
486934.134;556531.025;554017.814;754.2105;-349.9580;-277.5676;
472053.164;539232.985;535465.722;-199.2310;-121.6666;-146.7061;
606928.300;537850.522;541002.338;-83.5292;-329.5661;-300.6927;
493992.113;540982.642;538503.058;280.0980;686.0102;774.2650;
505591.840;542828.196;540407.974;-771.0470;-109.1772;-140.6564;
500676.736;534947.475;532832.059;-218.3115;570.1578;533.3951;
501892.068;551685.779;548515.024;106.1730;-78.6396;-132.5306;
417930.155;518840.238;510468.730;-109.3044;-90.2911;-107.8130;
413109.424;626057.800;621887.513;-251.5861;240.0279;238.4679;
788509.764;416895.881;418457.225;225.5765;23.3906;18.8597;
764627.030;392331.324;387030.293;185.3283;-18.7831;-41.4244;
478034.482;545367.964;542744.058;399.9281;-260.8986;-291.9004;
482609.089;555485.902;553080.364;-245.6133;-88.2938;-91.9298;
540450.588;526644.372;526896.419;-281.7020;-289.1404;-308.4603;
679016.591;109507.203;103799.015;50.5523;-236.7059;-244.7977;
543598.574;586008.016;590318.457;62.5063;76.0187;126.2355;
504847.133;542563.830;540487.365;-367.6597;-583.7440;-603.7297;
485822.723;521040.397;517692.786;376.1574;-55.4840;15.2160;
448635.941;391113.682;406694.940;-271.5031;-190.3550;-183.6846;
349899.374;674398.404;664936.371;-138.5923;-59.2546;-68.7644;
603309.669;411221.015;421982.032;236.7600;-111.3943;-81.8430;
540211.879;567320.390;567276.147;644.6562;-78.7837;-45.5041;
258849.814;697967.699;697298.194;182.8111;25.4643;24.9856;
485544.813;560863.414;559525.074;137.1901;178.1505;186.3573;
479057.880;545214.620;543069.821;-824.4470;-0.6108;-28.3289;
485173.314;536204.865;533118.008;-625.7445;207.4768;235.2719;
488663.131;545006.774;542296.643;547.5312;-665.3842;-755.3162;
470828.304;545503.188;543011.520;-553.9731;-595.9037;-683.7550;
464562.317;559639.379;557348.091;204.4977;284.4547;309.7863;
459253.737;514955.171;511934.247;-0.8354;401.0807;333.0733;
597430.755;542403.940;546606.597;200.6377;-240.1296;-268.9308;
536515.735;529098.193;529188.844;474.4528;-402.1139;-402.2982;
389060.241;583211.851;559580.196;-389.4132;145.0248;61.4366;
618645.494;518884.996;524739.728;-285.5284;81.0442;73.3485;
500246.079;502367.591;502794.358;234.9441;260.1410;292.2267;
499057.242;575264.320;573389.586;145.3633;264.3957;281.5074;
796886.927;439844.186;441574.849;237.9522;9.0930;6.2569;
502786.228;548770.617;546213.117;-83.4860;435.5314;465.5412;
485027.788;536636.299;532088.676;529.3159;120.4364;103.0013;
610281.295;531020.471;535090.360;-392.6183;311.6613;326.1927;
787866.017;372950.387;374686.229;237.6558;-51.1633;-31.3269;
482915.461;544496.368;541896.179;433.8668;-209.2733;-276.5446;
498059.012;545434.197;542841.638;604.9035;302.5370;335.2331;
520518.720;533576.158;530790.015;367.8664;646.0197;854.2177;
491624.721;543887.728;541623.274;-168.8609;-814.8126;-863.4037;
483574.160;550492.331;548972.709;-550.3205;56.4604;12.4876;
491707.331;538852.036;535868.373;-171.4465;-431.3159;-452.9556;
369009.232;413326.698;397543.647;-106.1897;-227.3182;-281.7539;
512781.303;554115.653;552829.368;-636.3210;183.1773;136.4302;
479370.619;166204.970;150188.211;135.5926;-85.3554;-88.0180;
485197.795;555836.561;554027.092;527.3064;412.6762;458.6982;
767887.559;577347.472;576296.179;-40.2584;-65.6497;-64.9411;
905280.823;579469.798;577435.471;-115.3753;-72.3432;-72.9074;
462146.964;566393.029;557037.923;-773.0462;309.3195;322.3083;
470354.404;515009.783;513384.327;952.6975;-325.2279;-253.1930;
409482.630;472991.100;468034.388;-359.1574;58.8709;11.5251;
443000.701;531396.204;525473.288;231.9672;487.2960;498.7068;
870486.383;599565.419;601264.814;163.6678;-68.4626;-71.6632;
502546.986;545629.521;543133.159;304.4653;239.7918;285.8849;
417263.082;568514.346;568002.997;147.7620;-72.2355;-36.3887;
502015.268;536545.084;532541.340;-49.4342;116.7883;138.6363;
468824.295;545863.092;541900.201;145.7510;652.4722;682.3569;
446182.855;368338.008;374715.385;-187.0354;2.0817;-4.0083;
868041.746;690811.226;687946.845;-97.5501;-69.4495;-69.4921;
533339.450;530604.908;527688.150;360.9976;12.3722;25.9483;
501322.582;544853.020;543075.141;-1067.5257;-277.3163;-315.6333;
491922.254;546845.092;544891.911;1184.5097;460.5387;683.6536;
470943.223;529284.689;523925.045;-287.5195;-316.7990;-326.9772;
537363.360;560227.794;561991.535;35.0551;-429.4227;-456.0453;
512347.961;542035.173;539686.791;-228.6571;-66.1815;-83.0654;
455834.378;292500.286;289193.631;24.1698;79.2480;76.8065;
457121.442;544743.314;540827.305;470.8876;-261.1000;-165.6732;
464590.877;412098.058;427552.834;-74.8005;-58.4512;-27.7746;
950750.352;329008.872;319128.095;55.6303;-59.0880;-24.4033;
346573.263;554134.978;548292.845;268.0559;187.8466;187.6330;
499717.105;561319.971;559289.615;683.4628;-475.7668;-458.6480;
489519.620;565151.774;563401.308;-394.8553;-250.2891;-244.6282;
508053.947;544205.038;542937.546;634.1168;-389.1318;-344.3059;
497397.763;593751.910;590866.206;-408.9551;150.0629;76.4024;
488472.113;414001.346;426725.599;-179.6216;-237.2178;-197.4412;
489135.295;545565.571;542021.663;377.1720;1335.3226;1134.9794;
487073.180;538608.731;535653.022;-379.1856;353.2119;347.8364;
617443.700;535491.274;542030.876;394.1688;-183.1200;-142.1026;
483318.864;548190.674;545506.799;-277.6970;-100.4778;-164.3152;
483185.398;546445.998;543229.608;681.5372;535.1747;616.2466;
486067.946;554314.193;546809.205;-1607.5327;304.7612;96.7949;
478453.064;539703.417;536455.974;-501.4173;-218.5119;-243.3947;
486440.426;517815.746;514765.617;297.9328;-417.4804;-341.3440;
499221.525;551889.787;548874.990;916.7523;-364.7859;-331.0015;
811614.545;424886.332;417922.897;-86.3386;-43.6632;-38.0805;
585341.880;552592.475;542571.781;254.0363;-579.4299;-562.5458;
524510.778;534691.643;533688.318;-81.0193;-373.6201;-339.3971;
597176.120;581673.519;593828.043;300.0214;201.8719;285.2970;
523753.738;567651.439;565715.250;-807.3411;90.4491;-16.0371;
522463.079;551676.795;549646.946;59.1322;-250.6127;-258.0516;
471314.391;534899.518;532797.389;956.7406;12.2006;-116.4472;
466435.956;543382.663;536376.143;-1160.9042;-621.1558;-643.8697;
615981.724;522790.963;524992.437;-88.6754;190.0724;38.5981;
470307.603;521156.005;515888.431;822.9652;27.1215;79.9658;
477796.319;537322.071;533799.455;6.1342;-167.3983;-201.3680;
489349.562;544921.897;542292.962;418.9483;413.2206;434.6467;
483785.411;554875.966;552373.394;-490.1796;-524.2814;-580.9453;
475934.314;552880.724;549837.470;420.1866;196.5612;215.2886;
514399.728;550492.578;548981.296;164.0928;-107.8467;-41.3604;
517707.572;534422.341;531121.872;19.2015;600.1885;607.6999;
498189.886;594851.271;596819.917;509.4744;155.1476;216.3141;
572560.092;551080.601;549869.751;265.7389;-115.8994;-124.8821;
421659.022;355633.289;340318.821;125.3977;-240.6021;-262.5956;
485582.397;542132.472;539084.948;73.2945;-978.0364;-1070.4219;
426322.058;550094.557;547939.673;749.9102;-40.3956;22.0445;
489575.661;548107.572;544997.721;664.7923;272.7125;344.0711;
476359.870;548199.092;545006.156;1466.7832;284.1860;437.2586;
525816.684;539637.437;539390.354;848.6551;-198.9701;-217.4734;
487665.869;544103.567;542037.665;569.4472;136.5985;171.3986;
