# This file was created for the Modelling and Simulation course, RUG (September-November 2019).
#
# Project: Simulate colliding galaxies, using Barnes-Hut algorithm.
#
# Students:
#     Stefan Evanghelides (s2895323)
#     Hidde Folkertsma (s2759799)
#
#     X         Y         Z         DX        DY        DZ
480222.284;554359.446;553237.637;266.9923;234.9323;239.3332;
454446.666;520348.608;518959.735;395.2614;-240.5539;-249.9404;
784949.418;550626.428;549902.752;-95.4352;-164.8165;-165.4812;
488512.006;528241.198;527806.521;-72.2465;-98.3021;-113.0180;
474152.720;544650.022;542968.059;1257.4596;-127.2111;-106.2118;
396544.190;630053.565;627662.810;392.4164;194.3392;190.3598;
600112.296;923110.084;933301.495;-6.5864;55.6124;65.0769;
318125.129;521792.846;521934.248;211.1464;-160.5896;-151.7826;
544155.062;586672.808;585663.651;-564.7123;-269.4117;-300.2331;
459271.430;544212.796;542442.279;-35.3229;-737.3929;-748.6178;
481291.346;537774.952;536446.714;46.3673;-516.7824;-526.0652;
591248.862;547686.036;549108.438;393.4613;400.6315;392.4687;
492212.447;539208.817;538545.126;-794.5581;525.6296;478.1082;
483483.703;525331.509;524761.239;-976.9322;584.2294;512.6854;
586635.838;641266.581;638260.558;-144.9858;-153.1968;-175.4523;
433826.207;470144.630;464874.378;-58.8061;53.3648;46.5440;
475183.544;537211.261;536057.875;124.7968;398.4103;431.2690;
66190.152;612598.748;610349.401;-274.7480;-56.1291;-58.3161;
561837.664;501881.359;501359.341;-62.8331;-105.9370;-83.4734;
530204.674;550891.523;551803.854;13.5141;-95.0652;-92.8873;
490100.051;522242.301;521632.758;-890.4605;-629.2491;-621.2406;
475918.357;544181.335;542827.586;179.1866;-218.4392;-232.2619;
477128.544;539950.690;538592.647;323.7684;42.2835;32.7810;
469565.895;505555.984;504428.565;-48.6659;-70.4319;-62.1394;
489201.221;552328.609;551548.304;-755.4052;-187.0592;-205.2266;
485745.525;537813.162;537224.578;-1087.2925;325.0609;233.3688;
882027.208;142595.530;142557.630;-30.6750;17.4700;17.3953;
541996.064;585579.436;583717.361;-251.8483;-239.0073;-249.5752;
476988.039;541458.211;540502.440;-605.4162;72.8581;27.6654;
498702.078;525750.538;525009.384;-699.5432;-255.9434;-294.0299;
725987.043;493563.229;493642.083;162.4893;12.1097;19.4709;
472214.133;557037.388;555582.228;-645.1534;85.2511;83.1016;
416269.997;432967.072;426716.125;-40.5004;-250.1051;-241.9386;
439065.005;543448.777;541388.611;-422.2279;297.5059;260.0844;
453997.803;519007.151;517948.192;269.3205;112.1304;112.4130;
505260.005;527850.245;527048.409;10.5318;-399.8268;-391.5537;
490916.419;540668.623;539890.461;-133.8363;282.9351;271.2669;
453302.480;418353.517;413884.093;-174.0880;203.4510;209.4248;
471765.720;553184.761;552678.325;-1108.7354;112.4802;37.9842;
487184.110;546328.324;545866.608;437.1898;259.7486;221.4011;
482982.352;548889.253;545758.317;-1073.0324;400.4864;309.5906;
480801.790;576175.860;575278.841;308.5568;226.7193;190.0761;
458264.150;536460.286;534482.022;663.0626;-106.3160;-79.2550;
7469.615;604435.482;606203.273;-322.5028;36.3686;34.3004;
449256.449;508425.192;506281.052;31.8108;-246.1036;-228.8155;
582745.181;428013.974;426653.262;299.3336;-88.0913;-79.0913;
593553.801;443521.561;443393.470;352.7869;-154.5013;-137.9920;
499729.604;558723.440;558460.372;344.7406;9.3930;26.4834;
453284.449;551649.437;549391.180;-811.6067;-250.4189;-289.4778;
501558.870;510519.044;509963.618;-679.6701;-494.4182;-528.7508;
629096.303;312515.965;312781.291;97.8385;-335.4971;-343.4462;
456175.349;525951.532;524985.489;586.8962;-54.3081;-56.6599;
496377.812;535518.901;534985.529;408.5522;-817.6581;-776.9438;
433245.630;532411.056;530137.784;411.1014;-196.4336;-182.0019;
364258.569;574966.087;572000.732;219.6928;124.5426;147.8246;
497844.620;646758.936;646565.615;-236.8068;175.5924;161.4968;
591637.862;611307.844;611725.167;-398.2677;-123.7001;-116.7588;
476752.251;515300.640;514477.239;211.2496;221.2155;248.3431;
145425.023;667916.011;667460.630;128.2044;53.5261;53.3381;
526175.050;536826.923;537247.901;-241.7467;-512.2274;-554.8474;
488629.451;539450.635;538274.504;-442.4946;-168.3843;-178.3112;
464173.747;562659.199;561116.934;462.5071;121.0915;119.1390;
490820.472;535975.746;535026.262;163.0150;-24.3375;-43.6967;
458522.818;574994.346;573180.410;-41.6304;-31.9176;-32.8291;
485397.043;561996.439;560582.435;637.3753;40.1209;56.2187;
517172.982;559250.503;557911.715;367.8687;-167.8138;-137.6611;
429808.044;361930.027;362673.867;11.6358;192.9661;198.7273;
511647.429;532770.277;531353.273;319.7509;-665.5242;-663.2971;
696456.982;486271.690;485212.993;-199.2832;74.9656;76.8266;
766621.431;464547.051;464660.912;466.2784;-289.3056;-319.2919;
416765.983;566782.731;563950.370;214.5324;-86.7287;-81.4362;
398145.758;495904.764;490951.618;-55.6038;-129.0304;-141.8466;
495572.967;561462.812;562861.035;356.1106;522.1494;579.0949;
527043.755;489744.512;490618.488;508.8362;-392.2364;-375.1489;
474623.000;523251.780;522482.159;244.4881;-119.7378;-113.1486;
474776.205;546043.392;544981.368;-77.2283;-327.4705;-328.5639;
594348.701;417525.247;414972.609;396.1021;7.6375;21.9790;
548756.649;495628.184;499808.736;589.8438;-405.2336;-368.3714;
487740.485;540621.483;539686.196;-325.5061;189.5597;206.4451;
493049.740;544234.389;543201.543;-450.0259;126.8748;118.6824;
503318.697;542260.392;540731.500;923.0204;319.6097;481.0756;
474993.946;550629.447;549234.455;257.4885;100.5894;125.1241;
462169.062;543986.437;542092.333;242.3909;195.4229;228.9692;
483088.187;533409.006;531995.429;34.3634;724.0873;728.1761;
535305.298;575399.748;574926.267;498.7599;326.5790;355.0762;
482158.334;573728.071;571474.780;63.6982;-137.4173;-163.9420;
387102.205;258933.627;246377.222;106.4963;-175.4977;-183.4368;
477480.850;549744.443;548586.976;-1018.2310;78.3914;9.2803;
770563.471;620933.824;619727.395;32.1943;-52.9475;-53.5702;
946674.726;628182.541;626844.766;-5.7181;-58.1637;-59.1901;
561595.500;457247.058;455701.446;-50.7587;293.0897;257.6124;
518796.371;526080.543;526455.951;-65.6506;823.1242;778.3654;
411752.114;572630.614;570649.805;242.7786;246.3799;241.6363;
462510.257;497601.267;496002.557;-495.5359;-99.5741;-119.9672;
702065.187;633610.310;636382.974;312.5771;-10.2461;-9.4511;
521157.271;540568.348;541021.038;-363.9875;107.8394;89.6384;
618365.492;512380.384;512650.577;-317.9178;47.5277;71.3928;
476508.074;535486.389;533806.946;-34.0198;-521.1358;-520.5134;
443683.266;568017.164;567310.287;283.1660;20.1187;36.8254;
566991.172;458463.305;460911.663;-95.8297;-306.2654;-284.0330;
909888.137;726846.665;724200.792;-20.7544;-30.6274;-31.1266;
484923.936;531947.595;530730.650;550.2764;535.5274;528.6018;
476916.360;539025.477;537410.722;759.9376;173.6868;208.0731;
493412.474;529757.923;528415.533;1157.2622;311.5148;326.0682;
512530.975;517868.348;517648.008;429.2198;361.7955;380.4562;
434794.007;540649.914;537897.685;-48.9240;36.4527;32.8183;
467532.141;547219.960;545893.505;132.1617;86.7031;62.1045;
439926.058;247678.481;245950.511;22.0763;45.5503;44.4832;
447048.906;538187.300;535539.614;-611.6901;-152.2609;-161.3767;
409512.409;518361.988;514472.670;-369.3965;151.8017;109.5065;
898539.348;400916.559;384089.959;123.0861;-143.3439;-157.3125;
348580.593;441314.931;438370.111;-217.9194;81.7203;75.5433;
472952.344;549881.937;548428.658;-204.9816;418.2886;417.7351;
457494.132;552614.699;550974.405;497.2556;477.8338;498.1971;
471914.319;533359.594;532904.199;165.8889;290.1658;301.2997;
884984.413;924526.854;919355.766;244.9525;76.0592;69.7633;
401480.875;447573.024;448416.091;246.3877;3.1353;0.7206;
543135.951;539583.378;544235.413;-538.1786;-431.4264;-440.3801;
524808.758;489454.243;489356.441;-179.2735;82.4067;110.8048;
487908.931;553094.972;552184.258;701.8573;554.0545;560.9440;
377252.785;388362.439;380950.489;-28.6572;210.4834;205.6293;
495842.282;532409.955;531207.062;242.0914;161.0479;172.4489;
477464.456;540942.223;539778.889;302.7844;-533.1574;-494.1018;
373583.866;622509.288;621972.384;60.5557;-91.9819;-106.9324;
487711.337;536821.723;535742.025;511.8092;135.2562;139.1083;
516181.354;519466.551;519294.595;640.8246;216.2033;233.8664;
501182.020;536862.190;536307.953;-454.2754;-569.2304;-537.1206;
818186.935;467261.293;460521.326;66.8916;-62.3000;-66.7417;
492045.765;456739.878;451536.677;-596.3816;15.3387;-80.9472;
480598.716;543912.258;542996.771;236.6804;-258.0739;-254.3579;
548924.785;483484.453;486043.128;-119.6620;210.0212;214.0421;
550787.069;522527.675;524974.420;278.2014;-79.3615;-40.3767;
485881.641;532248.333;530929.073;-33.2311;-186.6785;-195.2431;
552614.442;497337.196;500609.340;-358.4020;248.5079;260.8965;
463096.041;560140.085;558030.679;280.7780;-771.9428;-700.4837;
368155.698;611274.450;609415.063;180.4385;-74.8825;-36.4760;
478385.988;537502.667;536239.630;-236.9284;-682.5419;-686.2576;
488452.168;531256.732;529838.539;180.8770;-15.2765;-5.5644;
492923.644;539278.116;538968.892;768.1425;489.5075;504.0402;
502797.932;530249.869;529331.496;281.6962;307.6202;307.9883;
483812.085;563101.464;561673.227;830.5248;-246.6070;-226.7991;
495319.278;558287.764;558315.378;-578.6085;357.2162;349.9006;
518001.321;521771.615;520549.594;378.2759;223.2462;233.1979;
493677.086;535611.563;535513.186;-1430.0351;159.6043;76.7219;
480011.156;552148.883;550954.690;329.8867;-691.5112;-654.9521;
636173.861;553148.764;556727.132;-310.9584;185.2625;190.2650;
481000.976;523247.316;521167.039;525.9076;-304.4081;-270.4730;
557488.576;482787.399;483554.041;641.3725;-42.1899;-59.6927;
491364.457;544502.549;543526.097;-347.5318;456.9856;466.1688;
477113.662;530226.133;528766.540;319.5336;-219.6961;-241.7543;
474204.474;530976.492;530257.302;-353.4417;888.4351;909.0873;
475968.074;536054.522;534691.282;-366.3746;-241.8151;-270.3871;
