# This file was created for the Modelling and Simulation course, RUG (September-November 2019).
#
# Project: Simulate colliding galaxies, using Barnes-Hut algorithm.
#
# Students:
#     Stefan Evanghelides (s2895323)
#     Hidde Folkertsma (s2759799)
#
#     X         Y         Z         DX        DY        DZ
567300.483;530273.391;524252.413;108.4402;-206.2914;-197.3894;
546262.257;533453.130;530513.902;-216.7223;-135.5221;-153.9911;
484699.070;395096.870;403645.064;-331.8271;-24.2550;-15.7535;
529800.830;550329.153;546837.338;-433.6275;974.5387;854.2100;
540302.415;541004.271;537787.673;878.2240;-263.1918;-258.0152;
607340.705;447244.022;453177.092;-312.5612;-145.0530;-140.5526;
580711.574;936900.385;956579.791;-24.2221;-32.9243;-27.3434;
517021.091;792137.342;798288.209;-107.6867;128.8370;105.9183;
550034.873;599679.941;610740.012;57.8783;-332.5876;-256.8030;
504998.319;570249.513;562901.828;-546.9428;-796.8529;-865.7704;
517909.830;547042.418;544046.329;321.0805;510.9516;496.3138;
534336.788;715403.673;717380.102;-210.6558;-73.6056;-70.7065;
529708.353;554467.726;550306.310;345.3163;-58.1581;-124.1540;
550696.964;508116.172;513845.480;-442.7818;432.8344;426.8851;
395211.333;365502.160;347390.072;174.7564;-48.1717;3.6791;
514867.296;547762.719;542431.275;-1228.1631;-122.3983;-364.4910;
517555.861;560227.493;555684.905;-60.9030;248.2015;212.7145;
537304.443;473299.337;487383.494;-45.3570;-217.9428;-188.1294;
444795.246;567094.577;552030.435;-305.7668;172.6495;99.3385;
529792.934;517549.734;513540.960;452.9051;29.8053;-29.2960;
511134.201;556262.876;550796.660;-401.6667;198.4852;55.7428;
525598.118;559969.163;556202.321;-990.2639;-169.8342;-202.3825;
536661.962;559652.297;554959.572;526.5013;496.2618;483.7548;
538931.136;571705.500;567334.473;246.1669;18.4840;-16.4790;
508692.100;535651.353;533234.928;-156.1728;-58.3952;-90.6461;
826754.349;182960.751;182628.324;-59.6110;49.2138;48.8151;
661966.190;619297.226;653924.309;143.8863;-45.5927;75.6673;
488385.510;558590.047;554515.877;5.6716;396.8367;375.2852;
518529.870;550704.008;547380.758;215.3946;775.4976;722.2458;
287202.237;515970.816;516052.875;-124.7267;-133.4859;-32.4697;
438708.087;523484.448;520549.224;-136.4394;-99.6183;-87.6342;
318575.665;571939.493;597857.280;-114.5699;-92.0591;-47.4211;
612973.046;651672.787;655990.589;318.7262;204.5925;248.0076;
458106.704;559808.112;551819.120;55.3467;-213.6277;-213.3155;
531171.591;571534.154;564815.206;59.2991;-374.6674;-321.7623;
525137.861;541991.120;539293.643;-905.2354;208.2047;245.0394;
565138.261;619355.504;617366.996;516.1850;95.8795;117.7276;
528774.424;545972.479;541815.921;751.0405;-236.0760;-277.1891;
534984.878;551357.847;546478.487;-95.1906;-600.7433;-584.8393;
563382.701;544583.798;539018.985;480.7568;129.4229;107.3065;
528678.550;562852.134;557483.989;336.3089;381.2034;278.1590;
509210.168;533441.061;531800.323;628.7886;307.5124;326.6696;
419742.318;609869.886;605718.246;276.7205;-285.6438;-308.8108;
888425.215;445298.733;441066.638;149.2113;66.1546;59.6298;
852922.960;387974.389;375434.172;169.6612;-2.5204;-6.9588;
523092.270;552195.053;547707.085;-464.7515;-43.7777;-63.8555;
525509.593;552536.182;547568.494;963.3509;-184.5130;-201.0164;
524594.459;549074.126;545465.593;-1097.4767;-712.2510;-611.4531;
532273.465;551240.593;547183.602;-348.4773;1230.7922;929.1778;
522538.006;536685.445;532186.143;-160.5142;-57.9271;-41.5975;
541900.123;562429.013;555799.279;-189.4382;225.4283;236.1481;
342215.423;353144.529;336846.098;-208.9223;21.2496;-107.0829;
316045.473;621737.496;609971.117;8.7493;-150.8653;-147.8788;
698372.953;383864.158;405215.124;151.9383;-11.4031;3.1135;
581691.655;624864.873;627589.535;253.0720;-6.2434;91.1137;
360740.869;702367.069;701274.361;226.8520;-10.9303;-12.1267;
545806.156;550536.413;546473.714;-134.4814;242.4453;175.9519;
526155.168;530404.200;527579.867;-241.2160;46.2548;12.9215;
546142.590;528079.632;525310.117;-441.5526;-225.5624;-205.6133;
540580.669;528030.853;526618.287;76.6005;298.8988;259.5350;
535132.351;548267.065;544194.963;854.3040;583.1677;598.2475;
527496.278;550846.671;545806.310;-484.3122;-146.4469;-124.0420;
618780.715;529222.402;527960.245;-185.1003;-92.3082;-135.8022;
456584.896;506274.897;504447.607;-308.2610;312.5242;353.5338;
536646.304;554418.717;550974.080;475.5563;-957.4891;-921.4783;
254979.599;630484.991;583726.474;-200.9709;68.4971;41.6697;
326654.065;542450.114;528668.980;-254.1111;50.0009;-38.5235;
426310.926;605933.952;599416.773;-120.9415;8.2100;26.4932;
544896.774;533841.567;531486.961;352.5148;182.1539;142.5005;
876638.364;434328.736;430631.852;117.0350;-7.5255;-25.5092;
525703.320;548274.505;543575.839;740.2954;-116.7728;-154.3473;
547560.810;546378.005;542386.459;848.7586;84.6211;117.9848;
462540.157;491842.899;486173.060;331.3501;118.6185;130.3563;
880985.452;367803.231;375493.393;139.5532;24.2895;26.3826;
520227.275;552824.291;547652.474;13.0985;121.4116;107.4659;
516735.233;549895.381;546060.556;-972.4801;390.7028;372.2403;
504513.797;601887.820;594842.552;-579.0196;158.5735;193.4629;
544317.122;566473.668;562844.916;150.0803;395.5077;321.8055;
537342.002;543993.148;540552.485;-84.8808;240.7342;206.1232;
529132.445;550524.053;546332.850;660.9067;753.1304;740.6063;
330774.794;347349.329;334128.233;57.9734;-21.3929;21.1809;
506217.104;553782.484;550217.805;-454.8690;-475.9482;-378.3873;
547499.668;134893.156;118034.738;137.1722;-41.8712;-42.6664;
526426.212;559538.462;553355.405;180.4764;-563.9475;-516.4979;
731511.024;542870.722;542199.629;-110.7199;-71.6397;-70.9516;
824730.259;546471.921;545046.468;-212.9092;-66.0431;-64.1429;
526001.572;510392.548;505150.071;-82.8601;-218.2846;-112.6787;
557961.749;523919.039;525090.269;687.4579;459.4458;456.0462;
301429.329;535499.267;518212.565;-121.9544;136.9088;200.9635;
632141.609;467276.567;466440.307;-58.4604;-176.0183;-175.9691;
932335.749;557899.154;557000.222;82.9492;-91.9347;-97.9928;
517594.820;551504.577;547962.209;-578.9335;360.7991;360.0492;
596060.850;521189.281;526200.343;53.9861;-46.6346;-5.4333;
528695.420;540357.901;535443.525;559.6116;-70.6268;-37.6687;
480762.785;544585.074;541718.743;-186.0128;491.8226;486.1519;
353691.862;390275.692;404306.270;-149.3335;77.8390;90.9082;
801626.519;647984.106;645208.515;-177.0193;-104.9673;-104.4756;
563987.935;544419.014;539026.823;27.6297;70.3273;38.3848;
531498.931;534390.631;528984.293;130.9254;-446.8225;-424.7528;
491371.446;570732.787;561341.800;-678.3098;80.5572;-18.5521;
529370.145;525920.050;525442.018;710.4998;-62.5574;-46.7542;
408273.931;628583.258;621430.388;143.0798;143.3727;167.5620;
485428.756;550667.648;545741.050;128.8681;98.2847;116.4118;
460997.850;343546.588;329329.126;2.5368;119.7388;84.3318;
516514.897;543373.771;540849.465;-735.0012;255.9864;392.0104;
472374.927;447494.345;457649.616;91.5206;260.6985;218.6135;
958410.189;309224.476;316771.716;-24.8510;-18.9050;15.8527;
602457.850;547261.627;543971.014;261.3859;-326.9145;-375.7579;
511294.729;563024.293;559448.638;563.9935;338.9649;244.4576;
502674.491;563534.577;557772.948;410.3133;-18.0189;-1.5619;
529826.625;526410.104;522280.004;46.5285;64.6541;64.6739;
361871.162;543622.154;538929.566;-149.1404;-199.0674;-157.5305;
387627.365;404884.990;421554.950;-141.6352;130.3640;98.8156;
521831.661;542449.096;536495.962;-574.7232;-1220.1428;-676.2450;
527863.213;562035.122;556797.635;796.7632;219.3014;142.8867;
644403.236;473610.159;473980.572;-190.3446;-55.7116;-92.0524;
514138.801;558824.260;554148.136;-634.4466;-11.1979;21.7849;
536435.398;555606.215;550258.278;145.1206;-139.2491;-200.6772;
306330.331;505695.775;523407.201;-44.6311;41.8330;-85.9590;
524939.842;558090.936;552470.565;187.1212;178.1220;116.7265;
486657.118;565669.522;557538.699;-476.8965;278.0667;267.2299;
529860.788;538728.165;534740.687;514.6141;202.7845;123.6603;
752700.074;410873.830;414054.583;-149.0221;-9.1876;13.4261;
508166.656;436027.959;480857.972;-344.5866;219.5410;125.6964;
509960.018;547262.263;544450.669;792.0115;-128.6227;-179.9981;
510161.879;530763.598;530026.851;411.2716;-1039.3422;-677.2156;
537555.786;565814.243;560965.373;-1169.7345;383.2331;403.9396;
527792.320;557678.443;551948.084;230.4867;-218.2389;-323.3193;
502311.303;545966.248;545047.296;-344.6252;-185.3084;-212.2432;
541252.483;522546.220;523394.577;916.4124;-540.2153;-300.6930;
335209.083;531528.809;537480.901;-281.4536;-94.9952;-54.0933;
467851.725;511413.438;507263.051;-11.0220;-169.2872;-152.9401;
510463.002;550177.052;547697.898;295.9314;207.2287;227.8218;
506249.419;554672.983;550180.695;-106.7561;72.8735;103.3540;
505233.887;550982.183;545934.576;-408.5903;-101.9962;-181.7561;
520871.712;546333.424;542882.636;307.7091;-233.6333;-186.2753;
513054.186;558029.738;552700.360;335.0143;784.3758;707.0941;
480064.818;518989.318;514725.975;658.5933;-53.2714;55.6894;
545004.252;563993.213;556542.052;794.4558;-656.3350;-569.7922;
528135.134;580127.740;579492.153;376.8401;-427.3861;-418.0452;
499169.800;283425.952;274457.541;166.4913;-64.0698;-30.4390;
510135.627;540455.371;538631.332;866.8029;304.7187;282.3292;
447841.261;533304.090;532184.984;48.3106;-142.1040;-107.5321;
512639.644;548147.388;543688.400;49.1910;-52.7529;-90.9392;
536469.897;560040.314;555106.870;-464.6972;-375.4012;-534.5197;
531807.889;552320.122;545953.686;-18.3506;-1026.5570;-946.5865;
501228.969;546096.078;541595.327;-65.4893;289.0878;300.3201;
