# This file was created for the Modelling and Simulation course, RUG (September-November 2019).
#
# Project: Simulate colliding galaxies, using Barnes-Hut algorithm.
#
# Students:
#     Stefan Evanghelides (s2895323)
#     Hidde Folkertsma (s2759799)
#
#     X         Y         Z         DX        DY        DZ
490627.331;532877.023;532487.005;54.5625;-317.2819;-327.1551;
460545.927;527179.353;526648.620;39.5844;-561.7143;-584.5304;
817606.059;651253.641;650945.765;-13.6632;-148.4025;-148.9883;
493866.738;536796.253;536679.964;27.7528;-701.7467;-697.7133;
485721.713;516954.870;516529.131;206.8600;56.1805;48.0744;
471900.044;841276.061;838538.833;-151.3394;319.9685;316.2791;
288580.683;470074.296;468234.187;-106.3016;238.3589;241.0952;
599743.483;870579.824;874182.997;8.9640;111.3796;122.5053;
486351.986;564434.382;563894.594;-827.3185;526.3136;486.3643;
355732.748;490329.183;491322.721;649.8448;54.2734;58.6912;
479549.212;516378.896;516049.546;-436.8602;542.0162;529.2988;
482161.488;531302.013;530997.204;398.6855;171.3166;163.1301;
466305.786;585329.819;586049.536;-652.9520;137.4960;130.4859;
480606.560;524062.887;523760.127;-412.4478;213.5354;205.3065;
391665.887;493211.766;491882.328;250.1637;163.1716;175.4607;
534243.149;561658.285;565178.095;548.7022;506.1142;557.9915;
484136.356;499436.836;497073.988;-244.6664;453.9973;481.0292;
489917.665;563798.117;563408.204;438.7573;-83.1905;-90.8115;
265435.412;637457.545;637289.876;-370.4882;-8.5526;-12.4325;
535535.348;519010.153;518983.108;-757.0972;25.9955;38.6539;
460422.626;522013.046;521415.578;240.5145;312.3134;321.3165;
576779.419;506170.115;507274.012;-609.1765;-118.9966;-103.6280;
485833.700;530615.870;530139.597;581.9245;-245.4961;-258.8685;
488381.428;527355.741;527300.076;-374.9539;-527.5892;-533.0486;
466291.844;528343.149;527881.052;-80.8522;582.3689;583.4307;
443995.732;531256.713;530581.948;-2.3854;-672.7344;-689.6945;
481377.751;525980.439;525764.222;-511.3724;626.6987;624.1793;
897325.311;135850.333;135845.540;-17.1208;3.8506;3.8142;
387011.318;500185.869;499480.013;79.4399;-183.4740;-184.8520;
496492.719;525835.067;525686.608;217.8934;-1.5883;20.7113;
459846.142;561442.180;560515.388;494.4986;347.1995;337.1910;
368386.022;516910.293;516221.238;185.4246;107.8658;113.2848;
478643.223;528961.320;528922.275;-661.0591;-31.6880;-35.8691;
644672.406;607481.733;607143.873;-31.7226;-28.8935;-30.5580;
502701.907;542252.560;541950.512;-99.8372;-161.1092;-152.5334;
476130.270;536818.623;536931.829;-794.9049;-397.1244;-405.6096;
443519.072;530466.530;529839.955;244.5159;132.4646;133.4385;
473852.840;511997.527;511594.856;210.9289;-210.2548;-200.5054;
562997.047;424050.800;420955.472;-90.6354;-218.7594;-228.0147;
434148.919;559616.594;559240.598;-786.1915;-259.2526;-273.8246;
452982.436;530966.720;531003.554;19.0217;566.6633;554.8742;
541525.327;568992.974;574151.889;-479.1555;-51.9853;-68.6468;
485168.145;507458.286;507757.790;-287.8571;-429.2174;-464.3037;
488107.636;493220.004;493023.202;191.9506;-31.2575;-41.7086;
279454.478;576325.934;578284.556;-587.6627;66.8939;69.0845;
512376.647;541374.115;541756.339;513.4394;-23.8562;-15.0623;
496746.911;614252.319;612704.498;-280.7961;-246.6419;-249.2666;
522890.028;629948.751;628391.648;-188.5391;-110.7238;-101.6385;
463540.834;514088.365;513222.744;28.0414;697.6774;706.2673;
465385.227;524475.959;523839.746;489.5465;-882.0086;-885.0035;
465870.251;591152.567;591249.275;561.8444;-195.2148;-201.2251;
353445.823;551924.730;549084.526;679.1551;161.1178;152.8308;
494191.261;551547.281;551671.162;-731.9507;-19.7373;-10.6683;
519202.838;519434.874;519189.991;362.0318;-122.5348;-126.1908;
466564.034;537038.618;536645.606;-1200.7667;-368.6915;-402.4915;
545070.597;582590.815;580704.695;-148.4656;-390.8902;-379.5682;
457438.442;481734.041;480124.131;524.7146;-81.3474;-86.7191;
769810.619;654989.927;654300.010;-204.2268;-24.4280;-24.6297;
459683.303;537193.497;536743.039;610.8782;53.5394;33.1340;
77277.682;626792.284;626432.476;83.0142;72.4282;72.2784;
499365.385;515128.142;515999.092;-82.8370;-817.2299;-821.8471;
523814.372;512652.231;512397.838;40.6049;-44.6917;-46.3048;
451709.250;543811.650;543183.095;194.2019;-154.6867;-145.2750;
472771.908;526890.416;526561.732;649.5239;-54.0900;-59.9054;
490241.686;517285.651;516448.862;-578.1877;166.8038;170.4255;
458198.915;533631.949;533011.904;-560.6371;-112.2702;-119.7364;
462968.223;566142.890;565385.632;504.0216;145.0798;129.0473;
421516.591;297983.430;293109.583;26.8854;33.3820;38.5100;
498136.053;550169.928;550543.536;-291.5816;-179.0434;-176.7501;
790485.033;467901.872;467049.939;-100.0236;-1.7663;1.4007;
503911.347;485118.204;485331.249;-682.5357;-311.4232;-327.4376;
413492.426;555002.314;553360.413;164.5186;-49.7273;-53.1385;
615209.587;498653.011;497936.179;-176.5688;143.3418;143.5400;
477867.524;508872.690;508042.357;142.6879;550.9787;538.9072;
503537.517;489079.456;488976.659;105.3835;-165.1933;-173.6517;
483830.234;539755.209;539470.486;254.5275;-297.0213;-288.9021;
478898.847;535495.877;535237.815;601.2495;170.5240;177.8448;
572573.444;550596.945;550804.199;-47.5380;182.7099;172.5404;
309750.083;634398.046;633980.254;58.9652;-34.9245;-34.1269;
464856.296;537520.341;537168.420;-28.6602;529.3720;557.6913;
464740.280;542102.417;541333.386;922.1782;-537.9878;-536.8327;
465802.804;553449.073;550628.141;-1027.3807;61.0501;35.9975;
463545.604;525113.743;524428.617;637.9764;-315.7507;-307.7641;
473017.510;536629.099;536399.458;-633.5070;755.4765;767.7247;
483775.124;531866.686;531777.575;-1003.8677;247.6078;223.9238;
457235.878;490917.844;490734.980;48.3858;336.0433;355.1601;
443666.762;521125.765;519928.670;289.7453;663.9654;672.7403;
353098.623;416454.800;412081.665;-38.6695;-346.1670;-364.3834;
477208.576;515826.426;515251.594;199.7880;-308.5874;-305.5680;
730700.462;649320.659;648613.446;88.6575;-42.5430;-43.5606;
931869.968;651782.593;650889.669;76.6687;2.8322;2.8226;
509047.941;586309.443;588919.490;-7.1427;158.8086;151.8861;
424597.097;560010.205;558978.696;73.2026;-651.5123;-621.6807;
473230.430;596487.727;596778.747;327.8316;-21.1754;-14.4866;
145636.416;422226.701;420279.466;-267.7581;-95.9566;-99.5311;
440376.986;524714.639;524453.098;-129.9230;609.2032;604.0958;
446087.967;514512.015;513916.673;-242.3290;686.3933;686.0250;
459718.613;519945.456;519193.223;395.1863;483.6824;500.0997;
757779.591;487100.362;484669.239;-160.3218;24.8411;20.7331;
435152.251;538498.076;538252.751;-11.1889;-345.6352;-342.4768;
416690.058;501948.667;500363.027;-72.7568;144.2859;145.7947;
356594.527;525730.180;525044.535;104.2718;211.7276;236.7126;
905010.134;736505.706;734285.603;36.2086;1.0343;0.1954;
502604.667;535810.933;535800.551;-515.9877;-11.0266;-19.0152;
481918.590;534926.775;534797.347;-885.1129;-226.8062;-237.3819;
466227.454;513513.380;512533.369;905.1672;264.3204;273.9470;
489207.727;522377.151;521891.654;427.4265;118.7074;136.9830;
468409.355;537645.501;537215.897;-182.6507;-315.8900;-311.4014;
460617.479;537330.563;537132.737;324.5990;87.4845;77.1375;
425901.352;228245.166;226966.945;20.2865;15.5209;14.9046;
484836.588;538733.554;538887.177;-242.1366;597.0108;606.7658;
505467.762;500449.351;500527.656;100.8313;-454.9748;-465.1967;
747427.808;510927.824;506637.517;420.6130;-189.5366;-220.1478;
537528.861;532689.238;532565.956;134.2968;-515.5899;-499.3465;
468142.739;527191.892;526652.778;378.1070;-303.2923;-301.9782;
511999.301;554811.515;555335.016;-196.7157;-396.6763;-405.8212;
488761.532;538060.555;538330.199;62.3615;10.1500;41.1967;
714076.074;860815.831;859855.359;291.8860;127.8805;121.0324;
315507.079;485007.930;483957.724;21.6493;-109.4695;-105.4884;
543044.093;460574.797;458357.912;-537.4535;208.7674;197.6521;
489928.039;551765.254;551712.087;860.2198;171.7180;166.6740;
446214.374;537745.687;536753.642;-282.6532;179.6002;181.9560;
433199.427;288478.628;286234.919;-129.2474;98.5938;93.7817;
475053.799;515754.883;515216.206;38.7245;-694.4449;-693.9781;
473098.154;523471.931;522936.475;115.8005;630.4108;670.8817;
578548.433;498494.703;495907.044;-425.2945;48.2394;60.9406;
468185.568;533005.682;532501.110;243.9186;345.5626;346.0909;
501758.122;522158.073;522129.964;-506.2703;390.2097;394.5382;
459908.771;523065.180;522527.393;-56.4044;-133.5082;-139.8634;
727127.435;511456.777;508668.342;207.0201;-64.5747;-70.4420;
483496.277;646559.589;641137.479;479.8468;-40.9354;-38.2193;
473542.186;537501.750;537185.194;330.7030;-218.8242;-204.3267;
438650.400;531885.606;532312.489;1130.9742;302.2677;295.2785;
489729.007;576344.919;577384.141;-273.4154;77.7302;93.9400;
474410.009;536991.504;536507.214;40.6155;48.4849;38.3550;
441847.175;580094.944;578427.091;-237.1576;228.4364;210.0640;
428980.100;508464.837;507571.602;361.3563;-133.9436;-142.7980;
553853.968;467893.321;466192.852;-173.1339;188.1075;190.8677;
506460.087;537592.947;537621.846;528.8427;150.5116;157.2931;
457852.304;532512.389;532015.841;211.9252;-59.6485;-60.3295;
459797.650;537555.781;536902.155;-58.9231;-268.5768;-300.3347;
473166.576;530181.778;529902.838;-1044.1503;-288.4995;-317.9159;
510798.078;537423.577;537445.173;140.4587;69.9059;77.0115;
516507.459;499330.013;498528.463;184.5907;364.1633;371.1130;
484815.204;490846.909;490407.830;488.8309;97.1373;105.4438;
913275.069;648107.808;647183.109;149.1763;-72.2119;-74.1139;
466092.223;520950.118;520683.173;-117.1026;-450.4792;-435.3273;
494774.140;553554.575;553319.210;541.8192;-81.0547;-91.3905;
498552.758;481085.935;479620.654;865.2595;-390.7339;-394.9368;
470955.614;557425.675;556860.480;-585.0387;115.3792;109.1329;
582792.071;558678.787;558433.438;284.1003;330.5773;341.5857;
462723.788;522020.834;521280.821;713.7222;109.1853;102.5843;
487021.615;518922.696;518614.561;119.6820;-412.4074;-417.9199;
469726.600;526665.219;526380.023;980.3056;-439.9341;-404.2644;
469214.474;513743.803;512829.989;-187.0830;-58.6349;-64.4940;
