# This file was created for the Modelling and Simulation course, RUG (September-November 2019).
#
# Project: Simulate colliding galaxies, using Barnes-Hut algorithm.
#
# Students:
#     Stefan Evanghelides (s2895323)
#     Hidde Folkertsma (s2759799)
#
#     X         Y         Z         DX        DY        DZ
139364.208;567451.630;567453.402;30.4867;15.8933;15.8871;
195811.360;569557.433;569559.190;172.1488;-235.9750;-236.0450;
253026.709;651817.001;651815.612;75.2824;192.2041;192.1991;
230095.117;386653.756;386656.300;-52.0893;-117.9385;-117.9348;
147229.508;658512.266;658525.872;39.3243;75.5798;75.6087;
239148.246;494135.404;494136.146;205.1742;-602.4627;-602.4461;
249438.328;500792.074;500792.928;780.8663;-694.5387;-694.5808;
220373.456;569838.385;569840.687;-137.3860;-103.3716;-103.3700;
234320.900;478886.853;478887.379;-56.3472;-196.0228;-196.0315;
255589.038;486627.192;486627.787;136.0903;551.5836;551.5542;
158435.571;526020.282;526023.693;209.7351;155.2987;155.3051;
225633.606;559204.389;559207.420;168.7940;121.3409;121.3462;
278337.861;517725.383;517725.063;211.2602;37.4956;37.4975;
199525.064;511161.293;511162.614;496.3111;368.3774;368.3804;
226768.336;491747.832;491748.927;-403.5548;75.5234;75.5514;
213769.768;506284.153;506285.169;1129.2514;149.5103;149.4883;
213333.465;520842.182;520843.738;-47.1681;-11.1754;-11.1883;
236292.854;510480.596;510481.663;-154.2252;10.5296;10.5152;
288271.397;355915.692;355906.721;39.8430;-24.5529;-24.5739;
220016.390;509208.570;509209.672;796.9250;276.7068;276.6982;
187827.455;262714.277;262710.095;-7.4192;-164.3254;-164.3280;
227604.552;515419.158;515420.081;312.8286;78.6575;78.6300;
236005.978;510607.310;510608.283;-64.8134;-148.4467;-148.4440;
239018.432;493397.393;493398.190;579.0238;128.0029;128.0009;
240418.201;502232.296;502232.729;-1174.0676;6.6340;6.6879;
199629.826;404449.844;404441.437;-28.3329;129.2621;129.2544;
208254.863;505743.479;505744.445;543.8521;-628.7324;-628.7260;
164201.244;559847.718;559845.914;-82.1709;101.5427;101.5428;
259596.419;495103.859;495104.039;-292.2176;-135.3475;-135.3531;
234468.779;487244.428;487245.008;-193.6851;333.7763;333.8190;
233701.103;495591.672;495592.216;-145.9478;223.6780;223.6864;
212323.580;511146.533;511147.701;130.6121;-348.7734;-348.7685;
203541.795;500746.872;500749.414;-863.7617;-152.8416;-152.7922;
245918.813;507158.200;507158.490;204.8554;17.3698;17.3593;
241216.179;492835.717;492836.655;297.9590;-360.8695;-360.8528;
223697.770;515398.672;515399.625;114.4104;-491.9043;-491.9192;
245063.000;513935.601;513935.475;-157.6686;-223.3976;-223.3885;
193678.065;453996.434;453999.176;36.3031;189.4708;189.4625;
261579.770;493219.585;493220.128;-113.4214;-311.1614;-311.1473;
255134.509;509329.220;509328.861;176.8265;637.3706;637.3494;
214311.536;505593.911;505595.806;-31.0680;-497.2587;-497.2431;
251520.189;499019.626;499019.395;965.4545;-215.0854;-215.1193;
237840.811;499392.779;499393.655;-144.6096;-693.4885;-693.4891;
244160.937;488860.055;488860.170;-229.6044;102.7353;102.7632;
191187.188;575929.370;575926.460;159.6842;-273.2939;-273.3092;
196693.986;518374.419;518376.343;428.2424;170.9648;170.9644;
224472.160;515289.700;515290.611;-62.8206;-262.5418;-262.5427;
314504.380;618486.917;618487.037;142.2996;26.4105;26.3999;
172234.802;489922.678;489923.313;-310.9005;-65.9310;-65.9349;
240741.091;502342.148;502342.853;121.8251;398.8139;398.8385;
193833.992;490162.086;490163.369;576.7717;4.2824;4.2723;
239731.439;507685.171;507686.688;162.3197;642.6474;642.6658;
14392.287;596213.750;596216.248;-154.0465;136.0886;136.0966;
180228.037;467595.746;467596.846;-409.6833;88.4988;88.5104;
269893.729;483261.384;483262.749;107.9502;179.8933;179.9068;
215575.357;502671.640;502673.210;154.3160;-563.5405;-563.5432;
246008.688;497025.900;497026.526;-505.2589;255.2845;255.2958;
194934.991;572213.134;572215.805;139.5336;-350.2483;-350.2109;
328601.276;614963.398;614963.029;151.4865;21.1517;21.1624;
238558.821;499632.330;499633.388;590.2001;73.3023;73.3184;
255859.501;487423.046;487425.132;248.2778;-112.2157;-112.2058;
233535.470;479669.126;479669.964;115.6535;-132.2505;-132.2536;
231800.278;499726.664;499727.016;-51.1094;61.9232;61.9291;
246775.121;490627.001;490627.338;177.0102;-232.0912;-232.0882;
251538.627;496260.749;496260.825;-364.0583;262.1315;262.1394;
228287.054;497440.195;497441.393;-111.6207;508.2433;508.2498;
203156.555;500481.483;500483.414;-388.3641;364.0684;364.0701;
252313.480;481611.494;481611.666;241.7866;163.6385;163.6446;
253425.092;497395.781;497396.201;-76.0929;-307.3587;-307.3527;
219599.277;506210.491;506211.448;63.6510;-480.3428;-480.3631;
233074.539;506712.830;506713.768;538.3760;-104.8557;-104.8254;
157258.976;447583.466;447585.113;40.3116;55.7345;55.7294;
278786.158;489725.732;489725.530;-93.0731;230.3477;230.3462;
350221.765;436706.640;436706.954;109.7447;37.4823;37.4847;
228423.414;494625.972;494626.153;-111.0239;111.4256;111.4333;
245822.297;498309.224;498309.141;1435.0736;-271.9548;-272.0229;
245344.041;504213.036;504214.631;587.1398;-247.3197;-247.3252;
261583.258;494583.601;494583.900;151.5367;427.4693;427.4559;
258797.857;503044.047;503044.316;309.7650;208.8650;208.8542;
241171.189;511126.196;511127.459;-761.4243;129.3333;129.3359;
249472.668;498298.262;498298.607;-461.5091;600.6250;600.6241;
214363.958;510945.683;510947.247;-76.9212;205.2458;205.2465;
202988.373;502074.476;502076.607;-214.5482;-105.3550;-105.3403;
233171.151;507981.855;507982.400;303.4835;-372.3101;-372.3110;
330548.470;504261.022;504263.513;-37.0440;201.6244;201.6348;
277971.290;492647.533;492647.152;-242.1165;255.5130;255.5177;
179002.655;491163.943;491166.436;135.7180;282.2495;282.2557;
229474.595;502376.015;502377.274;297.5924;-431.8419;-431.8355;
240540.242;500303.448;500304.049;-520.3032;274.6744;274.6592;
238045.260;499385.737;499386.712;209.4565;-44.7790;-44.7911;
242688.732;498363.328;498364.068;-320.0244;660.8417;660.8841;
248834.749;500522.200;500523.391;34.1735;195.3770;195.3734;
277546.399;470686.341;470685.308;464.0903;121.5037;121.4634;
213936.490;503852.947;503854.792;759.6390;-524.7116;-524.7549;
208764.332;526972.885;526975.456;170.1811;51.7399;51.7260;
358204.200;369870.994;369878.929;133.2278;23.0767;23.0959;
214408.798;510561.719;510562.958;458.9295;201.3740;201.3848;
226954.465;510820.390;510821.565;-988.6496;375.5813;375.5837;
239773.798;611589.786;611590.487;22.5804;107.4426;107.4492;
331515.096;491638.495;491639.571;140.4733;162.0080;162.0011;
776562.521;523087.036;523085.437;219.9864;19.9140;19.9155;
703040.185;470097.876;470098.560;-26.6391;-96.4056;-96.4122;
824786.816;535547.693;535544.456;-195.7689;39.0918;39.0923;
754966.683;522081.742;522080.392;190.3405;-196.6061;-196.6090;
788722.378;532256.857;532256.106;224.2788;134.2150;134.1878;
756762.722;496591.122;496591.242;-11.4582;203.1763;203.1551;
747422.079;537117.560;537115.212;-320.7278;-275.8736;-275.8497;
796531.717;468776.805;468777.747;206.7448;113.7836;113.7818;
773185.479;505888.870;505888.674;514.4413;-171.2165;-171.1988;
721536.359;545934.174;545934.317;372.5927;167.5194;167.5148;
850529.738;618008.783;618005.227;-25.6983;51.4879;51.4964;
717944.295;557983.759;557980.154;-456.3425;53.7582;53.7592;
766419.771;525590.994;525590.278;-215.2955;-206.5662;-206.5626;
745602.638;511315.974;511315.439;180.6026;64.6086;64.5887;
681538.667;495275.993;495275.134;-97.7940;38.2219;38.2009;
737945.967;514348.275;514348.070;606.6157;223.9901;224.0063;
737446.556;488228.251;488230.688;-55.7272;360.5358;360.4703;
753336.505;498724.550;498724.226;-158.1418;-266.1395;-266.1268;
891017.893;533603.708;533600.495;45.1489;-86.5723;-86.5709;
801149.867;525201.761;525198.815;208.6547;82.3444;82.3187;
791681.528;535713.912;535713.476;-670.4837;224.9051;224.8784;
754958.017;516896.930;516897.062;-312.7119;83.9552;83.9408;
733258.664;492940.482;492942.454;-229.6474;-348.9677;-348.9432;
623023.373;378684.590;378679.144;-254.2400;-146.4002;-146.4277;
757740.003;513575.525;513574.614;287.4999;-552.9801;-552.9627;
869238.091;386250.910;386251.224;-141.8614;60.3717;60.3699;
685671.459;443273.139;443272.525;43.3584;89.2904;89.2945;
773125.024;506960.534;506960.187;-508.2500;320.4390;320.4353;
825492.149;528697.338;528694.981;-9.6282;-56.2168;-56.1980;
865138.107;422780.208;422779.412;-153.8337;18.5099;18.5094;
730023.485;507625.567;507625.574;-219.8321;610.7612;610.7408;
798557.467;546872.270;546871.697;28.0976;32.1294;32.1177;
699850.121;505736.034;505736.348;-88.3360;-188.0298;-188.0170;
770189.152;513380.602;513380.488;645.4743;598.3816;598.3880;
727115.720;504108.967;504109.133;-106.4415;-283.2060;-283.1817;
740489.757;497745.442;497745.402;277.2595;-54.9895;-55.0016;
765829.769;509350.481;509350.615;-92.9391;590.5931;590.5690;
745733.287;558869.800;558870.023;-20.4433;256.6066;256.5922;
738852.454;506063.437;506063.366;-25.7786;291.2277;291.2387;
754531.722;524324.926;524324.068;-348.6285;415.3660;415.3785;
771184.506;463380.708;463381.335;-202.8594;192.4018;192.3901;
728522.849;520587.361;520586.639;-225.6044;-157.4807;-157.4784;
731086.669;492500.993;492501.348;-81.0420;235.1908;235.1883;
723774.501;450385.078;450384.835;-41.9806;31.4256;31.4259;
822757.519;553692.510;553690.685;-212.5248;-262.1969;-262.1786;
715521.138;512601.402;512600.946;-461.4793;-61.3819;-61.3673;
777719.368;500935.120;500934.946;-86.2439;-105.2163;-105.2022;
826395.980;598035.041;598032.886;-65.2278;-110.9656;-110.9306;
730478.473;525863.756;525863.122;75.7736;134.7359;134.7319;
736481.062;497418.155;497418.300;-302.8704;-205.5688;-205.5673;
690834.956;561755.927;561754.255;53.1909;-167.2700;-167.2655;
648722.171;354620.731;354621.442;-73.1496;35.7956;35.8007;
741614.511;504098.089;504097.787;-726.2131;-116.4501;-116.4218;
745358.504;513505.997;513504.827;-523.4968;178.9509;178.9546;
800101.192;556051.122;556048.589;-61.0411;2.1554;2.1431;
718357.270;432699.341;432700.470;-173.5933;-124.4649;-124.4601;
734726.725;506619.136;506618.780;142.5056;-325.0030;-324.9974;
753221.268;488670.588;488671.179;-6.1609;11.8618;11.8512;
793330.217;526374.325;526373.379;-72.3893;30.5725;30.5346;
730118.252;515217.923;515217.556;-205.7080;219.6916;219.6906;
621026.670;303978.440;303974.990;-181.9351;-143.5493;-143.5576;
756115.581;511659.749;511659.710;-495.8792;171.2852;171.2643;
780375.096;526277.872;526278.350;210.7145;474.1615;474.1593;
758963.728;499082.733;499082.803;-552.1673;-106.0938;-106.0950;
737034.566;517700.949;517700.354;-193.8319;195.8991;195.9124;
709460.912;417864.023;417864.153;-129.1960;191.5373;191.5444;
747482.037;474088.787;474090.323;-50.8248;-400.2396;-400.2131;
702464.050;505404.526;505403.749;-86.9791;192.4055;192.3853;
743871.665;505377.702;505377.334;184.3099;-47.4687;-47.4661;
766787.589;525874.691;525873.257;279.2273;-551.2359;-551.1963;
755236.496;514572.905;514572.182;-257.6039;-476.4403;-476.4453;
593242.461;487306.146;487306.732;96.1881;129.4688;129.4642;
747237.956;511754.155;511753.274;567.7094;79.6207;79.6158;
752173.725;507288.661;507288.089;133.7911;-94.9603;-94.9526;
795757.587;579377.822;579372.735;-307.0406;-204.7452;-204.7479;
743735.441;508685.632;508684.839;319.9617;359.7770;359.7139;
861916.606;452507.886;452508.936;-165.3223;-56.4337;-56.4327;
762800.690;518021.062;518019.921;107.5043;-888.1449;-888.1484;
772741.176;515921.618;515920.591;-542.9270;-429.9394;-429.8916;
763476.125;486062.695;486063.104;-171.8267;-164.2830;-164.2692;
757695.839;522633.620;522632.324;-725.5786;-9.5183;-9.5452;
758666.009;521767.038;521767.060;302.5603;197.1207;197.1138;
743522.955;507593.057;507592.567;134.6111;19.9145;19.9268;
764894.496;540969.137;540967.531;161.3093;441.3427;441.3293;
820920.147;583808.079;583806.256;-327.3929;-134.2637;-134.2720;
706732.855;529247.176;529245.781;-486.3528;-142.7853;-142.7826;
827649.431;536687.067;536686.031;527.3773;55.5564;55.5334;
713467.876;497151.174;497150.281;111.2813;218.9304;218.9310;
755848.905;491128.897;491129.541;238.5595;-398.3295;-398.3048;
830428.197;617155.236;617153.412;-211.9514;-97.3008;-97.3171;
849631.784;456872.855;456872.977;-251.2303;163.7033;163.7117;
772725.273;497124.435;497125.102;69.2382;-421.6876;-421.6624;
723467.346;502047.826;502048.108;-376.1569;165.3296;165.3409;
751384.767;505295.062;505294.108;-411.8162;484.9590;484.9263;
817494.506;591807.103;591806.403;245.3672;270.6043;270.5991;
728505.505;497274.596;497274.413;-178.2584;-223.3137;-223.2948;
742271.852;506350.219;506349.346;-22.1600;-33.4294;-33.4562;
757712.195;520724.233;520723.343;-907.5641;-223.7176;-223.6850;
703118.415;498632.167;498630.876;64.5187;159.3780;159.3696;
