# This file was created for the Modelling and Simulation course, RUG (September-November 2019).
#
# Project: Simulate colliding galaxies, using Barnes-Hut algorithm.
#
# Students:
#     Stefan Evanghelides (s2895323)
#     Hidde Folkertsma (s2759799)
#
#     X         Y         Z         DX        DY        DZ
213050.499;442902.809;442903.638;24.9689;28.5737;28.5830;
241721.000;440600.801;440600.431;-129.8521;68.5482;68.5453;
163153.629;403353.014;403352.837;29.3255;52.3065;52.3045;
127656.660;518935.687;518936.409;4.3838;5.6625;5.6701;
167955.320;400962.682;400962.377;68.8757;114.2541;114.2518;
218015.775;550599.817;550599.513;-204.7012;-72.6472;-72.6495;
131163.839;569843.923;569843.570;240.4394;-137.5250;-137.5296;
184648.129;524469.026;524468.546;81.7436;-144.0915;-144.0864;
264081.600;464753.413;464753.246;-66.2751;13.2275;13.2256;
155629.706;539754.673;539753.811;144.6386;-44.9424;-44.9495;
168620.144;562794.465;562794.576;42.1067;-126.5175;-126.5163;
245952.506;502883.592;502884.296;-280.8369;-6.3618;-6.3552;
209710.255;501881.449;501881.631;727.4534;-215.8273;-215.8477;
156839.630;483735.616;483736.652;330.2013;121.5388;121.5486;
223729.291;426169.994;426170.521;73.0142;143.3665;143.3723;
163444.540;416526.451;416526.110;5.8067;69.0532;69.0503;
184259.595;539128.182;539127.773;34.0876;-70.6689;-70.6710;
246766.164;508183.296;508182.733;-423.0506;30.4349;30.4379;
159525.685;584423.915;584424.767;41.8213;-121.9705;-121.9612;
211186.341;501399.742;501399.706;105.2361;63.5549;63.5674;
144615.440;565045.844;565044.886;115.3769;-63.7867;-63.7940;
208912.672;488902.134;488902.693;-235.4790;162.5545;162.5517;
197050.069;502193.346;502193.233;-295.9637;-344.8602;-344.8626;
237174.822;467070.431;467070.875;-234.9721;129.4337;129.4365;
196052.810;501417.315;501417.161;-409.2945;-173.1959;-173.1856;
120844.594;524455.144;524455.858;165.8194;-13.9575;-13.9491;
198841.229;496044.808;496044.772;-118.8397;560.5454;560.5292;
239230.455;375152.553;375151.597;10.4480;23.8128;23.8011;
251975.997;481849.018;481849.057;-167.9247;34.8922;34.8929;
220920.135;555666.762;555666.511;-86.8213;-179.2384;-179.2405;
203792.747;502746.349;502746.388;-287.7215;-53.8372;-53.8383;
185103.336;499873.696;499873.820;647.0452;38.8789;38.8795;
121526.658;518669.595;518668.629;263.6802;-15.4432;-15.4524;
218422.768;489059.282;489059.987;-668.5798;206.7576;206.7491;
204570.704;503026.819;503026.796;54.5395;216.0920;216.0905;
199525.167;485369.833;485370.016;398.4493;376.7833;376.7822;
168192.641;563909.284;563909.894;149.2547;-125.0942;-125.0922;
130167.771;547027.788;547029.022;72.2846;-17.2151;-17.2009;
201112.456;483482.194;483481.817;381.4515;401.6075;401.6097;
142692.190;499269.566;499269.413;271.1785;13.4551;13.4544;
210589.702;502065.385;502065.530;118.9960;48.8370;48.8268;
195850.563;546113.188;546112.970;-64.3335;-208.0501;-208.0503;
203175.386;506021.386;506021.403;-89.7598;443.3894;443.3965;
200307.436;486347.012;486346.673;167.7479;108.2434;108.2417;
242637.890;438139.711;438139.507;-181.4024;154.1930;154.1918;
218922.867;475207.120;475207.103;-125.5248;149.2228;149.2224;
206298.416;497628.960;497628.899;-18.9499;-277.8660;-277.8637;
249440.969;438679.089;438678.595;-50.9905;37.0734;37.0678;
186035.749;518343.008;518342.908;303.8237;-69.9640;-69.9637;
202492.340;502314.639;502314.576;-142.3514;340.9966;340.9984;
240517.389;459698.124;459698.336;-155.5115;77.8079;77.8097;
146113.674;425215.026;425215.025;188.8887;173.1555;173.1549;
327336.914;468731.538;468732.027;-58.5028;11.1048;11.1109;
198865.401;479180.735;479180.531;320.9172;339.2111;339.2101;
189155.447;518338.556;518339.520;449.9370;-119.0861;-119.0868;
195773.174;499169.516;499169.534;-266.5366;-139.3189;-139.3298;
229625.468;567933.515;567933.671;-49.2082;-59.7761;-59.7746;
240374.072;421993.522;421994.726;-81.4323;140.0156;140.0272;
258206.690;381620.047;381619.835;-44.5323;50.4505;50.4477;
201531.157;505915.110;505915.041;-184.5286;617.7027;617.7042;
204405.401;589659.857;589660.958;-12.2795;-60.2433;-60.2300;
209319.822;507305.040;507305.581;-400.6498;-231.9193;-231.9328;
203830.837;498004.664;498004.727;119.9681;19.5972;19.5975;
209389.796;510420.551;510420.541;11.7075;-292.8115;-292.8119;
210815.321;497475.193;497475.168;166.5408;-562.8659;-562.8635;
204065.219;506231.453;506231.345;-340.4828;-913.0365;-913.0239;
152201.246;433187.715;433187.655;-28.8282;3.8600;3.8595;
193025.167;517200.174;517200.653;172.7208;-342.8329;-342.8344;
184618.779;530386.314;530387.072;244.7127;-214.7056;-214.7050;
211286.472;503484.142;503484.200;160.0208;-16.0915;-16.0934;
202566.657;502346.624;502346.418;-541.1970;-823.2133;-823.1928;
227603.508;448165.470;448164.640;35.7582;69.9694;69.9624;
185662.762;516723.533;516724.554;249.0247;-65.7676;-65.7619;
210062.498;588511.691;588511.685;-11.2515;-55.6971;-55.6972;
199394.187;490566.452;490567.096;236.7203;114.9024;114.9008;
133568.149;546186.122;546186.744;213.4623;-51.0928;-51.0874;
270138.998;495033.727;495033.746;-90.8602;14.0389;14.0391;
209146.641;491895.715;491895.855;232.7922;415.4314;415.4207;
193182.880;500573.537;500573.701;505.8473;59.5706;59.5691;
179648.104;549320.276;549320.929;70.0934;-82.2648;-82.2609;
210838.406;497789.348;497789.344;-8.8354;118.8735;118.8848;
194505.522;533224.960;533225.251;-31.1135;-75.7028;-75.6995;
201452.209;499546.677;499546.632;-477.1159;-665.4265;-665.4296;
209732.071;501713.331;501713.313;92.5371;37.3429;37.3455;
171644.105;562942.870;562942.159;-67.3312;-174.3519;-174.3548;
200690.201;502416.651;502416.561;-264.1173;-290.5259;-290.5316;
252151.485;514454.690;514455.245;-396.2380;-217.6717;-217.6727;
215269.127;498374.834;498374.834;64.0926;-11.5179;-11.5024;
206994.453;499708.484;499707.946;-54.1187;74.2443;74.2587;
202988.172;499633.493;499633.376;-180.1050;648.4160;648.4229;
207078.876;491657.623;491657.295;-436.3898;439.2196;439.2342;
203631.056;499320.211;499319.861;77.5443;10.3794;10.3784;
176886.491;405083.182;405083.463;-91.7226;56.7549;56.7563;
203584.439;477121.051;477120.623;-74.9321;386.7659;386.7659;
221921.896;570311.055;570311.913;-25.5130;-61.5253;-61.5157;
259459.876;580647.335;580646.727;-83.6754;-74.3367;-74.3439;
160072.985;484798.893;484799.847;171.5919;57.2695;57.2788;
139246.034;434703.742;434703.731;250.0959;0.2141;0.2140;
179702.500;436843.205;436842.773;3.5449;20.2131;20.2080;
123961.510;457578.253;457579.499;116.0282;23.9039;23.9186;
809137.337;502422.391;502422.855;-238.1481;-141.0588;-141.0607;
793868.271;536272.387;536272.811;8.5541;-35.6331;-35.6293;
867073.623;540764.244;540763.651;-209.7789;-21.9673;-21.9737;
794508.500;495128.152;495128.418;606.9072;-375.5817;-375.5923;
891913.164;545439.676;545438.535;-252.0576;-48.6379;-48.6490;
838186.732;510919.989;510920.368;-320.3313;-30.2897;-30.2890;
742512.524;455744.984;455744.159;224.4506;195.8628;195.8553;
740366.464;505259.551;505258.498;79.8504;-90.5777;-90.5813;
775186.024;482104.822;482104.765;292.6285;232.8756;232.8848;
763283.745;523480.480;523479.971;181.6224;-74.0318;-74.0352;
758599.606;468447.914;468447.661;87.1831;85.8481;85.8483;
807616.981;586474.379;586474.212;50.5794;-252.1696;-252.1653;
862949.641;490525.231;490525.776;-414.1092;41.2063;41.2115;
806446.571;491562.586;491562.643;14.0134;45.5095;45.5003;
833909.064;538281.009;538280.584;-52.6747;-135.6750;-135.6736;
811558.511;477630.254;477630.081;-360.3559;222.2330;222.2431;
808433.697;489995.842;489995.935;-184.7282;-76.0129;-76.0295;
822601.298;467712.832;467712.845;-400.3785;456.7293;456.7287;
738611.777;506186.740;506185.743;181.9583;-244.6029;-244.6054;
808630.926;515165.380;515164.626;-97.7288;-230.8149;-230.8193;
728305.330;503235.032;503234.672;350.7481;-11.1183;-11.1258;
832053.373;529681.974;529682.522;-214.4430;-64.2531;-64.2561;
809084.352;509999.152;509998.253;-82.3580;-73.8617;-73.8698;
875170.511;613188.031;613188.315;-29.2851;-45.8039;-45.8005;
806128.800;494873.406;494873.445;-18.4526;56.3378;56.3374;
709155.195;563652.314;563652.214;113.5243;-60.6995;-60.7008;
861874.097;567771.046;567771.236;-81.0013;-69.6597;-69.6579;
754608.020;482401.268;482401.710;230.9370;24.1278;24.1310;
836456.310;581202.099;581202.444;-80.3367;-109.8508;-109.8470;
747960.807;574933.774;574934.026;45.0557;-64.2056;-64.2028;
817703.761;470755.038;470754.980;-347.8453;276.6137;276.6130;
802334.847;493776.512;493777.259;-354.0065;-88.3893;-88.3922;
795778.218;500798.068;500797.667;286.3877;-463.7811;-463.7707;
844182.038;551148.384;551148.089;-62.3845;-81.5955;-81.5974;
798733.871;491868.079;491867.962;-172.4142;-114.4279;-114.4243;
793851.274;492227.374;492227.151;-244.6675;16.5041;16.5082;
839112.647;515870.778;515869.878;-83.9960;-69.1875;-69.1941;
700704.753;586384.407;586383.830;35.4728;-38.1864;-38.1934;
796196.148;486973.795;486973.774;-24.6901;-17.4259;-17.4160;
795269.379;538604.519;538604.857;43.8053;-165.0223;-165.0208;
826157.673;461244.525;461245.129;-406.1285;283.7072;283.7074;
811976.081;481381.458;481381.425;-477.7856;13.8659;13.8666;
774323.173;510857.285;510857.499;82.2470;-61.6479;-61.6459;
876923.060;559806.204;559806.037;-45.5001;-21.0838;-21.0859;
693382.715;471767.311;471766.761;158.4205;39.8152;39.8088;
754260.633;486778.653;486778.242;477.6297;16.8484;16.8550;
813349.015;502428.002;502427.486;-585.5883;-177.5218;-177.5156;
806928.821;510668.318;510667.904;-119.6741;-240.6216;-240.6239;
823009.195;475330.815;475330.967;-113.6341;-4.7151;-4.7139;
818204.893;472060.005;472059.999;-261.9128;55.4987;55.4997;
847668.224;512407.520;512406.978;-279.7488;-35.2142;-35.2200;
879422.010;582940.800;582939.776;-134.5885;-99.0135;-99.0251;
822550.345;472260.989;472261.115;-253.7017;542.2652;542.2676;
791386.515;495623.794;495623.913;-430.4474;180.0306;180.0331;
760139.957;557498.484;557497.794;115.3530;-116.2064;-116.2134;
752998.176;485391.742;485391.620;133.9644;17.3015;17.3018;
767750.509;477868.842;477869.481;60.0006;464.9988;464.9929;
780561.416;485514.117;485514.369;182.7217;84.3189;84.3204;
795849.016;486349.118;486349.282;-335.1401;-482.3210;-482.3242;
772175.806;526729.808;526729.563;178.7834;-146.1824;-146.1835;
851980.591;556189.045;556189.107;-89.8365;-76.9967;-76.9975;
800021.468;483380.261;483380.088;78.1088;505.1869;505.1946;
729249.171;501160.009;501160.148;524.7369;-54.0753;-54.0812;
803160.116;495445.067;495445.276;406.5228;183.1180;183.1240;
845365.070;556891.687;556891.881;-105.4936;-112.7710;-112.7693;
723342.774;499587.969;499588.034;176.1350;35.8478;35.8471;
876656.794;540971.389;540971.727;-126.7549;-8.0601;-8.0584;
763721.258;486848.433;486848.550;386.7253;-197.9442;-197.9458;
798338.125;490890.976;490890.930;-131.9623;-704.0455;-704.0223;
800277.254;493179.039;493179.151;82.1484;173.1426;173.1429;
792474.979;498959.382;498959.489;-20.6062;-67.8748;-67.8649;
769623.843;489094.626;489095.005;316.3451;-172.4623;-172.4643;
811525.793;572820.279;572820.442;-50.5125;-27.7088;-27.7026;
794139.852;498405.236;498405.352;-146.5920;140.2538;140.2556;
816930.735;475922.061;475921.897;-304.4622;-3.7949;-3.7941;
725986.744;430340.754;430339.901;89.2301;100.8370;100.8270;
822622.985;474941.776;474941.755;-180.1030;256.0043;256.0064;
735515.066;534113.692;534114.435;65.0146;-39.0195;-39.0110;
887983.792;457187.239;457187.114;-147.9224;59.7870;59.7856;
774602.317;538400.080;538400.814;144.6074;-169.5568;-169.5532;
794615.531;470790.999;470790.957;38.9118;134.4749;134.4748;
791258.904;489379.046;489379.274;-29.6532;59.6950;59.6851;
807275.781;547630.565;547630.779;-93.9572;-196.8983;-196.8970;
799115.922;487371.763;487371.843;36.2885;115.6918;115.6825;
738580.146;482561.428;482561.530;395.3050;110.3821;110.3822;
741844.429;452620.015;452620.570;113.0941;102.8428;102.8489;
848554.973;492800.474;492800.900;-224.1949;9.6025;9.6066;
788967.646;553297.280;553296.335;68.4386;-123.2032;-123.2111;
764100.697;452354.275;452353.910;16.2206;99.8589;99.8551;
767035.665;481793.118;481793.141;235.0951;219.7830;219.7883;
753500.137;404401.564;404400.618;12.6494;68.5916;68.5801;
807448.158;458664.607;458665.059;88.4429;401.8699;401.8722;
765757.799;479544.625;479545.321;302.1734;268.3163;268.3107;
788273.767;492634.460;492634.610;14.4271;-10.3655;-10.3693;
798162.937;492770.251;492770.358;835.2452;359.4281;359.4329;
751336.925;372237.736;372238.478;3.3019;23.7253;23.7345;
797227.535;491157.720;491157.745;24.7730;-46.2943;-46.2939;
797559.814;487546.041;487546.255;-65.1262;-92.7093;-92.7209;
810247.934;578726.941;578727.643;69.3166;-157.9116;-157.9146;
751366.609;472938.924;472940.068;179.7325;80.0268;80.0364;
