# This file was created for the Modelling and Simulation course, RUG (September-November 2019).
#
# Project: Simulate colliding galaxies, using Barnes-Hut algorithm.
#
# Students:
#     Stefan Evanghelides (s2895323)
#     Hidde Folkertsma (s2759799)
#
#     X         Y         Z         DX        DY        DZ
488636.410;510286.136;510093.441;-57.8905;-146.5159;-144.8934;
466326.682;520476.103;520289.414;-414.4707;-393.1568;-407.7728;
815403.321;706312.573;706181.889;18.7964;-128.0059;-128.3272;
443714.111;523882.247;523400.119;-639.1503;259.5437;256.3785;
452735.950;549131.094;548984.934;-61.6156;-82.2640;-87.0449;
532133.883;697116.069;695998.717;-143.9816;429.5014;425.0176;
378466.611;404919.970;402646.551;-315.0616;79.1683;78.7321;
597158.418;814665.132;813871.533;-0.0793;206.5701;212.7177;
508387.102;554967.441;554854.442;-750.1114;234.9901;243.1475;
216914.037;509006.078;506724.919;187.9724;-69.1076;-70.1591;
999567.318;597015.369;592582.495;359.0984;25.0537;19.8874;
455433.327;540115.526;539867.145;-45.3873;-591.1904;-608.3765;
464164.092;528558.016;528417.638;202.3089;25.5095;27.6034;
405779.876;442868.103;441160.414;518.2890;54.4562;54.7128;
19656.680;487530.383;486135.753;-311.7807;-27.1122;-30.2742;
466310.394;536218.771;536099.291;-559.7008;-39.5231;-44.4728;
540587.726;520450.852;520125.320;-112.1179;202.1672;195.0542;
268953.423;476884.780;476680.549;297.7741;67.4479;71.1273;
405593.499;568431.796;568331.234;304.8666;-142.0139;-172.0313;
477738.472;523791.879;523452.585;827.9364;-416.6845;-417.0859;
440085.163;618491.067;618953.430;-504.0068;151.8028;153.0734;
596028.278;537383.460;535837.983;228.6596;-41.2115;-49.1657;
454041.094;509636.322;509301.356;-270.2163;12.8804;15.8469;
677125.671;556591.885;552228.766;5.6229;-120.2272;-122.8567;
462246.869;518047.657;517257.306;-878.0778;-240.4893;-251.1291;
445045.664;538053.896;537610.272;572.3262;-213.9326;-202.7676;
471657.695;517826.004;517514.782;443.4446;16.9688;34.8170;
499503.415;535481.204;536034.429;-361.8687;276.1113;280.7476;
456842.749;544740.202;544784.913;-221.9371;303.2656;309.2514;
902489.836;135875.413;135883.064;-8.8825;-3.9536;-3.9802;
581213.538;474188.623;472930.844;-132.9376;311.6700;323.5126;
452794.660;516288.059;515625.035;349.5194;-219.1288;-219.9465;
485072.802;538599.418;538904.075;-568.0610;-399.9013;-408.8073;
483764.566;587315.337;587025.677;240.0071;-241.9747;-245.3321;
463217.723;531865.067;531507.336;332.1666;-121.9280;-126.1341;
575380.281;578893.642;579085.372;455.1262;199.3053;199.5741;
442048.207;527218.454;526891.210;279.6140;-44.0785;-43.8401;
459918.700;521047.198;520723.998;487.9802;-512.3842;-522.7120;
430339.962;515216.089;514686.508;-9.9784;-32.9973;-33.3417;
461809.380;540680.689;540614.103;201.6740;-223.8348;-220.6589;
463655.373;570418.016;570639.984;995.1129;-125.5704;-103.2260;
450890.129;508227.333;507707.123;863.2318;-193.8534;-192.3880;
485946.521;559358.635;558342.990;341.3392;-526.4176;-566.4160;
517936.756;519353.957;517991.100;802.3839;135.6466;127.2539;
453968.056;542074.064;541659.569;1180.0811;-96.8147;-43.4515;
497418.057;563276.731;564042.314;39.2373;133.1954;143.5175;
566544.948;447818.666;447454.785;-337.4998;430.2228;427.7179;
485739.780;543301.874;543591.007;-661.7233;384.7530;385.6443;
600050.865;676300.038;675065.518;-227.1360;-94.5183;-93.4647;
569454.102;641258.556;638209.564;-43.6953;32.3627;30.7086;
509339.762;543907.333;544233.335;465.7306;-362.1610;-363.6236;
447466.987;546043.438;545806.327;-19.1040;163.5221;158.0400;
563363.684;517421.982;516311.638;-339.1850;-175.1180;-161.5610;
202812.366;474630.609;475313.786;141.3691;176.7526;176.7272;
457936.207;548000.177;547966.428;-498.9532;-523.1340;-512.7572;
454584.808;500316.554;499304.070;336.0202;-378.1400;-399.0740;
470001.905;532786.863;532568.823;-115.1194;434.3005;446.1461;
540002.854;669618.010;667770.126;78.3995;-104.8580;-106.6833;
418795.284;583425.979;583973.110;-319.3656;-137.6498;-133.6181;
842932.482;661647.998;661082.424;-170.6050;-13.3784;-13.8070;
481060.102;520590.781;520074.900;-379.3458;296.6450;302.9970;
49692.955;596881.297;596579.121;55.8672;78.0374;77.8969;
479995.175;530715.961;530971.580;1404.6420;-179.9102;-137.1147;
472634.927;495524.076;494563.871;221.8887;-31.8996;-31.9196;
431387.625;526112.526;525560.743;241.4569;161.5684;160.3296;
53699.540;5957.115;4916.031;-9.1785;-67.1457;-67.2784;
466392.746;522457.479;522029.879;-91.8211;-411.1213;-399.0142;
478628.634;511717.961;511937.002;-420.8479;113.5007;111.2317;
460917.613;540532.045;540647.843;-462.1092;459.5399;459.1126;
459232.314;559486.859;559447.045;565.7174;204.5108;235.2922;
423366.347;293059.396;287910.175;-22.1314;-17.7619;-18.9183;
436716.931;546486.293;546374.285;-432.2345;-442.0423;-461.1303;
818300.871;472205.666;470112.344;-37.5149;-23.3980;-21.1404;
395028.804;602208.792;600775.085;483.4914;120.4448;121.5171;
536604.252;495895.853;494529.023;132.9660;-68.2212;-71.5511;
649071.481;453453.741;452472.947;-9.0720;88.5735;88.5046;
454589.703;534821.768;534428.421;418.0067;548.1059;566.1392;
461404.939;504571.929;504016.317;-121.7597;748.3580;743.8799;
445162.373;537135.018;536809.033;162.3732;413.6273;422.0915;
472394.942;522949.145;522613.802;409.1775;89.5496;102.2091;
453695.370;552113.904;552131.102;-886.4562;368.7701;384.2421;
324249.658;624080.220;623807.531;-152.9863;96.5643;95.8397;
520327.952;529427.810;530022.424;36.4566;-212.5196;-230.2314;
463356.181;517120.724;516662.673;898.9628;-76.1294;-64.1624;
474796.104;518687.539;518955.980;956.3622;853.4410;780.0021;
461330.733;535230.655;535104.777;-547.6342;-97.4303;-90.9133;
455366.932;515664.853;515126.422;-493.9896;-892.9285;-913.6860;
468760.178;543037.011;543069.738;-318.2390;-413.6824;-431.1065;
478394.957;492916.018;491293.369;-217.3642;-9.5156;2.4561;
441973.673;498919.335;497636.700;-737.8726;262.0705;269.0463;
536459.945;563427.250;563147.190;-803.7275;137.1507;136.3011;
454343.887;522416.515;522065.706;-611.4397;21.6129;22.7401;
689273.329;662589.970;662291.369;121.5462;-23.5677;-24.5884;
880751.115;649884.276;649055.937;172.2790;3.7876;3.4311;
506969.259;575903.388;577678.259;76.4589;-153.0711;-148.5693;
550205.650;591167.791;590644.997;-245.7934;286.9242;286.9388;
435087.452;507227.813;507085.048;-678.5531;207.2840;197.8584;
267070.280;466174.083;465701.615;-359.2194;-141.3029;-145.3658;
399052.345;510160.376;509312.602;-11.6548;335.8132;336.2911;
596751.892;446895.870;445537.902;-277.4150;-12.5047;-13.6784;
457022.273;555803.415;556005.030;752.6371;24.9263;33.0510;
812771.961;478633.580;477851.182;-125.5482;24.7766;21.3441;
466240.928;507859.139;507483.797;532.8934;19.5687;13.4032;
485617.843;515370.221;515047.515;-261.8103;-375.5391;-379.1403;
469326.653;492723.828;492626.899;-582.2458;-306.0692;-321.3452;
883027.803;731598.852;729765.462;76.0792;24.7345;23.6007;
499353.206;529470.506;529558.128;29.3430;0.3790;-8.3174;
455367.915;512074.039;511620.438;-9.2809;195.2230;213.3667;
460770.787;515626.015;515034.411;353.4230;602.1607;615.9744;
447916.616;520051.004;519523.167;-63.0449;-111.6675;-111.5139;
458916.435;542224.321;542023.013;0.5490;179.6267;190.7193;
460786.070;524356.005;523821.471;620.0041;100.3104;111.8537;
418495.366;225747.343;224695.132;16.7054;-2.8587;-3.3775;
452687.047;507030.797;506018.715;-345.4448;469.8252;481.6564;
504047.195;506625.919;506228.115;-469.2374;122.3072;126.4591;
427620.467;531151.483;529812.219;1269.4840;484.5112;509.1925;
323477.733;586307.646;586421.141;463.5276;98.4577;103.9349;
458329.588;522694.398;522234.955;-437.5058;91.9734;100.6120;
420789.871;545734.191;546054.972;-403.0759;249.7639;260.4773;
474638.752;547655.307;548267.932;-313.5138;-38.0070;-38.0141;
587104.747;801894.563;803501.605;353.1550;142.1908;140.9738;
349646.752;531587.167;530465.390;-213.3870;-123.5593;-125.3241;
620339.393;473770.802;474678.130;89.6335;-170.5112;-173.3273;
478055.712;516837.530;516353.225;91.0854;-495.5387;-502.9153;
461696.153;531477.072;531465.474;-1178.9463;-0.4127;-11.0659;
476053.141;265621.815;263917.255;-97.9689;27.5037;27.0315;
460781.565;529038.950;528906.185;186.9260;-226.3915;-227.4372;
445086.643;535132.685;534181.107;336.1554;-118.2401;-111.3161;
616896.318;529320.016;528876.490;227.8518;-154.8528;-163.3375;
460242.910;532862.423;532529.820;-371.6916;-298.6319;-307.2400;
473600.106;555330.027;555728.585;-171.8979;-393.5719;-395.6900;
466225.728;530421.962;530146.860;-724.0017;-408.5869;-430.0618;
616062.741;555851.712;554928.110;415.2047;-102.8616;-102.3440;
353712.588;555234.789;555873.526;-41.6905;444.4212;410.1111;
443450.675;527789.454;527514.956;-616.4914;341.6276;340.7538;
507422.068;557879.362;558347.481;-393.4889;-413.0273;-405.7763;
436477.994;531374.315;531116.677;35.6208;-472.5006;-477.2596;
446710.488;547275.985;547080.611;282.5619;107.0897;104.8902;
418668.288;571160.514;570682.700;137.9506;-86.1608;-96.2622;
478711.438;555457.954;555725.064;-591.9716;501.9902;503.0171;
568567.299;451639.098;450942.621;108.0195;-167.0472;-172.4589;
428619.497;552997.688;553067.112;79.6033;-522.0525;-524.0571;
465623.710;536109.518;536106.044;-194.7393;-331.5219;-336.9713;
435311.543;550482.182;550160.489;-167.2379;423.5661;443.8606;
437558.357;553559.863;553513.755;-556.2639;-120.9747;-123.0715;
424198.560;539544.348;539322.706;936.3632;-480.9261;-471.2465;
520502.612;558631.574;559254.814;107.6069;253.5541;251.0478;
529640.876;532948.811;532572.151;287.9750;312.0729;313.6654;
855960.745;674017.267;673790.438;156.5443;-53.5592;-55.0690;
449616.811;541271.278;541196.539;500.7739;-356.3658;-377.5526;
483070.668;524054.756;523689.424;-114.3260;-397.5441;-400.1402;
530724.960;613471.501;612195.113;-103.2579;211.8774;202.5907;
475032.008;526295.718;526205.624;993.3255;576.4510;561.0955;
499853.575;540634.725;541272.097;-274.5838;718.7194;723.6945;
472713.025;526224.857;525860.763;531.4694;217.6386;224.8448;
440417.660;536043.718;535560.461;570.8817;-405.6183;-409.4322;
467122.394;555010.122;555391.023;-235.6026;-163.4939;-164.0123;
477766.924;518923.715;518351.295;-182.4578;-217.6895;-214.3749;
