# This file was created for the Modelling and Simulation course, RUG (September-November 2019).
#
# Project: Simulate colliding galaxies, using Barnes-Hut algorithm.
#
# Students:
#     Stefan Evanghelides (s2895323)
#     Hidde Folkertsma (s2759799)
#
#     X         Y         Z         DX        DY        DZ
415188.562;504166.281;504169.734;580.0160;36.6820;36.6612;
333599.837;516783.835;516781.991;840.7650;74.7336;74.7567;
339791.539;797524.448;797519.420;97.3542;106.0020;105.9994;
202659.329;315671.633;315675.935;-1.0554;-36.8626;-36.8616;
296612.211;606816.014;606836.775;307.8261;-208.9606;-209.0031;
356128.941;521669.097;521672.218;50.3701;69.4764;69.5160;
407786.869;508141.105;508141.602;-408.6379;-346.1370;-346.0798;
592738.416;427719.588;427727.459;476.7438;92.9422;92.9292;
396134.385;505116.397;505119.084;211.4062;-242.3334;-242.3422;
365408.895;540107.304;540111.745;107.1742;-84.2266;-84.2411;
548914.639;396827.771;396824.534;315.7404;125.0144;125.0242;
399547.906;470332.394;470322.391;222.8829;386.9140;386.9188;
375125.387;502038.704;502039.704;-157.4956;-32.8520;-32.8453;
390247.417;543682.172;543681.949;-439.1991;-104.2201;-104.1918;
359378.202;496849.178;496851.549;144.5405;-420.3974;-420.3672;
421275.372;532724.264;532721.931;-440.1065;-61.3852;-61.3089;
377111.930;484001.302;484003.624;375.5810;-51.9128;-51.8884;
401862.951;512300.922;512302.925;317.0163;-16.7869;-16.7708;
398391.923;594289.301;594265.809;413.1777;352.4800;352.3305;
389829.036;526814.911;526814.608;241.0651;245.6440;245.6520;
217568.158;157996.915;157991.295;62.6854;-51.6856;-51.6862;
423197.833;467288.118;467291.770;348.6281;-20.5344;-20.5287;
376219.967;519490.466;519492.560;705.7358;3.2036;3.2217;
403571.378;511904.529;511906.574;257.3396;-21.3535;-21.3814;
367140.980;512638.738;512640.871;1073.7459;41.5137;41.4413;
364091.186;542763.053;542761.431;747.2862;247.4898;247.5190;
396099.268;508800.396;508801.532;211.0271;36.1566;36.2003;
293599.805;514343.778;514342.568;416.7067;-162.7890;-162.8003;
396044.151;520863.984;520864.992;-85.8926;-166.4173;-166.4065;
371279.055;518299.606;518300.334;308.7068;-40.1483;-40.1409;
364279.719;506729.805;506733.178;-14.8685;-192.9389;-192.9158;
386479.781;510262.564;510263.791;554.6025;449.1426;449.1249;
401559.848;500463.477;500466.181;401.1226;300.0841;299.9699;
386710.076;512586.275;512588.236;440.8618;-52.6610;-52.6525;
396144.439;515946.942;515947.990;890.1087;-243.7201;-243.7724;
385354.334;514952.355;514953.974;141.3626;453.0899;453.0852;
385444.890;512304.129;512306.233;382.9634;-62.7478;-62.7766;
351483.230;529082.742;529084.979;344.9748;368.0626;368.0716;
355763.727;550367.769;550368.027;526.4258;-269.8148;-269.8233;
367029.249;498680.956;498683.789;481.3944;256.5569;256.5413;
384156.946;513097.242;513098.965;675.5010;222.3001;222.2770;
368994.180;504420.422;504421.619;500.0320;-419.9404;-419.8864;
354431.546;501863.369;501863.336;961.9576;5.4741;5.4934;
367443.824;506860.482;506861.971;-26.9689;-199.9816;-199.9903;
262841.564;504453.684;504449.153;-41.5887;-58.1177;-58.0974;
385479.997;501688.054;501689.907;-428.8339;-122.0796;-122.0881;
389071.788;515810.529;515812.034;-274.7268;700.4391;700.4893;
330008.707;501059.087;501058.804;-314.2715;82.0701;82.0690;
676590.224;516505.686;516503.083;425.0711;401.7025;401.6292;
419231.930;554329.921;554329.284;293.0779;332.1798;332.1535;
304825.600;545419.440;545422.619;588.1053;-187.6092;-187.5946;
391591.805;504358.894;504359.996;836.9479;139.7121;139.6825;
443623.061;565335.776;565341.228;580.8111;11.3180;11.3299;
324109.899;526933.831;526938.103;82.2205;-45.3504;-45.4283;
378217.412;513147.572;513149.160;-194.8616;215.6369;215.6351;
345405.784;502331.631;502335.677;68.4423;-23.5106;-23.4919;
244516.507;508052.243;508054.152;-150.2390;-82.6243;-82.5911;
243191.662;543883.112;543881.545;225.7445;110.3582;110.3510;
382228.581;517649.644;517650.348;-609.5967;96.8882;96.8676;
369451.620;519543.842;519547.398;530.1084;-208.1051;-208.0526;
364716.873;515110.633;515113.108;215.1126;-296.0746;-296.0557;
383207.476;520541.618;520543.288;547.6066;276.9003;276.8976;
375410.682;515501.401;515503.455;529.6459;288.7130;288.7196;
385483.980;508709.646;508712.437;379.3582;241.6588;241.6571;
357504.251;506762.060;506764.064;69.8630;-668.7454;-668.7194;
337902.388;518540.626;518543.538;232.2750;-202.0385;-202.0687;
413491.102;532316.838;532317.175;-43.8649;181.9626;181.9659;
401235.198;520328.856;520329.869;558.1680;222.1713;222.1456;
392398.756;506789.418;506790.950;710.0563;-91.2625;-91.2610;
370366.278;506678.574;506680.549;223.6722;-160.0596;-159.9969;
351501.635;501406.006;501408.127;-124.2650;552.8687;552.8588;
444679.448;510314.192;510316.059;274.1439;-18.9844;-18.9914;
239264.515;566831.904;566831.621;67.8576;44.7308;44.7184;
397188.832;508800.052;508801.239;259.6574;10.2094;10.2043;
428742.301;506939.445;506941.721;893.0771;-126.7165;-126.7258;
336868.302;608937.910;608926.409;182.4735;40.9916;40.9875;
401797.281;505766.074;505767.305;809.3716;-184.5249;-184.5046;
356006.408;512728.461;512731.024;577.7455;-121.9688;-121.9467;
405987.165;505165.436;505168.699;661.4764;27.1188;27.0844;
372117.049;510588.980;510590.528;-637.9411;-168.9912;-168.9439;
382291.460;515801.892;515803.869;222.8469;-128.0383;-128.0462;
418920.856;510075.102;510076.029;-37.2768;716.8813;716.8780;
361713.411;503216.891;503218.106;-450.6715;170.3121;170.3220;
358965.711;517850.097;517852.906;-451.5632;510.0737;510.1274;
320796.466;530211.816;530216.776;-207.1494;-0.1675;-0.1735;
396436.720;558638.608;558633.760;749.8744;61.0875;61.0177;
345848.745;510637.290;510640.206;-96.6841;-286.9787;-286.9851;
431003.223;507943.776;507944.345;353.7994;1.6369;1.6221;
367997.232;517910.820;517912.877;143.1166;276.4694;276.4581;
375271.429;529574.849;529574.063;231.3046;-477.0748;-477.0710;
358509.445;514457.017;514460.177;220.3369;-57.5499;-57.5453;
403102.867;529184.940;529184.151;151.8342;-244.0349;-244.0058;
358198.738;517602.726;517604.371;285.1733;99.9716;99.9937;
347553.216;506140.946;506142.886;-14.9900;59.8328;59.8735;
312017.538;491748.923;491742.379;477.9055;-10.1500;-10.2395;
392478.430;522877.888;522878.557;288.2218;-180.3292;-180.3721;
400899.647;512721.571;512721.679;-488.5894;-126.0406;-126.0303;
280994.792;639665.888;639675.525;66.1722;-49.7903;-49.7704;
199066.718;355708.738;355716.294;88.5874;-117.5301;-117.5246;
643062.264;588489.395;588481.729;-241.3875;44.5840;44.5739;
632180.754;514304.639;514302.449;-471.0341;-163.0782;-163.0740;
616179.933;519102.575;519100.947;369.1047;455.8867;455.7823;
610029.721;525964.236;525962.291;-16.8439;-303.1039;-303.1267;
757007.266;555289.848;555285.537;-310.1908;-4.2219;-4.2185;
598134.967;519281.185;519280.523;-235.4885;-88.2444;-88.2127;
640011.186;520886.705;520884.318;-149.4043;-237.7007;-237.6846;
644126.021;514788.841;514787.987;-726.1562;433.0355;432.9574;
577789.324;552180.586;552178.819;-365.1662;-33.4121;-33.4017;
568603.569;492260.207;492260.148;-199.3095;324.7641;324.7681;
751170.593;611294.329;611297.887;-171.3440;-55.4173;-55.4296;
560352.407;503032.084;503032.277;-29.6559;-132.4863;-132.4985;
590883.461;513461.520;513460.949;-362.5411;-303.8177;-303.7665;
618819.061;528241.152;528239.288;-58.4867;347.4946;347.4857;
643644.780;520114.367;520113.344;87.4872;451.5555;451.5566;
621759.736;517182.746;517181.628;260.6662;-328.2001;-328.1820;
601484.191;578399.545;578390.618;-72.8622;-190.9553;-190.9388;
605019.031;528392.642;528392.125;203.0942;26.4405;26.4469;
626363.605;508609.453;508609.254;-143.6729;-921.5795;-921.6070;
564911.925;359504.844;359516.035;-216.1793;26.4526;26.4502;
636784.172;493261.081;493261.536;342.4404;316.0574;316.0359;
604600.297;504277.597;504278.605;-149.0326;145.3766;145.3380;
608123.482;384014.949;384018.672;-134.3551;-19.5594;-19.5551;
407140.113;320898.793;320878.847;-192.6724;42.8090;42.8075;
590038.615;518890.558;518890.746;168.7216;179.9524;179.9335;
426816.158;658629.230;658615.512;-461.8078;18.0076;18.0005;
535319.221;449611.106;449614.309;-319.5736;-28.8137;-28.8157;
818875.033;581987.490;581981.874;35.4734;59.4454;59.4538;
626240.571;506830.795;506831.067;607.1516;322.8434;322.7995;
650589.352;569638.134;569634.748;-183.6861;-161.0974;-161.0939;
641502.515;507754.436;507751.217;-50.7579;-137.9993;-137.9806;
673884.781;539468.550;539463.449;-91.1175;95.5885;95.5498;
611150.540;524107.162;524105.277;-459.7819;152.9658;152.9631;
645166.198;622727.806;622721.672;-304.5921;-202.2421;-202.2345;
649436.175;527742.217;527739.651;-282.9544;-104.9504;-104.9655;
565652.977;507868.820;507869.038;112.6086;-10.0142;-10.0006;
691114.759;524802.319;524797.925;-63.3568;148.5256;148.4990;
454149.767;521071.187;521069.354;-479.1737;120.2197;120.2118;
593225.516;498513.680;498513.812;177.3943;-57.5459;-57.6215;
617109.751;517787.105;517785.380;234.8799;-440.0983;-440.0522;
667318.247;600253.114;600243.469;-75.1664;105.5751;105.5519;
618632.275;515771.583;515770.301;-1185.5502;-134.1125;-134.0720;
597271.462;545417.998;545416.495;-220.9632;10.3513;10.3488;
749904.331;621301.581;621285.100;-28.8586;74.3440;74.3467;
640298.837;548278.056;548274.990;230.3638;42.7288;42.6888;
616585.139;521671.860;521670.161;-637.3905;271.2379;271.2490;
613685.391;515605.353;515603.948;-895.8755;-209.4086;-209.3267;
427457.462;408973.276;408986.326;-368.7793;-13.0194;-13.0219;
634503.290;458264.202;458267.819;-382.3136;-31.7632;-31.7619;
607253.775;520129.718;520129.302;107.8314;590.3383;590.3083;
776164.072;462275.132;462276.698;-200.2373;98.9089;98.8978;
733509.159;484620.322;484617.628;-309.9654;-149.5395;-149.5136;
607421.029;516908.150;516907.412;-490.3998;756.5258;756.4943;
627066.298;524519.278;524517.524;-189.3359;372.3968;372.3423;
559659.750;447669.190;447670.551;-466.3642;-214.0279;-214.0450;
578311.954;450979.888;450983.501;-117.4462;167.7548;167.7509;
603221.838;512991.507;512991.284;-103.4037;-54.2043;-54.1992;
624537.817;532245.589;532242.796;-588.0411;151.9018;151.8894;
596729.879;519903.867;519902.444;-397.6404;534.8114;534.7961;
595863.143;531070.542;531069.830;-417.7322;-510.9560;-510.8981;
436384.529;221721.964;221711.551;-176.7799;-20.7655;-20.7699;
598739.027;534120.318;534118.818;-463.4011;107.3539;107.3335;
634824.970;499920.383;499919.727;-633.4606;341.9566;341.9294;
665374.681;532895.612;532892.219;-73.5035;-322.8473;-322.8205;
580811.867;518645.075;518644.911;-164.3586;341.6277;341.6053;
505895.918;558900.919;558905.389;-700.9899;287.1841;287.1794;
622939.161;584434.493;584424.565;38.6158;40.5421;40.5164;
610247.934;502816.015;502814.553;-581.2522;-131.2497;-131.1935;
612432.884;518631.674;518630.699;190.6352;-78.9489;-78.9364;
565929.468;514133.177;514138.171;-1097.9976;-256.1618;-256.0537;
630674.488;503634.954;503632.876;-147.9083;-129.3746;-129.3902;
803156.008;437459.997;437462.745;-319.6203;-9.2567;-9.2589;
633391.662;516428.725;516425.838;-129.4019;204.2080;204.1759;
618943.496;527341.555;527338.831;-95.3620;-125.9204;-125.9420;
602017.716;514512.616;514512.688;-778.8829;-345.2939;-345.2275;
619715.571;523895.044;523892.976;-466.5917;-390.5472;-390.4324;
680277.864;542293.655;542288.091;-113.7154;-97.8593;-97.8557;
920196.808;534868.013;534861.291;148.7185;-19.0997;-19.1155;
633278.204;514692.396;514688.922;-292.0762;271.6573;271.6337;
638432.426;512725.010;512724.131;-613.9012;-50.0545;-50.0494;
613759.539;518526.216;518525.025;-553.3184;640.2562;640.2626;
616146.569;509927.095;509927.027;164.6492;11.7905;11.7693;
635000.362;523881.477;523879.338;-222.9528;-37.9570;-37.9484;
658089.608;551991.370;551988.178;-470.7063;-133.4976;-133.5187;
477474.346;245677.505;245679.716;-301.7832;-204.7170;-204.7237;
659192.384;525112.809;525109.369;119.9451;271.7339;271.6709;
972223.781;513950.385;513933.047;-24.9320;-33.5902;-33.5981;
671436.686;471716.714;471718.920;-43.2997;-217.3864;-217.3908;
617655.771;521046.297;521044.102;-649.0582;229.1246;229.1436;
680042.152;503373.980;503374.828;-446.8676;8.5893;8.6187;
564147.447;523829.106;523823.176;152.9034;-525.6781;-525.6099;
606903.835;521601.270;521600.405;345.3503;-446.3561;-446.3698;
600606.230;500231.721;500231.004;-289.0251;-66.2763;-66.2690;
607001.271;521144.802;521144.158;-1202.6068;-41.1823;-41.1009;
963259.530;782151.745;782142.196;98.0853;152.1318;152.1237;
604618.512;518004.641;518003.042;-179.9910;89.5293;89.5029;
611041.796;518219.286;518217.620;-387.9482;-536.7737;-536.7918;
611911.224;528457.813;528456.514;338.2938;-301.7228;-301.7653;
582170.566;526057.532;526056.472;-689.5176;120.4970;120.5392;
