# This file was created for the Modelling and Simulation course, RUG (September-November 2019).
#
# Project: Simulate colliding galaxies, using Barnes-Hut algorithm.
#
# Students:
#     Stefan Evanghelides (s2895323)
#     Hidde Folkertsma (s2759799)
#
#     X         Y         Z         DX        DY        DZ
191820.770;560477.269;560474.997;182.1446;-47.0129;-47.0198;
383485.089;462409.982;462405.551;336.9793;97.0780;97.1068;
291194.390;731034.709;731031.311;83.5713;142.1000;142.0964;
210305.694;343460.443;343464.097;-27.9111;-68.0046;-68.0031;
187620.212;667570.843;667595.164;128.9234;-36.5235;-36.5093;
308151.379;503510.934;503511.494;-156.9098;0.1189;0.1399;
232522.684;505082.623;505081.544;-406.6143;181.0035;180.9658;
330710.116;431449.899;431457.288;508.3141;-107.3727;-107.3563;
283416.147;534137.317;534137.460;112.2489;4.9052;4.8982;
299508.439;541219.048;541220.326;-197.1152;15.4347;15.4267;
377864.904;405659.938;405657.955;344.1757;-157.9510;-157.9652;
281617.068;437894.078;437897.604;168.0807;-179.7843;-179.7684;
285090.330;502057.937;502059.141;-491.4058;298.3217;298.3070;
255606.590;541823.237;541821.034;196.9481;-190.7109;-190.6814;
288692.391;472938.952;472940.794;248.6964;-100.4865;-100.4741;
221483.921;562583.332;562579.941;75.0480;-31.9899;-32.0017;
256996.100;493826.408;493828.243;147.2721;-120.2555;-120.2629;
297049.419;509932.335;509933.060;471.8147;-53.6895;-53.7185;
309398.702;383812.392;383798.023;54.9367;151.8219;151.8235;
284500.514;501168.564;501169.859;-111.4595;-385.7628;-385.7777;
193081.103;199327.977;199322.859;27.8681;-103.0509;-103.0523;
285910.052;492043.664;492043.910;-14.3944;326.5881;326.5821;
284905.447;514059.047;514060.200;3.9191;72.2288;72.2196;
276297.347;512430.923;512432.072;-639.1929;-327.2292;-327.1960;
295040.996;517229.132;517230.332;785.0309;508.0941;508.1236;
330629.589;534875.587;534879.918;547.6864;-89.0534;-89.1117;
294277.963;511173.560;511174.260;-18.0896;43.0710;43.0578;
170392.741;571868.642;571870.082;101.6576;-42.3190;-42.3110;
270411.128;515914.447;515915.099;524.3382;-125.3712;-125.3617;
257783.740;504611.351;504612.436;471.0024;-408.1875;-408.2336;
272832.662;496828.119;496830.389;141.2542;-9.1390;-9.1413;
265926.576;515768.854;515769.952;507.1905;-21.8371;-21.8390;
255216.435;517217.097;517219.104;-707.6474;343.7271;343.7407;
271310.723;512393.586;512394.296;333.8493;-251.9121;-251.9248;
312765.143;508426.181;508427.099;-160.5946;-144.9978;-144.9763;
276866.367;517297.146;517298.625;147.8481;-295.7115;-295.6927;
266990.905;515729.968;515730.945;80.2525;-340.4037;-340.4257;
350538.392;510419.904;510420.139;194.9344;-192.2183;-192.2230;
262592.015;511377.650;511378.086;709.8835;550.0076;550.0026;
280287.007;485139.741;485141.747;414.0439;95.2649;95.2418;
261625.388;509209.708;509209.945;654.6015;-158.5398;-158.5443;
297797.154;521024.485;521025.035;570.1459;136.2013;136.1704;
301223.823;505661.931;505662.672;842.0406;-198.0191;-198.0325;
285835.303;513091.085;513091.451;-107.9729;257.5842;257.5654;
380681.544;462961.366;462963.974;204.7969;135.4167;135.4627;
269164.140;469773.641;469776.527;-82.1162;142.7080;142.7140;
297434.086;520536.406;520537.914;92.1489;586.1406;586.1551;
385619.747;595382.129;595382.335;82.4900;-114.8125;-114.8032;
343912.191;510269.765;510268.646;816.3844;-72.0134;-72.0068;
275238.479;508075.273;508075.703;-81.6407;620.9512;620.9886;
195473.897;536471.364;536470.716;-192.2840;176.1427;176.1277;
268322.787;508481.310;508481.443;-15.0794;-733.2659;-733.2906;
323400.446;471264.834;471266.960;29.3731;-304.9290;-304.8958;
239693.078;501770.797;501773.404;-328.6589;-76.9361;-76.8857;
281687.923;509275.292;509275.965;264.6102;-119.2645;-119.2591;
219197.675;532711.684;532713.380;249.0219;-92.9864;-92.9997;
383493.027;456735.166;456729.776;180.5340;92.2193;92.1462;
355787.809;581287.318;581287.295;3.6979;-198.3515;-198.3590;
281987.785;508351.945;508352.559;690.9231;78.1189;78.0914;
313522.296;505987.262;505990.249;107.6780;246.3625;246.3791;
289007.915;510699.505;510700.501;290.0146;81.3229;81.3291;
261868.338;489436.650;489437.574;255.0932;-11.7585;-11.7493;
273790.095;523721.363;523722.293;-171.3296;204.5588;204.5521;
266836.017;517701.000;517701.673;217.4072;99.4730;99.4911;
312221.579;530753.353;530753.974;71.4603;411.0340;411.0531;
263269.074;494005.492;494006.480;971.5945;31.5211;31.5257;
251271.651;516835.855;516836.448;323.2781;206.7750;206.8020;
270210.517;507905.959;507906.871;-251.1741;-151.1776;-151.1878;
284258.456;511795.311;511796.765;122.9873;164.2471;164.2481;
275100.627;512284.421;512284.992;-175.7227;303.8622;303.8283;
369275.642;517057.202;517057.161;407.7094;-135.7523;-135.7639;
175247.845;517064.988;517066.511;170.6321;3.7882;3.7820;
346237.397;481650.246;481650.800;-189.7370;134.7195;134.7114;
273487.873;510175.749;510175.927;202.6743;95.1753;95.1713;
170797.207;520652.341;520654.653;-205.9457;-21.8729;-21.8637;
261769.576;533849.627;533849.181;51.5141;331.0279;330.9840;
284851.630;504060.272;504060.780;-701.3429;138.1124;138.1297;
308276.289;500132.516;500134.153;46.7025;68.2381;68.2348;
243339.738;517008.391;517008.198;6.7864;35.2264;35.2070;
325285.595;512240.269;512241.065;179.0822;-92.4492;-92.4246;
267834.712;510363.897;510365.235;-178.3874;-37.4733;-37.4677;
336886.750;509082.946;509084.019;432.4769;375.7656;375.7603;
291966.068;510056.431;510057.701;-254.5414;-182.3167;-182.3285;
300368.155;506128.548;506130.524;-432.3459;235.5245;235.4787;
237441.990;501255.580;501257.433;-235.4236;-100.9748;-100.9765;
295322.212;546456.059;546455.477;818.5627;46.8897;46.8847;
287859.611;513419.558;513420.930;1204.7350;190.5339;190.5650;
251750.117;497770.755;497772.022;174.0531;90.1176;90.1260;
268138.712;515419.211;515420.298;-105.2099;-134.1597;-134.1453;
280054.343;515745.992;515747.767;-518.9011;-444.5311;-444.5185;
292481.138;505624.630;505626.326;-37.0461;81.5828;81.6086;
277898.375;508759.226;508759.608;-352.5136;49.2375;49.2931;
281250.888;509578.538;509579.192;544.3272;-78.5880;-78.5889;
257499.308;524271.311;524272.491;-201.1214;10.5900;10.6174;
397495.931;424489.618;424501.261;-7.8055;224.3695;224.3504;
265641.446;518133.060;518133.969;354.9419;-603.4742;-603.4157;
232477.735;509452.358;509452.612;298.9609;84.3394;84.3478;
254049.919;643406.664;643410.453;39.2489;30.2464;30.2526;
195082.995;448807.196;448810.348;-119.5227;-259.9912;-259.9793;
669243.318;481856.893;481857.744;-0.1126;-19.4638;-19.4676;
708128.966;502503.349;502503.471;-613.9611;-364.6711;-364.6495;
738919.839;519284.814;519283.905;-242.0466;-330.1763;-330.1895;
718144.912;522653.095;522651.984;635.1930;-152.5628;-152.6091;
690500.377;506707.643;506708.148;428.9489;594.1549;594.1288;
717523.497;509750.024;509749.696;-475.9461;0.0279;0.0283;
703041.279;506398.948;506398.898;-1206.9679;-316.0448;-316.0230;
609084.075;498488.405;498490.205;-23.4347;-62.3499;-62.3394;
726746.682;508478.035;508477.146;220.2555;647.1534;647.1345;
671406.088;541714.066;541711.304;103.6133;195.7577;195.7382;
820190.526;627889.259;627890.158;-92.8509;-4.0990;-4.0905;
756540.331;535974.084;535973.041;-477.2570;378.5263;378.5244;
719241.238;497684.725;497685.498;15.2859;340.7365;340.7102;
729000.345;519688.865;519687.561;-167.0357;-470.0508;-470.0134;
742250.557;525218.760;525218.428;107.3877;415.3302;415.3683;
708387.739;492523.777;492525.178;-539.9839;-138.8685;-138.8606;
646300.687;532747.615;532743.401;295.3082;-44.0178;-44.0319;
711041.611;516934.417;516933.880;-460.2110;-277.5419;-277.5011;
662066.356;535344.961;535343.659;-633.9929;404.1778;404.1554;
670589.290;406128.352;406134.438;-184.9043;-224.3309;-224.3027;
786929.979;520436.056;520434.387;-173.7919;336.0385;336.0174;
728456.406;518152.574;518152.135;-232.2952;9.2492;9.1922;
673068.331;412311.662;412313.377;-105.7463;-78.0065;-78.0094;
516858.528;327692.988;327677.838;-207.6762;-63.9287;-63.9439;
713017.716;518413.641;518412.840;-458.8177;-11.1381;-11.1235;
700816.772;535525.875;535524.589;-704.1220;793.4757;793.4335;
729894.425;564224.845;564220.716;-137.5462;-20.0465;-20.0476;
712548.051;510885.698;510885.858;784.6635;176.3869;176.3304;
714780.503;446993.290;446994.551;-21.6834;28.3107;28.3067;
733099.583;475541.250;475541.857;-417.7227;305.1959;305.2019;
734925.049;512699.598;512697.979;-61.9532;-359.4942;-359.5103;
656451.909;504403.929;504405.698;-266.7333;-16.5065;-16.5246;
708529.363;508195.626;508195.373;-152.7052;-242.3345;-242.3119;
767476.777;644491.320;644484.386;-161.3464;91.1140;91.1094;
715693.190;510574.224;510573.091;-272.9131;-471.3463;-471.3323;
689805.774;529685.899;529684.083;-42.6633;-294.1384;-294.1093;
636594.101;578693.277;578686.632;-152.9847;-53.8112;-53.8098;
735326.223;524814.421;524811.860;-351.4234;-588.3527;-588.2848;
706139.645;514473.300;514472.650;-980.6267;374.8082;374.8657;
719453.165;523826.847;523826.007;903.5866;95.4633;95.3970;
751064.275;465932.506;465933.576;-160.9604;-151.2558;-151.2626;
718689.335;526939.697;526937.969;-29.7405;262.4701;262.4796;
686980.186;519392.223;519390.967;-144.9454;132.2553;132.2424;
738629.071;555048.664;555043.546;123.6542;234.8401;234.7956;
704032.002;535046.730;535044.755;720.8762;-143.1496;-143.1302;
704792.624;507360.944;507360.664;9.4752;-249.3036;-249.2709;
730477.103;512644.386;512643.786;270.9088;-275.7017;-275.6939;
636894.583;466274.247;466278.104;-489.0811;-214.5199;-214.4772;
724785.348;537734.573;537732.110;231.5057;-46.1154;-46.1206;
699776.122;503936.109;503935.306;-237.2868;-408.0941;-408.0669;
818995.211;445149.819;445154.381;57.0796;-62.9714;-62.9696;
625126.981;429264.840;429265.510;50.1989;298.2530;298.2531;
704833.496;521657.591;521657.210;-961.2587;-185.3170;-185.2981;
729018.004;514114.689;514114.378;-107.9617;298.8460;298.8059;
734143.139;546565.481;546563.116;127.4739;498.5986;498.5297;
641476.261;409791.181;409793.386;-138.7225;14.1672;14.1711;
695397.075;521319.040;521318.323;-441.3400;-383.8812;-383.8699;
703061.835;520597.049;520595.736;-475.3565;-77.2193;-77.2248;
706191.954;510245.796;510245.609;151.8705;437.5930;437.5430;
721906.448;515460.449;515459.490;27.0857;421.9430;421.9126;
533975.049;250083.454;250076.333;-181.4000;-83.3626;-83.3697;
713932.790;513392.701;513392.695;-438.9021;458.5689;458.5769;
736447.172;536352.206;536349.262;52.7436;-155.7683;-155.7292;
680607.077;515244.901;515243.999;-110.7715;446.9430;446.9230;
720893.381;513779.473;513779.069;754.4728;201.7448;201.7242;
805976.318;563073.087;563069.515;8.5658;-7.7844;-7.7765;
802153.057;534779.693;534777.777;32.0976;-226.6119;-226.6182;
748176.544;536220.996;536218.147;-169.1503;460.0011;459.9760;
712575.539;505986.246;505985.664;-230.8129;82.9574;82.9521;
666029.741;541985.036;541984.035;-97.8410;-106.3870;-106.4154;
719298.646;519957.391;519956.489;-116.7735;-82.9116;-82.8993;
840844.160;488846.266;488847.554;248.5644;-177.5998;-177.5916;
709022.971;512165.257;512164.579;-70.5132;112.6218;112.6386;
714379.474;520857.068;520855.638;-56.8647;-191.8595;-191.8394;
749306.182;531078.240;531075.174;146.2107;69.6661;69.6027;
699668.720;500871.886;500871.324;-58.6677;64.0308;64.0552;
737224.920;456068.122;456067.548;-325.9756;117.0419;117.0365;
722904.943;529568.975;529568.114;1071.8309;324.9166;324.9743;
704971.269;511446.540;511445.987;-42.3076;-463.8643;-463.8769;
716478.060;509982.384;509981.375;-709.2990;-315.8655;-315.8696;
712698.689;508938.422;508938.350;-408.6078;88.6859;88.6953;
717238.626;512846.921;512846.457;162.1135;-290.5842;-290.4991;
728071.479;522442.226;522440.700;594.8513;123.6021;123.5637;
631959.907;496923.116;496924.221;-328.6001;-59.0067;-58.9704;
636868.708;383657.287;383661.984;-298.3994;-327.5674;-327.5697;
669163.601;566987.075;566982.221;-493.3142;36.9497;36.9378;
949157.661;532266.913;532255.942;120.6394;-30.6726;-30.6882;
654952.739;527901.783;527902.015;-363.4603;93.8687;93.8536;
723781.349;501417.762;501417.666;-296.5499;-64.8740;-64.8529;
643896.237;477207.225;477206.269;-348.8111;-29.1128;-29.1296;
652005.641;488981.951;488985.062;386.1628;-107.9553;-107.9656;
725669.691;510745.753;510745.382;-1436.6868;11.1896;11.1570;
732970.126;508242.520;508241.043;473.8782;-354.8450;-354.8432;
701980.475;528972.597;528971.164;-291.3410;247.0199;247.0492;
901451.607;693825.644;693820.643;135.4763;179.4251;179.4162;
717831.186;511237.819;511237.469;-131.7887;-178.8311;-178.8482;
704376.474;526130.504;526129.263;51.5078;423.6476;423.6693;
720448.476;521526.699;521525.382;-209.8275;-534.8632;-534.8570;
680851.859;520592.712;520593.659;-411.7829;75.6888;75.6979;
