# This file was created for the Modelling and Simulation course, RUG (September-November 2019).
#
# Project: Simulate colliding galaxies, using Barnes-Hut algorithm.
#
# Students:
#     Stefan Evanghelides (s2895323)
#     Hidde Folkertsma (s2759799)
#
#     X         Y         Z         DX        DY        DZ
455107.837;531555.133;531059.343;-30.3608;312.9368;314.1449;
474547.273;515459.418;515423.476;398.5088;269.9760;281.9316;
817936.246;683013.872;682819.273;9.4876;-137.1995;-137.6128;
455595.471;526929.545;526723.596;232.0732;436.7277;446.7696;
469028.634;532997.936;532929.063;-24.3770;-399.7034;-414.3583;
505710.282;766143.975;764268.211;-153.3599;363.9365;359.8180;
328784.858;425869.572;423636.770;-245.5949;156.5080;157.3998;
597389.314;843143.689;844224.320;10.1868;138.4944;150.1754;
431393.169;493173.458;491678.254;455.8661;-375.7326;-376.7508;
259525.608;494802.138;493336.415;277.1469;-71.8066;-58.9661;
482830.933;515048.738;514760.277;422.9701;-395.7049;-409.0874;
468387.529;524896.591;524773.268;-381.6410;-176.4871;-179.9216;
503537.505;477221.127;475991.414;532.4405;403.3678;410.6124;
456678.834;525151.836;524961.513;120.4205;-214.0047;-208.3739;
401831.370;515090.309;514111.684;-392.2240;-275.2315;-291.3827;
336650.155;493464.038;493767.408;511.7694;137.0688;138.5185;
498019.144;487978.526;489131.284;100.7525;-324.3675;-333.1325;
459870.905;548155.407;548116.692;511.9823;-144.8234;-133.9430;
356348.297;634344.350;634815.178;-442.7067;43.4669;42.0300;
609038.196;527377.792;525296.802;-82.9493;-57.7400;-53.6091;
481698.430;549155.980;549193.740;140.9530;-98.5551;-94.6795;
659711.037;533704.499;529805.401;-204.8102;-136.8246;-124.2666;
452619.712;513413.843;513250.484;-273.8744;93.2593;87.7285;
478024.661;538684.718;538693.416;569.1795;-114.8218;-119.9269;
497128.585;519939.549;519595.527;91.9415;-208.6223;-208.6359;
434440.714;510347.909;510073.267;504.3851;-135.0081;-128.2274;
474704.555;539514.293;539289.565;-174.8969;681.1786;685.8214;
900603.538;135482.183;135484.787;-12.5293;-0.5259;-0.5566;
501935.763;537484.393;537707.175;-1142.6607;254.5884;244.2596;
470406.452;516267.152;516106.118;807.7783;-125.2253;-112.2421;
510384.067;533804.637;533828.510;702.6239;-194.6456;-200.1506;
419692.350;495371.717;493577.274;-695.8789;2.2663;-11.3203;
463893.812;518323.510;517781.482;-137.3801;-109.7108;-117.1739;
628083.434;602421.237;602453.557;185.4797;78.2527;76.7200;
459866.922;525205.689;524740.022;-388.2301;-31.6024;-37.2440;
438233.237;538987.817;538367.835;-112.0707;-163.1949;-168.3767;
497396.794;542357.526;542383.045;86.9285;3.4676;5.0276;
472529.819;523699.421;523442.874;-67.2017;-603.1258;-601.8196;
565188.104;497971.801;497960.528;147.7903;-439.4305;-455.8268;
436734.373;521300.894;520639.238;322.0359;-614.8350;-618.9009;
423676.595;520383.726;519414.017;98.1010;441.3966;409.5957;
580108.441;552539.831;554180.754;85.6443;166.5564;197.1281;
446275.874;524430.511;524694.610;-620.2170;560.4057;598.5811;
477978.065;556150.180;556126.986;-275.6699;-241.2985;-255.3052;
459029.800;546875.536;546859.725;-1349.5789;398.4071;427.9474;
512341.902;532544.655;532407.010;109.5390;409.2622;406.9110;
556814.538;656348.115;655279.078;-266.9714;-139.4398;-139.0677;
556155.500;642574.024;639520.828;-112.7991;-11.2852;-8.6929;
443133.384;549944.001;549950.660;174.9069;546.0781;546.2964;
477639.305;544540.881;544523.552;-78.4165;-36.1434;-44.3408;
420422.982;552727.093;551478.955;-349.5671;549.8097;548.5222;
243930.612;510016.397;509808.802;356.1681;207.1596;194.5335;
463517.610;543809.539;543793.599;-407.7384;22.3363;7.3886;
446939.212;550363.389;550434.568;-667.1248;222.7475;205.1585;
457519.909;539066.483;538820.505;-596.9699;183.4946;185.6119;
550915.535;642672.184;640577.755;48.8067;-206.3466;-207.8226;
390858.898;539465.422;539848.012;46.7649;-319.1118;-325.3891;
812245.148;659161.258;658529.395;-181.4115;-15.7793;-16.1240;
478744.949;518401.743;518151.658;-563.8724;31.8003;12.5810;
60594.725;610412.478;610085.169;67.9218;75.7182;75.5736;
498261.122;515504.438;514556.722;-962.5888;120.2828;152.7240;
435280.517;566318.921;565850.414;-98.2420;101.6512;95.1156;
437994.892;527968.904;527728.382;-111.7882;290.3387;308.0315;
485914.193;518893.009;518571.180;88.7760;153.9888;165.1438;
487061.779;506133.208;505399.074;242.8302;-76.9624;-53.6172;
484439.040;520564.782;520081.764;-361.6175;507.8565;517.6946;
515132.467;523334.712;522952.953;-234.5564;-413.7502;-436.0090;
420509.580;292456.110;287203.899;-9.5130;10.3963;10.4610;
482476.356;536402.243;536006.002;-735.9348;104.9531;100.3122;
808934.161;469357.990;467792.929;-67.1152;-11.2580;-8.0287;
495903.170;590688.556;590193.901;579.0032;-283.3619;-274.0594;
515043.394;513053.049;512629.241;-563.5892;366.6669;382.1298;
641785.982;470990.637;470108.417;-74.8966;108.3165;109.4307;
466748.653;522144.459;521599.112;-275.7876;-682.3604;-687.5700;
452357.835;584024.535;585128.250;53.0330;-33.4086;-34.3158;
464632.797;526443.539;526211.567;313.6488;568.8884;583.3899;
472506.121;523340.734;522980.294;-594.4427;-118.3808;-123.1258;
447343.388;522477.066;521699.959;1127.9588;-346.0947;-339.7365;
306666.534;634896.577;634490.263;-50.1829;30.8551;30.0137;
437899.357;544417.104;544353.019;150.2361;260.4309;234.4610;
495470.719;524715.079;524679.462;883.7132;-147.6427;-143.4442;
453916.298;560082.921;562824.153;-264.2334;-509.6039;-557.0023;
458740.770;532999.075;532581.368;-165.8319;40.9221;48.3567;
483823.104;561480.081;561527.085;-0.7671;414.4660;410.0962;
466566.702;514106.538;513978.277;415.7154;-418.5149;-423.5839;
468261.513;566616.040;566454.535;257.4165;-206.8045;-182.6883;
504699.458;543442.867;542992.824;439.8998;-527.9792;-529.3810;
385402.031;514104.799;513873.344;-399.9185;-563.8676;-574.0593;
475356.402;536007.150;536068.109;144.5223;192.0897;194.4750;
709265.171;657642.850;657162.902;105.9915;-32.4534;-33.4884;
907838.287;650658.840;649782.815;135.9673;4.9876;4.8024;
433824.016;495417.542;496593.374;-149.4569;-97.8133;-92.1008;
483833.126;621373.718;619945.931;-354.1531;39.4297;24.7943;
398837.256;563749.900;562317.241;138.2692;305.6267;307.0138;
208833.519;444786.321;443644.549;-307.8022;-109.7862;-113.5030;
513490.481;531311.021;531519.655;511.5130;-494.7758;-500.2789;
536866.885;452209.608;450990.256;-377.2641;77.5450;79.5115;
449653.929;530792.776;530616.221;176.9659;748.6430;747.0964;
790090.807;482367.719;480860.889;-134.5944;20.0854;15.8034;
447436.001;523156.695;522422.207;408.4643;-432.2375;-438.4978;
481966.920;559026.287;559086.984;492.7878;-143.8216;-139.8828;
386082.405;483011.959;479921.316;-357.0329;82.3162;69.9386;
894719.299;734934.189;732915.107;57.3192;13.4831;12.4976;
437232.894;529921.747;529793.813;127.4849;29.8291;24.8776;
491508.800;513632.966;513193.714;389.0236;238.2884;247.2951;
506109.270;514175.881;514110.394;703.8085;138.4683;139.6506;
465777.158;515465.235;515190.029;450.6603;-114.6582;-104.1425;
480521.022;527254.198;527236.240;68.1855;516.2985;528.1107;
499120.890;534882.003;535218.144;-164.8923;-32.4571;-42.2166;
421598.427;225950.197;224802.678;18.5210;5.1850;4.6205;
488271.992;557903.368;557754.308;-63.2810;-321.8997;-327.5649;
411024.058;568133.141;567593.296;64.6282;142.5188;139.8912;
623361.815;542799.745;544877.088;713.2592;-92.5562;-108.7467;
418491.951;594143.684;594122.560;611.3507;-25.8992;-33.9777;
471377.029;526949.329;526682.128;-35.4162;122.4615;121.3701;
472946.404;489893.552;489809.042;-257.2904;-115.4152;-116.9213;
496977.549;522407.800;522406.453;239.4351;488.9256;471.9165;
646884.076;829680.462;830255.625;318.9257;154.8025;147.7683;
323538.058;510584.854;509263.934;-93.4005;-118.3505;-118.7981;
615033.002;452593.758;452558.890;-134.3971;-64.3806;-71.5257;
473025.944;555488.822;555461.072;461.6305;-219.8806;-210.5500;
442626.876;526027.969;525795.279;-557.5920;134.0505;150.9690;
458244.206;272584.246;270770.389;-104.7697;52.0546;51.2062;
483526.980;521168.535;520896.180;249.4762;-421.2639;-411.4353;
485006.647;519181.195;518510.434;145.8577;-506.5583;-507.5429;
629463.286;506988.019;504929.228;-65.9178;-94.2980;-102.6598;
479858.058;522379.260;522231.812;231.9651;-185.4639;-190.4516;
485379.697;549226.006;549127.778;-14.2088;541.1329;540.4572;
471201.058;523470.190;523222.078;585.6649;286.2214;286.9192;
678214.750;535097.098;533813.401;293.3237;-127.2485;-135.6890;
386326.902;620537.717;616473.533;355.6977;271.6368;256.7534;
461091.460;511760.780;511221.359;-163.3190;361.1704;374.3122;
382216.017;495213.820;492818.934;-220.5486;-59.7423;-64.8658;
443603.967;518600.943;517932.220;-213.4117;-291.3218;-288.4496;
468946.497;520075.398;519558.624;176.6436;583.7860;598.7110;
501359.550;494393.251;493185.482;143.0814;-118.8148;-132.1071;
514016.008;518209.249;518132.048;874.1584;347.4941;352.8246;
575139.714;439933.436;438348.026;-40.7984;21.4744;17.3517;
517742.169;523816.836;523569.418;-222.0769;271.0728;276.8128;
480386.507;530447.197;530301.504;425.8824;239.1250;246.3079;
477179.086;512552.332;512513.876;-114.1104;634.8971;622.1929;
508576.506;523170.060;522927.232;-549.9678;315.1032;317.0177;
534235.315;522376.835;522174.260;-399.9183;198.9677;204.4970;
447706.966;542972.478;542865.637;-542.8133;-662.4630;-666.7404;
498514.823;560698.391;561565.881;-602.8484;-79.0013;-76.9122;
881871.834;663497.344;662980.414;141.1677;-64.6026;-66.3481;
475506.276;538486.478;538506.630;375.4637;-155.5588;-132.0974;
484047.786;546644.609;546682.981;446.4524;-297.6210;-289.8903;
495781.575;612678.524;611487.369;-379.9913;-217.5176;-202.5744;
443210.572;512632.646;511446.253;102.3336;-699.2490;-717.0103;
419779.437;551494.911;550675.798;-42.6187;-497.9523;-490.2193;
493871.484;533056.089;533095.889;-133.5528;-102.8758;-113.4927;
449696.990;535772.313;535737.229;392.3176;-146.4522;-148.4223;
459893.992;542864.304;542540.053;-220.0956;-14.2841;0.9469;
455513.272;547527.056;547059.049;284.2310;196.1556;195.0081;
