# This file was created for the Modelling and Simulation course, RUG (September-November 2019).
#
# Project: Simulate colliding galaxies, using Barnes-Hut algorithm.
#
# Students:
#     Stefan Evanghelides (s2895323)
#     Hidde Folkertsma (s2759799)
#
#     X         Y         Z         DX        DY        DZ
473605.373;531020.972;531001.937;-236.2611;-78.3681;-78.6708;
472351.868;547301.494;547330.146;339.1333;-995.2779;-993.9941;
657279.849;888090.208;888079.590;102.9308;-31.2209;-31.2252;
423038.335;453392.466;453345.595;164.0778;208.2298;208.1284;
451372.335;536265.782;536258.163;-844.1681;515.8066;516.1655;
461061.315;541824.264;541777.124;373.7223;-617.4831;-619.5806;
403963.118;593467.704;593552.860;-695.6201;-196.5185;-196.2527;
331081.034;488871.023;488795.968;-345.5180;217.8729;216.8448;
433007.869;546810.339;546788.102;1234.7440;-200.3074;-200.3480;
347973.595;519772.788;519501.720;164.9573;-99.8116;-99.9939;
514003.214;632233.670;632195.385;-395.9342;-178.1757;-178.2956;
625631.607;613158.315;613235.932;-96.0200;21.4954;20.5630;
454352.050;542310.542;542280.702;591.4794;295.4989;293.5349;
507570.573;520485.941;520406.535;6.3578;-360.5750;-364.0522;
452525.755;608521.372;608602.455;-728.4687;278.6090;279.6586;
423220.112;474092.786;473931.646;-87.6409;-136.8675;-137.7208;
432460.455;529134.622;529122.707;-290.6368;493.1229;494.9706;
476619.451;543938.533;543939.110;-80.7022;-622.1460;-621.9012;
342266.829;546595.912;546493.641;-416.3246;30.4848;30.0203;
587868.861;644243.060;644260.202;52.7611;64.6905;64.8815;
437494.206;556990.325;557017.647;29.5119;-379.3180;-380.5316;
547177.352;534646.127;534603.105;-148.0052;408.0159;408.2831;
474004.433;534728.214;534709.994;488.4999;254.1021;255.4079;
407762.939;519236.643;519070.820;380.8045;-14.6561;-13.3113;
461222.194;527467.855;527436.663;-1031.6584;-410.4302;-409.5693;
448022.947;546122.571;546138.459;-727.0470;-190.3933;-190.3566;
437703.700;541306.601;541289.188;101.0529;504.8637;506.4346;
445940.335;531932.959;531895.081;780.8868;308.0972;307.4597;
460612.792;555481.114;555477.680;231.0518;139.1656;139.0216;
459638.103;558025.391;558064.602;-172.1290;280.8484;281.3401;
852923.405;203777.329;203804.012;61.7034;-53.2347;-53.2325;
386819.809;634929.686;634994.830;-44.3019;-129.3325;-129.5409;
439398.931;528028.536;527928.981;-20.1417;661.6054;663.5188;
450597.803;552166.519;552169.105;-372.5121;-824.9214;-822.4738;
415417.950;520545.852;520563.014;-796.0086;-363.1650;-366.2592;
444768.142;531087.348;531043.336;832.8101;363.9589;365.3373;
832448.479;493635.727;493817.437;-296.4504;-29.3253;-30.3751;
443174.688;551481.771;551472.407;822.4261;305.5494;306.6723;
524556.573;525061.446;525130.081;-496.5912;-320.3630;-321.7424;
412716.204;546902.112;546903.022;-201.4950;139.5960;139.1600;
462607.854;534981.208;534975.796;526.6359;496.6009;497.6599;
318686.311;483606.812;483435.850;-456.8090;-204.0050;-204.3043;
469669.020;552081.313;552101.695;-135.2213;276.0304;278.0149;
476117.490;564170.414;564181.236;75.3650;-62.2761;-63.4029;
463262.894;405526.961;405518.155;24.5186;246.5484;246.1821;
460999.406;529857.578;529815.752;-46.5526;-154.2095;-154.4168;
474800.048;533595.864;533583.189;-4.4707;303.7595;304.3813;
806532.963;157194.448;157216.961;-10.7141;2.6062;2.6062;
431339.443;538744.775;538738.911;230.5239;-579.0515;-580.5753;
862343.201;667153.844;666771.162;-14.0235;59.1607;58.1617;
481427.434;397752.418;397618.128;102.4832;1.0815;1.4854;
438003.642;537568.918;537569.290;-395.5312;-41.8619;-44.6999;
449651.828;530363.849;530340.222;-291.6862;134.3631;134.3490;
497183.243;548676.669;548773.798;646.1203;207.2201;209.3355;
456524.052;525969.457;525924.306;-1114.4526;413.1710;416.3551;
424593.098;510995.781;510828.990;544.2376;26.1102;25.7794;
431733.558;542330.252;542291.650;404.3258;-924.0854;-925.0462;
455953.715;546589.961;546599.850;834.3234;720.5908;720.7144;
807341.729;441827.686;441727.358;9.9331;-65.8376;-65.6609;
441597.565;533784.940;533774.476;219.6722;-113.1519;-111.3520;
971271.818;613758.833;613711.151;45.5690;38.3953;38.2347;
434018.329;536739.350;536726.894;313.8953;512.0657;512.3878;
135988.805;406291.606;406170.202;-130.2700;63.9661;63.8975;
36177.805;659678.358;659672.060;-141.6429;56.8013;56.7453;
825455.749;337477.764;337530.922;204.5953;-51.8428;-51.7097;
487685.307;506354.569;506218.975;11.2018;-40.1993;-43.0468;
570070.036;538308.044;538227.260;-0.4698;287.0843;288.4801;
469462.952;550263.681;550219.169;240.0631;348.3856;349.0342;
187805.881;294938.688;294419.026;-141.4734;-199.8120;-200.2162;
518912.311;648729.913;648835.664;404.4408;-44.0361;-44.5987;
372611.975;464781.363;464592.050;171.1455;261.2900;261.8353;
443083.430;536601.966;536576.003;-151.8800;436.6220;435.9278;
427463.150;600220.982;600204.511;458.9403;-126.9903;-126.4810;
482639.931;559939.650;559916.554;-328.7120;-305.8438;-306.2980;
337787.855;467838.122;467750.075;18.6512;-64.4831;-63.7546;
563275.502;528230.584;528246.226;425.8046;-52.2336;-52.5029;
568917.535;503681.130;503596.996;-281.8464;-385.4469;-387.3734;
467136.234;533960.917;533941.477;543.4173;-270.1080;-270.0299;
633061.380;666326.116;666208.573;-138.4434;-11.3356;-11.1885;
157535.211;720253.315;720370.430;-372.0078;34.9994;35.0148;
431157.561;517476.732;517408.718;-583.6066;237.3020;237.8748;
979907.587;652491.908;651717.384;330.0276;51.4635;51.5706;
402701.208;562912.713;562916.155;180.9318;-214.6428;-215.8538;
462644.628;547756.360;547787.745;-109.5737;170.0957;171.3587;
459240.536;541663.938;541660.843;882.4448;502.5424;503.1228;
465119.029;528771.343;528743.537;389.2348;348.7596;349.3328;
585229.374;556198.746;556423.837;581.8378;-39.1844;-40.1626;
460654.426;525767.046;525688.589;-851.3234;610.6674;613.2931;
457032.384;527841.650;527824.337;575.4871;720.9503;722.1166;
461075.313;570324.544;570356.840;-69.9648;-557.9288;-558.3672;
452727.064;548080.928;548069.504;117.1565;-661.1782;-663.2494;
475351.293;538333.876;538335.502;30.3317;-903.9034;-902.9290;
470662.810;542455.862;542488.895;-662.6933;-133.4591;-135.1396;
455855.515;548139.196;548124.728;-380.3489;-466.6957;-468.2913;
470598.236;487644.516;487555.105;-766.4135;250.0001;249.9465;
825779.881;563065.732;563023.404;-171.3707;117.7947;117.4240;
450703.696;540908.774;540905.639;633.3553;231.4792;231.0198;
585997.056;458548.813;458401.036;-156.6667;-47.1236;-46.8903;
671785.809;400334.578;400311.342;-144.8060;-48.4345;-48.4160;
406559.515;539446.533;539458.288;16.7817;31.1708;31.4758;
497205.598;670083.158;670052.740;-274.5365;172.0911;172.8116;
459921.680;605031.736;605072.075;412.8083;75.5382;76.3423;
653647.509;584069.393;584015.931;238.3654;57.2799;57.2929;
453263.189;538598.911;538582.376;1379.7404;128.9717;129.0902;
481543.272;345094.956;345059.375;-147.9682;27.2397;27.2887;
472128.670;523073.611;523055.571;166.6265;376.0703;376.8111;
864267.005;471964.115;471920.231;71.2123;-14.6446;-14.6032;
459321.374;550613.421;550644.209;659.4243;-176.5938;-177.4253;
470633.841;521960.369;521927.623;242.2914;-534.4469;-535.7110;
475381.513;534204.250;534180.335;-581.0958;-158.9832;-160.2736;
242559.053;386089.739;386014.500;177.8247;82.5593;82.3457;
419868.529;591388.124;591383.749;133.6827;-108.3824;-108.5002;
331339.359;861086.638;860950.811;-112.2826;126.8560;126.7658;
468309.162;533446.540;533370.032;215.3753;-249.6437;-248.7112;
442374.158;552719.076;552652.002;-522.7934;310.1429;310.5052;
452215.845;543602.195;543569.474;-783.5865;-17.8511;-19.1529;
456355.435;581450.867;581429.436;-412.3202;14.0936;14.2934;
462649.624;514644.489;514599.675;255.3394;123.2366;123.8656;
409618.228;360948.740;360772.280;-14.7589;-127.3378;-127.3147;
459478.230;573894.317;573873.053;-184.6818;-74.9619;-77.9926;
444415.818;532701.959;532687.798;-192.3438;-81.7509;-80.3166;
624763.829;635623.503;635438.825;161.1016;-5.7543;-5.9793;
380220.672;308478.691;308410.597;-243.2119;-4.8732;-4.8475;
393379.390;967035.997;967029.406;16.5727;119.4161;119.4079;
505213.646;523313.564;523242.803;-193.1638;-16.4873;-16.9692;
439154.089;578341.610;578334.953;-432.8324;-486.4605;-486.8546;
453011.238;554973.819;554985.903;-433.1005;7.8362;6.7140;
817750.719;515323.892;514731.182;9.7801;-123.5946;-122.6232;
578134.032;541963.183;541855.055;203.5852;132.4342;132.2306;
471206.532;530829.405;530815.686;-747.6389;157.9093;157.0594;
464829.480;548441.675;548448.099;-615.5933;630.3295;631.2953;
451169.630;549160.362;549121.458;597.5528;-753.6796;-752.4896;
369299.559;565154.941;565102.116;562.5991;230.6832;230.4765;
442131.295;545865.737;545828.142;1441.4888;361.5502;362.1181;
469726.272;511622.048;511531.094;489.3814;326.3714;326.2235;
542561.232;566920.411;566940.978;117.2429;-314.1426;-315.1298;
456575.229;553137.548;553142.759;19.7759;830.1784;831.9918;
287957.267;269564.007;269433.038;223.0293;27.4718;26.5398;
489878.478;533357.407;533423.608;970.7600;-28.8725;-29.2683;
468074.835;525860.894;525896.923;-146.3845;-653.9150;-653.8397;
434600.713;573203.654;573204.543;23.4986;-167.6731;-169.0110;
618694.917;650479.214;650478.304;-3.9032;-394.6785;-394.9652;
468527.406;550441.016;550461.016;345.9121;-92.2303;-92.0289;
552940.608;544172.114;544172.843;-364.7520;30.5881;33.1636;
419558.731;531232.772;531299.891;83.9896;-56.6538;-56.7163;
422192.734;509227.479;509147.890;-289.2797;-59.2110;-59.1024;
434047.085;528061.519;528006.276;19.2254;191.3094;192.1137;
481335.119;545514.694;545551.425;-740.3162;410.7097;412.3573;
351074.346;655535.869;655546.367;215.3200;-109.3724;-109.5230;
428541.157;506620.387;506576.288;-16.7937;-57.0710;-57.6610;
461325.429;551166.419;551169.051;-120.5231;-48.2990;-48.6391;
448655.119;526593.699;526546.141;-27.3820;409.6209;409.4595;
460582.422;542869.779;542885.074;-60.0995;-131.8369;-134.5583;
458738.313;550757.187;550773.554;-1088.7814;-93.1164;-92.7962;
421819.538;520157.420;520086.144;430.8936;-476.8360;-477.3328;
426561.206;551825.618;551865.287;-837.0969;-109.1905;-107.7817;
228125.931;225629.241;225392.279;-152.5392;-302.3750;-301.9555;
612265.259;492277.985;492116.695;-238.3656;-75.9947;-75.8702;
444057.222;530007.796;529955.109;63.2027;809.9775;812.7186;
462365.851;540037.989;540043.148;46.5482;140.3135;140.8083;
488729.117;516317.786;516266.536;-332.2404;899.9912;900.0094;
450344.972;560592.693;560624.954;-339.7140;-47.5775;-47.9159;
390111.679;542921.143;542857.348;-89.3958;-427.8021;-429.4460;
472728.273;534523.917;534545.495;189.4010;445.9432;446.4135;
389762.778;602703.021;602691.033;-45.9620;-127.2070;-127.6483;
457104.729;557764.272;557778.493;-717.1133;-251.4675;-253.6209;
451533.074;549345.390;549355.862;158.6848;-257.8903;-260.5742;
487353.897;543388.540;543422.968;-40.6087;80.4259;80.2451;
