# This file was created for the Modelling and Simulation course, RUG (September-November 2019).
#
# Project: Simulate colliding galaxies, using Barnes-Hut algorithm.
#
# Students:
#     Stefan Evanghelides (s2895323)
#     Hidde Folkertsma (s2759799)
#
#     X         Y         Z         DX        DY        DZ
460556.603;540884.220;540836.829;-173.6660;86.9351;87.6370;
468620.450;554676.228;554677.441;105.0261;764.5783;771.6918;
736394.145;848207.972;848192.176;81.7137;-62.2518;-62.2612;
396163.519;749999.218;750498.605;-111.4866;273.8165;274.3665;
480696.616;537795.548;537714.568;-437.3795;22.6261;27.5853;
483568.590;541749.789;541690.043;521.4785;194.5098;190.9543;
454837.633;448040.472;447748.653;445.0302;170.0138;171.4139;
419533.772;661242.368;661089.897;414.1533;43.6261;45.6966;
569090.174;540484.071;540098.146;-603.7728;41.5281;42.7965;
389404.526;646989.061;647060.166;-142.4017;-189.9948;-191.0997;
644983.813;440337.658;440104.268;40.0262;92.4865;93.8458;
315019.293;460014.254;459984.537;-116.3602;-55.0520;-51.6877;
477301.536;533518.388;533449.023;1074.0025;146.0704;143.6130;
498616.948;530101.357;529891.526;524.9999;-295.7064;-303.3602;
157681.182;611670.559;611577.884;-135.2555;-32.3227;-32.7105;
527554.850;594102.006;594080.491;162.6998;63.2385;62.7541;
497649.300;528426.663;528362.209;-142.6975;422.7465;425.6255;
506559.423;552619.472;552835.326;928.6846;381.6724;379.6309;
618208.864;618817.782;618943.987;-50.0558;63.1097;61.9795;
346286.383;528335.271;527875.468;-255.2712;23.2970;20.5275;
472400.646;542923.687;542804.539;-868.8757;-301.6481;-306.7273;
279983.336;521451.280;521313.101;-38.2602;-204.9618;-206.1442;
482980.969;528616.150;528444.289;-154.3005;556.8977;558.0725;
447828.861;557683.060;557569.929;-402.6867;-301.0329;-299.8795;
404557.392;531196.459;530850.716;66.3899;163.6318;163.7811;
456837.658;531756.695;531676.586;-64.1667;-151.4077;-152.1185;
465538.479;543877.967;543788.809;-10.1709;-590.5100;-591.3214;
480301.808;546989.549;546880.359;-174.8554;338.8344;341.6163;
472486.643;542533.665;542483.892;-678.6026;306.1693;307.5022;
458528.849;548304.647;548288.977;-22.3652;-178.2215;-177.7346;
890288.582;165295.604;165322.069;27.3745;-35.7938;-35.7965;
663785.004;556867.217;555932.210;-86.3216;94.3930;92.1201;
463677.804;537263.769;537184.598;766.7475;414.1364;413.1964;
466304.865;554244.451;554176.639;-68.2253;620.9779;619.8140;
564648.545;539078.982;538719.443;373.0748;-208.4045;-206.5891;
484133.485;542401.082;542345.860;611.9002;707.3834;712.0691;
340928.824;536136.866;535314.336;-608.6490;-136.0539;-143.6153;
479907.940;553888.605;553893.101;216.3518;105.8941;106.1425;
396430.427;535918.369;535657.312;4.2319;392.4565;394.2650;
456885.581;559720.543;559731.971;-163.5668;-101.0557;-99.5533;
475155.847;527987.861;527872.837;-477.4064;204.1072;204.5787;
164984.759;405749.551;405594.332;-27.3310;-25.5376;-25.4555;
470483.203;547540.118;547440.131;112.4911;851.8044;855.8822;
462824.698;524967.215;524933.067;-1101.0938;-634.8573;-635.9001;
387628.028;696185.109;696384.089;7.5311;18.2467;17.5753;
442976.293;545887.347;545839.253;-145.9066;3.0693;3.9501;
446279.683;526027.901;525985.751;-44.5559;-299.2051;-299.5821;
780224.839;188750.746;188768.837;-52.8997;71.2081;71.1966;
462578.773;526075.896;525997.319;347.1791;-350.7630;-349.6352;
822433.602;705327.284;704149.780;-79.3072;29.8255;28.9799;
490274.472;542864.021;542785.623;-659.4323;536.6905;533.6257;
476319.364;544973.870;544975.427;795.9541;-94.2110;-93.3461;
448936.819;537061.450;536992.164;80.4490;312.7231;315.2882;
429562.652;543878.957;543801.827;-100.4272;345.8445;344.3917;
484205.575;478074.815;477933.426;-397.5496;-493.6562;-493.5470;
442667.460;533583.641;533638.108;-773.9404;-265.4275;-266.1842;
469434.895;473573.017;473309.446;387.0386;184.7596;187.8469;
462652.011;521045.220;520960.304;268.7148;-288.8050;-286.8797;
731845.909;429245.367;429514.039;-211.9102;34.6593;35.4880;
505235.987;554094.166;554201.487;256.0781;-67.3133;-65.8836;
980380.749;642837.830;642620.809;-22.9613;27.8147;27.6159;
466093.261;542659.388;542567.431;52.9344;-655.2676;-656.8358;
54273.210;469198.733;469025.071;-62.9904;81.0810;81.0258;
973988.196;307509.630;307665.530;147.9237;-22.5268;-22.4174;
423053.968;536322.992;536102.148;408.5875;-349.0654;-350.8940;
430745.629;561525.184;561566.247;-771.8980;-331.1051;-328.4991;
458480.139;541900.805;541746.432;-402.0488;-267.0895;-266.2903;
105720.891;155606.200;154830.399;-65.3320;-134.6211;-134.8522;
455263.971;568237.221;568353.805;709.6318;-489.2418;-493.0900;
404391.943;562374.355;562256.663;-445.3964;242.0317;236.2350;
472561.035;526547.882;526482.199;-384.2730;370.0154;369.2143;
285334.520;547894.641;547862.600;22.7134;154.9806;155.4889;
474274.008;622503.858;622427.167;-0.3677;-6.1088;-9.2349;
410316.596;494287.394;494166.715;-30.6436;22.7677;21.8813;
760085.226;516540.280;516016.096;134.7800;-3.4281;-4.4678;
309586.006;600250.381;600443.810;185.8861;248.8294;249.6493;
471554.511;533353.451;533282.354;-23.3259;-872.3678;-872.3361;
449910.232;521969.256;521857.003;147.7342;-495.0354;-497.6101;
482381.735;543253.827;543212.837;714.7620;-506.8442;-510.7346;
435493.444;511817.916;511552.003;748.4457;94.9654;99.8237;
470173.684;550704.601;550659.559;-194.8839;-583.8910;-589.1862;
456593.669;542863.950;542815.583;-1364.6755;-162.8009;-159.4663;
425899.379;536094.981;535965.500;278.0735;-23.7704;-24.8891;
785698.262;511963.878;511060.337;26.5980;-48.6685;-49.5201;
493853.410;544943.911;544981.742;-368.9968;-779.2468;-782.4449;
475598.640;540529.083;540445.456;-259.7488;-859.3152;-862.3052;
450254.447;540112.830;540106.836;-1261.3225;-232.5910;-228.4207;
461095.887;539084.556;538963.213;-890.6156;-85.9906;-87.3003;
492278.685;549433.556;549370.683;49.0603;535.2961;538.3864;
475523.157;544346.245;544303.848;-93.7693;-410.8539;-412.4130;
465257.636;553266.333;553232.607;-1143.8798;-199.7512;-202.7877;
454321.737;581802.717;581904.416;735.2258;-145.0001;-139.5250;
500363.129;596903.571;596918.767;-745.4155;-265.3617;-263.9617;
467046.148;550106.720;550036.793;-63.6877;129.6325;130.4754;
408403.718;532137.010;531899.312;-74.4820;323.0744;322.9057;
467321.089;457475.283;457387.139;-340.1755;291.6707;291.2282;
508288.219;518473.393;518358.876;-424.4575;-81.6883;-84.0571;
568682.934;542542.604;542593.692;548.6734;484.5217;486.1129;
407523.092;595166.384;595139.798;113.4910;325.4016;325.3772;
736599.257;611268.643;611066.796;-15.0230;4.9842;4.6188;
463283.146;524809.181;524702.433;-407.5107;-657.0397;-659.9826;
372353.679;472499.210;472343.365;-12.8063;333.9920;333.1523;
468198.758;557444.779;557439.386;295.5941;250.6976;253.6620;
893295.545;465294.642;465280.239;3.4468;-3.1867;-3.1562;
482264.640;540858.084;540797.359;-93.4218;-445.8721;-449.3517;
489608.441;556209.376;556226.103;155.5607;-167.2274;-169.6951;
477983.244;561880.293;561875.081;686.6255;-147.6115;-146.4052;
551411.713;591097.541;591455.607;547.7149;249.6763;251.4977;
476227.191;571207.008;571125.836;62.6757;434.4677;434.5548;
246294.495;945805.233;945601.664;-88.8517;76.9172;76.8453;
467298.228;528473.566;528365.905;-266.4746;230.7642;232.3080;
483288.402;534945.826;534898.151;-606.4888;65.1115;67.5989;
478110.551;541606.256;541517.108;-353.9553;471.0121;473.1567;
436695.486;496258.790;495994.679;177.1470;-128.8678;-130.6895;
475673.755;529323.884;529267.969;559.3221;-16.1769;-15.7965;
404126.603;279260.901;278926.041;1.9752;-68.9992;-69.4913;
472202.535;534259.813;534180.089;1125.8020;377.1190;373.3501;
479776.477;566463.520;566463.924;141.6311;-66.8433;-67.6434;
223447.351;452658.846;452204.011;-273.0878;-103.9636;-105.8542;
204014.295;347881.061;347777.607;-160.3375;94.7558;94.6802;
524583.900;544905.162;544775.653;428.1812;-412.1682;-416.8195;
412266.081;537169.253;536992.561;611.3383;-475.7661;-477.9053;
460807.947;523628.692;523513.394;-847.9933;320.0987;321.7807;
647629.739;403294.367;404713.517;-376.0275;-46.2507;-45.9742;
538261.297;606695.610;606783.076;-253.3150;-52.6223;-52.5833;
487561.888;626300.422;626158.851;264.1677;57.0764;57.4075;
498694.031;525378.005;525226.747;-216.7622;203.9510;202.3291;
470182.824;534706.205;534669.221;77.6581;-178.0118;-180.3873;
584609.260;373790.194;373039.876;-22.1483;-194.0223;-195.3717;
472479.808;555002.936;555053.971;1153.7040;103.5628;104.2270;
477737.954;525413.106;525332.694;709.3153;-944.6186;-947.9144;
550270.496;560869.636;560994.844;-16.4350;-493.7725;-496.0779;
491529.696;557534.719;557615.733;264.3407;46.9783;45.8840;
500919.364;377284.700;376736.880;257.2915;261.6335;261.8266;
491864.220;552311.106;552214.649;-66.9419;446.4817;448.7652;
457340.703;554111.817;554084.706;718.5277;645.1165;646.2840;
459459.755;603324.906;603136.263;155.8805;-180.7876;-181.7164;
282066.769;519343.272;518601.077;-235.0363;321.7299;318.6001;
463745.591;538373.388;538268.851;-75.6955;433.5976;433.5896;
553692.292;554405.131;554205.519;-384.3532;230.1451;225.0287;
496234.887;550356.761;550459.565;653.5741;374.7223;381.4181;
483631.022;562367.153;562331.862;-543.6498;-261.8280;-263.7006;
550640.111;538767.020;538433.839;218.2072;-28.0528;-32.1615;
460546.994;562724.204;562723.038;-783.6195;-323.2673;-322.1977;
446414.068;501326.274;501260.816;-86.9582;516.9244;515.6748;
450872.500;549375.893;549289.332;778.6185;6.1464;7.2615;
488451.655;524463.768;524429.966;-455.9409;-21.4391;-22.7427;
450182.695;550913.087;550866.088;514.3786;-195.9942;-196.8082;
483188.814;527617.086;527456.327;172.5026;22.2860;24.0883;
481574.242;527030.054;526978.438;930.9338;-90.3706;-91.2264;
520810.281;496847.549;496673.502;290.8318;39.3509;40.2426;
498296.609;558038.979;557862.245;-905.8958;-108.5976;-103.1925;
505344.515;648233.602;648279.925;344.5869;164.7975;165.5463;
467132.555;548597.605;548514.075;104.2762;-271.6796;-272.6875;
464937.347;541740.761;541667.729;-905.3003;100.0469;100.2303;
116258.650;618679.038;618575.887;-119.9668;-96.4522;-96.8942;
472967.691;539509.232;539427.471;1006.0473;386.1042;386.1457;
544270.526;518404.259;518354.698;422.6389;340.0648;340.5483;
480546.653;526828.337;526716.973;-474.4260;-436.5089;-434.3503;
548999.810;552623.391;552191.491;-359.1882;25.5204;26.7705;
464361.371;544988.995;544907.089;-326.2112;102.8199;103.8653;
456124.153;539247.170;539126.112;194.3148;298.1060;297.9964;
467393.480;516472.398;516416.271;299.5147;-65.8994;-66.1078;
