# This file was created for the Modelling and Simulation course, RUG (September-November 2019).
#
# Project: Simulate colliding galaxies, using Barnes-Hut algorithm.
#
# Students:
#     Stefan Evanghelides (s2895323)
#     Hidde Folkertsma (s2759799)
#
#     X         Y         Z         DX        DY        DZ
439821.079;555283.121;555268.924;292.9758;62.2690;62.5518;
490031.503;556007.889;556022.479;537.1180;-55.2825;-57.0998;
678332.326;880743.674;880732.094;98.4532;-38.9921;-38.9970;
459324.293;512025.526;511948.899;191.8045;426.6417;426.6296;
443144.393;533506.434;533477.646;855.8236;38.1102;37.5867;
452727.308;526411.481;526303.961;-426.6834;425.4546;426.5133;
319670.987;528903.471;528880.919;-183.4782;-320.7732;-322.0378;
285024.861;539335.475;539050.649;-86.5831;263.9832;263.2168;
594425.436;526023.195;526064.876;383.2983;-17.3441;-17.3433;
486806.503;547481.927;547509.329;561.1681;848.1429;849.0472;
450102.384;516007.113;515967.918;743.7428;-848.7219;-851.7670;
587547.850;616910.514;616719.963;-276.3519;-5.7400;-6.2050;
447364.646;544544.664;544534.725;-2.3913;-88.9512;-87.5649;
447879.002;584637.636;584579.271;430.6270;162.7286;159.8880;
315215.314;630240.075;630376.408;-549.6613;-11.3121;-11.6084;
412601.490;461892.697;461611.195;-15.4534;10.7539;10.4178;
416936.002;531203.626;531049.354;121.3686;55.9349;57.5710;
462855.574;540639.747;540604.611;-1202.6784;-359.2355;-360.8240;
317387.299;547832.812;547703.481;160.5047;-26.3320;-25.8447;
592767.431;644902.004;644931.858;-18.1017;-64.8076;-64.8946;
467931.508;551238.014;551259.165;268.1536;-333.1116;-332.9975;
468360.694;601379.336;601452.824;-549.0026;149.3638;149.8555;
481764.779;529951.815;529911.021;-164.8797;86.1078;85.2525;
500426.119;572854.354;572818.961;-21.4259;262.3765;262.1186;
470268.629;558523.916;558543.824;970.8280;-395.0309;-393.2209;
452287.833;531987.994;531954.884;293.2601;281.9488;280.9377;
460178.887;543027.695;543010.362;241.7732;415.5940;416.9527;
472438.325;527859.444;527820.749;269.2768;698.2104;699.4110;
464229.934;548622.000;548621.823;-589.5599;-150.9977;-152.8369;
448257.444;555041.123;555063.726;196.1030;-424.1352;-424.2839;
864919.953;193017.934;193044.962;53.0161;-49.7356;-49.7346;
406398.461;575695.885;575713.891;309.4511;-548.9228;-549.8764;
420161.441;536333.177;536297.311;114.9245;259.2732;257.4760;
431826.270;562429.241;562388.948;48.1946;-180.2900;-182.5268;
427340.791;529229.588;529055.577;1082.2639;571.0715;578.0134;
470181.652;537451.267;537410.242;-89.4373;938.0753;940.6445;
767383.374;495833.768;495475.110;-314.4576;30.2257;26.9401;
518353.103;532180.491;532177.138;-92.6604;-139.5061;-139.9017;
387701.454;561015.088;561020.434;-35.9940;438.1433;439.8420;
478398.411;537330.634;537333.922;389.9927;-230.5700;-230.2922;
452864.699;556517.794;556547.879;-332.3953;242.9940;243.2064;
248561.449;450896.245;450705.497;-258.7461;-124.6239;-124.6388;
457622.500;538221.240;538218.971;504.4826;-194.3628;-196.6331;
471056.282;554467.707;554526.269;462.7402;651.0675;655.1946;
468193.365;478600.504;478502.307;17.9812;516.0698;515.5449;
455888.091;521807.489;521739.850;-191.5801;92.3426;90.5309;
407364.060;564818.170;564808.360;-162.1708;-51.8697;-52.1234;
803227.935;159551.696;159573.976;-20.7077;19.8065;19.8042;
470863.345;526778.557;526739.307;389.8149;118.8873;118.5179;
857738.313;678796.010;678206.851;-30.2157;52.2831;51.3086;
499985.579;404964.070;404924.664;79.2938;65.7600;66.2206;
442097.749;528622.832;528587.324;400.4416;562.6245;561.5081;
467577.316;545624.086;545625.742;559.2314;117.5083;116.8584;
429102.593;523995.887;523963.592;496.8035;145.7761;144.5908;
486654.099;556223.463;556220.380;35.2984;-665.8594;-663.7938;
455198.661;571702.787;571603.396;-306.8993;-383.2999;-383.2631;
542252.669;514175.550;514078.951;71.5147;238.9413;238.4376;
464687.343;562204.493;562254.025;-497.8183;313.9886;313.1863;
805249.494;430490.432;430427.769;-30.4227;-42.6672;-42.4909;
450372.483;538028.593;538040.869;-237.1187;-470.4672;-472.4582;
979000.683;621832.361;621743.928;28.1158;37.4052;37.2042;
461778.664;536895.941;536878.003;187.2969;410.8780;411.0504;
110591.780;420272.627;420137.279;-113.0342;69.6995;69.6347;
9668.537;670800.328;670782.379;-112.5257;49.9142;49.8592;
866515.881;327687.325;327767.628;188.6902;-42.2550;-42.1285;
406625.675;578055.858;577899.237;95.2037;-28.2794;-30.0237;
499955.305;585491.209;585675.513;-691.8212;58.9327;59.1587;
447219.818;543060.187;543051.007;66.8301;-159.5127;-157.4730;
161348.615;255375.402;254778.573;-113.6797;-179.5116;-179.8514;
587805.235;613739.370;613670.967;295.0077;-272.7628;-273.8995;
503601.340;562276.387;562381.776;993.0095;193.1479;196.2450;
456220.685;541092.706;541072.192;226.8150;458.8747;458.5673;
463691.497;503261.847;503180.028;-575.8916;-392.0858;-394.1337;
440425.023;528328.693;528189.587;695.2811;441.6560;444.6163;
364964.048;472931.177;472974.912;246.3300;114.2940;114.8084;
635603.846;521880.399;521829.136;288.8402;-18.7304;-19.0537;
472605.218;451964.661;451582.885;-577.0751;-80.3952;-80.9828;
439698.544;553589.714;553591.476;772.8775;-170.8415;-170.2480;
599868.524;659236.557;659158.636;-179.9585;-58.5234;-58.2725;
83130.598;725584.434;725702.978;-341.4023;17.0070;17.0059;
462969.308;564271.318;564265.438;585.8080;-292.3707;-293.4991;
542031.138;511558.931;511530.980;310.2237;-80.7857;-81.5496;
456060.604;541089.880;541095.010;-497.5784;199.4592;198.2734;
445124.718;544150.533;544135.384;-234.1421;-375.2013;-376.2288;
480649.911;522458.776;522400.095;-58.8904;213.3022;213.3793;
676644.661;545462.261;545396.970;339.0446;-50.4047;-51.9060;
455159.793;516933.782;516956.805;-512.2174;-530.0144;-530.6833;
460309.477;558503.932;558552.708;47.2390;606.9776;608.4339;
464252.715;572849.774;572899.780;164.8019;425.5326;425.8090;
461682.915;540360.111;540327.202;56.3507;-332.4868;-335.0886;
433943.734;528026.917;527973.570;-875.5160;-169.4346;-168.9269;
434097.942;536488.467;536447.397;317.5397;-85.9514;-87.5397;
452629.752;529204.496;529136.865;-215.6969;-28.5994;-28.3755;
454258.562;607440.992;607547.737;502.3000;276.9091;277.5946;
782821.464;586205.988;586082.978;-242.8628;103.9411;103.5567;
441892.971;552262.221;552236.510;-724.0011;-35.4176;-36.7846;
548489.523;452641.133;452545.827;-202.5078;-7.4813;-7.2187;
636628.779;394116.332;394096.434;-191.4197;-9.9765;-9.9643;
476561.323;552176.377;552230.559;-1167.9265;-117.1099;-120.3526;
438940.728;683321.591;683440.502;-277.8264;-35.2075;-34.5570;
529843.181;595531.944;595651.048;233.3054;-156.2885;-156.2912;
693691.630;595022.996;594974.837;150.2854;45.5060;45.5337;
426175.563;525128.011;525041.048;-97.7515;-336.2079;-336.7468;
449879.354;356017.841;355991.454;-153.6466;77.0246;77.0609;
456694.292;537953.418;537926.775;1175.8998;-676.1493;-677.6928;
876846.814;469487.153;469451.249;50.1265;-9.8756;-9.8439;
475910.636;540237.881;540241.813;-128.6970;-126.3479;-125.0069;
461078.671;545131.442;545110.934;244.4314;-552.9418;-553.9124;
469252.723;542112.972;542088.150;407.9229;-434.9608;-435.4875;
284693.125;406974.896;406855.737;226.6114;120.1181;119.9143;
471283.191;505233.567;505148.773;48.3134;-387.5212;-389.0437;
308573.328;885978.527;885824.512;-105.7571;111.8311;111.7471;
447932.729;540993.079;540941.499;-195.1696;678.5188;683.3845;
473754.959;547036.571;546996.595;79.1792;-468.7888;-467.1822;
436111.294;538581.050;538555.148;-245.9329;-264.3325;-266.2663;
487363.145;524166.856;524071.650;35.0208;241.2209;241.9064;
449819.763;569161.925;569155.055;-271.8992;47.3803;47.3174;
407167.880;336326.339;336157.195;-9.0054;-109.0463;-109.0004;
459798.339;534168.336;534047.941;-329.6656;823.8856;830.3859;
430569.034;531330.063;531225.601;-722.0318;35.9551;34.8234;
608458.045;619161.934;619289.496;-287.9162;-166.2002;-165.0888;
330361.646;310581.051;310516.636;-232.9454;21.8905;21.8824;
396910.839;991486.695;991478.336;17.1745;114.6729;114.6642;
400723.409;580979.034;580952.370;41.9625;279.7293;278.9332;
539613.580;518738.874;518651.953;217.4069;239.3839;240.4218;
445313.406;557362.624;557380.334;154.5255;44.4549;45.3640;
807315.193;483057.000;483001.790;-126.2964;-163.3825;-160.0420;
601362.240;569345.523;569256.956;62.1689;124.1668;124.1653;
447388.899;519619.133;519565.164;-952.3177;-295.5659;-296.9210;
435767.990;555922.226;555909.780;-448.4648;256.3551;257.0038;
457851.968;534136.638;534076.589;-607.2838;-268.2502;-265.1547;
522260.354;557684.595;557766.743;534.9890;-352.3514;-351.3943;
512321.472;530230.309;530201.715;-491.5559;-103.6409;-105.1695;
375203.732;580025.640;579912.365;-107.5255;-159.2257;-159.8788;
461614.119;505174.188;505124.657;-904.1557;51.3253;51.4835;
457916.876;554777.891;554769.531;447.2836;871.3962;874.1029;
336535.845;279211.831;278888.905;242.1376;67.9160;67.0368;
419945.891;537023.788;536964.950;-536.4474;-578.6476;-582.9774;
449455.274;516292.092;516245.500;-532.8337;-400.7553;-400.1706;
481669.631;494708.618;494687.816;21.0586;-105.2449;-106.1137;
609741.397;555913.422;555632.899;-204.1810;-467.8330;-468.7166;
443942.128;541154.123;541143.372;-529.2127;99.5819;99.6675;
391250.239;528180.417;528063.556;-31.5989;-188.0545;-186.4416;
445023.833;538156.144;538053.793;-1007.8907;-651.1802;-657.4630;
498127.296;556737.091;556769.471;274.6753;88.9391;89.7341;
429467.337;528555.700;528490.181;-683.8299;-110.3725;-112.7940;
437343.792;545306.733;545334.399;-427.3648;-594.2087;-593.5739;
413374.097;608269.633;608278.350;387.6384;-397.3961;-397.2618;
483783.972;581684.576;581750.381;-0.4387;-40.4182;-41.3097;
461377.856;543746.408;543721.938;124.8444;231.3446;231.9142;
452615.786;549279.016;549266.724;875.7117;348.6878;350.0392;
455771.676;554181.009;554178.460;-304.4184;-17.6595;-16.6059;
455669.755;526314.369;526281.433;558.9607;-281.8557;-282.0963;
439221.049;570068.376;570102.637;-843.5163;35.0843;35.1615;
475766.409;530455.056;530384.805;853.4192;512.6709;516.5310;
197419.551;164250.634;164101.453;-142.3182;-286.2393;-285.8204;
548909.324;482226.126;482106.045;-374.2490;-8.0609;-7.7816;
437790.951;541081.619;541009.027;506.8230;320.6178;321.2085;
453883.324;541523.291;541502.582;-300.9089;370.5100;371.9061;
326134.351;616839.328;616964.877;-481.4828;190.5135;190.5048;
462884.646;539273.501;539247.882;-22.8436;-461.0242;-462.7225;
479495.368;567712.074;567753.831;-609.7820;579.8407;579.7060;
448864.609;556579.613;556564.037;425.2196;-59.5288;-62.3919;
416785.216;556053.885;556029.128;444.0160;-315.1998;-314.9655;
457805.008;533738.796;533683.819;586.3997;-246.1016;-247.6606;
450518.934;546881.047;546836.615;-623.8287;419.7729;420.8033;
397829.068;541337.763;541289.532;-174.2778;-93.5150;-93.5803;
