# This file was created for the Modelling and Simulation course, RUG (September-November 2019).
#
# Project: Simulate colliding galaxies, using Barnes-Hut algorithm.
#
# Students:
#     Stefan Evanghelides (s2895323)
#     Hidde Folkertsma (s2759799)
#
#     X         Y         Z         DX        DY        DZ
481666.188;544192.566;544148.726;209.7973;-107.9514;-107.8164;
447801.742;525795.032;525758.018;-188.2932;409.8332;411.7973;
748997.713;837850.108;837832.618;76.7871;-68.0114;-68.0234;
378717.416;792618.764;793202.688;-108.1337;263.1622;263.6790;
463151.959;536146.768;536013.400;-616.9232;-116.6712;-115.6438;
488205.179;540622.290;540624.181;161.5638;4.9245;6.6120;
517850.433;507640.711;507606.874;221.8865;646.5764;646.1215;
486778.302;659158.298;659336.009;425.5824;-71.8488;-69.8628;
412517.322;538286.702;538263.260;-693.2200;-153.7197;-156.6532;
378694.001;604492.946;604375.144;24.9321;-351.4185;-352.6129;
641033.951;459996.267;460017.503;-94.9572;156.7918;158.4850;
307783.006;458503.287;458970.275;22.1194;34.4281;37.1839;
486633.353;532242.065;532160.904;652.3203;117.4604;120.7994;
448814.611;572070.103;571979.035;259.6194;109.6908;106.5745;
137691.036;605650.077;605494.051;-120.6759;-44.7441;-45.1579;
543314.262;595272.592;595185.134;32.0119;-50.8848;-51.3632;
495439.587;528873.622;528735.538;804.1237;-367.8463;-374.2251;
535638.898;565623.782;565069.167;-288.3536;-93.8818;-91.3932;
595038.841;618056.776;618058.380;-223.7196;-96.8339;-96.5316;
314842.372;536393.441;535270.209;-119.6498;53.6737;49.8212;
474014.221;539146.500;539154.336;-624.9284;-430.3010;-427.3142;
281124.362;492691.324;492224.673;50.3647;-159.9894;-162.6122;
485362.791;521862.689;521777.140;450.9000;-344.8024;-343.3476;
472945.693;507217.382;507105.231;411.4357;-33.7432;-36.2153;
528492.912;538461.660;538216.556;504.8403;-202.6705;-208.4268;
456381.638;522939.002;522842.436;120.5749;-170.3756;-169.9908;
472054.038;551788.363;551821.475;-11.8114;-420.5742;-421.7104;
475728.489;553583.007;553558.156;-159.9110;-143.2823;-146.9214;
474284.559;545145.949;545088.940;-485.5105;-27.0856;-26.2000;
456855.050;547054.087;546990.442;86.5466;-338.1009;-338.5225;
894247.830;159911.740;159937.686;22.5555;-31.9713;-31.9752;
633503.741;570395.825;569217.238;-302.3413;75.4354;74.8518;
446863.004;523385.621;523270.549;-48.8596;-154.8659;-153.9699;
458631.506;539843.347;539783.106;-20.7436;362.3265;369.0573;
535957.260;524877.608;524989.005;-744.8391;25.3937;26.3582;
474145.897;538188.749;538110.655;166.5392;723.8682;725.4811;
273773.419;513357.936;511914.494;-303.6859;-132.6862;-134.5639;
459543.778;534677.133;534636.906;-12.5556;-72.7663;-73.0669;
489834.610;560890.839;561011.515;907.0767;-440.4883;-441.8682;
484117.720;530254.629;530116.832;-98.9914;184.5649;186.4034;
462350.649;529438.316;529355.555;-356.0934;178.7019;179.9436;
164504.261;403494.572;403348.440;21.5747;-2.1640;-2.1588;
456143.755;544725.460;544781.151;223.5034;279.0379;280.1854;
382662.445;505772.110;505465.158;-93.3987;98.9310;98.7673;
392246.489;692363.549;692442.881;49.7027;-65.1736;-65.9864;
485686.085;547252.489;547227.636;-849.9022;25.3751;25.0088;
470707.269;517439.908;517237.933;207.0480;242.3766;242.6780;
770981.278;201158.403;201174.313;-63.5244;84.8937;84.8774;
477782.963;520799.971;520609.307;496.1671;-378.1137;-381.6282;
808848.336;709561.676;708253.368;-91.5517;23.4006;22.6019;
403112.073;576008.063;576141.383;-350.1403;12.0994;13.3681;
489651.563;534820.736;534694.872;337.4279;-534.2102;-533.6096;
449345.008;537411.896;537356.769;468.1816;-95.7569;-94.6804;
505406.695;529217.474;529059.265;-401.4589;20.4203;18.3068;
418462.515;424876.013;424716.983;-384.1598;-226.0296;-226.1486;
500537.358;546096.937;546264.256;895.9209;106.6246;112.1839;
503747.793;544835.946;544725.376;-376.7504;706.3949;703.7195;
466892.560;537602.373;537571.946;397.5262;-918.4641;-925.1510;
693670.961;436584.892;436975.894;-270.2271;59.1841;59.8712;
441884.473;535312.245;535217.446;-500.3067;-101.0668;-97.5220;
975744.739;647049.181;646800.617;-35.2883;25.1563;24.9584;
471414.614;544123.882;544116.939;59.6923;-634.2298;-637.2168;
45227.751;482231.059;482048.609;-50.8610;82.7831;82.7274;
996816.938;304217.552;304390.452;139.3853;-18.9600;-18.8557;
506359.337;570535.770;570372.940;-270.6941;145.0842;144.2395;
402926.271;491886.729;491622.345;186.9230;-348.9705;-353.3990;
453113.224;530140.649;530071.568;-40.7259;-418.5258;-423.7691;
95992.543;134927.546;134116.322;-57.2391;-125.6651;-125.8800;
490527.701;489856.239;489670.141;-86.4035;68.3081;67.4569;
397234.192;573584.142;572867.894;306.8536;-66.8568;-66.8789;
466537.526;524356.252;524172.470;-337.6556;24.6997;24.4174;
298518.828;569216.109;569155.907;133.1394;114.2613;113.2721;
479524.859;602513.325;602028.918;48.7597;-280.9859;-281.8646;
456573.975;534677.059;534553.246;1015.8133;576.3716;581.9797;
781138.025;515336.349;514613.470;131.1813;-18.0056;-19.6139;
352740.142;632998.634;633276.453;354.7502;155.4562;155.6269;
464644.433;502214.130;501977.809;-12.4220;242.8432;242.2359;
485073.539;471141.228;470764.498;230.7898;-208.1213;-209.1888;
486524.725;506173.598;505951.863;-234.3367;56.1367;57.7814;
488633.138;583755.691;583521.501;-261.1579;203.1059;202.4474;
472971.079;565900.069;565818.971;66.0313;217.2482;218.6589;
505281.816;556966.187;557052.206;143.8175;140.7262;140.1408;
513933.119;552980.473;552891.020;-264.1574;-30.3070;-32.0797;
783834.709;505371.630;504384.616;-50.1060;-27.8067;-27.8538;
397492.115;520566.940;520435.095;-155.2729;144.5359;147.4925;
477865.806;552634.698;552625.612;-256.5436;-619.8742;-619.8899;
511093.067;550010.322;550191.557;666.1885;181.0231;182.5081;
489782.720;542389.842;542329.647;-417.9059;-214.0323;-211.4572;
477202.062;546980.164;546947.054;-201.9924;378.2382;377.3527;
463028.581;528500.343;528454.184;-255.6390;-479.9580;-481.5025;
483216.719;541855.134;541759.081;327.3405;822.9946;824.2783;
480094.798;490316.963;489807.174;-345.9916;-334.7150;-332.5991;
445637.506;497914.287;497695.275;414.3389;-593.5123;-597.0668;
470397.363;547972.185;547941.747;89.5418;-485.8136;-488.7969;
420345.154;581221.067;581077.105;185.8141;270.5975;271.6616;
428545.697;527876.295;527686.549;35.6142;659.1468;659.8542;
454196.964;582485.661;582677.917;331.4068;-2.3905;-4.2135;
603024.983;607220.221;607138.023;28.5825;362.4260;361.3153;
434550.541;635961.166;635920.387;203.5751;196.8401;196.7068;
731105.766;611143.758;610884.247;-54.3506;-6.3991;-6.7570;
463252.390;535577.800;535523.961;590.2395;760.7921;764.2454;
388223.153;533108.092;532841.959;280.4412;404.8968;404.5897;
464945.541;546653.796;546625.411;591.9498;284.2551;283.9644;
892991.525;464937.638;464927.533;-7.1946;-1.2956;-1.2724;
491616.495;555082.582;555004.671;436.6987;-146.2934;-146.9687;
473639.326;543469.866;543390.903;880.2137;122.5997;121.2372;
479795.120;524107.626;523934.969;-597.6398;86.0647;86.3465;
625403.855;623084.940;623540.634;388.8750;171.0100;169.7500;
479353.412;597508.598;597532.893;7.9810;0.4171;0.4068;
232467.982;957477.635;957262.794;-85.1101;70.0302;69.9602;
457179.358;531553.543;531468.023;-25.8171;182.0035;182.9037;
466396.973;533821.526;533691.804;-741.2956;61.5404;65.4864;
487237.374;539479.098;539415.862;-181.5391;51.7754;52.9492;
479946.854;536111.825;536069.125;70.7083;873.4715;878.8119;
505141.364;552526.595;552441.978;-154.6926;160.3726;161.0061;
404592.624;268929.238;268516.787;3.8472;-61.1107;-61.5944;
460452.200;548522.486;548540.748;-653.6947;-663.0433;-668.5755;
456664.345;533569.559;533472.692;419.1010;588.4470;591.3859;
186964.533;438547.217;437811.681;-191.3850;-76.8223;-78.4324;
180043.057;364449.961;364333.715;-141.1909;114.0957;114.0077;
530717.018;498836.961;498461.686;-319.3305;-134.3208;-132.4750;
521321.274;583944.816;583904.287;-106.5787;445.7012;440.9882;
476735.357;566010.247;566038.533;582.3682;-293.9673;-293.7555;
582482.136;401624.694;402972.595;-444.4640;28.0216;26.8455;
491587.710;588621.527;588671.285;-332.5332;-194.8678;-195.6102;
516340.730;608231.672;608163.755;93.8280;-296.1316;-295.6895;
448746.989;557786.725;557782.045;549.4990;-307.0732;-310.2775;
473503.423;530823.522;530784.547;-215.3951;73.7041;76.1909;
579602.145;345949.342;345011.486;-39.7069;-157.2151;-158.2335;
450325.742;537015.703;537020.333;-1039.0614;189.4358;190.5695;
489078.432;522539.235;522345.905;-600.6509;697.7804;700.9245;
494737.407;488182.727;487570.975;-698.2030;-240.6569;-240.3607;
481228.068;542867.430;542758.847;988.2486;122.1117;119.9791;
540158.674;426232.196;425745.566;228.4600;360.3503;361.0432;
478644.811;539591.467;539576.639;68.8488;653.4456;657.3901;
439565.197;547324.514;547309.787;-11.5015;311.5847;315.3655;
480110.970;534136.506;534165.323;-157.6673;-808.0715;-803.4095;
264586.255;569800.388;568810.095;7.4420;307.6291;307.1972;
461725.459;539096.666;539075.492;58.2797;-137.9606;-136.7404;
435593.916;511797.829;511860.435;85.6113;-468.0605;-476.8225;
441292.650;519429.275;519560.832;-175.1229;-302.5806;-297.8996;
462098.411;514117.708;514003.872;224.5189;238.9023;237.7432;
525847.219;537976.888;537943.685;-671.8296;-12.7172;-8.1737;
524298.124;515712.712;515508.045;239.3747;227.1851;228.1886;
519458.429;582535.079;582749.350;514.9871;22.3593;22.4627;
440487.102;547453.480;547446.548;-650.5726;52.1709;54.7658;
447435.098;563266.910;563328.478;204.1540;218.2153;221.0278;
452247.119;555292.023;555288.710;45.8557;-213.5018;-212.9001;
486671.513;531004.103;530881.087;-475.0410;77.5650;72.9615;
452515.311;527726.087;527616.555;940.7006;-546.0623;-552.9087;
516237.919;536340.510;536195.356;-537.8174;431.7908;431.4452;
421214.526;502730.698;502263.490;74.6193;-195.8605;-200.4552;
557609.052;668901.864;669055.723;314.5012;102.0077;102.6275;
474120.342;556001.333;556034.650;64.6004;-200.6235;-200.8901;
488614.043;542189.721;542126.475;-405.0737;-65.0888;-64.3864;
105558.737;601848.779;601675.957;-11.5560;-112.8574;-113.2898;
474708.049;531933.779;531873.841;719.7280;241.2769;242.1075;
532882.788;582306.355;581886.107;-638.3732;254.6321;251.6934;
471697.609;525010.003;524902.094;-687.0282;-589.3251;-594.3885;
437567.074;536750.189;536852.341;-825.2105;-340.1976;-341.4497;
460336.221;543775.237;543736.470;63.0774;-408.5353;-409.1631;
467451.744;545055.882;545052.562;431.0123;-271.3238;-272.9475;
473710.763;562423.136;562410.661;-364.9943;331.5937;334.3419;
