# This file was created for the Modelling and Simulation course, RUG (September-November 2019).
#
# Project: Simulate colliding galaxies, using Barnes-Hut algorithm.
#
# Students:
#     Stefan Evanghelides (s2895323)
#     Hidde Folkertsma (s2759799)
#
#     X         Y         Z         DX        DY        DZ
485321.732;517913.671;517365.777;-254.1825;-46.6259;-58.6734;
474860.153;528418.876;527193.723;697.9703;-98.0363;-64.4287;
798533.922;577507.146;576894.041;-69.6753;-160.9417;-161.6158;
497058.201;537508.825;536983.215;49.6039;-440.7429;-473.2312;
496781.232;532970.642;532701.363;862.5543;139.2535;155.2510;
402680.726;979957.336;975636.041;-139.8641;268.8580;265.8147;
333040.284;593410.739;592415.546;318.0684;231.1121;226.2788;
600955.283;912878.842;921475.733;-3.4118;68.5275;78.4008;
302174.496;549450.814;547983.783;-17.6357;-169.5728;-159.0145;
594550.385;605387.853;607839.302;-99.7485;-4.0936;-16.7453;
451574.397;521400.599;519901.597;584.0164;-159.5169;-146.3664;
490365.758;545759.953;545111.537;-167.0840;-263.4235;-251.5006;
470427.711;497457.717;496635.494;946.9938;-33.1766;16.0980;
479954.345;541178.095;540472.019;-566.8543;514.6861;516.9893;
454418.228;539475.580;538653.265;953.1284;226.4229;225.0319;
601672.209;654913.474;655787.588;-43.6097;-16.3012;-40.1837;
455983.362;479130.749;476159.540;-226.0719;-207.1196;-232.4597;
482560.177;521978.711;521590.620;-456.6652;35.8588;1.0208;
112565.672;621437.737;619598.345;-288.2573;-50.5030;-53.3052;
495126.955;532660.341;532606.913;1209.4830;-410.4412;-381.9048;
458306.064;531545.698;530203.555;497.7659;363.1146;361.1809;
489559.667;603047.529;603408.664;272.3022;-160.8440;-170.9533;
477460.258;543743.903;542791.948;-112.5683;-39.5983;-38.6213;
472346.113;536339.543;535186.121;-324.8856;-253.1945;-250.4811;
479753.861;552635.171;552027.672;6.2939;712.6401;738.0346;
462712.126;539581.213;538646.954;-551.0463;-443.7167;-453.4201;
449654.978;539159.244;538524.876;-404.4395;-116.3759;-110.0357;
886798.108;140016.666;139989.759;-27.1354;13.7858;13.7263;
568490.354;600242.226;601897.014;-69.1756;45.3166;24.3699;
490588.931;536107.576;535231.162;-588.8172;-104.1786;-117.9553;
473502.861;513215.193;512858.488;-652.4168;389.5235;359.7063;
692748.189;492242.937;492937.382;245.2024;-29.3429;-52.0098;
482387.775;550714.994;550431.252;-261.4044;318.0846;307.1087;
438940.583;491569.985;486063.096;-330.5744;-512.5633;-549.1559;
535367.723;533739.459;532750.710;-121.3780;-80.4050;-87.8873;
519284.867;553425.259;553978.847;-177.5939;110.2597;97.0878;
443897.204;562075.600;561073.732;266.1347;99.8157;102.5917;
491384.046;523685.859;522892.573;188.2803;137.0337;148.3859;
483807.862;394740.565;389623.947;-194.2774;86.9566;88.6199;
462242.853;557031.203;555614.042;-139.4021;-699.1950;-678.6232;
474903.608;532027.614;530287.512;164.5357;350.6490;328.9326;
452167.871;550599.618;551352.721;138.3268;-385.6117;-491.6270;
516763.081;519051.867;519960.061;-295.9114;-369.0196;-395.3532;
411668.091;552799.105;550001.709;22.1219;-66.6677;-76.7863;
63979.240;598219.999;600266.400;-364.1641;38.7682;37.4932;
493935.850;534519.624;533563.435;964.9186;706.0014;737.8510;
532160.721;447393.777;445518.034;305.7700;-143.6825;-149.5876;
525264.867;474441.905;472608.665;460.2253;-249.2126;-248.2520;
491634.547;558283.772;557343.666;341.1993;-404.1617;-396.1185;
491827.433;497525.195;496471.596;670.8935;-46.9924;-34.5668;
436462.574;579288.729;576263.015;677.1054;141.8979;170.7030;
610309.881;371980.897;373510.582;134.9604;-390.5080;-397.7455;
521101.685;524255.457;524996.735;-14.1030;458.4058;460.1981;
457768.000;544233.688;543566.107;-659.3978;526.5283;519.0500;
523784.359;516091.654;515815.826;101.1012;201.8077;224.4680;
347021.762;550512.618;544273.850;-5.5857;165.7550;180.6706;
535464.006;609651.112;611627.941;-211.4343;283.0325;271.7096;
650472.306;627969.125;627219.485;-322.6150;-89.5477;-86.7661;
484130.757;549414.474;548601.926;255.8662;593.2448;634.0227;
125122.443;658664.050;658237.264;117.9820;58.8627;58.7073;
462249.286;508305.942;507522.228;-527.6847;622.5250;555.8480;
502262.369;533876.567;533879.040;-338.8978;-36.6549;-34.2918;
485490.973;541712.473;541001.140;956.7190;-335.9512;-312.7664;
473891.018;542336.076;541416.559;96.6108;-374.2511;-393.5605;
489071.214;495525.749;494762.626;32.6755;30.5920;36.6622;
492107.850;546176.294;545689.975;523.2394;-454.6840;-450.3988;
476641.572;508936.657;508443.353;-471.7402;56.4855;80.3195;
429033.023;334606.643;334249.605;-0.7794;140.3915;147.9056;
422000.580;540843.943;538339.881;-51.3074;242.7531;257.8899;
727975.633;477120.994;476089.774;-170.3651;36.4053;34.3508;
673234.142;513421.963;516130.700;696.9322;-284.0390;-275.3910;
431378.480;558451.125;556432.153;-443.6726;213.8683;197.4867;
420738.825;522368.510;520119.101;-250.1688;-193.9803;-214.8939;
459719.795;490685.049;490387.574;-52.3326;97.2947;54.7426;
445868.820;584697.840;582879.598;150.8794;-257.3128;-261.6456;
473918.249;519589.595;518265.628;258.5075;406.2167;436.9713;
481221.156;541320.624;540821.818;-88.8956;162.8231;157.6389;
521591.306;431147.679;427348.734;457.5514;-184.2722;-187.9858;
414533.683;573662.087;571023.846;542.2186;-263.4063;-283.3941;
494504.492;526540.424;526435.725;-76.0301;167.7716;157.8949;
503183.292;522735.166;521983.352;3.1248;305.6332;324.5448;
530302.573;526766.503;525652.875;-389.5928;511.7306;405.2097;
466198.324;542901.728;541986.163;-105.1997;-50.6676;-66.3505;
471966.261;538575.269;538142.587;-1003.5059;-144.1259;-154.6297;
499280.193;522902.685;522320.800;-211.8126;-120.2738;-114.7032;
424615.804;494323.549;494490.477;186.8759;211.2341;215.6396;
505172.357;500589.576;499369.336;-360.7074;34.5899;8.9860;
370788.186;290198.554;279106.979;90.3687;-204.9687;-214.8152;
479752.332;545119.993;544491.004;-586.9382;237.6051;223.7563;
764002.073;629223.345;628125.876;47.2931;-47.3826;-48.0742;
946288.427;637353.389;636182.296;9.6732;-52.6150;-53.5987;
555216.627;431515.087;434503.726;158.4275;31.9585;25.3536;
461267.660;479805.859;478994.467;365.2399;-156.2903;-125.1588;
405124.510;526596.347;525351.066;-181.3974;277.4647;273.2773;
30509.404;380647.120;377058.713;-221.3791;-80.4610;-83.7977;
474302.704;573314.922;572652.314;583.6791;-85.0716;-81.3115;
645647.261;632819.998;635298.376;378.9735;29.4168;36.1708;
466139.356;542964.350;542503.993;-976.0901;-113.2042;-134.7402;
665411.387;505557.812;502012.410;-264.1665;33.6906;53.6355;
463631.693;525270.716;524377.221;-141.9859;-137.9455;-160.8278;
532172.044;513828.710;515432.927;-760.2867;143.4052;117.8392;
563052.874;516592.230;514607.233;182.3618;-388.1079;-363.9966;
912103.515;731247.722;728690.949;-6.0545;-22.6651;-23.2473;
477340.218;539782.269;538759.107;-616.4024;-467.7457;-486.9932;
470488.642;535358.658;534460.192;-438.8869;-176.6654;-166.0233;
491012.426;523480.529;523121.154;458.7698;-232.6205;-207.7084;
497080.909;556692.423;556619.007;-492.8903;-24.6303;-30.5708;
509638.457;533623.298;532908.204;414.2680;126.4642;131.4163;
495874.949;528479.332;527217.375;-83.8012;-14.4682;-25.7956;
436197.410;240833.576;239244.546;22.7114;37.4163;36.7017;
537053.875;521510.687;522331.266;339.7415;173.3076;209.3727;
518329.806;562499.825;560031.465;-110.0543;-446.7116;-426.4498;
874658.948;425766.992;411415.537;167.9946;-158.0914;-174.1604;
391691.240;432667.882;430852.241;-301.8333;16.4191;8.6432;
466389.278;543693.310;542628.454;-82.6493;43.8681;33.4382;
468139.380;545003.571;543781.698;1143.0326;207.5655;223.6057;
473612.274;528207.175;526589.483;-137.6983;239.3130;257.3009;
843737.344;911121.271;907000.319;255.2498;86.7324;80.2975;
365824.070;450064.058;450768.651;186.6705;-31.4428;-28.5953;
557241.359;594514.173;593391.263;150.9351;-243.3472;-201.1325;
520995.849;515623.491;515090.478;479.0767;-490.4973;-513.4307;
478320.222;550241.299;549198.786;358.6023;456.4046;484.2457;
384887.227;356681.456;350275.180;-62.1409;175.4382;168.2161;
501172.654;523633.243;523748.096;-80.7021;27.4640;19.0194;
481657.407;552394.618;552161.223;-164.6453;-287.8067;-286.8254;
375609.172;620310.295;618985.051;-35.9435;105.7308;128.9401;
481024.466;533013.963;532169.158;-280.2992;-140.4824;-147.3101;
502218.320;551888.948;551722.785;-366.4849;549.7912;543.0047;
505276.027;546188.064;546158.624;231.6864;-151.4058;-154.8686;
804020.936;478062.779;472160.940;104.3770;-68.5259;-74.0706;
582343.077;487472.480;494825.475;-379.5482;-373.4162;-382.2344;
481281.232;541768.855;540940.293;16.5175;-161.2512;-169.7865;
531045.204;490377.530;489476.685;331.9864;-282.0363;-261.4955;
424479.676;547281.856;547186.985;236.3164;-124.7386;-138.0592;
487101.791;520182.874;519851.498;-246.8627;-30.2371;-42.3093;
567051.363;474644.276;472400.522;140.1003;42.7311;45.6320;
487291.989;513370.580;512987.906;97.5245;852.5424;911.1406;
360725.339;618340.536;612908.579;-83.0722;11.3082;8.4500;
460160.093;517005.734;515759.112;21.7661;55.0493;52.8242;
481286.494;537638.358;536813.305;-175.4974;195.4491;197.4894;
481758.929;522392.534;521689.355;443.5348;168.4747;150.4456;
506100.691;520100.043;519620.254;102.6903;-128.3521;-109.8901;
523162.160;536257.690;535975.447;33.5346;-276.6199;-279.0650;
475180.191;552962.683;552034.099;-495.7549;-608.8375;-597.5422;
488928.333;566963.100;565480.492;-555.5871;-52.1874;-66.6978;
982895.561;624872.027;623316.892;119.5539;-35.7838;-36.7037;
518254.943;527901.164;527043.390;867.1672;38.1901;48.4628;
481448.291;527959.219;527756.151;-581.7250;713.3035;692.6540;
662088.068;519998.918;521950.673;-36.2666;221.3183;235.0566;
467765.378;517424.944;517102.224;467.5112;-46.2627;-57.0926;
470236.613;571752.199;568441.718;-481.8907;-665.1900;-663.9059;
495928.804;522463.619;522026.057;112.0011;665.9644;686.2139;
474939.538;530444.133;529367.252;-505.9438;-427.6861;-429.5459;
459236.188;551127.577;549361.097;642.4142;94.1537;128.4422;
499535.442;552329.171;551659.683;228.8960;164.6946;173.9679;
