# This file was created for the Modelling and Simulation course, RUG (September-November 2019).
#
# Project: Simulate colliding galaxies, using Barnes-Hut algorithm.
#
# Students:
#     Stefan Evanghelides (s2895323)
#     Hidde Folkertsma (s2759799)
#
#     X         Y         Z         DX        DY        DZ
485784.779;536036.592;536042.293;136.2935;57.0646;57.1348;
477924.475;525600.381;525605.296;-520.1601;-356.9133;-356.1929;
484154.543;887960.084;887952.353;115.6398;35.0387;35.0373;
251722.946;308849.967;308856.357;67.5474;26.4561;26.4583;
926130.230;780040.908;779944.561;227.9817;234.2998;234.2346;
526164.411;539635.473;539644.675;203.2822;158.3697;158.0739;
479827.431;531967.734;531972.564;-252.6271;-13.8512;-13.9153;
823142.866;724379.518;724316.198;-13.5445;223.6783;223.5948;
581183.847;520891.347;520897.715;-546.3749;-14.7168;-14.7828;
452320.017;389730.807;389696.038;326.1795;-183.6832;-183.7161;
526365.234;643879.990;643851.349;147.8793;-225.5429;-225.5799;
556546.471;565804.678;565787.335;382.9378;217.1804;216.8635;
476905.222;528656.812;528666.739;-523.8625;-823.1154;-823.2717;
613894.773;489733.230;489713.047;-466.4607;5.5207;5.5029;
331569.385;380585.960;380548.242;-140.1886;-34.4558;-34.6892;
958062.895;512907.665;512868.691;354.6734;50.0847;50.0593;
513520.821;526403.899;526413.724;-56.9951;-133.5103;-133.5768;
874434.474;584011.593;584040.811;235.3080;-190.9437;-190.9223;
491666.058;526972.237;526967.090;-823.1322;-223.6030;-223.6396;
350304.950;180533.123;180513.353;123.9423;92.1401;92.1214;
534171.652;704097.724;704070.634;-19.3585;39.6942;39.6917;
467240.111;537492.058;537495.742;525.5481;10.2871;10.1924;
479820.895;527819.880;527825.144;37.2862;134.0084;133.7988;
452676.436;552532.882;552527.351;281.6000;-348.6006;-348.6227;
556527.340;577316.546;577278.371;329.8554;15.8012;15.6368;
457949.069;534989.753;534996.319;359.5350;624.2585;624.2146;
987748.160;812798.225;812733.266;420.3282;248.9071;248.8515;
327422.610;403345.113;403339.839;82.0150;-96.1476;-96.2180;
489551.482;531539.160;531545.161;112.1639;319.2638;319.2331;
555786.556;558056.060;558020.496;-138.9553;44.1582;44.1242;
464631.585;537362.016;537367.994;279.2401;82.0849;82.0534;
481248.381;527857.262;527865.712;-1369.4162;101.4770;102.4914;
483811.590;530379.766;530385.770;-7.2290;121.8217;121.7301;
527263.777;549060.065;549061.788;219.1327;-38.9125;-39.1910;
472354.615;530259.638;530265.008;-17.9108;129.9325;129.8624;
470687.523;529959.618;529962.047;976.1464;-159.9935;-159.9710;
707037.291;318042.723;318058.194;133.1187;-105.3756;-105.3628;
262564.222;405611.364;405612.136;-80.2735;-50.9119;-50.8856;
439546.913;534980.557;534982.957;-320.0666;234.2468;234.2260;
460830.599;561566.371;561566.853;119.6395;-160.1727;-160.2334;
333516.394;377102.024;377064.760;-189.0905;-249.6280;-249.6739;
465043.049;512677.134;512683.789;267.6354;261.4995;261.6294;
884495.344;571008.708;570915.650;221.4220;4.6778;4.6847;
419074.316;380455.587;380436.975;-178.9181;-25.9305;-25.9444;
426988.452;512168.111;512172.865;-31.9244;-237.2223;-237.6378;
515327.948;446656.946;446656.796;-79.5678;-174.9540;-174.9169;
747266.527;874907.134;874867.860;-19.3677;190.3273;190.3023;
414279.850;575370.520;575338.620;194.5830;-285.3924;-285.0992;
759642.924;681208.266;681129.455;-15.8382;56.5282;56.5985;
458170.109;521224.267;521230.709;-295.9108;330.5875;330.5862;
473843.782;475360.678;475335.142;-384.5053;-192.8303;-192.9909;
397442.342;605008.314;605010.609;317.3741;-166.1693;-166.1882;
474835.310;504869.082;504870.892;437.8744;371.3395;371.1970;
451840.241;523808.943;523811.767;599.0089;206.4717;206.7129;
638005.715;757707.485;757677.513;130.5525;256.6599;256.5841;
740158.948;262092.779;262104.081;116.4996;-152.7109;-152.6970;
475469.581;521719.556;521731.154;-612.0016;-196.8617;-196.5504;
957908.396;703840.098;703781.455;356.0374;145.6013;145.5684;
900815.782;538327.935;538287.481;206.6839;-14.1544;-14.1817;
784480.761;528571.276;528545.254;150.1684;95.8942;95.8862;
646159.726;490032.706;490006.647;-101.2131;117.3577;117.3974;
447323.059;508073.511;508087.865;-408.4618;-277.9557;-278.2126;
475669.617;529415.310;529423.009;-692.8165;-853.1921;-852.8651;
576372.045;530016.890;530020.474;-947.7833;114.8720;115.0551;
481842.784;528890.820;528895.537;446.3847;-307.3019;-307.2284;
493559.283;527471.119;527476.805;-254.3988;577.0416;576.9015;
409743.366;565712.426;565705.122;-177.1135;-316.4081;-316.4423;
463105.261;528561.730;528563.700;364.8814;-95.3417;-95.2974;
431160.516;461982.134;461941.871;-98.5708;334.8899;334.6830;
507014.044;539248.293;539252.695;145.2077;302.6874;302.3917;
738738.486;539131.407;539114.693;288.2981;104.5045;104.4708;
462043.309;517170.210;517176.705;84.0395;-405.5935;-405.4528;
432980.078;397099.073;397090.803;-217.4568;-115.4901;-115.4912;
650212.954;540050.877;540048.415;-322.3800;-79.2315;-79.1947;
507978.331;618178.667;618168.660;-237.5110;-116.0218;-115.9756;
575197.382;534644.991;534646.281;-539.2630;-181.2497;-181.5639;
967862.135;945405.892;945317.896;353.7755;358.5607;358.4777;
437280.615;556858.344;556869.894;-919.7453;39.1466;39.1962;
441057.611;527474.468;527479.074;-153.9201;219.4441;219.3973;
754482.506;528204.998;528179.983;-117.9164;41.7773;41.7866;
418549.836;488938.440;488952.876;-630.3193;-371.6572;-371.9322;
580493.419;526709.224;526708.937;-467.1593;74.8331;74.8562;
468556.801;540009.695;540015.795;134.0567;-297.7967;-297.8577;
427394.454;516127.191;516123.136;394.9043;279.4657;279.4284;
947295.188;447733.675;447701.658;385.1745;-27.7882;-27.8199;
457975.837;538919.427;538923.394;-537.5959;86.5712;86.5529;
584938.702;532706.531;532711.543;-715.4829;-40.5688;-40.4554;
432637.472;536629.596;536635.824;33.3642;102.0542;101.9867;
573597.247;581325.052;581286.031;527.7877;-171.2343;-171.5127;
489333.265;529244.104;529247.651;31.1345;694.4736;694.5661;
337659.476;435668.012;435665.860;99.1669;177.0767;177.1066;
615477.031;564902.122;564868.033;219.5374;149.9615;149.8132;
456255.878;340967.197;340972.214;257.7979;147.0058;146.9929;
147283.617;273952.868;273962.418;-343.1385;-170.4811;-170.5057;
456683.921;542746.386;542747.147;-71.1781;369.2105;369.3482;
419901.747;489257.130;489287.588;-393.2993;-422.2306;-422.2179;
443723.391;525888.405;525892.060;138.0518;-409.7984;-409.8501;
479565.815;525291.398;525297.289;941.6302;-456.2851;-455.8100;
463858.429;543007.113;543009.709;642.8908;-348.8279;-349.0002;
508292.346;523570.278;523572.799;51.1328;-362.2804;-362.2406;
42171.537;378213.171;378216.772;-216.6761;-77.6543;-77.6852;
446219.559;506311.002;506324.603;915.9718;179.9254;179.8495;
263857.662;575331.138;575338.302;-404.0960;153.6688;153.6413;
503908.146;504198.975;504222.413;-228.8571;713.5166;713.0353;
468163.864;528465.080;528470.194;298.3692;-216.1052;-216.2200;
479560.905;544744.057;544754.071;-923.6907;246.8143;246.9260;
490830.784;548494.525;548491.724;-823.1017;-114.2157;-113.9218;
494538.308;515692.309;515679.561;-71.5135;-148.1372;-149.1694;
475385.014;504969.667;504999.400;341.0890;-774.5620;-773.7035;
483586.716;529071.032;529075.628;180.6529;482.0749;482.0604;
403385.610;533763.144;533764.431;-158.7846;583.9222;583.8747;
785356.344;692597.451;692551.871;377.5761;40.8160;40.5651;
770704.127;395654.250;395636.791;229.9178;39.3319;39.3103;
492209.182;526051.436;526057.990;152.3587;435.0294;435.1737;
470155.514;567339.193;567363.242;381.4704;178.8100;178.9575;
427545.349;589086.858;589095.545;634.9920;180.8227;180.4456;
482431.879;521607.655;521612.247;185.9410;-386.1692;-386.3529;
527432.813;442215.863;442194.133;492.1827;320.7582;320.8803;
462166.649;629965.035;629958.175;231.0541;154.9619;154.9765;
660068.278;595360.226;595336.798;-287.6061;-58.5416;-58.5789;
488121.324;481835.015;481787.289;-34.7906;-354.2477;-354.6254;
391154.947;512548.047;512548.490;14.4893;294.1745;294.1757;
505153.193;530585.462;530590.533;223.6191;506.9227;506.9060;
612041.133;537066.074;537040.393;344.0798;-62.9276;-62.9625;
489672.645;529137.126;529144.457;56.6316;266.3159;266.3256;
447524.980;450423.798;450420.689;-218.2331;42.6797;42.5658;
530084.651;548530.191;548506.763;-300.9465;-31.8233;-31.7966;
193724.664;370826.667;370825.950;-109.2350;-56.1538;-56.1616;
479584.445;593915.666;593911.678;-80.9627;262.9512;262.8014;
424971.251;445492.034;445481.428;349.7157;156.6105;156.6501;
510079.613;549860.217;549861.001;328.1730;-84.4022;-84.5893;
445898.148;536473.894;536479.111;369.4794;820.3191;820.1133;
554807.880;512786.821;512774.358;111.3639;-73.4105;-73.3878;
468054.048;531606.181;531613.274;-786.3824;-295.6067;-295.1194;
439358.011;503541.446;503554.542;-125.9470;95.7788;95.7492;
625876.975;643230.278;643206.782;-154.5547;-35.6190;-35.6340;
425496.359;520167.780;520177.202;-218.8572;193.7232;193.3717;
492621.052;532512.538;532517.390;-146.9092;435.0879;435.0863;
436107.512;535698.023;535699.212;-897.2428;-168.3476;-168.2433;
400295.167;596712.165;596715.780;510.6474;53.8814;53.8644;
382226.942;741477.294;741481.757;-12.6309;180.3129;180.3060;
520158.065;539676.629;539659.074;-75.1680;-121.6533;-121.6954;
467190.424;531125.826;531130.582;-335.9662;696.1066;696.1531;
465007.620;523897.143;523903.298;736.6017;-22.5414;-22.4368;
499048.950;458718.922;458725.371;-569.5034;171.9841;171.8935;
382776.116;507207.836;507226.612;253.1148;-161.1591;-161.1635;
430179.877;535720.365;535725.820;-408.9211;-355.3240;-355.3376;
143450.668;271605.309;271607.438;-247.2546;-239.4934;-239.4923;
457327.828;520185.767;520191.236;417.7955;-241.8063;-241.9190;
514644.312;546165.038;546156.081;-78.5699;-233.9923;-234.4674;
268068.068;264930.364;264940.471;-94.1726;95.2055;95.2223;
486139.570;500148.331;500137.787;58.1972;616.4055;616.7407;
429326.359;522196.191;522192.011;448.7620;247.4071;247.9229;
509039.809;477861.347;477860.596;-560.0075;161.5980;161.9050;
453955.963;536803.645;536809.472;488.0120;132.2031;132.1081;
90547.422;404522.627;404512.178;-24.8238;-161.5356;-161.5224;
386291.598;545319.293;545317.226;42.6149;-181.6902;-181.8583;
443919.351;542136.627;542141.963;402.8169;4.8873;4.8742;
493148.717;522376.646;522378.352;-696.3705;-41.7390;-41.4905;
392740.570;809829.095;809840.555;153.5725;90.9801;91.0005;
515097.626;548627.269;548614.854;-50.6205;-50.1551;-50.3530;
285129.837;500892.411;500895.566;320.9012;-18.6331;-18.6333;
471479.266;522643.637;522666.283;-704.6176;-739.4698;-739.1716;
437571.357;540474.141;540479.513;-235.3670;171.5505;171.5034;
470805.018;533138.783;533144.161;1289.1375;135.2341;135.5772;
470422.784;537624.359;537627.638;820.4833;-241.7621;-241.8065;
67468.973;591110.514;591096.969;-318.0006;49.3026;49.2792;
823483.198;478045.342;478010.536;-315.6301;-1.0204;-1.0329;
522558.523;515501.842;515500.401;247.9554;53.6902;53.4380;
486339.332;525114.362;525117.501;-451.1008;-117.3954;-117.3458;
457534.647;515418.704;515418.613;-142.7277;348.3792;348.4242;
510091.929;510729.181;510729.414;-265.0105;245.6287;245.3352;
485394.551;529502.535;529509.340;-466.6790;451.0054;450.9636;
438473.157;588291.844;588298.747;225.9455;-368.8312;-368.8145;
72976.539;79150.115;79134.959;-277.3552;-82.2740;-82.2773;
454715.749;575655.170;575640.096;-280.8015;-188.8366;-188.7795;
800858.536;525228.629;525209.503;-265.5414;25.6332;25.6053;
445035.107;583211.836;583221.475;361.1097;254.5393;254.6267;
484047.892;520578.445;520584.244;899.8276;4.8829;4.9958;
437374.806;532070.956;532074.078;141.4846;-491.7655;-491.8446;
558586.368;496202.921;496187.418;41.8971;342.3659;342.2408;
488708.078;526536.582;526552.746;1015.6470;-236.8316;-236.5683;
510267.593;526570.876;526575.572;125.9187;-408.7135;-408.6397;
421962.567;528898.729;528903.082;56.9987;51.2103;50.8953;
490072.171;533347.192;533351.659;-797.1565;-219.0687;-218.2606;
498495.324;529616.897;529624.367;-196.5698;305.0918;305.1392;
440779.813;533414.361;533415.875;-273.0695;-90.5978;-90.7788;
518348.317;514336.381;514333.907;-142.1475;-57.7243;-57.6644;
