# This file was created for the Modelling and Simulation course, RUG (September-November 2019).
#
# Project: Simulate colliding galaxies, using Barnes-Hut algorithm.
#
# Students:
#     Stefan Evanghelides (s2895323)
#     Hidde Folkertsma (s2759799)
#
#     X         Y         Z         DX        DY        DZ
517841.152;533063.052;533065.322;-35.6129;77.6372;77.5703;
465444.694;526568.182;526576.857;-279.7112;-138.4310;-138.2961;
439000.147;870509.367;870502.269;114.2721;54.2339;54.2321;
227789.346;302392.726;302398.327;53.9004;5.1957;5.1970;
827355.401;682484.401;682417.983;286.8610;267.9142;267.8205;
507475.252;531026.454;531023.611;-718.0662;-236.5942;-236.6622;
503530.314;535249.016;535251.474;394.4368;-237.0285;-237.0497;
817532.359;630695.148;630665.269;46.5265;241.4193;241.3486;
820519.930;469272.643;469245.303;507.4780;-115.8297;-115.8812;
697839.171;515269.954;515263.101;-46.8365;-20.6457;-20.6300;
365342.653;512095.979;512112.032;-37.1948;-417.0811;-417.1226;
460406.623;687639.467;687634.351;165.4697;-17.0203;-17.0907;
360895.547;529218.166;529212.828;-56.9527;-59.0632;-59.0475;
519050.325;507310.992;507312.015;-250.2816;528.4962;528.6924;
695151.280;549916.579;549910.128;-109.9118;-173.1618;-173.0959;
446011.950;512788.304;512798.117;-742.4832;-879.2652;-879.1346;
808470.690;494360.218;494332.738;411.5160;41.1041;41.0676;
491432.390;529632.934;529635.694;858.5105;420.8170;420.8056;
766259.498;645260.184;645229.201;326.5048;-136.1475;-135.9636;
510128.806;526549.198;526549.917;-169.2785;-103.7948;-103.7502;
304275.784;153669.475;153657.641;110.6087;46.1092;46.0876;
537762.375;674167.954;674144.445;1.2146;116.8083;116.7905;
448863.942;526093.625;526096.802;66.2736;-30.7038;-30.6580;
494072.625;531799.813;531803.611;108.6196;401.1345;401.0231;
454086.382;515466.547;515471.907;-656.9773;497.3446;497.3393;
454138.228;461413.410;461406.800;-69.7882;40.6489;40.5834;
470493.713;528912.073;528917.056;606.8530;-281.4468;-281.4068;
818332.297;711992.705;711948.921;445.9466;269.9181;269.8669;
349109.591;447273.702;447269.231;-154.4234;-106.0290;-106.0482;
509489.034;521667.949;521672.248;-48.2214;-188.0689;-188.0038;
422448.779;529380.273;529381.377;174.2676;-5.7185;-5.7525;
478862.887;528609.866;528613.489;592.9266;-188.8138;-188.8265;
564822.474;541561.048;541553.153;-195.9589;105.7267;105.6426;
505654.784;525367.133;525369.642;5.4723;-292.6381;-292.5518;
466070.927;524843.270;524845.215;-430.2353;2.8065;2.8280;
503487.156;528480.069;528482.990;-120.0766;-334.1870;-334.2145;
482274.485;520457.478;520464.024;596.4560;314.5874;314.6787;
649450.596;365717.296;365726.741;161.4377;-142.7875;-142.7681;
363565.236;447006.446;447001.098;-456.2478;-175.2210;-175.2980;
447870.291;527306.490;527309.276;291.9390;-303.4831;-303.4945;
508486.272;542803.646;542805.771;242.1072;-290.7365;-290.8399;
449040.994;504775.894;504789.068;-713.9387;-715.5234;-715.2957;
497702.307;527777.840;527778.904;-352.2607;-578.4974;-578.5005;
961889.082;493587.252;493549.394;708.2909;-39.5680;-39.6301;
762857.117;567949.942;567917.618;417.8450;32.6914;32.4770;
497664.026;422531.107;422528.527;-225.9351;-178.2764;-178.3283;
520227.422;510767.668;510763.492;-398.2378;178.2158;178.3874;
448482.351;569597.720;569597.492;456.0751;-128.5793;-128.5626;
751763.387;794626.737;794597.562;-3.9088;221.1649;221.1390;
505875.314;485461.666;485475.736;214.8238;107.6469;107.3825;
745621.343;660252.783;660217.620;85.3673;89.9767;89.8044;
498650.763;528306.388;528312.457;-57.1928;339.4018;339.3630;
489106.594;511581.986;511584.372;-976.2634;-179.8683;-179.6665;
367733.261;587729.813;587733.970;-166.4990;204.1918;204.1996;
439407.901;546838.109;546841.208;651.0436;-303.8973;-303.8720;
487078.622;533196.357;533197.777;-703.8147;-105.2778;-105.2061;
573996.239;634352.769;634353.636;213.9092;406.6734;406.6025;
681815.143;336453.282;336458.429;189.3568;-236.4868;-236.4690;
434042.030;532364.209;532365.273;59.2949;306.7530;306.5450;
807165.847;643260.693;643216.885;430.7001;179.3835;179.3202;
805006.076;544596.917;544566.299;288.3831;-13.7155;-13.7442;
706015.475;499631.377;499611.594;259.8322;34.9549;34.9214;
642881.796;470027.178;470006.163;91.2629;-3.9543;-3.9992;
516882.260;522993.899;523001.373;863.5164;-61.3174;-61.3832;
426014.629;518267.379;518261.216;448.6063;-48.0936;-47.9808;
704004.468;526932.318;526919.426;-397.1552;92.8054;92.9555;
519606.798;550979.267;550976.146;-360.8641;40.2373;40.1614;
475755.346;539823.830;539825.101;1193.7937;-84.0600;-83.8872;
475186.904;480932.598;480930.864;341.0047;343.1318;343.1339;
475844.640;527813.851;527816.139;662.8814;-488.6827;-488.6137;
500740.548;392739.705;392762.829;-172.6524;20.0941;20.1621;
481885.945;537177.312;537180.698;-689.2356;469.4106;469.6852;
590457.671;507041.267;507043.080;490.4969;43.4510;43.4036;
864864.227;594980.476;594946.147;571.8199;110.7616;110.6939;
494392.825;541890.338;541892.550;-147.8119;399.7808;399.5771;
511124.453;466512.945;466499.783;-162.1826;-270.8920;-270.9157;
702222.436;546728.233;546716.548;74.8945;110.8492;110.8281;
578123.848;621954.853;621933.338;-118.1840;72.1385;72.1399;
699210.336;528592.131;528584.174;-112.1027;11.4906;11.5995;
840167.935;535348.216;535317.624;436.4707;79.9648;79.9116;
821343.610;797316.091;797262.146;402.0612;403.5289;403.4364;
461815.615;501385.854;501393.853;301.2043;-522.8827;-522.8529;
450076.237;529522.065;529524.592;11.6094;-191.4386;-191.4503;
761723.800;510015.328;509993.212;115.3116;35.0348;35.0107;
417453.554;541020.242;541014.226;-243.4078;-24.7600;-24.9238;
692568.866;533118.347;533110.620;13.5144;-127.6418;-127.7042;
496777.447;523590.622;523595.739;498.9731;180.8454;180.8431;
508004.675;519026.520;519032.227;823.1431;72.2656;72.2780;
790940.299;461355.036;461335.478;414.1437;-44.5672;-44.5990;
485382.606;541904.156;541905.908;630.5340;-181.6141;-181.5184;
700921.442;524499.330;524486.877;150.2637;37.0552;36.9897;
453987.840;519452.997;519459.719;596.6816;196.5479;196.5411;
432438.552;459247.463;459222.566;-394.7090;360.5000;360.5896;
484937.344;494769.671;494778.174;190.1385;277.2336;277.1914;
351045.132;406102.940;406097.060;-155.7747;-100.6900;-100.6995;
443646.037;534184.223;534180.160;550.8407;-299.5674;-299.4006;
357860.834;308043.587;308051.553;237.7779;31.4735;31.4689;
280915.407;348007.233;348020.346;-348.7242;-209.5786;-209.5785;
464884.691;536442.908;536447.378;-475.7383;-66.2247;-66.2378;
447632.572;541329.864;541333.195;-247.5976;191.2300;191.2242;
467415.661;526799.164;526802.803;166.1309;323.6235;323.5413;
454684.715;516856.594;516864.122;-432.9425;-258.5248;-258.4659;
492017.649;523109.258;523114.427;86.0723;629.5730;629.5643;
486284.338;544670.008;544668.265;-457.3515;-219.9193;-220.0479;
147699.328;416565.234;416578.125;-323.4574;-112.0859;-112.0951;
310717.942;534735.667;534728.421;41.3908;-98.9472;-98.9552;
462973.038;512028.999;512037.455;-783.1810;54.3714;54.5568;
485266.527;409417.058;409382.088;158.6986;-5.4064;-5.3516;
475449.664;536926.957;536931.887;219.0072;-176.3871;-176.3615;
474665.783;496882.956;496884.082;634.3143;197.8037;197.8443;
452504.321;544405.179;544408.998;-721.1481;374.2904;374.3520;
485558.800;540394.806;540396.865;-1118.4165;261.7266;262.1905;
521519.547;507345.315;507363.821;-1105.9589;3.5029;3.2287;
479542.668;530702.325;530705.239;200.6424;298.3951;298.3982;
597886.178;576684.309;576670.908;60.4588;-278.5874;-278.5156;
623364.396;648158.632;648149.381;460.5093;181.4364;181.3805;
656491.454;395100.004;395092.630;359.8452;-45.9107;-45.9422;
453836.831;531319.501;531321.207;298.8624;-159.2336;-159.2263;
458193.095;448893.693;448889.461;-175.8771;205.2847;205.2001;
310101.128;472636.046;472652.886;55.7336;294.6729;294.8278;
483905.017;527986.742;527990.740;658.8771;-344.6536;-344.5679;
320540.067;446819.243;446833.650;418.2460;-260.1286;-260.1671;
472772.362;498784.513;498787.091;-612.5581;191.0936;191.1866;
750064.071;607166.954;607160.308;-184.4193;-6.8248;-6.8662;
430989.906;580330.385;580333.859;-187.0867;165.7915;165.6294;
518329.592;521275.578;521276.403;-121.5398;-594.7249;-594.6825;
488524.828;534092.566;534093.916;700.0382;-484.4342;-484.2695;
422664.686;509678.840;509681.808;231.7803;175.7372;175.7711;
497810.117;514266.478;514270.972;-563.9743;150.0615;150.0546;
448441.742;584507.037;584512.706;519.4398;-183.2486;-183.2677;
439569.802;521580.334;521586.554;-477.7229;-145.7085;-145.7105;
254617.813;401810.820;401812.866;-207.6194;-104.7510;-104.7577;
452616.033;445345.983;445333.997;132.3264;113.2479;113.1801;
332058.659;417642.084;417635.758;126.8799;2.0091;1.9103;
472452.644;511979.952;511985.204;-208.0915;65.3073;65.2208;
507810.694;517119.802;517127.721;361.5345;351.0214;350.9204;
351940.360;492975.690;492959.188;79.5293;149.9441;149.9288;
527680.948;549131.191;549130.156;108.8652;-2.4107;-2.5545;
498286.838;535375.861;535381.795;287.3991;367.0561;367.0170;
678097.864;650497.826;650481.558;-111.2360;-6.5337;-6.5560;
526517.232;533707.707;533703.814;-131.5087;106.7342;106.5816;
458610.255;516173.387;516178.179;-124.0218;516.9875;516.9728;
469088.420;534380.668;534380.805;499.8392;795.7454;795.6507;
280613.588;545185.043;545189.500;148.4589;179.8810;179.8833;
391265.241;663735.960;663742.870;-37.7159;221.7167;221.7117;
485132.598;536706.529;536709.736;-1254.5181;-172.8038;-172.5061;
152318.318;397127.960;397120.951;-716.3236;-285.3923;-285.4231;
102426.179;729258.561;729269.424;-510.9664;263.1656;263.1836;
494192.795;544568.657;544570.120;-34.4165;-138.0982;-138.3053;
511723.609;526474.993;526479.848;79.4483;-197.1023;-197.0843;
615335.283;512143.973;512134.325;38.5959;-337.1163;-337.0401;
362561.330;571457.696;571463.425;-91.8670;-134.8623;-134.8210;
469376.818;539773.467;539775.002;755.6960;182.5256;182.5053;
254159.110;367349.087;367356.003;-314.4058;-254.5432;-254.5610;
473726.615;543402.376;543405.402;-134.7049;326.4052;326.4143;
448602.142;520712.747;520718.775;-343.8402;-44.1503;-44.1423;
309624.092;235613.968;235616.997;-117.0324;55.1867;55.2056;
460023.402;491616.334;491629.748;-4.8649;-542.2451;-542.1350;
490157.942;531550.178;531560.997;-1341.3658;-287.5467;-287.1591;
560352.878;522109.132;522107.383;393.2419;-302.8031;-302.9936;
485638.300;530069.250;530072.367;-343.2739;38.0172;38.0171;
119280.563;468090.961;468078.127;-133.8779;-161.8598;-161.8611;
543570.599;467303.714;467299.699;75.1037;32.2586;32.1511;
474840.887;531292.596;531295.280;-311.8061;217.8833;217.8799;
510605.511;555193.650;555188.810;-353.3701;-205.2366;-205.1701;
341310.381;755117.366;755120.054;102.5587;192.0651;192.0889;
552833.265;541879.449;541870.014;18.9742;-17.1403;-17.2122;
250895.624;513875.270;513877.688;-137.5838;-41.5526;-41.5497;
435051.136;534828.561;534834.541;-753.0978;19.8027;19.6366;
488542.401;551753.748;551754.323;416.8604;-106.1655;-106.1649;
454703.391;527847.694;527850.790;-369.8885;-104.5552;-104.5386;
463027.099;524255.509;524260.051;884.2999;-290.6826;-290.6197;
201002.322;569961.958;569957.910;-370.3810;60.5489;60.5237;
919881.998;487195.729;487168.837;-173.0950;-43.1467;-43.1731;
537850.268;543122.586;543113.709;365.2148;-184.7904;-184.9938;
502158.948;544790.053;544787.376;-339.2314;-148.9771;-148.8599;
454582.798;537899.612;537902.575;-103.1005;160.8373;160.8270;
476733.661;526195.154;526199.381;695.8934;935.2509;935.2444;
488746.764;536654.763;536658.783;250.3897;778.8427;778.8016;
419456.791;587853.792;587838.076;-190.5710;326.3395;326.3165;
184784.827;115004.330;114990.618;-293.9294;-101.9654;-101.9694;
412020.029;504426.038;504429.445;122.6599;-208.9858;-209.0913;
882124.822;516835.773;516822.082;-155.2175;18.5878;18.5896;
463793.541;456039.965;456042.783;-355.1076;196.8171;196.7550;
453909.181;515390.149;515394.491;-234.2711;490.1951;490.2136;
497367.286;553866.874;553865.126;-249.6986;412.3781;412.3281;
501693.210;565099.079;565101.663;-913.5809;33.5608;33.4505;
469767.192;536634.891;536642.112;-1041.2942;-252.3650;-252.5051;
495289.814;528486.748;528492.244;588.3466;372.1108;372.1533;
465885.701;516400.751;516403.035;1071.5151;-77.8570;-77.8166;
428737.166;511578.049;511583.088;-54.8338;-45.3294;-45.4351;
474344.083;524117.180;524123.384;224.3460;183.5848;183.6878;
504772.364;537251.776;537253.225;73.1020;-293.7506;-293.9234;
442126.318;514726.467;514727.420;-374.3701;64.4846;64.4616;
