# This file was created for the Modelling and Simulation course, RUG (September-November 2019).
#
# Project: Simulate colliding galaxies, using Barnes-Hut algorithm.
#
# Students:
#     Stefan Evanghelides (s2895323)
#     Hidde Folkertsma (s2759799)
#
#     X         Y         Z         DX        DY        DZ
472864.283;535157.601;535119.238;-149.3339;-116.0778;-116.2883;
408739.938;555869.356;555776.162;-161.9024;279.9875;278.5228;
693405.306;874212.975;874200.596;94.7757;-44.7027;-44.7081;
455418.049;594901.091;594982.956;-138.3155;420.6191;422.0279;
461561.841;547003.241;546983.809;971.9857;211.7420;215.8170;
442665.479;535700.705;535694.705;-330.2284;341.3239;339.2229;
311576.020;484897.160;484675.168;60.2456;-246.2133;-247.4130;
285904.282;579780.656;579411.716;84.4074;250.5852;250.2379;
634755.400;527928.771;527875.771;156.8576;28.9812;28.1058;
483073.427;633017.820;633076.763;-155.9110;329.6246;329.7791;
538203.091;453553.697;453205.038;437.7249;-219.4919;-220.3547;
543208.301;596684.559;596698.731;-396.5894;-271.9763;-269.9807;
464943.685;545257.160;545234.673;91.1187;-274.4295;-273.6343;
431683.244;522870.321;522712.195;-936.4791;-95.3669;-102.0654;
252883.587;622929.768;623014.510;-283.9212;-29.4628;-29.7787;
414334.164;471052.893;470747.662;32.7441;105.3143;105.3395;
465218.113;562326.426;562344.018;-791.2033;-453.2799;-450.2185;
451329.094;545870.907;545813.855;1429.6222;504.4618;507.8513;
378953.408;542153.983;542112.047;753.5910;-52.8723;-52.7287;
582353.555;627133.843;627133.654;-125.9304;-161.1601;-161.4079;
472790.965;555924.082;555928.405;6.5903;-245.3907;-246.9116;
387173.715;605460.167;605563.930;-449.2294;-84.5679;-84.7400;
472827.173;542533.495;542513.287;403.2427;-353.5037;-352.2224;
465337.508;587034.182;587097.534;-351.1984;-116.3177;-115.3022;
473470.528;502773.208;502619.461;-457.1362;28.9468;27.0919;
460283.976;551028.368;551056.911;-19.5527;387.2494;389.1817;
459148.994;554492.390;554511.061;-404.8582;187.3682;186.7892;
472476.158;539996.969;539959.983;814.1982;99.6978;102.1723;
469227.410;561325.021;561334.786;-118.1244;163.2335;163.7815;
445196.455;564551.328;564545.071;168.5599;-156.5587;-158.6784;
872657.918;185477.716;185504.819;46.2225;-46.8938;-46.8937;
544171.424;519144.636;519122.693;709.5280;-26.8460;-26.4969;
439800.750;548339.026;548269.656;-1066.0209;-162.6096;-164.2375;
472786.240;533993.683;533898.712;-583.3838;430.6699;430.5784;
529899.761;579691.428;579656.662;77.5581;66.6454;63.9939;
480022.763;530919.339;530914.242;398.8545;-12.2955;-11.7637;
712642.090;501522.497;500683.683;-396.9412;47.3419;44.5471;
459617.806;527380.854;527314.254;-623.5321;233.8169;233.8657;
428654.088;607695.645;607732.848;464.8209;113.7155;113.1428;
455844.506;535503.290;535433.914;-449.3538;350.5071;351.5128;
450196.303;555137.047;555108.050;-643.2624;585.5392;586.3329;
214339.044;433985.190;433796.629;-184.3326;-93.7639;-93.7275;
465554.101;545293.123;545319.880;-370.5302;-23.2285;-21.8042;
449154.023;545076.235;545068.924;-127.0364;-1080.9865;-1078.1554;
436833.654;599896.740;600070.993;-282.7291;522.7166;524.6724;
454933.626;537545.308;537492.082;-578.4524;-476.0715;-476.6575;
418366.637;548992.549;548918.319;384.1343;-155.0955;-155.4032;
799448.274;163630.924;163652.690;-27.6656;32.3551;32.3508;
470666.361;542886.282;542885.348;-372.4785;154.0670;155.1539;
852062.092;686542.896;685803.627;-42.4795;47.0531;46.1038;
511037.245;418993.219;419023.306;62.4893;115.3546;115.7734;
443170.956;531287.666;531219.128;130.3369;137.0325;139.9590;
463067.895;550967.035;550975.718;-683.9770;-163.4953;-164.0329;
444899.927;538756.452;538661.871;-217.4274;-853.9011;-856.5996;
376741.450;534887.753;534651.346;-409.9839;271.0969;271.2955;
485273.754;514077.455;513878.172;188.1139;224.9640;224.5219;
509135.583;557935.405;557902.305;-619.4139;280.6872;281.8443;
491786.725;532843.094;532791.012;-156.2687;356.9971;357.0407;
797990.767;425322.437;425288.493;-63.1793;-22.9331;-22.7209;
461658.576;554876.506;554915.873;248.7329;490.4445;493.4744;
982364.817;627493.315;627373.523;15.1848;35.1900;34.9890;
459765.794;554836.747;554851.686;-340.2198;219.7316;220.0662;
93937.172;431449.674;431304.437;-100.5870;73.4516;73.3896;
895090.156;321572.091;321671.738;177.8388;-36.3322;-36.2105;
487162.237;523607.918;523456.177;-33.8862;-85.4799;-88.2879;
413759.264;519589.075;519411.418;135.6321;-595.6742;-595.5286;
457113.967;543787.046;543727.180;502.9545;-243.0841;-243.4808;
144856.554;228407.664;227760.623;-98.4274;-166.6013;-166.9067;
607365.546;576385.545;576410.085;-74.7686;-263.8012;-262.6413;
585168.762;572268.543;572528.243;251.3141;24.3548;23.7819;
459550.943;552106.789;552133.500;-215.9362;537.2956;539.6425;
380618.671;485737.251;485504.636;-448.0253;45.4651;45.4836;
468602.135;566807.195;566754.619;-405.4939;-310.2861;-312.3749;
425466.687;509994.722;510010.872;571.7259;466.3058;464.5658;
675728.472;519947.412;519845.251;231.0138;-7.5545;-7.8936;
384415.761;459805.670;459428.031;-517.6600;172.3043;172.9119;
460929.516;531498.106;531444.511;-428.7442;459.6908;462.0112;
569626.997;646488.149;646457.394;-207.0948;-103.9038;-103.5725;
31397.931;727386.090;727503.561;-322.0630;6.8813;6.8700;
433353.396;520768.912;520691.907;-360.8651;205.4745;205.2513;
555450.288;521714.088;521563.277;-119.5646;135.9042;135.7206;
445874.982;550816.501;550787.223;-464.3273;74.3064;75.6361;
456576.757;537822.443;537783.154;462.5142;-222.8549;-221.9239;
454318.827;544516.832;544478.752;926.2141;-650.0678;-649.5840;
721914.362;537588.715;537291.394;247.1238;-52.1476;-53.6241;
401570.390;532890.061;532687.375;54.7290;465.4825;466.7729;
466734.238;528995.636;528947.383;232.0163;563.8285;564.7545;
440891.666;517719.978;517628.388;-174.8057;-103.2700;-104.4923;
454603.132;542638.514;542636.098;-180.9758;-315.2408;-315.2430;
474573.947;559325.718;559380.870;-806.8870;-40.1273;-42.9825;
447211.000;541276.009;541244.734;990.3813;81.1098;83.1274;
448629.047;542679.657;542647.420;115.7538;287.7874;287.3331;
521261.715;608413.191;608501.943;303.6918;-208.5612;-209.3986;
739439.576;601358.581;601177.913;-318.7265;88.8434;88.5071;
437433.051;552049.042;552044.128;-380.3858;-288.6514;-290.5312;
514541.536;454807.175;454740.163;-223.3575;43.6391;43.4189;
604027.325;395253.714;395234.982;-226.6609;25.8399;25.8406;
420504.985;511834.744;511803.406;356.9971;133.6910;134.7987;
398400.539;666062.072;666266.306;-231.9764;-187.9003;-187.4854;
550019.956;561845.687;561936.053;7.1934;-249.1580;-249.6085;
713565.527;601091.225;601046.364;109.6749;32.3235;32.3224;
473068.744;569839.316;569873.423;118.5859;236.2971;237.2815;
425999.037;371037.606;371015.624;-151.2062;116.0749;116.0939;
472272.998;538379.858;538355.440;-1074.5781;387.9507;388.5545;
883619.504;468091.317;468060.360;37.1518;-8.1388;-8.1060;
470262.404;548803.870;548814.843;39.9524;-267.3610;-269.3737;
457734.746;554813.472;554830.561;203.2481;-498.1340;-498.7416;
447208.841;548264.680;548232.336;-40.3691;608.7530;610.0914;
323443.375;428777.660;428628.215;273.1215;161.8104;161.6273;
468957.579;470151.702;469910.618;-26.3314;-111.0652;-111.7269;
292427.336;902639.375;902472.565;-101.3071;101.9982;101.9180;
455270.346;551842.349;551817.935;303.6669;716.6621;714.4402;
470249.599;545538.715;545536.183;-409.1455;-526.1075;-531.6434;
460099.716;562446.683;562459.636;-535.7498;-172.6996;-174.7683;
401724.651;559911.481;559825.022;-121.7495;-89.3818;-90.6705;
444607.003;542122.019;542088.204;407.9396;-282.6216;-283.2881;
405950.809;320247.345;320086.098;-7.2226;-97.7215;-97.6708;
461809.550;532814.693;532789.773;466.1801;-476.4488;-470.6179;
486808.725;556349.189;556355.632;5.4658;157.1944;158.2534;
532188.325;576644.278;576459.045;-719.7584;-369.5498;-371.5546;
295413.101;315216.438;315146.044;-214.9320;38.6211;38.5649;
440870.271;584909.653;584822.290;438.8075;-247.5624;-246.3108;
502686.926;561751.470;561858.086;-874.6745;245.5567;245.6367;
454258.553;548976.698;548980.398;-62.5792;618.9269;620.2707;
782125.288;458681.845;459128.978;-192.8535;-149.8715;-146.7911;
604538.571;588141.709;588059.930;-22.2218;111.0933;111.3292;
452262.234;561529.687;561521.897;1420.4287;64.5960;67.3624;
483653.776;523551.123;523498.916;-250.3851;18.1745;18.9555;
441470.122;542397.080;542316.351;-481.3946;4.7313;-0.4821;
570460.469;501072.937;501111.744;154.0970;-345.0525;-346.6464;
404485.248;579424.992;579460.079;-89.7690;334.3299;334.3025;
480047.326;539770.246;539761.862;1439.5224;155.0349;155.6559;
386902.034;574471.633;574349.115;115.7462;474.7941;474.5664;
469181.153;558895.245;558877.033;-399.4375;-843.0689;-844.1200;
374910.366;292675.348;292223.354;250.0464;104.0671;103.2865;
471363.603;539380.790;539409.230;324.5830;957.3490;957.2735;
458671.729;568445.261;568501.938;1186.0976;-88.9625;-85.6650;
467367.228;504018.433;503829.933;-127.7287;255.2165;254.6541;
550641.224;485945.944;485722.556;-566.4840;-363.8428;-362.2792;
441375.384;546733.322;546690.671;-144.4415;-190.1245;-191.4618;
486457.390;574771.740;574821.929;-78.6044;626.5656;630.1050;
412037.555;519809.019;519865.687;286.5892;249.5992;248.9774;
433197.364;541733.697;541657.784;-621.7250;-225.0969;-226.7647;
486792.344;562981.824;562997.651;499.7257;402.2619;401.6286;
437611.312;554777.831;554693.576;29.5316;-638.1908;-642.1645;
477073.552;501173.832;501044.485;145.9802;-503.6924;-505.5869;
444072.490;525628.179;525574.149;163.7485;-7.6458;-7.6437;
449322.472;542641.434;542591.789;131.7783;53.1302;53.7885;
461795.608;559242.463;559249.004;893.4001;-16.3907;-15.7900;
447358.622;549774.049;549711.247;460.6987;-632.2211;-634.3086;
448393.962;537696.472;537599.459;1239.9093;-284.2195;-283.8870;
401832.712;532009.840;531821.702;421.7746;-290.0266;-290.2952;
468298.723;592492.752;592604.033;-462.8302;88.3167;86.1839;
175642.441;120308.320;120224.212;-137.1187;-277.5215;-277.1062;
481093.625;489504.219;489429.269;-496.5767;126.2684;126.4980;
440811.433;553006.576;553015.148;536.2349;190.8800;193.0214;
452173.617;549275.911;549274.453;-145.5473;410.5055;410.4147;
251840.345;638788.415;638888.136;-463.7076;59.8561;59.5433;
452952.598;536911.886;536882.765;-539.0105;-312.1505;-314.1784;
429188.228;535903.690;535846.606;826.5438;-694.5906;-694.8394;
465465.081;564871.558;564967.740;358.9382;-212.4261;-210.8138;
521873.298;524748.542;524658.452;430.2252;-47.5315;-47.9917;
465566.183;539001.185;538998.143;704.3698;-268.2836;-267.8816;
443961.237;554604.251;554610.936;-249.2393;150.1562;147.6807;
410422.217;527266.968;527181.872;312.4778;-46.9857;-47.4865;
