# This file was created for the Modelling and Simulation course, RUG (September-November 2019).
#
# Project: Simulate colliding galaxies, using Barnes-Hut algorithm.
#
# Students:
#     Stefan Evanghelides (s2895323)
#     Hidde Folkertsma (s2759799)
#
#     X         Y         Z         DX        DY        DZ
472925.103;511212.771;511213.040;-462.4607;130.5308;130.6272;
441141.359;506978.087;506969.493;-531.3198;169.8221;169.7901;
394086.355;844671.716;844665.421;109.6879;75.3233;75.3211;
210355.472;303643.709;303648.715;32.4547;-11.0319;-11.0303;
678139.399;560099.719;560087.059;509.5859;384.1340;383.9637;
444106.993;501582.244;501582.506;314.0816;-287.1313;-287.1878;
479314.560;518578.758;518579.918;787.5861;-735.5595;-735.5557;
771390.329;533190.069;533182.720;195.7106;237.6910;237.6574;
603826.488;527265.952;527260.574;579.7133;-185.8998;-185.9580;
661985.313;527388.880;527374.808;399.5528;205.5664;205.5530;
570012.774;573524.362;573508.641;-513.5676;299.4668;299.2848;
403347.836;660427.111;660448.939;109.5527;158.5255;158.4693;
565016.772;482578.865;482575.092;-104.8953;62.2720;62.2477;
481933.559;587661.095;587650.062;-210.2695;-94.6180;-94.6066;
647058.547;513677.795;513665.792;469.5831;93.0706;93.0410;
619888.432;512204.723;512197.884;12.2680;266.7449;266.7648;
615966.554;490629.402;490621.317;582.6421;-46.9548;-47.0183;
491969.643;506333.369;506334.163;25.3889;281.5086;281.4310;
618692.607;675574.866;675514.688;390.6135;3.9690;3.9593;
478720.059;511704.967;511706.598;-1398.3658;89.5380;89.4210;
259542.812;143516.328;143510.633;100.4521;-2.4056;-2.4054;
530433.770;601064.042;601052.453;54.6009;293.4765;293.4310;
466425.154;513538.119;513538.011;-688.7898;-240.3251;-240.3377;
488991.586;513050.828;513052.932;118.5724;225.6580;225.6006;
484632.531;499286.428;499287.219;1029.7424;42.0265;42.0306;
495614.123;574180.296;574172.892;-57.9000;-28.8114;-28.8189;
472635.961;509466.807;509466.371;804.7655;282.5992;282.5374;
630677.378;593776.165;593757.845;499.4513;328.7473;328.6596;
516652.197;525641.333;525642.783;-666.5915;29.5840;29.6036;
468699.727;500822.445;500823.537;397.3902;-418.5202;-418.4434;
575271.009;521852.041;521847.228;-47.0084;2.8293;2.8282;
479022.233;515499.581;515500.381;406.4435;15.7406;15.7510;
506391.831;501521.811;501526.921;-1264.9773;-10.5609;-10.6131;
474306.315;515872.020;515873.148;-1021.4998;47.0359;46.9584;
474988.549;507469.324;507470.479;-122.1478;-996.6425;-996.5409;
470478.311;507317.114;507318.629;616.1166;-9.3006;-9.3142;
490065.921;514955.967;514957.479;775.7188;-152.9912;-152.9273;
576329.328;441051.244;441050.329;224.9673;-269.7029;-269.7023;
531004.864;593270.829;593256.651;-4.3855;-33.0273;-33.0663;
487359.523;507166.234;507167.526;775.0187;529.9233;530.0202;
474214.327;510097.708;510098.736;-890.2169;60.4644;60.4309;
622741.277;519897.552;519890.274;84.9270;127.4444;127.4693;
463271.800;503228.507;503228.255;-221.0889;-496.4919;-496.4475;
667921.897;510117.367;510109.741;796.4795;-60.7702;-60.8481;
478489.603;513445.736;513443.853;1941.6002;139.0472;138.8177;
495000.472;550424.141;550422.847;592.8952;-186.2176;-186.2174;
501912.509;520184.774;520186.141;-724.2252;-728.5250;-728.3895;
326392.362;561226.946;561227.750;163.7190;109.0182;109.0161;
749806.502;692848.046;692826.457;31.8752;288.0995;288.0816;
528019.788;581850.600;581849.890;-362.3512;228.0587;228.0313;
690821.276;604725.569;604722.491;246.1536;199.7335;199.7099;
491140.650;511228.678;511229.953;895.1648;251.8599;252.0246;
473530.794;515725.598;515726.695;-366.7603;1171.3783;1171.2099;
599598.314;534518.810;534514.076;-256.2643;-153.6019;-153.5660;
560828.086;512369.527;512367.054;-454.1743;-240.3069;-240.2406;
574407.320;521012.940;521012.787;92.4632;83.8574;83.8678;
351179.277;482420.013;482426.783;533.2170;-29.3133;-29.3159;
556901.621;466198.308;466198.924;557.2982;-464.5093;-464.5254;
505881.307;517271.551;517272.870;-1668.8601;-8.4947;-8.4475;
614740.604;559225.171;559216.715;554.4230;281.4703;281.3626;
643170.125;535870.799;535860.346;570.8155;165.2069;165.1320;
575410.615;506823.401;506822.334;473.6750;-67.3458;-67.3948;
560662.108;493718.552;493718.932;412.1344;-131.8503;-131.8609;
493633.806;526459.033;526459.954;857.4796;381.3720;381.3762;
480156.510;498457.081;498461.633;-1385.0511;127.4878;127.5185;
632786.992;538030.350;538019.608;220.3367;55.0493;55.0876;
465885.137;519207.634;519208.639;751.4433;123.9810;124.0053;
451034.455;501624.479;501625.575;126.9272;-19.4884;-19.5186;
499142.658;526510.632;526512.588;-1069.4970;442.8754;442.8186;
473713.329;507681.942;507681.319;909.9577;66.8761;66.9338;
556458.554;450671.168;450661.118;-117.4539;-365.5298;-365.5262;
489344.441;517327.252;517326.779;905.3442;-463.9123;-463.9100;
348988.514;562260.912;562255.219;358.0817;-62.7470;-62.7482;
621662.045;544422.976;544416.788;642.0507;191.3552;191.2936;
433809.109;518107.183;518106.516;64.8818;409.3977;409.3545;
456986.347;589903.913;589913.863;297.7960;-144.9436;-144.8696;
661061.032;541935.706;541921.665;520.5178;-158.7486;-158.8329;
563090.848;551708.441;551708.163;251.7884;310.4067;310.3853;
712420.043;574423.521;574407.268;968.6144;153.6995;153.5532;
648078.068;533490.340;533479.726;493.6945;-93.9779;-94.0468;
640555.668;509337.227;509329.517;596.8316;2.2612;2.2073;
632700.283;614861.153;614848.587;577.6603;562.4356;562.3353;
477153.293;524734.799;524736.458;-898.7442;367.0133;367.1281;
480853.645;504505.898;504506.113;221.5519;-302.8588;-302.8366;
639131.725;545374.653;545362.330;331.8167;-236.9329;-236.9172;
432292.143;496172.831;496170.115;-644.9474;4.2104;4.0982;
661867.049;540236.151;540219.886;397.0901;-25.5617;-25.5660;
670841.737;553410.481;553394.196;954.6027;173.3054;173.1495;
480541.257;513588.627;513590.134;440.5133;387.3856;387.3813;
557069.868;493707.225;493701.628;-171.7450;-104.2661;-104.2516;
613297.398;489640.858;489634.004;495.3472;-113.1915;-113.2229;
476144.157;521073.526;521075.203;-688.5450;-267.4585;-267.4734;
650520.797;532879.746;532869.046;415.9549;17.1885;17.1328;
519002.151;515822.071;515825.170;-442.5967;48.7826;48.8614;
593072.888;438847.666;438869.040;-191.4703;-199.3419;-199.3188;
463061.916;510725.793;510727.213;469.5206;-360.1856;-360.1887;
527797.270;537669.716;537670.997;-830.2450;125.8397;125.8886;
339777.527;599409.263;599414.024;172.8029;-101.9967;-102.0616;
272095.686;311980.316;311989.315;185.9717;-47.2210;-47.2215;
431995.161;449871.650;449882.113;-436.9780;-340.5696;-340.5492;
498550.468;514469.610;514471.691;340.3948;176.4435;176.4576;
472556.454;508730.920;508732.125;341.4891;-215.8433;-215.8782;
495401.881;525371.089;525372.131;275.6728;-1.3141;-1.3045;
269687.084;467767.196;467772.968;-1044.9203;-179.7635;-179.7898;
483620.921;514690.106;514689.975;-532.1183;423.5947;423.5547;
513693.759;529431.791;529434.676;330.5811;302.6502;302.7646;
483520.533;510897.359;510899.964;-597.9307;577.3578;577.2350;
326473.238;471808.326;471815.497;-607.3606;-192.3703;-192.3430;
383709.750;550493.738;550494.903;-481.1719;78.8626;78.8615;
635853.056;568385.818;568377.977;-292.8984;-125.5311;-125.5555;
478329.543;554347.525;554344.862;-653.7775;-471.9460;-471.6696;
499765.727;528101.636;528104.300;271.3485;339.2112;339.3349;
503344.821;499324.064;499324.637;-15.6261;88.0328;88.0516;
495267.440;533336.914;533340.561;410.3836;241.7896;241.8114;
459190.740;506089.442;506091.329;-897.6839;-172.5827;-172.6924;
534439.946;572538.005;572534.519;566.4202;62.0862;61.9795;
496506.646;531068.337;531069.148;551.4172;116.3560;116.3366;
476030.762;586080.999;586078.622;406.0839;405.6047;405.5205;
452030.156;466920.285;466922.893;-102.3063;548.4795;548.4569;
476746.537;457501.595;457507.452;521.0651;-411.3429;-411.3527;
494565.112;530605.539;530607.939;214.4521;-50.8184;-50.8582;
527026.556;396478.658;396483.714;-173.7083;74.6435;74.6440;
324823.083;375799.538;375783.184;-106.3893;170.3601;170.3762;
476696.450;515518.473;515519.746;-829.7336;-117.7533;-117.7370;
259244.662;572083.654;572085.777;-88.9645;-301.9253;-301.8576;
497031.699;550885.205;550887.304;519.8195;90.3925;90.3683;
804850.349;604076.730;604075.643;-84.1488;27.2107;27.2190;
495642.782;527732.158;527732.268;1248.5142;-214.9408;-214.9140;
399867.651;568100.041;568095.523;68.1494;163.2726;163.2934;
521006.376;522041.690;522043.621;254.3191;275.1289;275.1080;
461129.920;501185.733;501189.342;-556.1844;-241.2117;-241.2548;
500354.475;514398.074;514398.310;963.1291;505.1382;505.1281;
359415.566;523621.422;523617.274;-159.4323;259.7441;259.6924;
453122.821;520226.392;520226.582;358.9533;-137.4444;-137.3958;
387002.028;459520.251;459524.015;-494.8738;-224.3823;-224.3911;
443574.604;482044.389;482047.631;-154.0454;-377.5052;-377.5332;
309515.516;440309.557;440324.826;-25.2455;-117.9020;-117.9008;
505284.367;527350.731;527353.893;599.5638;-232.3803;-232.5013;
471047.817;506838.057;506840.632;-1416.8684;-253.4695;-253.4651;
455439.311;486648.456;486657.863;-784.7130;-351.5562;-351.5333;
389955.152;506060.465;506063.679;-295.8867;-45.1566;-45.1531;
446568.579;532463.704;532465.059;-318.3899;32.0700;32.0996;
718732.664;646674.049;646661.279;-83.4728;27.8826;27.8881;
507061.608;527570.765;527573.211;-598.3440;-214.4569;-214.4187;
514320.041;516452.113;516453.639;434.0089;396.1098;396.1671;
489677.641;523991.296;523990.906;-954.3720;390.1460;390.1916;
281669.528;462108.422;462113.810;-132.8973;199.2657;199.2510;
423364.875;555186.268;555190.659;-176.1416;351.0980;351.1385;
406990.297;516840.025;516842.679;233.2099;31.3485;31.3539;
514227.245;526827.025;526823.705;-1467.2278;12.4966;12.6338;
335995.808;608216.665;608219.431;-714.0474;376.4796;376.5042;
486180.465;499359.122;499359.533;-838.5118;-205.4209;-205.3980;
488993.230;501719.508;501720.842;881.1974;187.3092;187.2809;
422577.178;546883.996;546892.338;497.1104;466.3126;466.3768;
450776.463;591423.864;591416.184;-310.1976;68.6189;68.6306;
468263.769;513607.838;513608.781;99.2535;-7.3757;-7.3559;
392533.804;487041.946;487047.671;-426.9261;-365.7969;-365.7670;
495669.386;514985.013;514985.438;-115.5517;765.3351;765.4511;
483207.005;523391.264;523393.166;747.6923;-507.4544;-507.3849;
359767.963;221272.625;221268.079;-132.0501;16.6051;16.6239;
517703.994;520318.458;520318.712;917.7439;596.3949;596.4070;
558350.118;511423.302;511418.328;-336.4477;-41.2101;-41.2199;
456655.452;454159.995;454164.671;-347.4634;-36.7334;-36.7264;
500048.196;525651.108;525653.439;-696.5505;-349.2130;-349.2150;
208598.161;533155.408;533145.797;-332.6289;-161.1300;-161.1459;
410416.875;578802.220;578799.965;114.5819;91.4233;91.3951;
480071.047;513094.941;513097.490;-21.8380;116.6623;116.6877;
418377.559;511504.842;511504.713;129.7370;-148.9740;-148.9571;
320922.628;650288.911;650282.628;-26.3893;353.4197;353.4368;
514082.220;513232.010;513233.582;-640.8124;2.4046;2.3897;
433074.804;534063.441;534064.889;-1147.0824;65.8468;65.8777;
503505.970;522592.301;522592.766;-781.7152;-334.3253;-334.2859;
495003.616;500337.742;500339.715;832.0805;143.4389;143.4278;
493527.910;517396.479;517397.878;796.1269;-632.0040;-631.9828;
476541.547;515030.331;515031.985;-72.1887;-582.4172;-582.3961;
379574.005;537874.425;537878.474;-595.6898;113.7355;113.7538;
959759.566;512687.818;512670.001;-17.0668;-73.1559;-73.1827;
507510.609;529697.412;529694.319;-1000.3335;-86.6519;-86.5831;
432394.442;528672.913;528673.194;-101.7519;-2.2538;-2.2814;
497334.582;522240.753;522242.658;-358.2856;-79.8179;-79.7645;
501819.034;501325.217;501326.316;148.8294;472.5855;472.5507;
488592.241;523553.477;523555.513;-756.1310;226.3329;226.3771;
579237.980;490971.386;490957.583;112.2281;-200.8431;-200.9434;
310236.722;161356.581;161347.490;-322.0478;-124.3868;-124.4149;
478468.370;519935.211;519935.881;507.2740;-809.4956;-809.4603;
930606.211;508094.415;508077.759;-103.4718;21.6630;21.6738;
582140.567;418571.453;418570.498;-269.2581;5.8842;5.8815;
512997.999;516671.636;516673.554;641.7713;273.2947;273.3793;
536205.185;517209.695;517212.575;-67.3634;610.3971;610.4313;
446435.821;553282.475;553283.706;-459.6703;-608.6504;-608.5576;
510453.416;509503.021;509503.293;-1104.8735;-266.1737;-266.1165;
487277.723;515770.588;515771.558;172.7387;-361.7501;-361.7269;
516109.262;503398.465;503398.616;-76.9638;-411.2015;-411.2283;
438771.775;513994.951;513993.893;254.5116;-31.6641;-31.6819;
482943.300;523774.774;523775.302;125.2622;121.2572;121.3776;
496392.641;505747.314;505747.767;-462.9433;-280.9774;-280.9470;
485438.092;507053.002;507059.175;558.6696;412.2259;412.2258;
