# This file was created for the Modelling and Simulation course, RUG (September-November 2019).
#
# Project: Simulate colliding galaxies, using Barnes-Hut algorithm.
#
# Students:
#     Stefan Evanghelides (s2895323)
#     Hidde Folkertsma (s2759799)
#
#     X         Y         Z         DX        DY        DZ
443841.891;540228.945;540215.594;135.7918;80.5243;80.4241;
484035.104;521721.721;521612.985;-808.9287;114.4928;116.2999;
636541.222;893545.756;893535.918;106.3462;-23.9591;-23.9625;
392264.199;417890.755;417862.071;147.9182;156.0381;155.9609;
473947.838;544984.642;544993.142;62.7210;-478.5302;-479.1195;
443417.163;528678.692;528662.324;211.6887;-809.1829;-808.4985;
735175.890;975823.430;975672.531;-95.3083;178.2871;178.2731;
4613.531;556497.014;556442.728;-133.3891;11.2739;11.1971;
550129.333;570253.476;570188.045;-603.7385;348.4075;348.7627;
406487.832;459215.668;459182.111;-437.1524;54.1620;54.2082;
312024.795;550123.349;550112.306;338.0467;46.7933;46.9246;
386833.649;545596.504;545560.648;-720.9791;-94.5133;-96.2468;
570043.329;649283.123;649302.784;-198.7592;38.4860;38.2987;
620867.062;605101.887;605287.437;160.0983;73.5921;73.3840;
444543.342;537459.607;537474.308;7.4444;-84.8212;-86.1505;
397831.571;527672.548;527549.007;-187.1647;143.9476;142.1652;
534247.063;504683.823;504594.569;5.9814;585.5027;585.6308;
456073.461;536868.174;536882.981;-262.7963;-708.0451;-707.9216;
456523.957;548576.479;548575.785;68.3317;-272.9705;-272.6874;
485017.094;535170.347;535183.190;-294.5495;-408.6520;-410.2049;
524461.300;534761.544;534760.215;-613.1619;-48.1625;-47.9698;
573415.969;622893.922;622832.544;106.6149;154.3704;154.9406;
433138.013;543238.526;543213.328;-635.1604;-518.3224;-519.7014;
551707.752;467825.774;467751.423;66.2415;267.3344;267.4302;
484489.402;549321.824;549345.351;469.3026;-332.0340;-332.8154;
409758.055;539732.492;539727.797;-377.3105;-153.2279;-154.6711;
444942.160;530094.096;530061.334;-427.5788;757.4435;758.3236;
469039.543;551794.726;551830.009;-696.1188;-520.0700;-521.7518;
454022.856;535038.431;535030.251;380.5792;138.0416;140.7836;
460805.430;537421.681;537410.066;-531.6920;235.0051;233.5762;
468557.926;551603.707;551619.387;-7.9531;242.2239;243.8719;
461561.360;544659.530;544686.293;692.3529;369.1810;370.7535;
839945.080;214658.084;214684.201;69.3638;-56.7639;-56.7605;
410990.450;637699.509;637779.897;-204.3602;107.1482;107.1995;
440674.293;534661.692;534659.663;384.6133;-184.7505;-181.5640;
431649.286;520985.822;520897.306;211.2958;-137.5861;-138.8088;
562529.753;584428.500;584408.995;-270.2533;-104.4452;-106.4648;
461723.962;536696.586;536678.569;-668.0365;163.3197;163.1239;
882879.238;501472.997;501781.368;-213.8749;-46.6811;-47.0772;
370397.882;481843.210;481746.310;222.5619;247.4410;247.4409;
559264.076;584320.501;584356.337;89.7440;-243.0096;-241.3963;
515411.185;524518.761;524428.780;-331.4605;-117.6664;-117.9173;
440872.512;540532.400;540523.817;-13.2399;284.3821;285.2121;
478239.954;550291.761;550303.724;-1089.0984;-674.2079;-674.2859;
447229.616;539868.492;539856.815;341.9357;690.7491;692.4539;
468628.595;529086.038;529082.849;54.0808;-883.2462;-884.2074;
463113.331;370216.294;370210.806;-5.6282;114.9752;115.1329;
452836.979;527950.886;527951.990;262.1909;-486.6437;-486.5557;
443241.617;548650.746;548652.695;-428.2630;-216.1626;-216.6393;
755884.866;990419.249;990297.599;54.0650;92.6631;92.5686;
807630.407;158304.528;158326.848;-0.1090;-13.9379;-13.9359;
418267.711;539282.917;539239.599;377.7899;-329.4237;-328.8741;
863812.230;654777.781;654592.744;-1.6888;66.2195;65.2375;
454941.027;401435.240;401291.320;141.5633;-38.3476;-38.4851;
464242.312;547249.683;547261.151;-772.5361;-572.8978;-576.5734;
455552.219;553269.437;553287.085;-144.0548;-596.5814;-596.9908;
366962.816;498489.330;498491.245;191.5809;92.8966;93.2024;
435954.771;544461.966;544416.416;948.4455;393.3014;395.7801;
493498.310;542119.342;542070.131;-362.8174;344.4486;343.7504;
469209.264;641444.422;641600.393;-247.6882;-291.4399;-291.6741;
455143.927;535609.345;535597.359;229.2766;785.2349;786.0012;
801802.843;456805.063;456673.280;46.6316;-85.0830;-84.9410;
460287.085;542385.973;542353.986;469.5317;-457.0735;-457.8619;
960244.127;606550.292;606520.096;67.4094;35.3119;35.2828;
461476.886;538009.841;538000.701;-49.9006;-251.1764;-251.8195;
163524.860;394188.896;394081.401;-148.4566;58.3292;58.2572;
67185.434;647675.739;647680.457;-172.3183;64.8403;64.7852;
783295.334;348821.067;348847.345;221.8166;-63.2388;-63.1003;
463455.340;535639.133;535678.408;-1227.1618;481.2936;485.8598;
514654.180;501608.155;501505.584;529.5542;11.6425;10.7253;
453021.267;545101.311;545065.942;198.4577;772.6273;775.4038;
219332.569;336773.949;336344.531;-178.4204;-224.7941;-225.3201;
440925.292;630376.891;630430.414;349.0367;274.8948;275.1898;
358577.805;439311.831;439093.584;-30.3388;14.2649;14.0654;
449051.384;543746.265;543732.163;350.5818;-47.8047;-48.3931;
365503.847;593342.190;593314.134;158.0704;136.1605;136.0298;
446355.862;519945.170;519888.560;1.2650;289.8219;290.3037;
370058.492;501346.411;501209.022;-378.4459;-288.9013;-289.8319;
434402.791;545182.635;545165.455;850.1579;-85.5720;-84.7935;
553956.778;589449.848;589471.934;430.6506;-405.7794;-405.1035;
472675.903;528265.649;528262.204;185.7493;-89.3977;-90.3320;
654638.634;665764.763;665637.209;-88.0152;12.6461;12.6551;
234765.896;711023.754;711135.840;-410.2151;60.3850;60.4220;
452481.996;536909.019;536908.909;-318.9788;326.4520;325.5287;
910604.085;640607.150;639834.132;372.0160;68.3499;68.2189;
482694.589;522408.616;522358.079;-419.6339;528.6142;528.7390;
460528.549;553035.967;553073.506;-8.6491;75.1223;75.0233;
452468.733;541571.228;541559.806;-232.3930;-489.3979;-490.1421;
459410.473;547242.267;547253.668;1142.0875;-100.3218;-99.4039;
415717.552;527207.388;527058.370;530.9318;463.7207;463.7043;
444718.990;553824.159;553805.402;1214.5269;-287.2872;-285.0200;
443287.938;542106.030;542097.421;-558.9152;-76.6689;-76.6873;
461249.185;509204.932;509161.921;61.8586;308.1469;309.8127;
444543.217;506760.094;506731.287;257.2184;8.7489;8.8718;
479782.780;526961.258;526934.187;-133.9488;-247.9203;-249.6354;
449125.872;562799.582;562862.132;484.1136;77.2074;76.0381;
455911.539;550713.919;550720.357;-1085.0225;-641.1340;-641.6441;
579045.780;494474.599;494464.865;-318.5842;-192.8594;-193.2618;
853125.515;537708.666;537708.044;-98.7646;137.8473;137.9132;
450930.333;532938.523;532926.261;101.4080;-135.3567;-135.5209;
612701.846;470652.008;470463.731;-111.3028;-74.3479;-74.1782;
696033.301;413029.146;413002.014;-99.4886;-79.2928;-79.2720;
432767.168;553996.212;553980.812;539.5194;-36.3770;-36.1663;
544426.863;605508.136;605455.539;-179.6389;469.0196;468.7456;
399828.122;551919.306;551869.184;54.3057;456.4012;456.3602;
595436.328;571758.865;571710.847;368.4180;68.7096;68.6235;
362523.888;505147.700;505066.239;-44.7749;189.7789;189.8952;
509545.673;344433.823;344388.528;-132.7565;-21.0183;-20.9710;
471491.935;534789.916;534778.270;765.3947;-220.7155;-221.2697;
848226.999;476045.494;476001.733;88.4013;-26.2090;-26.2503;
447429.467;549040.697;549024.577;288.6122;-674.6665;-675.4268;
409868.297;594225.945;594254.732;138.8657;2.9513;3.0881;
441975.843;530184.450;530177.082;-188.5140;90.1108;88.8283;
211135.537;372105.248;372071.074;140.7295;60.9286;60.7423;
419392.703;588281.997;588306.249;-113.9576;151.0169;150.9151;
354247.813;834348.787;834231.513;-119.2838;143.8572;143.7597;
444020.594;543096.120;543069.202;35.1075;-961.2302;-959.4501;
465486.373;543262.027;543234.341;-1175.5138;652.4456;658.6814;
436235.027;535011.928;535022.004;-675.7377;-366.7043;-367.2995;
416643.648;506601.706;506461.166;507.4612;108.3739;109.7472;
462620.930;554295.408;554329.679;-475.6604;-146.7236;-147.0470;
413500.819;388404.814;388227.336;-25.9254;-151.2483;-151.2665;
447779.701;515582.454;515574.661;8.9998;-406.6636;-409.0100;
446719.630;538800.982;538813.372;-653.0082;-480.1001;-481.7670;
566618.144;626474.220;626469.300;456.2289;118.4418;117.0640;
429161.465;312813.337;312740.460;-250.8169;-40.2134;-40.1925;
390181.976;942907.610;942902.601;15.6373;124.4136;124.4059;
401169.694;545237.632;545193.166;219.7207;18.6366;18.5252;
463444.998;529360.855;529341.265;1387.7325;488.0566;489.7871;
446664.346;550541.921;550552.851;-957.6148;-156.4880;-156.7273;
812026.080;539439.496;538764.681;44.8908;-123.3363;-123.4306;
516088.466;516684.400;516648.925;434.7872;93.9156;93.5514;
466227.923;551307.663;551324.253;475.1596;-576.6247;-578.1038;
468179.179;542482.751;542492.415;720.6717;81.3748;82.2975;
435497.535;524324.768;524340.860;-140.2308;-620.1473;-623.2762;
293012.202;512306.026;512281.968;253.8178;269.1515;269.0572;
355173.531;485791.901;485750.028;19.6384;135.7654;136.5531;
485292.149;544355.668;544385.918;737.0758;579.1157;579.9987;
468941.979;593863.816;593970.848;544.4132;121.1431;121.6135;
486246.418;563065.101;563121.132;-19.8312;180.4496;180.1133;
243434.515;266967.937;266970.951;223.4042;-12.5763;-12.6158;
396188.754;536223.021;536132.883;-513.3716;99.6263;97.6412;
469537.227;526371.680;526277.489;-1281.5122;112.5750;114.4802;
467614.076;528168.424;528121.161;-54.0204;531.7880;532.6004;
609198.258;714492.986;714507.158;90.5202;-267.7019;-267.7264;
460130.420;556377.339;556407.890;-161.6383;230.5928;230.1039;
554849.337;528887.497;528793.855;388.7761;57.8715;56.6591;
440783.151;548499.994;548455.019;-363.8115;192.9898;190.4853;
441598.180;534266.200;534249.323;344.5127;238.4332;237.9626;
459300.652;546098.944;546095.288;-155.9365;-170.8864;-169.2757;
479651.909;536986.841;537005.340;263.3071;78.7521;78.0918;
320987.594;665816.376;665855.352;94.9212;-1.9382;-2.0699;
434489.950;532378.484;532338.093;350.7680;-48.3590;-47.9686;
448019.729;521865.919;521816.225;129.4296;-111.4612;-112.0171;
451281.497;550178.059;550188.051;-338.2151;133.9828;132.8187;
473069.115;556194.355;556261.545;-126.1536;237.3882;236.9167;
457972.795;553637.226;553653.081;667.6859;401.6890;402.5798;
504477.603;555871.345;555876.364;-245.1870;492.7281;493.7638;
553961.571;502838.278;502823.058;-197.6722;244.1195;244.0692;
261555.892;287816.711;287546.077;-183.4066;-315.8746;-316.3343;
649238.269;510371.523;510197.581;-138.6908;-102.4068;-102.3943;
463895.335;545631.757;545657.227;512.0152;666.0329;665.5500;
456617.919;556210.457;556228.828;283.4891;-140.8295;-141.3278;
496191.228;411009.388;410961.363;43.7902;357.0001;356.9611;
476155.462;549220.840;549250.889;-528.6396;587.6358;588.7829;
501535.242;534139.586;534087.706;275.7880;552.2325;552.6869;
453042.786;549387.562;549409.181;1302.3321;-7.3760;-8.1705;
417195.728;610341.380;610400.623;-205.1919;52.3875;52.1423;
480402.076;559140.349;559147.209;-135.1365;-8.4479;-9.5366;
474189.937;549083.659;549117.631;-720.5676;220.9679;218.6257;
424530.591;527102.492;527047.286;6.1138;-71.8963;-72.5307;
