# This file was created for the Modelling and Simulation course, RUG (September-November 2019).
#
# Project: Simulate colliding galaxies, using Barnes-Hut algorithm.
#
# Students:
#     Stefan Evanghelides (s2895323)
#     Hidde Folkertsma (s2759799)
#
#     X         Y         Z         DX        DY        DZ
457097.909;521142.045;520770.444;-11.0215;219.7647;215.3326;
484619.554;507545.435;507561.431;661.4988;43.4137;54.6220;
813044.673;622230.352;621804.565;-33.9200;-153.8093;-154.4473;
501224.987;523344.768;522547.572;-640.0087;-504.7852;-516.5830;
481390.115;533381.060;532877.325;-557.6394;495.2571;479.4830;
443303.399;900156.716;896742.697;-146.4819;294.8823;291.5090;
282697.098;519109.585;517909.930;43.8123;265.8046;269.5132;
600957.205;890098.962;895788.110;3.6597;92.5418;103.1506;
362129.538;589978.397;587009.177;-426.4768;-68.4100;-68.6787;
544344.202;562659.351;563563.102;519.1692;377.5070;411.6032;
478482.220;535754.033;535435.590;-552.3998;550.0807;538.5661;
480163.703;523660.126;522906.581;285.7857;-225.3365;-220.1819;
382610.035;567591.050;563837.233;-205.5990;-229.8791;-252.5378;
476391.090;534608.753;534299.823;-85.4960;366.7695;368.0603;
542737.941;543455.294;543129.846;408.4559;-52.5505;-29.6648;
590170.066;627764.760;634233.496;150.2031;220.9353;210.7944;
479353.667;587101.838;585163.250;141.1813;40.9834;22.2045;
445559.945;530078.401;528642.094;364.5051;302.5343;315.4525;
199056.836;633464.894;632564.462;-325.2207;-31.2400;-34.9335;
388687.930;552732.507;549909.831;-170.7505;111.6845;109.9677;
501658.791;534533.377;534138.818;-293.7290;-398.5911;-405.5641;
432656.634;555083.534;554106.670;-89.1898;557.0830;573.3804;
481072.683;525785.340;525058.575;-240.8518;93.0732;81.5256;
474762.134;517023.163;516658.023;-236.3055;-136.9114;-128.9247;
481249.633;528580.081;528028.832;344.7145;-511.5008;-505.3965;
475150.040;547982.348;547291.032;-756.2093;6.3954;-14.7132;
487371.060;528163.317;527777.154;-768.8893;485.4234;500.7902;
893651.752;136963.605;136951.175;-21.1313;7.7498;7.7060;
481820.757;521097.131;520184.374;1130.4016;830.6783;845.3273;
490042.874;528023.854;527345.743;-569.1502;94.7801;99.7801;
470439.408;510860.963;509507.515;-1032.5567;-142.3699;-186.0089;
543697.504;523739.557;523882.460;1100.1217;-223.5884;-200.2294;
467223.008;536766.976;536577.204;293.6670;259.2420;255.9564;
616403.393;592577.635;592084.624;-291.1418;-126.2091;-124.9248;
431486.408;513055.749;511220.997;23.3807;38.4722;38.6192;
503626.916;545605.278;544945.674;65.0818;-21.8641;-49.8819;
515420.791;519217.863;519221.913;-212.4217;-91.3133;-98.0378;
484146.177;512712.537;512398.216;209.6875;249.3669;266.0007;
537148.492;395303.992;390808.137;-166.6676;-88.1259;-93.5811;
462539.561;491709.744;490754.405;1020.0187;74.5846;89.5373;
474584.502;542475.471;542770.909;333.3328;159.9834;208.0676;
465435.132;490659.294;493166.209;292.7984;-215.0017;-185.3446;
505639.150;530262.170;529094.770;14.9771;-727.7059;-738.1906;
490770.807;530207.248;529804.716;-428.2704;429.7126;452.4846;
180235.606;586611.789;588790.265;-462.6258;45.0464;45.4422;
469353.224;519423.120;518460.884;1277.4487;194.9058;194.6269;
451342.243;538956.133;538450.839;-57.2760;-626.2157;-613.6799;
482609.429;596779.409;596773.536;-215.3481;-264.0712;-257.0003;
453238.518;511343.496;510816.972;-153.0568;212.3197;200.1008;
456226.655;519148.211;518351.642;740.5763;-515.0060;-505.7605;
443799.945;493392.014;492148.207;-808.3840;31.9321;12.8285;
539096.441;513391.264;515529.297;606.4621;-729.7694;-698.4012;
496205.740;533664.265;533597.533;279.5747;773.2645;761.8436;
441119.854;541813.908;540474.833;-73.7744;106.7324;85.7459;
478542.221;523625.429;523065.066;-380.3388;-953.3174;-953.6621;
424525.947;507661.069;503265.539;-726.3954;67.7110;15.0624;
550962.478;511165.978;510852.970;284.1670;345.8550;360.7448;
727146.852;648027.436;647289.261;-237.0399;-52.7744;-53.1408;
494301.917;520692.961;520600.923;592.8697;-582.0814;-600.6096;
94516.901;640371.236;639982.738;96.7041;68.8532;68.7074;
431215.322;523527.507;522564.631;277.6789;630.3114;687.9417;
448098.752;542836.340;541580.156;314.4246;-199.1305;-202.5747;
446533.540;536021.104;534901.799;-275.9122;-92.2850;-106.5972;
487537.348;525279.492;524678.287;-239.0071;-374.8308;-396.1171;
491016.333;502295.929;502642.412;-196.0148;-490.1690;-493.0017;
458249.855;523397.784;522611.011;-227.0562;2.1070;-5.5320;
496297.365;514681.241;514932.245;-802.5267;-335.1138;-367.8015;
428557.315;305523.830;302576.588;13.2916;63.6231;74.3469;
476741.724;530845.401;530485.031;991.4270;338.6644;329.2489;
768646.372;469323.659;468808.294;-122.9417;18.0751;17.3192;
418383.264;519549.192;517010.773;221.3684;574.6168;590.6245;
533207.627;499898.237;499254.615;275.2632;-122.3305;-137.5772;
567881.129;528113.914;527468.385;-354.5703;160.9530;161.4868;
480637.101;575821.104;576462.652;62.6548;-43.6539;-66.3244;
464832.670;559876.563;560432.850;-281.1315;542.0811;545.2701;
498867.928;524900.748;524351.386;-185.6992;-560.2237;-575.7955;
484502.066;518401.713;517944.793;-164.9775;23.6775;25.3833;
494212.959;563504.606;562810.542;-817.8197;-212.0546;-198.9586;
329824.054;621596.803;621326.037;156.0472;-100.6474;-100.0940;
477669.932;545622.289;544688.830;0.7634;90.2033;82.5759;
475057.693;555566.837;555770.183;97.4489;9.8779;8.7892;
518577.479;547234.414;548658.693;-176.2088;432.9557;515.6491;
487619.540;513772.352;513418.084;714.7997;-93.8891;-83.6998;
455867.778;534902.736;534362.363;-280.1318;-146.9009;-135.6882;
466328.653;528000.885;527476.086;-664.7485;-68.9732;-71.7348;
517025.151;566931.525;567784.720;-4.4150;-172.0960;-159.3796;
512005.162;520644.148;519771.782;-979.5723;-189.5859;-188.0418;
352906.564;357814.923;350258.239;28.1435;-272.7133;-287.8634;
486836.681;527033.412;526801.135;106.8308;479.5220;479.9564;
746877.312;641241.605;640353.340;75.0911;-37.5428;-38.3355;
940955.316;649713.729;648779.142;27.5025;-28.2420;-28.7818;
472497.719;509892.626;509740.281;232.5493;-1163.5847;-1113.1409;
558857.519;528742.411;527876.480;157.4050;349.7059;363.7108;
522128.625;551963.595;552268.148;60.8844;-445.2254;-455.1956;
96536.339;404565.790;401942.857;-245.0757;-88.4558;-91.9235;
523680.325;520850.784;521178.604;-292.5399;-442.4145;-455.7994;
520644.230;605302.627;605376.738;495.1265;216.6120;222.4397;
460079.941;523180.123;522258.414;496.0408;296.4724;297.6236;
725535.362;493863.905;490452.004;-175.4721;41.1951;35.7166;
490756.603;539764.122;539602.077;-775.1004;-218.6139;-256.0020;
537372.540;531894.984;530974.092;617.9284;-158.5414;-157.8979;
411148.617;560856.124;563742.415;471.6655;129.3459;127.3685;
910286.504;735741.328;733370.694;18.9610;-8.8336;-9.5652;
465307.089;514278.840;513501.454;617.9098;75.3654;78.3499;
473012.536;522597.755;522057.409;-475.6880;-370.5967;-368.6559;
483517.713;505320.538;505319.454;329.2660;326.9004;321.3837;
508745.136;529708.264;529513.103;175.4731;171.7384;159.0900;
467736.240;527585.479;526794.061;172.5497;-416.4516;-427.2214;
488559.922;514919.528;514986.792;-297.9041;45.9040;36.3767;
429907.834;232077.961;230678.342;21.4158;24.3281;23.6828;
508001.793;524294.537;523982.172;70.6537;673.9997;661.8206;
470729.284;508138.361;506589.342;-257.7793;742.9988;791.2471;
812958.536;474543.529;465352.972;277.3833;-186.1133;-206.9553;
494159.525;455692.314;456133.748;-393.9029;-228.3864;-235.6272;
491354.080;517118.720;516931.596;508.5600;-43.8602;-40.0728;
442667.062;522938.974;521872.447;998.4242;272.5037;260.4362;
495203.775;534535.739;533570.229;61.5556;-280.2733;-297.4457;
768476.829;883478.407;881219.490;275.4186;108.9632;102.2834;
326444.620;466511.514;466224.622;90.7772;-82.2083;-78.3160;
478911.047;577467.958;577692.643;375.9215;503.0663;483.4227;
442419.331;519336.939;518232.379;-928.3985;95.3417;70.1812;
459753.491;538843.244;537664.003;250.7253;16.3533;17.3543;
407865.311;312701.878;308679.177;-101.1564;136.5861;127.0172;
463287.355;551395.209;550844.557;61.8261;-245.8558;-238.5450;
488424.277;526928.296;526804.622;141.0119;-715.4944;-711.2826;
419276.590;556847.796;552871.593;-524.4897;415.7786;364.0124;
491134.846;522337.297;521815.367;20.5138;-407.6525;-416.0145;
507516.291;519953.646;519827.459;1063.9034;55.7538;61.1570;
501472.922;530710.686;530502.051;419.4158;-28.9089;-39.8012;
764710.700;498368.839;494249.379;174.3073;-71.6262;-78.7088;
569435.338;609116.999;606484.751;406.2442;-352.6569;-316.4452;
489447.410;516729.538;516249.975;254.8865;-299.4827;-291.6565;
484941.154;519080.542;519056.890;-1432.6629;600.5600;538.0567;
502507.060;498606.667;499344.560;466.6371;-177.8344;-148.9564;
480010.984;531388.626;531184.055;380.0137;-350.6036;-349.4995;
443915.800;566708.057;565312.979;250.6226;-394.0359;-377.9455;
499539.826;574562.621;574339.507;-143.9534;-79.2483;-96.7705;
445912.975;558229.459;557776.989;-601.6867;573.6902;554.9754;
450731.634;508340.157;507345.405;368.0361;24.3014;23.8988;
480932.719;525828.804;525331.529;-396.9146;3.3659;-7.8901;
488601.721;517712.660;517109.482;926.4477;126.2707;105.8271;
452381.900;526223.567;525709.416;-453.2415;287.9168;285.4843;
487842.108;528531.474;528178.352;1164.7797;653.7424;657.4317;
432006.670;529208.849;527322.103;191.4977;-458.2982;-463.6033;
450366.583;541763.655;541036.816;-638.7052;-330.6082;-341.3320;
943615.190;636077.178;634827.412;158.0589;-49.1238;-50.4947;
477826.025;510653.615;509825.511;616.5031;-545.4098;-537.6419;
441538.118;531645.080;530121.715;9.1156;285.1438;271.9345;
615396.689;468804.593;468148.738;402.0153;85.7081;91.0837;
487704.493;542475.004;542147.448;-920.2174;225.4187;237.1709;
580858.554;603565.160;605671.381;-225.6486;162.9545;168.1503;
495877.805;538691.356;538028.341;14.7854;-27.4123;-41.6201;
474088.647;509688.755;509264.593;-53.4291;138.7570;142.9010;
502147.346;525297.088;525353.768;-315.0726;144.3539;166.8665;
486472.615;539982.611;539384.925;101.8637;-200.0321;-207.9140;
