# This file was created for the Modelling and Simulation course, RUG (September-November 2019).
#
# Project: Simulate colliding galaxies, using Barnes-Hut algorithm.
#
# Students:
#     Stefan Evanghelides (s2895323)
#     Hidde Folkertsma (s2759799)
#
#     X         Y         Z         DX        DY        DZ
478183.606;533715.243;533704.628;-100.5081;-123.4737;-123.7895;
456004.456;567257.033;567239.867;680.8735;-447.9709;-446.6230;
654493.691;888919.791;888909.288;103.4710;-30.1899;-30.1942;
418643.226;447900.091;447855.931;161.3995;198.5072;198.4077;
472878.661;526985.291;526957.875;-570.2434;132.4537;133.1703;
452571.086;556124.936;556166.295;113.3038;-338.7916;-341.4483;
423866.012;597942.292;598015.229;-770.5686;-130.7643;-130.1411;
340380.760;483080.174;483028.000;-341.4592;205.2484;204.6422;
405124.091;550464.823;550447.586;887.3203;-84.6538;-84.9366;
344623.055;522684.060;522421.617;79.6773;-116.1376;-116.6032;
524335.602;636812.282;636779.747;-364.7683;-160.4680;-160.7778;
627835.456;612557.934;612659.106;-65.8268;23.3950;22.5861;
444676.396;534968.102;534988.463;-28.5899;307.2896;306.9696;
503310.365;531366.253;531385.565;346.7375;-440.5853;-444.1832;
471981.402;600002.763;600053.627;-703.2392;359.1591;360.3597;
425730.012;478120.738;477983.410;-99.0946;-163.2540;-164.1670;
446659.787;521860.019;521808.365;-650.1001;-9.8498;-9.3268;
467292.394;557626.189;557626.951;706.3265;-295.1671;-295.4433;
354872.451;545673.731;545584.806;-524.7657;36.5848;36.0506;
586382.238;642343.923;642355.483;58.1223;76.3584;76.5824;
442658.089;562080.854;562118.720;-393.1440;-10.0757;-9.7883;
550614.192;523819.820;523770.983;-104.2017;392.2602;392.4299;
454447.899;530802.599;530766.661;895.6704;9.4637;9.3019;
399291.775;520217.883;520026.388;250.5330;-56.2602;-55.6236;
483357.956;541684.784;541650.341;-498.3855;-584.3788;-585.2045;
470635.951;547927.395;547921.971;-685.0211;36.2655;37.1902;
443115.211;527677.483;527629.206;-452.9092;459.6444;460.0059;
432911.282;528647.006;528640.046;126.7922;-28.3862;-29.5208;
455442.340;546106.834;546107.252;50.4945;515.1703;515.1331;
462048.974;543696.609;543687.435;-11.6472;661.5979;663.7931;
851243.482;205220.614;205247.234;62.7736;-53.6929;-53.6904;
388310.715;638016.324;638086.620;-66.7944;-98.1962;-98.3680;
443532.787;515506.669;515410.212;-242.3985;234.0812;232.0105;
462801.567;567346.302;567300.961;-474.1085;-297.7199;-297.2603;
444733.863;533381.338;533433.240;-1440.3375;-554.0878;-552.2608;
430950.994;526839.560;526794.070;119.4271;-14.3969;-15.4991;
840292.928;494496.611;494704.211;-284.2947;-34.2311;-35.1048;
424163.343;541863.590;541828.243;603.2975;402.2085;402.9794;
536131.878;533972.545;534071.954;-370.2271;-335.8617;-336.7551;
420129.211;542527.918;542538.802;-345.8575;191.4772;191.2272;
447009.120;526757.868;526722.397;576.8758;76.6674;77.3568;
332066.294;489276.248;489118.741;-538.8290;-210.0577;-210.8079;
462642.327;541021.978;540991.865;535.4757;461.1567;461.9068;
469022.588;561140.594;561173.323;482.3649;297.6666;297.5135;
462687.025;399082.353;399082.547;16.6599;230.2104;229.9258;
459559.374;537635.357;537620.706;142.4888;-387.4898;-389.1413;
472484.242;526311.855;526283.004;172.6968;228.7593;229.3586;
806804.482;157153.246;157175.757;-9.3427;0.3621;0.3624;
436259.094;551992.938;552012.761;-560.2514;-375.5815;-375.9490;
862696.695;665544.972;665189.283;-12.0970;60.0469;59.0464;
478534.082;397850.211;397705.933;113.3438;-8.4349;-8.1147;
457165.138;538481.611;538504.072;-905.7304;-18.1644;-16.6839;
458856.031;532979.645;532959.836;-268.9170;-306.0213;-306.5791;
470266.150;541608.420;541614.991;1454.4530;309.3290;314.0775;
483445.498;521208.962;521116.418;-812.2022;-19.6361;-19.3626;
412840.016;512778.037;512644.269;299.2037;-146.8014;-148.8017;
427096.887;564999.841;564997.524;-15.7243;-745.7535;-747.3260;
439425.840;526982.933;526962.148;292.4894;690.3962;692.2341;
807009.643;443642.005;443536.961;14.8420;-68.6384;-68.4662;
438538.255;536934.899;536878.558;7.1577;-83.2534;-81.9971;
970011.377;612730.208;612686.601;47.9193;37.7673;37.6271;
434350.496;524217.734;524191.536;-345.5863;358.9179;359.5124;
139536.338;404574.633;404455.087;-132.6017;63.1869;63.1179;
40053.570;658131.793;658127.006;-145.6091;57.8009;57.7449;
819903.214;338895.718;338945.274;206.7921;-53.2497;-53.1159;
484663.338;510407.197;510360.403;230.2693;-265.9910;-269.5070;
568694.776;530726.329;530612.519;102.6866;268.5418;269.5759;
455890.964;538622.020;538615.579;610.6215;449.5014;446.6970;
191683.594;300371.458;299862.856;-145.9670;-202.7348;-203.1505;
507766.076;649358.538;649475.659;417.6315;-3.9279;-4.1687;
368368.927;458252.565;458050.055;142.8925;221.0226;221.4509;
451270.502;526752.060;526742.132;-328.4673;226.7015;226.3600;
415307.816;602754.230;602726.168;433.7069;-59.1397;-58.8133;
487875.235;566019.256;566013.731;-60.8827;-151.3826;-152.1692;
337692.606;469944.490;469836.561;-13.9593;-93.7702;-93.0354;
551441.441;529833.527;529854.660;450.2477;-65.9546;-66.0949;
575679.650;514465.685;514434.056;-214.3718;-415.2725;-417.2226;
450132.092;543022.972;543014.338;556.6631;-333.2764;-334.1907;
636693.242;666544.205;666423.084;-129.4700;-4.6664;-4.5547;
167638.468;719272.014;719388.681;-376.5790;37.8221;37.8400;
448084.428;514043.510;513969.368;-666.1515;-5.5921;-5.8576;
970927.473;651072.733;650295.694;335.3603;53.7646;53.8423;
399899.608;567664.568;567699.091;27.0395;-132.6613;-133.7198;
461765.671;541421.625;541398.908;120.6420;242.8648;244.7247;
440563.977;528839.769;528811.211;410.3786;463.0163;464.1750;
452876.681;524635.206;524602.290;537.4373;-44.8277;-44.9097;
568764.025;557037.905;557284.959;641.3984;-20.3920;-20.9865;
480474.740;514709.109;514602.718;-592.9925;254.1245;253.9365;
442736.568;516920.095;516871.109;454.2340;82.6055;83.4265;
461814.966;580893.433;580928.252;17.6391;-237.2823;-237.0792;
454153.856;561033.724;561072.271;-197.4472;-285.8250;-286.8686;
461158.668;559670.423;559657.921;877.8177;-540.9377;-541.3117;
474454.809;544646.976;544660.715;440.4466;-3.6688;-1.0906;
466462.838;555555.340;555579.482;-263.2514;-21.5486;-22.4315;
490779.705;482580.512;482494.638;-723.9166;123.5409;123.3238;
830301.028;559856.061;559823.555;-163.2254;120.0995;119.7444;
440203.675;534853.937;534844.819;71.5365;277.7030;278.5064;
590154.329;459875.790;459721.808;-151.0475;-51.2895;-51.0635;
675617.215;401700.641;401676.901;-138.7696;-52.9050;-52.8861;
412474.272;538535.340;538532.480;-496.8614;46.9662;47.7529;
504631.221;664927.960;664879.087;-275.3558;214.0333;214.6467;
448754.083;602377.342;602395.580;410.1918;125.3902;126.2139;
647040.518;582510.588;582456.875;251.6174;58.2073;58.2123;
420803.119;534553.494;534535.123;956.2725;188.9436;188.9187;
485520.739;344443.811;344406.902;-146.5780;20.7475;20.7969;
462692.048;519459.656;519421.465;530.4894;-115.3405;-114.6596;
862302.709;472375.156;472330.216;74.4209;-15.9067;-15.8710;
445436.520;551194.290;551214.424;303.0776;97.8140;99.1711;
459629.273;540824.151;540824.939;530.0298;-808.7620;-809.8658;
486306.459;539488.905;539503.037;-218.7067;-216.0251;-217.4080;
237830.910;383909.294;383839.823;172.2350;78.8515;78.6380;
416658.043;593910.283;593910.079;100.4168;-78.3765;-78.5271;
334382.755;857633.863;857500.484;-113.1887;128.9915;128.9004;
457175.839;543251.125;543240.679;509.6187;-393.7234;-398.5221;
464507.576;539322.827;539330.972;-914.3603;579.1121;574.5728;
472881.775;544133.276;544150.918;-577.9339;1.6975;-0.0798;
467016.360;578807.383;578784.535;-364.8885;177.5504;177.4951;
455561.060;512753.606;512693.416;279.5894;12.7630;13.2631;
410029.091;364423.087;364246.052;-15.7333;-130.1511;-130.1318;
463745.046;572843.090;572901.762;-118.9278;175.5054;172.9312;
453694.861;536375.001;536328.215;-459.1543;-158.0012;-157.8171;
620014.862;635688.211;635513.224;190.8047;2.7838;2.3063;
386802.422;308667.620;308598.834;-244.3644;-9.3066;-9.2811;
392933.190;963803.301;963796.930;16.4746;120.0687;120.0605;
507736.023;524528.220;524475.479;14.8738;-77.6129;-78.4671;
452432.422;588296.842;588302.178;-544.6333;-246.7317;-247.2361;
465832.654;549949.687;549973.262;-455.6646;351.8432;352.2191;
817416.066;518619.291;518003.049;15.2595;-120.7916;-120.0154;
572196.990;538384.784;538283.746;242.5732;135.2179;134.8921;
482214.473;529710.395;529709.318;-59.4940;-79.5463;-79.4594;
472655.472;531037.446;531015.923;52.9886;546.3509;547.1704;
442985.772;562978.992;562960.695;9.3980;-270.9882;-273.1339;
354864.478;558674.507;558627.490;506.1085;250.4437;250.2286;
411496.958;534513.767;534483.004;880.7722;447.8258;447.1177;
455369.277;508641.827;508571.853;593.4754;-135.5459;-136.8689;
538373.928;574922.619;574969.258;194.8714;-277.2235;-278.1633;
456383.538;528038.650;528003.314;65.7891;842.5953;843.1502;
281959.500;268876.363;268770.533;221.2372;23.3478;22.4181;
453850.003;536854.518;536869.363;1547.8963;-234.5884;-230.2894;
464346.487;547921.340;547908.245;396.7520;-831.5363;-829.0904;
435190.190;576666.329;576702.135;-66.5764;-84.0262;-85.2465;
618559.270;660783.686;660788.601;13.8382;-369.4244;-369.5824;
454383.923;548823.634;548821.667;469.5661;222.0708;223.2963;
561540.438;542922.644;542853.469;-271.8423;63.1339;65.6511;
424370.795;533161.728;533190.595;-476.1175;-73.1186;-70.2776;
431886.474;513086.279;513008.970;-461.9316;-248.5342;-248.8484;
439751.222;526353.120;526300.524;-480.8297;-53.3155;-54.3508;
488341.127;533774.862;533755.104;185.3137;419.0158;421.2161;
345513.924;658249.859;658264.426;196.0613;-91.2931;-91.4436;
430843.178;511183.621;511152.076;-192.0616;-305.7974;-306.0286;
463112.355;551030.353;551040.018;-42.7934;55.8760;55.7007;
451261.470;523608.737;523582.873;-74.0256;-183.4093;-184.3826;
460709.360;547215.296;547238.767;44.7408;-120.7577;-119.0017;
477168.248;546554.215;546547.969;-124.8498;308.4896;309.3806;
415675.999;534813.064;534767.387;-2.2966;-584.0509;-585.4532;
454954.145;552298.435;552286.151;-1259.6175;83.8193;85.8241;
232269.544;233829.076;233580.807;-154.5230;-305.1713;-304.7536;
618501.641;494401.143;494236.753;-223.1190;-81.3892;-81.2848;
445160.647;513553.986;513460.643;-110.7588;394.2614;394.5147;
458584.120;536973.882;536959.262;203.7840;83.6122;84.3397;
494561.537;494625.589;494574.694;-120.4818;713.1052;713.0679;
462319.616;552356.265;552366.485;-530.0722;615.6121;617.3072;
396420.779;553972.740;553957.477;-391.3083;-378.9373;-380.8291;
458694.398;526748.310;526722.363;764.2257;67.5660;70.0055;
391408.648;605844.349;605844.651;-76.4994;-105.2124;-105.6743;
472910.116;555151.151;555191.853;-297.9754;404.3926;404.9457;
455237.763;550629.162;550669.122;-469.2388;167.6706;168.8281;
485532.229;541048.279;541082.442;183.1032;88.8183;89.0732;
