# This file was created for the Modelling and Simulation course, RUG (September-November 2019).
#
# Project: Simulate colliding galaxies, using Barnes-Hut algorithm.
#
# Students:
#     Stefan Evanghelides (s2895323)
#     Hidde Folkertsma (s2759799)
#
#     X         Y         Z         DX        DY        DZ
469443.700;547511.310;547327.100;170.1073;-51.8622;-48.2306;
462263.593;548222.801;548129.070;-290.5408;-403.6243;-403.9881;
798450.661;770317.765;770279.278;42.9691;-100.2804;-100.3331;
295325.588;993973.486;994941.338;-100.1089;239.8707;240.3154;
465027.105;544100.603;544075.738;-689.8785;-454.9519;-454.2288;
465686.749;546307.996;546282.223;-92.0419;697.3068;686.3411;
364863.374;502219.817;502111.603;365.9751;-195.4031;-193.6852;
569912.073;443602.904;442649.849;-297.6819;-222.6766;-226.2717;
560139.320;656268.090;654405.617;135.3948;389.8780;389.8867;
518620.114;637443.955;637027.751;-357.2270;-87.2494;-87.5880;
226050.951;547677.354;546402.911;-236.7611;-45.0664;-47.8991;
756753.180;581024.645;579859.165;538.1989;35.7648;29.2247;
502687.660;542430.887;542252.710;-400.1791;605.2309;599.5210;
470501.644;554701.329;554720.088;-41.4214;76.0500;80.4072;
189183.142;493877.409;493301.028;264.8819;-141.4648;-142.8208;
210865.203;505024.701;505254.455;-386.2199;-35.6805;-36.9353;
462928.932;544114.684;544177.970;-25.3939;-664.0367;-648.4967;
436746.278;571123.605;571017.168;-0.5675;122.4121;114.2386;
223836.054;467732.727;466155.491;-182.3721;-56.7228;-59.3124;
582980.238;511339.916;510731.073;11.7928;-49.9570;-34.3266;
503441.399;545425.003;545400.525;302.2988;-108.1627;-110.5375;
461448.379;448842.784;447936.621;340.0856;101.9315;102.3709;
467502.836;551939.888;552020.120;-1408.6182;-16.7257;3.6371;
465852.521;543201.220;543358.653;-249.2775;356.3898;351.3498;
482054.452;560677.434;560765.666;1050.9901;618.3339;620.6122;
514059.602;557099.802;556614.375;299.8265;-476.8098;-473.2087;
457365.270;550817.716;550664.483;63.6067;-180.3596;-178.3569;
481165.502;540984.645;540962.846;524.2035;8.2770;9.8157;
461367.355;578077.812;577840.176;152.5817;5.9488;2.6116;
468687.245;537332.332;537263.091;409.7629;-472.2960;-467.4491;
904165.253;141157.475;141176.616;2.9964;-14.9459;-14.9605;
540851.799;396458.306;393366.972;186.2849;-25.5483;-27.1153;
459661.886;554642.205;554568.676;787.8078;245.8295;236.0197;
475847.104;532468.286;532511.892;-262.7416;-222.2390;-217.5252;
398095.901;529426.403;529625.227;359.9159;155.6960;150.7839;
472333.257;550069.711;549953.483;-199.5690;-129.6613;-128.6074;
278778.367;451281.147;450819.500;213.0795;37.2323;39.7787;
481016.767;532152.725;532161.502;505.8887;-247.0161;-240.6128;
520138.776;548067.779;547493.541;-380.0442;-541.8690;-525.5567;
506210.160;549108.342;548873.952;-533.1522;91.3502;92.6074;
474214.134;536533.483;536496.022;-161.2006;465.7453;464.2043;
230376.740;462585.634;461310.054;219.8387;181.4314;179.2987;
468181.928;544527.662;544422.420;413.4829;438.0263;432.2587;
542092.722;598209.688;596447.978;380.7981;-84.1655;-92.8893;
492956.161;491007.512;490491.547;-46.3995;330.5586;331.0174;
493372.980;548335.879;548081.030;-1028.3299;253.7226;264.2236;
464058.191;530069.463;530036.353;249.3907;287.9946;285.9813;
689540.563;303570.797;303542.872;-148.7663;178.6729;178.5387;
485743.651;530992.701;530798.389;353.6421;375.0321;370.7258;
706612.878;709804.790;708151.701;-160.5583;-32.6169;-32.1773;
520448.946;559004.209;559006.353;408.4144;354.1396;348.3920;
493220.637;547533.682;547355.471;-421.6903;-804.8153;-803.7798;
458534.105;559964.068;559847.220;265.1115;-166.5048;-164.9644;
468706.128;499953.436;500515.997;-416.3012;-337.8126;-332.8096;
216249.031;407644.217;407353.345;-163.0852;116.1848;116.1994;
453855.405;528718.156;528219.571;647.4294;-250.2032;-242.0656;
509253.381;504938.821;504362.162;163.8011;317.8868;316.7302;
471419.486;543874.658;543707.340;-72.7080;345.0018;343.8100;
479339.114;655576.590;656215.983;128.1862;182.1992;178.0194;
450214.450;524924.396;524860.451;81.2623;-420.3576;-418.9383;
920533.364;661503.250;661099.615;-104.1528;9.9930;9.8059;
468801.451;533650.368;533627.596;692.0341;119.5253;112.6571;
29788.299;551009.137;550772.112;13.4992;85.1949;85.1105;
400438.360;547551.098;547219.259;-432.9223;25.4324;27.9021;
389938.682;519669.524;519717.406;325.6030;-334.4571;-329.3436;
458672.431;536469.209;536535.161;-697.2115;283.3152;279.9078;
63343.719;49286.424;48326.586;-25.7399;-88.1756;-88.3342;
473946.630;552792.396;552452.717;324.1164;462.7374;463.6430;
460976.754;558937.523;558638.137;-517.3696;328.9959;307.0242;
478752.773;506738.901;507106.452;-89.4202;-173.7298;-170.1566;
428201.265;541383.842;541372.286;145.4683;454.8630;459.8294;
443170.810;331648.686;327927.688;-46.3969;-126.0680;-129.9011;
485348.502;555673.524;555587.058;341.6048;-396.7077;-393.6750;
827188.710;487752.128;485649.996;5.5759;-29.9876;-31.3822;
462215.388;468951.952;468444.010;-652.9100;-35.1255;-35.9267;
536894.612;520716.240;519797.994;-362.9157;-36.0453;-39.6593;
616698.936;423274.774;422432.894;108.4965;19.5833;19.2495;
491425.600;537375.351;537354.377;-230.4148;-218.9259;-216.5161;
432900.970;575115.361;574646.022;58.6429;310.4301;303.0998;
497723.551;544652.551;544541.224;-278.3734;125.9712;123.6889;
485854.550;538514.921;538385.186;585.4286;-89.7128;-87.6294;
498382.704;558542.262;558097.804;-999.8195;-8.3871;-0.9228;
623665.546;518564.358;518325.704;-452.8711;49.9629;52.4534;
483779.599;507954.958;507824.939;-285.3718;157.7735;153.1396;
445550.366;554522.445;554447.699;185.1709;-60.2982;-59.9462;
522254.091;492083.998;491122.208;299.7833;-119.2204;-129.8893;
491058.983;539115.032;538958.869;676.9231;-23.4013;-23.5220;
489945.519;553137.703;552931.325;776.8942;-498.1623;-497.7042;
498836.639;543327.613;543184.653;79.6169;-343.1949;-341.9724;
425117.848;561629.063;560883.677;695.3522;-165.1559;-161.7399;
465955.823;523636.293;523322.455;-835.4195;232.3346;235.4257;
675755.811;458132.792;457478.769;53.5633;141.9166;142.5404;
477678.391;548486.796;548362.259;1060.0061;-393.8045;-388.4537;
605607.382;666123.726;666312.892;181.2493;16.5158;15.8986;
757851.306;651797.780;651370.053;269.2380;6.3610;5.5296;
400328.257;525127.662;524646.879;-288.8992;337.2931;335.0354;
374175.459;609086.469;608673.309;-182.6560;-386.9332;-388.3442;
584629.883;635119.707;635048.416;73.0958;-169.1248;-169.5702;
578665.205;577478.859;577105.213;-408.8029;-108.0745;-107.8831;
406190.336;572568.304;572413.717;-88.0271;319.8517;319.6412;
666093.048;495842.388;495709.173;-13.5965;-134.0013;-136.0581;
473659.576;529084.834;529143.896;-619.7699;6.8483;4.1703;
865209.562;468299.537;468277.017;-63.2060;10.4224;10.3104;
470873.864;579526.334;579000.628;-182.8361;320.3928;316.3763;
457959.176;544674.276;544584.070;-225.9514;-303.9602;-307.6933;
437855.957;517826.709;518054.529;-472.1086;139.0471;140.7521;
820209.301;706183.439;705177.345;152.1397;66.0226;64.2229;
500988.172;525879.029;526113.702;511.7694;-240.5851;-239.6564;
512794.379;551559.582;551215.313;300.2136;-418.7644;-410.9660;
453692.475;568633.315;568364.875;-181.5878;-368.8823;-355.6241;
487849.579;553868.758;553669.707;-456.3166;-164.2446;-167.1867;
485544.217;551297.076;551260.659;401.2007;283.9635;276.5998;
505965.619;532439.143;532265.358;293.7625;10.6111;7.1056;
410771.750;234063.385;233276.407;11.0979;-26.4392;-26.8904;
473145.624;568608.153;568324.630;667.2674;434.1750;430.5244;
439728.964;562347.088;562109.664;-220.4375;-208.0787;-204.7474;
192999.276;400349.311;400694.423;216.1172;35.1897;33.6351;
160846.884;501363.740;499574.715;125.9122;195.0216;193.1518;
444240.864;545988.688;546051.735;186.7261;-80.6981;-84.3523;
502667.205;549980.077;549297.306;-1149.9594;-213.9573;-199.2460;
470918.141;520898.498;521444.007;292.6789;-14.1202;-13.4628;
405412.010;683958.190;683784.072;293.4890;333.6738;337.7008;
546177.465;493319.776;492283.497;9.6383;177.6116;177.2029;
309504.301;515980.424;516337.394;180.0271;145.1873;146.0677;
503436.617;553346.276;553107.318;-38.0821;208.7123;208.6745;
468202.966;531526.435;531469.087;570.9433;-417.6638;-414.4672;
526370.201;269858.274;268377.348;-82.1997;-41.7012;-42.1435;
508231.926;544646.638;544551.595;446.5111;-204.4232;-198.8628;
516070.922;544974.831;544833.693;-162.4978;446.8361;423.5945;
465171.728;499853.815;499313.998;-473.8544;-330.8023;-342.3417;
471729.541;558327.758;558159.565;151.7928;-616.7571;-611.9587;
179655.840;566750.086;566087.991;-489.7215;-183.8891;-185.7001;
499332.481;541949.900;541835.640;-498.5378;-245.3469;-245.2639;
476997.949;559468.789;559313.273;-114.0670;471.1679;458.9732;
402505.264;447447.873;446314.626;32.5574;136.2914;138.4637;
540899.789;625905.185;626191.761;463.6611;-363.0852;-364.6192;
470523.681;537685.068;537612.824;745.9327;-110.3235;-111.3160;
541450.062;575775.713;574642.016;-73.1047;151.6450;154.8433;
494555.756;556828.804;556821.623;-296.2396;186.9827;191.2592;
459317.752;524630.998;524850.289;-551.4383;-170.1326;-164.8847;
395418.079;538897.235;539418.955;-58.2449;122.2005;120.1982;
463855.232;584717.371;584539.567;-767.9680;-242.3377;-236.4969;
318646.078;582862.963;582190.967;171.3065;28.5181;28.3766;
511319.945;535348.148;535562.238;796.3794;216.1636;214.6939;
496482.560;530805.631;530802.159;-268.6913;-232.1642;-230.0880;
481873.249;549407.910;549269.358;286.5781;198.0642;197.0690;
463878.231;575390.195;575288.676;83.7748;-224.5406;-222.7856;
445087.521;567112.434;566987.355;-458.4052;265.4644;265.2438;
554239.219;504784.275;504022.257;50.9084;159.2196;156.0731;
520328.191;536076.687;535652.726;228.4600;611.1296;607.2096;
758535.836;691317.223;691635.241;196.0681;-12.8225;-13.4254;
496974.705;546549.835;546258.648;737.4804;11.3609;10.9478;
462377.735;551991.286;551842.456;-536.3325;-214.1253;-211.8922;
217048.774;543907.890;543402.933;413.6728;-95.1730;-98.5659;
456257.890;573079.740;572857.911;-308.5891;347.9582;344.8398;
445116.209;579438.596;579032.294;-837.9137;-445.8170;-454.9669;
474179.002;543518.021;543345.095;-22.1489;356.9069;356.6855;
119289.028;371251.967;370886.082;-304.9110;-141.8084;-138.4754;
468871.891;537490.932;537483.177;-152.9777;-183.8010;-183.7511;
482076.400;535986.063;535858.931;432.4525;47.4751;40.4025;
433042.453;561774.527;561837.157;-82.9246;83.4674;78.2560;
