# This file was created for the Modelling and Simulation course, RUG (September-November 2019).
#
# Project: Simulate colliding galaxies, using Barnes-Hut algorithm.
#
# Students:
#     Stefan Evanghelides (s2895323)
#     Hidde Folkertsma (s2759799)
#
#     X         Y         Z         DX        DY        DZ
485078.104;544983.902;545024.938;189.0654;-228.7684;-237.0709;
474748.527;543113.410;543021.909;-467.1493;-10.8481;-1.1866;
818096.668;657606.786;657323.742;-9.0064;-147.0353;-147.6031;
481879.390;552910.148;552677.604;424.9363;30.8812;29.2298;
468423.240;530798.729;530542.597;370.0798;-670.5026;-665.4200;
478427.408;827374.225;824797.289;-152.2600;326.8884;323.1201;
293845.818;460084.025;458134.033;-139.1636;225.5845;227.9388;
599336.052;865693.015;868815.349;9.9839;116.0577;127.2991;
513141.964;533344.594;534281.083;-212.8320;828.7026;816.3118;
330136.463;488914.218;489641.745;547.6131;14.1312;22.2143;
489395.280;513344.801;513082.200;0.2997;-333.0747;-327.1857;
462638.648;525029.583;524650.633;179.0141;-80.5121;-69.6394;
494511.463;576276.314;577149.347;-666.6156;313.2254;311.4909;
482691.026;527202.152;526952.759;352.1264;-316.3614;-309.6510;
383629.796;488800.003;487070.340;119.1230;51.1547;58.1941;
500400.443;537286.419;537531.513;1146.4858;646.6010;753.8057;
493623.031;484384.985;481700.558;-192.5576;247.3220;237.4133;
470282.006;558083.348;558074.298;456.6224;396.5889;389.4171;
281680.967;637681.934;637680.282;-386.4077;-1.5163;-5.3358;
562274.050;518751.782;518172.346;-515.7019;-12.8890;-0.3876;
457421.553;513124.821;512313.825;-68.0210;114.7373;114.9881;
600506.332;511308.444;511511.069;-495.2292;-121.2470;-96.8001;
457525.833;535507.019;535358.816;274.0186;27.3161;39.5410;
489074.441;545749.862;545530.817;239.7296;-207.6232;-200.4652;
478092.858;518908.897;518574.608;-348.4361;-208.4328;-214.0872;
459534.689;554818.747;554868.337;-596.1190;-353.7528;-363.9768;
490223.179;511544.199;511142.850;5.0769;19.4081;24.7883;
898042.687;135702.780;135699.528;-16.2250;2.9929;2.9577;
386793.917;508397.752;507691.160;-69.1991;-207.9251;-207.3738;
467458.134;529572.194;528973.180;871.9599;-249.6079;-261.2002;
446984.151;538196.493;537896.012;-90.5207;721.8123;703.6383;
363534.564;512663.675;511733.019;44.5563;85.4011;92.0555;
488511.125;531820.034;531392.746;192.7166;-150.1274;-148.9032;
645149.467;608302.966;608037.358;10.3425;-8.9358;-10.6263;
500129.553;546075.074;545677.765;207.6520;10.8408;4.9076;
503509.082;544078.328;543826.134;-425.1270;-29.0482;-18.4081;
440594.611;525252.239;524670.856;-98.9684;104.3815;101.6174;
468357.842;536472.966;535953.370;2.2683;-783.8222;-798.0705;
566312.395;434271.529;431596.228;-62.0279;-259.8559;-270.2567;
473558.520;563909.354;563881.946;-991.6672;125.7321;122.9312;
474978.416;515561.032;514735.404;-786.8094;65.8412;93.3834;
559036.540;569864.492;575202.095;-338.4587;10.5482;15.6221;
487251.734;537868.085;537947.198;255.4196;-842.4164;-795.3265;
479452.930;496531.996;496673.682;224.2032;-133.7763;-137.2811;
305688.648;573208.959;575054.388;-635.5904;79.6271;82.8376;
469847.002;535446.028;534942.516;1278.1313;401.5735;425.3340;
508651.932;624250.290;622829.680;-273.0399;-219.4842;-222.6565;
530706.450;634227.733;632287.148;-174.9080;-88.0312;-79.3161;
469366.755;500228.034;499539.429;-213.0070;53.6587;41.2468;
461567.523;553729.131;553558.574;-223.2961;-290.5133;-300.5916;
444373.730;595950.567;596291.133;441.9926;-31.7702;-35.7016;
326214.762;544523.066;542093.110;589.8769;180.8720;170.2100;
516086.710;545761.765;545497.220;-194.3875;292.0049;294.8698;
490213.625;527051.484;526970.832;1049.1773;-282.4883;-284.1201;
512050.283;539629.679;539888.171;-665.6086;57.6152;59.8738;
549879.180;597804.480;595671.859;-79.4824;-321.7420;-319.1987;
436325.306;487393.304;486128.979;445.5663;-180.1346;-190.1184;
778467.651;655978.761;655297.769;-198.4703;-21.5625;-21.7775;
457349.428;529727.563;529600.085;-591.6977;137.1815;147.3975;
73770.030;623663.243;623309.853;80.0659;73.1204;72.9717;
479632.529;552579.910;551762.442;832.8461;-631.0317;-581.3125;
512284.387;517700.195;517523.247;554.4693;-185.7086;-187.3608;
461462.275;537463.162;536947.905;-727.1375;385.9199;363.7044;
462978.184;534229.383;533808.374;-370.5009;-233.9942;-229.5954;
496554.562;520811.231;520862.838;282.4192;-265.1594;-291.8851;
488229.982;531967.588;531886.561;-500.1760;82.0374;70.7964;
443836.529;555059.595;554977.674;330.3944;380.8532;366.9451;
420643.433;296534.078;291492.611;14.5014;33.0227;35.9451;
502716.050;550538.010;550500.621;89.6771;205.5098;218.1873;
794645.288;468021.981;467032.806;-93.3729;-3.8168;-0.6054;
528114.718;502747.131;503335.531;-421.4391;-496.7891;-500.0839;
411016.668;555922.913;554546.127;-45.4082;11.0694;2.6065;
622266.667;492611.836;491885.553;-151.2799;137.1700;137.4545;
471109.663;492442.704;492192.627;183.2688;238.3866;228.2602;
495625.852;500800.339;500677.472;284.5332;-408.6086;-399.7857;
468738.058;537509.534;537037.423;358.5750;387.6688;381.9218;
456747.765;525257.412;524703.642;17.5250;38.2745;36.8020;
571925.881;542869.668;543452.182;95.2948;188.1765;180.1168;
307560.818;635615.312;635164.410;43.2715;-21.4903;-20.7671;
475795.013;514405.607;513573.496;-360.8515;319.1739;307.6851;
439905.009;551171.897;550764.603;187.4397;25.6910;12.2090;
507771.058;533740.646;534997.230;-631.9915;678.5242;563.2948;
455074.616;539564.384;539134.397;-341.1707;-249.7805;-267.3851;
488420.282;506997.509;506382.356;-63.1638;365.7456;367.0358;
496830.117;524567.491;524433.336;368.3497;-30.4423;-12.3876;
458157.430;482474.579;481369.960;-86.8359;35.7965;56.7358;
446184.957;498824.419;497872.416;-329.5424;354.4936;338.7450;
355253.330;431850.971;428279.977;-62.9977;-371.4040;-390.5415;
469977.754;541096.302;540924.573;127.9666;-489.3336;-498.4964;
726826.124;651112.462;650449.107;91.6791;-40.7315;-41.7539;
928271.289;651613.233;650720.697;90.8291;4.8150;4.8006;
506316.178;575112.603;577591.806;163.4942;390.9571;410.7673;
427825.611;584129.028;582013.901;-187.9002;-477.7946;-457.1453;
458248.830;595408.725;595404.367;365.1962;64.1083;70.8798;
157280.294;426395.951;424602.975;-274.0570;-98.0397;-101.6407;
458733.600;503642.061;503312.537;-634.5924;360.4939;370.4520;
461767.298;490339.078;489676.496;-448.1292;452.2513;455.2726;
457622.619;510652.511;509834.069;-232.1343;-15.1825;-24.9274;
764535.024;486087.928;483832.710;-153.8991;22.5392;18.4394;
449007.336;549381.675;548879.957;-645.4021;-142.3516;-136.2796;
424342.574;498606.956;497134.410;-290.2647;9.2795;2.6445;
353961.308;516224.852;514492.373;8.1347;232.9243;255.4210;
903369.899;736412.666;734229.186;40.1832;3.3547;2.4894;
515277.852;535842.533;536089.597;-54.3927;-12.7528;-16.6767;
501534.923;536870.560;536778.020;-4.3368;29.5849;31.7742;
440801.882;515762.380;515122.948;236.8741;-228.8075;-244.8339;
464558.196;526072.865;525594.525;526.9563;-308.4836;-322.1973;
478966.155;539292.282;538891.702;-253.5902;217.0548;208.1595;
451955.762;532008.929;532022.466;49.7383;127.0507;128.4713;
425034.894;227619.750;226367.827;20.0032;13.5198;12.9130;
482380.704;513285.416;512598.146;276.8436;432.1852;450.0724;
492132.620;526240.716;526327.510;636.7336;-762.8881;-748.8716;
728100.696;519020.445;516097.778;486.6016;-182.8699;-216.0024;
526871.478;554305.654;553571.153;376.7245;-473.2817;-462.7123;
463774.465;539606.073;539291.812;-201.1435;-176.1745;-183.6630;
510585.176;564397.418;565165.842;249.4694;-55.7816;-56.8131;
475952.994;530766.019;529789.692;469.6216;192.2122;194.8421;
701437.033;855216.663;854551.490;296.1222;132.6975;125.8096;
315068.501;489820.849;488608.849;-5.3111;-114.3837;-111.2389;
565534.110;454059.733;452400.254;-492.2229;101.5805;87.8347;
454764.885;532877.656;532541.785;517.3460;642.6882;661.5250;
484364.295;526707.529;526753.895;-1078.8994;128.2933;101.6436;
438533.510;284548.677;282463.545;-119.6423;84.9282;82.1057;
473165.956;549008.409;548823.846;43.0149;-547.1814;-558.7774;
472769.951;514649.551;513913.493;-93.8106;-206.1026;-232.9606;
594747.673;497533.101;494666.253;-332.5309;-0.4670;1.6608;
470168.872;521976.760;521671.344;-288.9368;-27.0635;-27.9949;
505167.650;511701.143;511289.633;294.1908;54.1423;61.8592;
479512.474;536394.054;536141.654;-499.5966;-328.2885;-335.5806;
718527.536;514325.487;511753.922;186.9846;-73.1573;-77.2145;
462945.790;646985.703;641524.437;474.5194;22.0239;21.1087;
464295.194;533173.129;532572.369;-38.7722;303.9244;292.6370;
405716.777;519296.547;519357.089;510.4416;291.3624;307.2156;
499944.761;568392.452;568621.155;-201.7172;293.0209;309.1221;
471808.348;528486.394;528385.403;108.6464;189.5152;190.3550;
455143.366;565614.745;564970.171;-406.1856;483.9037;453.8737;
424151.062;517890.401;517414.380;-146.3185;-288.3002;-299.1224;
559120.759;459991.157;458158.159;-92.3511;178.5860;181.3364;
468211.574;529676.903;529322.883;1048.4989;139.8076;149.7367;
456955.653;533631.062;533205.987;-175.6397;-10.9440;-13.5406;
474577.369;532647.668;532630.470;-456.3526;380.5174;396.6723;
502881.678;537639.593;537719.751;-186.6271;-81.7305;-73.5194;
479163.083;532969.463;532687.646;1373.2455;67.8442;72.3422;
502178.460;487436.592;486587.985;458.0521;170.3170;169.1416;
464515.875;491647.236;490763.905;462.8281;-157.6539;-146.9812;
906963.200;651221.243;650378.418;144.5357;-72.3227;-74.2231;
477328.099;542342.036;541680.242;-269.1441;-347.2085;-358.0603;
469307.596;548618.685;548650.548;575.2067;368.7317;372.1344;
460724.351;506414.890;505587.355;843.4791;-813.2012;-837.3177;
496912.771;539286.426;539275.425;-469.9212;765.6228;746.6152;
566045.371;543096.308;542473.607;497.5568;381.8925;389.1568;
459708.636;529190.793;528972.068;-657.5381;-442.3891;-449.6228;
467831.661;541880.630;541652.496;597.8846;-367.7789;-361.4956;
451264.014;543794.291;542932.126;-232.3213;-234.3079;-256.2866;
478417.139;520768.920;520350.361;-226.0521;-268.1050;-283.7449;
