# This file was created for the Modelling and Simulation course, RUG (September-November 2019).
#
# Project: Simulate colliding galaxies, using Barnes-Hut algorithm.
#
# Students:
#     Stefan Evanghelides (s2895323)
#     Hidde Folkertsma (s2759799)
#
#     X         Y         Z         DX        DY        DZ
458299.410;527698.555;527137.214;95.5897;252.0994;243.2985;
497599.174;518538.493;518285.345;150.0500;664.4467;634.2262;
812049.855;617912.716;617468.991;-37.0387;-154.5650;-155.2080;
474438.159;513606.102;513036.677;-942.1319;-160.1782;-140.6770;
469132.710;540278.491;539487.955;-385.7540;24.9647;19.8045;
439212.233;908368.897;904861.006;-145.7712;291.8319;288.4984;
284248.489;526574.195;525478.996;66.2882;267.2254;270.9697;
601048.597;892653.353;898638.482;2.8975;90.0120;100.5474;
350894.679;587687.171;584724.951;-378.0761;-93.2449;-92.5393;
556893.298;572136.559;573935.833;393.5798;308.1221;338.1505;
466884.653;543738.311;542960.052;-273.5711;16.1593;2.8223;
489471.866;518879.500;518580.453;252.5023;-100.3616;-85.6530;
378144.525;560536.373;556229.038;-110.9927;-273.6360;-289.8825;
477279.601;538534.901;538005.676;25.3561;-85.1059;-100.8883;
551122.167;540703.350;540998.724;219.6372;-142.2516;-122.5423;
593977.837;633499.313;639625.411;123.3463;190.5380;176.6716;
483448.549;586715.442;584427.521;147.4087;-61.1876;-69.9126;
463011.382;536468.592;535735.807;850.0807;137.6586;171.2799;
190023.386;632551.747;631548.658;-320.2562;-33.8674;-37.5073;
385408.947;555788.211;552931.286;-73.7309;110.5143;108.5068;
489341.777;521603.328;521007.803;-560.7880;-503.1669;-510.0097;
432554.237;569252.926;568711.510;53.4586;455.9491;472.2921;
477426.904;525720.591;525115.219;1.7995;-104.6950;-89.6002;
476946.265;518299.320;517846.425;359.2828;209.8536;198.3434;
490355.149;513932.036;513537.377;223.4072;-386.7353;-385.5732;
456945.778;543002.880;541982.455;-520.3255;-366.9673;-370.6007;
466255.958;537672.223;537352.685;-689.8564;203.3693;189.7910;
893051.566;137189.007;137175.334;-21.7183;8.3303;8.2853;
509813.131;541808.588;541655.309;791.5852;615.3394;643.8951;
474400.711;527251.246;526864.578;-481.9845;-109.3417;-101.4985;
447344.459;512303.456;510469.069;-625.5974;200.2664;201.1421;
570852.029;518299.195;518978.901;858.8534;-166.1733;-150.5018;
480112.169;538228.137;537622.163;432.6720;-184.6259;-206.3932;
607459.138;588841.066;588393.253;-347.6009;-140.3525;-138.4816;
434133.625;515211.146;513441.142;162.4044;111.9062;116.3388;
501319.929;540973.277;539777.496;-228.4426;-288.5186;-297.9361;
505611.433;517625.048;517355.364;-493.8232;-25.8903;-39.0455;
486750.341;525856.921;525558.642;-8.4746;522.9693;505.5624;
532385.276;393079.847;388438.995;-173.1855;-71.3552;-76.2716;
492315.462;499212.713;498833.141;1052.5025;470.1021;497.5062;
483802.000;540861.832;541582.069;250.0589;-238.0279;-261.0156;
475094.538;488524.473;491290.409;403.8922;57.6413;44.8078;
494997.899;509682.607;508957.578;-732.8947;-622.6084;-587.0921;
477597.911;540859.886;540978.400;-505.0175;327.3065;339.6225;
167462.172;587851.858;590038.802;-450.3505;43.6325;43.8491;
507080.503;526354.970;526044.467;1032.2534;191.6294;224.4140;
451804.919;520922.973;520645.028;89.4647;-625.7860;-623.2615;
476690.101;588602.084;588755.908;-200.5797;-317.9495;-313.2953;
458344.982;522746.263;521767.705;510.2048;561.1005;545.7448;
485929.283;510908.392;510429.983;1263.9502;1.1425;13.7322;
424049.260;496726.232;495010.290;-618.9122;186.4863;170.9141;
553462.023;494381.427;497016.582;431.7797;-640.5460;-632.6022;
498222.627;549664.282;549091.954;-50.5862;403.9824;385.9860;
444572.624;541200.660;539528.636;326.8918;-150.3577;-150.7904;
476036.688;503881.341;503377.598;148.1975;-394.9826;-391.9151;
406418.182;510395.269;504783.899;-581.6155;116.9277;80.3065;
557454.219;521282.138;521453.186;195.2817;373.1528;390.8701;
720449.142;646503.452;645755.137;-241.3900;-55.9379;-56.2938;
499421.675;510478.884;509702.193;-210.4252;-164.3082;-183.8983;
97255.464;642289.854;641897.312;98.8377;68.2059;68.0629;
448939.819;540751.668;540994.483;960.9725;548.2567;571.1177;
462026.680;533159.973;532126.972;671.7964;-445.6307;-423.0741;
446281.464;531403.502;530086.599;314.0560;-206.6783;-203.0825;
481097.783;515109.609;514355.641;-206.4097;-244.5026;-237.4252;
482712.857;495870.024;495826.499;-347.5600;-20.9395;-39.6478;
459173.976;525103.052;524203.903;291.0932;147.8150;147.7983;
472044.047;511252.105;510272.475;-779.1148;78.0613;34.0086;
428860.032;307421.791;304770.480;8.7788;71.6056;82.0297;
504222.410;535916.723;535255.329;848.7620;45.9671;37.3677;
765159.755;469858.956;469316.799;-126.0786;20.0868;18.9620;
430440.230;535857.097;534050.967;645.9464;566.5832;602.8411;
539296.189;497729.112;496760.707;171.9057;-41.6334;-48.0459;
557169.962;532529.983;531915.811;-409.3525;153.3787;155.2104;
482694.724;573500.918;573403.360;85.6572;-120.0677;-149.3633;
458026.189;572404.469;572855.887;-213.6941;374.0311;365.7470;
484426.783;512260.331;511531.278;-664.9055;-283.4282;-281.1842;
480087.582;523146.616;522647.625;-84.7859;210.5377;203.0270;
470296.168;554445.236;554189.747;-868.4969;-456.2756;-440.4120;
334450.491;618604.304;618346.291;173.9662;-112.8796;-112.5295;
477149.776;541765.263;541000.326;-80.1121;-326.0812;-309.7404;
477432.784;549138.135;548969.431;58.1723;-499.3771;-522.9197;
509319.328;556760.026;559895.649;-454.9649;252.3050;289.6137;
500856.745;517404.125;517130.451;150.5576;306.1546;300.1197;
455631.472;528399.088;527715.036;274.7679;-225.0782;-243.5427;
456622.096;526277.205;525521.055;-36.6676;32.5052;19.3311;
514661.022;559950.652;561073.242;-165.6086;-326.2670;-319.5967;
474619.388;519078.207;518690.358;-1405.6683;70.4308;92.6251;
353794.451;350288.320;342313.310;34.9990;-265.2780;-280.0197;
486295.775;535096.566;534515.857;-243.6493;94.8737;78.4232;
748926.000;640181.050;639270.834;71.4910;-38.2450;-39.0219;
941690.871;648855.924;647904.878;25.2423;-32.7551;-33.3855;
482386.724;485004.946;485890.609;402.9197;-687.0349;-660.3497;
559332.350;538050.456;537673.032;-108.4634;316.2366;336.4181;
521994.931;538680.309;538684.568;-88.1875;-500.1647;-511.8379;
89714.315;402102.408;399382.585;-242.3289;-87.5387;-90.9922;
509428.083;510050.350;509833.272;-731.9709;-309.9390;-334.2825;
534330.143;610922.171;611156.798;483.6566;186.9797;192.6542;
480691.666;531067.314;530470.636;856.5499;248.1664;268.9664;
720566.272;495027.071;491462.568;-179.4347;41.8577;36.4384;
467255.845;529181.666;528014.969;-813.6624;-444.1846;-469.5368;
552427.660;527070.400;526310.645;477.6793;-171.8982;-162.3291;
425483.291;563995.396;566529.428;550.8621;100.4146;75.6601;
910781.554;735473.790;733082.892;16.4888;-10.2250;-10.9415;
486001.202;518912.807;518321.190;815.4758;233.6923;243.1089;
468783.291;516198.167;515603.919;179.4662;-55.5163;-61.2379;
489105.456;524553.062;523927.647;67.2893;841.1153;809.7865;
505621.096;532538.875;531926.006;-361.3705;37.9718;22.5550;
479381.834;515679.979;514878.565;616.1312;-364.2551;-354.3489;
479442.734;517549.595;517195.341;-320.0861;130.1028;111.6394;
430509.757;232777.561;231359.832;21.5729;25.5976;24.9494;
501133.351;541497.518;540829.854;-482.5952;521.5924;510.0023;
468379.573;533101.933;533231.623;49.0689;946.4670;996.2516;
820515.375;469372.687;459609.224;263.1403;-183.3085;-203.4429;
483051.649;449898.017;450129.192;-397.9328;-187.5678;-195.2760;
497893.100;520070.750;519724.018;-86.1363;168.5527;155.0527;
478791.804;532441.355;531442.984;1480.2094;348.8220;376.3193;
490844.416;522429.736;521536.277;-358.5470;-525.7870;-504.7045;
776157.082;886493.662;884048.060;273.2558;106.5106;99.8549;
329126.380;464272.620;464094.122;100.4129;-77.8471;-73.9979;
489581.661;589564.544;589171.163;369.5454;366.5558;344.5703;
422343.324;524203.085;522483.519;-532.6037;221.2342;201.4819;
471505.002;534075.018;533463.490;537.8160;-333.5951;-300.6181;
405132.423;316567.027;312281.819;-94.6036;139.4992;130.2998;
468974.189;539553.890;539187.960;349.2288;-616.9248;-615.2090;
488205.707;509471.653;508935.140;-164.0119;-367.6849;-391.7810;
406875.273;567478.694;562448.699;-376.6121;348.7263;322.4278;
485934.701;515563.939;514981.696;-287.4821;-70.0770;-67.6410;
526035.364;523894.264;523693.178;377.6952;169.4378;162.6827;
498322.339;526012.025;525333.609;-596.4389;-253.2154;-267.5068;
769490.981;496357.647;492041.443;167.3841;-72.0209;-78.9864;
580575.984;598614.473;597234.392;374.1000;-383.9161;-332.0593;
490433.107;514828.010;514455.760;-166.2825;138.6934;137.0605;
451181.614;537335.011;535644.308;-912.1304;607.3688;573.3445;
512117.715;497239.979;498537.276;229.9101;61.0165;71.6764;
491067.207;519160.278;518702.854;327.6248;-461.7976;-478.2281;
452736.076;553286.927;552452.607;392.4895;-571.4596;-548.3689;
493801.684;569603.597;568940.279;-259.1623;-269.3743;-282.0200;
430726.021;572243.619;571243.340;-492.4821;440.4187;422.6806;
466861.959;513164.859;512285.118;794.7155;330.2277;340.2067;
471045.524;525377.313;524601.824;-297.3965;-33.5608;-41.2887;
502484.686;525719.119;524988.840;17.5806;274.1227;286.3453;
449660.685;534221.832;533355.703;287.2180;246.5872;228.8109;
511038.438;540873.012;540448.809;505.1679;274.4677;269.6071;
444129.869;517254.662;515571.881;640.2850;-362.9447;-343.8627;
437949.254;529893.404;528870.224;-247.4182;-454.5616;-465.3775;
947993.144;634752.358;633465.550;154.6560;-45.7385;-47.0188;
494743.318;502869.876;502545.531;518.9108;-41.9616;-18.7108;
448106.460;537927.873;536422.354;468.4839;160.9977;173.8483;
625953.308;471530.376;471025.791;353.8917;107.7507;113.1828;
460718.675;540887.900;540637.198;-882.4382;-296.0310;-306.2842;
573671.498;607746.080;609785.985;-270.4795;123.1284;114.2267;
488989.471;529903.168;529222.976;-451.9998;-559.0595;-547.0685;
480912.365;521753.553;521328.756;519.3926;630.4315;622.7091;
480454.284;526237.354;525763.878;-994.9157;-95.9375;-148.1490;
487869.296;532287.044;531562.074;-9.5180;-330.4336;-331.6006;
