# This file was created for the Modelling and Simulation course, RUG (September-November 2019).
#
# Project: Simulate colliding galaxies, using Barnes-Hut algorithm.
#
# Students:
#     Stefan Evanghelides (s2895323)
#     Hidde Folkertsma (s2759799)
#
#     X         Y         Z         DX        DY        DZ
224901.263;468644.889;468645.549;-44.0996;234.8960;234.8847;
188574.535;544598.244;544598.159;-266.7361;684.4599;684.4728;
178732.970;436489.244;436488.852;100.9005;237.1568;237.1569;
156857.539;517415.823;517417.362;286.5951;-33.0929;-33.0955;
197498.294;477269.906;477270.148;520.6635;612.8604;612.8713;
204303.522;499926.586;499927.061;-771.5969;301.0653;301.0783;
202000.119;460054.577;460054.519;-186.9100;-45.6458;-45.6434;
200555.322;467370.866;467370.780;-202.9457;71.3949;71.3991;
220951.567;476217.610;476217.414;-386.8590;118.9254;118.9309;
208080.641;466304.380;466303.673;-57.8475;-471.5576;-471.5531;
226156.196;463646.418;463647.058;-129.1621;-321.1253;-321.1328;
122782.765;492566.818;492566.559;-165.9559;-0.9648;-0.9551;
205351.923;501272.657;501272.956;-316.5747;-538.4246;-538.3925;
213827.107;505677.532;505677.693;-964.4498;-300.9405;-300.8911;
178723.708;540924.967;540925.988;7.9631;390.5401;390.5317;
218135.719;493621.329;493621.863;578.3741;726.5765;726.5739;
210653.596;484463.530;484463.825;181.0208;-275.3955;-275.4055;
197875.252;496429.559;496429.400;1125.4732;488.3877;488.4033;
208990.805;487676.600;487676.341;604.5284;-640.5750;-640.5700;
206421.365;508315.621;508315.969;270.1126;-134.6168;-134.6190;
218411.068;464716.430;464716.183;91.8947;-721.9839;-722.0063;
197384.604;514804.055;514805.049;12.6994;-316.9495;-316.9545;
187908.276;504602.562;504602.699;21.6097;105.0312;105.0374;
193074.151;552295.055;552295.998;88.0430;-58.1112;-58.1072;
196101.783;497257.112;497257.243;-398.9094;-46.7001;-46.6850;
248702.166;478960.705;478961.903;260.9633;-463.8717;-463.8536;
212804.099;510090.911;510091.797;-461.3088;418.5569;418.5556;
244503.564;390987.998;390985.020;20.6079;115.1205;115.1150;
178005.641;529802.068;529802.586;215.4014;233.5034;233.5081;
228279.083;475240.440;475240.614;491.7505;-44.4707;-44.4831;
191478.493;508565.495;508565.705;-163.9447;-6.9101;-6.9103;
202408.442;513671.844;513672.115;602.9818;-64.9466;-64.9534;
200331.841;474497.233;474497.158;-587.6077;-408.9805;-408.9583;
208992.809;482713.370;482713.579;383.6152;-110.2586;-110.2336;
199814.913;504357.166;504357.384;-203.8891;121.5731;121.5666;
210564.068;498755.968;498756.136;559.8955;-320.5437;-320.5409;
221914.997;477542.271;477542.799;-286.9632;-51.5121;-51.5387;
194182.021;525472.608;525473.518;510.6955;-276.7384;-276.7683;
203181.679;503011.096;503011.817;943.6230;-514.5886;-514.5641;
253871.434;508823.914;508823.360;-220.1468;32.9662;32.9570;
200533.996;507425.113;507425.993;514.5033;-58.4060;-58.4060;
212027.455;455503.070;455502.981;-379.0639;145.6298;145.6325;
201753.057;502260.717;502261.165;-58.9359;294.3319;294.3324;
187258.147;508418.860;508418.971;20.7384;-223.0425;-223.0519;
191371.236;541156.037;541156.105;-256.4367;531.9967;532.0082;
184849.926;543323.903;543324.445;16.9239;70.3932;70.3938;
195437.352;510866.431;510866.770;-115.5710;-21.8471;-21.8569;
190995.608;481468.547;481469.467;-238.6627;390.7426;390.7458;
196541.504;470371.497;470371.670;119.5239;97.3286;97.3327;
194677.532;500831.676;500831.956;237.7913;-150.4936;-150.4917;
203710.796;545027.796;545028.391;63.1279;138.0554;138.0598;
220557.329;512744.493;512745.145;-333.2348;713.1360;713.1367;
290167.042;476154.352;476156.031;-292.0146;61.3854;61.3887;
173800.204;511591.248;511591.200;535.7946;-444.8599;-444.8465;
204473.158;523378.964;523378.383;-348.4973;317.5455;317.5407;
204140.722;501151.326;501151.842;-502.5139;-113.3773;-113.3742;
205762.607;535530.981;535531.180;-195.4983;-261.3146;-261.3156;
180702.479;542956.113;542958.096;-278.4655;564.9841;565.0185;
233692.594;408933.837;408932.572;-150.5540;199.4926;199.4869;
189009.496;504679.713;504679.886;280.4618;-352.7179;-352.7204;
198692.468;549519.693;549522.596;-49.9080;-358.2450;-358.2558;
207927.755;513610.990;513611.280;-296.5084;168.3007;168.2867;
204099.265;506206.646;506207.004;-49.7254;-17.3965;-17.3994;
212708.089;510892.879;510893.073;-76.1964;297.7065;297.7065;
202234.025;518598.400;518598.658;-132.6120;244.3706;244.3652;
183494.613;517911.024;517911.572;42.3908;-307.7668;-307.7731;
219219.645;474215.293;474215.463;338.4105;680.1840;680.1967;
202251.477;521340.300;521340.378;-129.0381;-60.4225;-60.4161;
198351.726;469009.886;469010.493;-28.4103;357.6709;357.6603;
192609.871;503083.528;503084.059;398.4615;-5.6060;-5.5958;
195662.104;499298.165;499298.286;783.7574;-480.6849;-480.7138;
192537.478;498197.582;498198.145;-145.2382;643.1374;643.1075;
195283.978;470991.952;470993.249;11.6505;46.7883;46.8012;
204020.429;552122.116;552122.216;-74.0302;-311.8010;-311.7976;
186333.423;503654.233;503655.209;-84.6397;-210.6800;-210.6690;
193970.707;458798.678;458799.616;-177.2458;-427.9360;-427.9500;
196029.879;501580.052;501580.339;-688.0178;74.7940;74.7993;
216577.689;486749.941;486749.929;125.1669;-416.9400;-416.9362;
200671.572;513430.123;513430.364;308.6214;94.8966;94.8932;
221881.917;476741.986;476742.712;99.8884;-243.0623;-243.0743;
195665.725;508837.204;508837.503;-22.8943;-394.6994;-394.7035;
211695.926;489638.586;489638.830;178.6675;-161.8178;-161.8144;
216963.005;492303.179;492303.350;-348.5362;-84.0207;-84.0206;
193984.959;505736.325;505736.750;250.6471;-36.0479;-36.0445;
207982.855;471818.059;471818.088;-434.0440;-134.1033;-134.0791;
202466.963;499228.385;499228.803;-181.6934;37.5483;37.5485;
137288.792;502719.995;502720.166;221.5216;47.7045;47.7063;
192390.318;512173.724;512174.114;600.4996;210.6105;210.6113;
196056.056;507344.495;507345.324;16.0890;51.4227;51.4302;
208368.915;500782.988;500783.458;-140.7757;534.1370;534.1210;
212150.303;481633.990;481634.871;392.2962;-347.5837;-347.5811;
201058.270;506941.129;506941.311;2.7650;22.2729;22.2646;
170593.549;459465.120;459464.637;211.3290;433.4367;433.4330;
163106.357;543874.113;543873.966;-89.7287;-193.1351;-193.1377;
204981.490;536539.141;536540.718;-156.8317;-274.0405;-274.0541;
195657.991;522582.456;522582.498;-641.1695;-645.1947;-645.1564;
236312.889;516844.567;516843.744;-246.5010;-98.2675;-98.2536;
199636.901;472055.300;472055.349;358.1236;648.6294;648.6418;
178144.158;452170.520;452170.212;44.4968;150.0865;150.0938;
214854.761;484415.317;484415.620;830.3279;319.1672;319.1052;
798225.566;518262.764;518262.700;309.2251;449.4209;449.4047;
780362.839;468698.165;468698.525;-222.5293;-127.4282;-127.4140;
783758.680;480750.597;480750.128;107.6012;-605.9299;-605.9294;
808479.565;506435.769;506435.654;-94.7749;-507.6794;-507.6580;
784107.383;484352.312;484351.728;398.3191;-488.0151;-488.0302;
790009.456;489551.284;489551.092;334.9058;424.9236;424.9037;
816713.125;530534.637;530533.218;-585.9805;-283.6403;-283.6392;
863097.068;535315.265;535314.651;58.8849;347.5786;347.5703;
810873.186;513850.285;513849.948;-102.7179;49.6131;49.6167;
785301.370;465358.719;465358.640;-381.9794;67.0364;67.0328;
820463.088;529790.233;529790.071;193.1978;302.8605;302.8531;
784730.423;484561.698;484561.454;-993.8214;-174.9390;-174.9164;
741768.128;499463.216;499462.386;428.0454;50.0785;50.0877;
800259.276;512626.708;512626.387;318.9173;135.5776;135.5687;
739553.076;448662.796;448662.738;-168.3287;-220.0861;-220.0802;
796675.518;508686.597;508687.080;-400.2971;230.7210;230.7406;
793605.837;504309.896;504309.256;-193.8285;-245.4631;-245.4522;
812555.926;497664.320;497664.228;-585.7350;314.5113;314.4992;
815688.834;534499.386;534498.562;-581.5316;12.4091;12.4041;
776963.581;493993.833;493992.839;564.2444;361.8891;361.8847;
860272.748;512693.887;512694.408;-17.0917;275.6495;275.6340;
775848.405;457715.024;457715.208;-16.0223;195.9620;195.9531;
765969.229;474706.551;474707.952;-136.8899;-27.3529;-27.3637;
857296.039;587371.550;587372.444;-127.7566;-177.0227;-177.0209;
798755.655;511661.091;511660.968;-42.4601;321.1183;321.1155;
808031.065;495790.169;495790.106;893.8482;-686.5263;-686.5208;
807837.389;517275.356;517274.610;-542.5027;-522.7923;-522.7895;
845266.029;530426.588;530426.534;-2.3589;188.8740;188.8775;
783447.612;475255.720;475255.424;-380.2887;-518.8959;-518.8836;
774640.520;528910.138;528910.322;265.7412;-455.4974;-455.5058;
787963.966;520810.925;520810.447;259.6631;88.1272;88.1220;
805966.182;519679.356;519679.741;29.2237;186.9763;186.9743;
812879.559;538664.195;538663.912;398.5300;-33.3495;-33.3420;
771383.557;493679.322;493679.309;-434.3924;-245.4043;-245.4076;
796289.333;509413.055;509413.114;63.6887;-113.3477;-113.3417;
799461.124;506777.629;506777.854;341.2806;-86.1031;-86.1020;
732285.253;479622.502;479623.272;-357.7409;-85.9189;-85.9260;
723004.984;564240.111;564238.165;173.0880;-161.7246;-161.7282;
790979.879;514045.975;514045.695;-131.4910;-5.4063;-5.3904;
762466.757;474658.866;474659.295;189.2602;219.3276;219.3244;
741784.043;564982.898;564982.640;-100.7313;175.7859;175.7906;
792709.613;515194.636;515194.486;405.3747;158.6442;158.6372;
809440.308;490945.415;490945.136;-30.7439;152.6888;152.6914;
846503.721;546511.566;546510.755;-218.8447;-107.9141;-107.9167;
822031.943;517486.389;517487.054;531.5924;632.3328;632.3400;
779916.449;510464.618;510464.409;-803.0855;-201.8787;-201.8815;
787987.119;495316.270;495316.034;114.4689;-279.7083;-279.7087;
773019.030;493232.012;493231.533;281.9068;331.2984;331.2857;
773064.076;532647.107;532646.631;109.3573;229.0423;229.0384;
803684.527;493561.601;493561.849;-98.5623;-358.9247;-358.9157;
757339.563;464405.614;464405.224;242.5156;-88.5745;-88.5765;
769968.482;478404.447;478405.002;-716.6749;-837.6533;-837.6564;
792346.486;517754.434;517754.131;-1161.8701;70.4965;70.4991;
784346.403;513283.632;513283.327;576.4603;-248.7463;-248.7416;
789656.877;451849.382;451850.594;-296.4902;-367.5395;-367.5397;
832056.799;524816.982;524816.625;31.3633;232.8503;232.8448;
786840.609;525892.748;525892.353;635.2344;17.3016;17.3167;
773032.846;509998.947;509998.891;111.7651;75.5403;75.5354;
799949.541;513577.457;513577.389;447.9188;574.5151;574.5013;
804566.031;525303.276;525302.971;798.8156;-12.1904;-12.2009;
775447.134;489807.631;489807.648;-556.9210;-497.1047;-497.0991;
805052.914;522127.393;522126.870;-21.5289;-84.7084;-84.7174;
781943.967;520242.789;520241.967;-871.2253;-478.4375;-478.4152;
808218.550;515449.289;515448.919;-487.0295;-253.7337;-253.7194;
772337.110;493629.108;493629.328;-117.6164;-118.1512;-118.1573;
878985.027;498654.596;498656.337;486.7823;87.5774;87.5904;
773174.415;483429.746;483430.334;192.5419;-679.8870;-679.9015;
782453.563;478860.614;478860.611;266.8667;-75.6645;-75.6596;
792740.115;518467.412;518467.439;-663.8062;652.0032;652.0058;
802924.899;518775.774;518775.539;33.2086;-92.8873;-92.8899;
801277.163;495059.556;495059.599;-394.3179;346.4921;346.4960;
793767.600;495986.709;495986.607;534.6729;193.8038;193.8159;
782593.170;470589.828;470589.658;-1065.8344;-464.3790;-464.3624;
793050.980;502532.987;502533.143;-541.8390;175.2015;175.2036;
800865.813;494040.872;494041.123;-267.1154;-54.4594;-54.4587;
803570.869;513359.719;513360.632;622.4476;922.1061;922.1115;
781971.831;518563.021;518562.716;266.6158;-11.0562;-11.0535;
800098.645;503081.899;503081.468;652.6299;-254.0218;-254.0570;
771269.156;521345.139;521345.032;-632.8012;619.2044;619.1987;
751146.122;461795.178;461796.105;-371.6781;100.6460;100.6422;
788851.201;506565.791;506565.529;192.4455;-249.5292;-249.5239;
790578.044;506510.488;506510.444;-121.6388;84.9190;84.9002;
770743.300;473276.216;473276.817;-156.8208;415.0131;415.0033;
793004.150;508066.310;508065.919;317.2026;148.6184;148.6085;
834530.838;512071.859;512072.323;-505.7693;119.3986;119.3978;
835731.070;549655.509;549654.913;334.5122;367.9645;367.9605;
728426.489;502819.521;502818.485;-30.5002;30.4451;30.4455;
767746.077;460939.584;460939.973;-387.9109;-315.2495;-315.2533;
814368.916;529316.110;529316.282;338.3371;301.0241;301.0116;
775295.485;511447.446;511447.218;675.6409;96.1499;96.1428;
765032.471;450577.826;450575.200;128.5753;424.5328;424.5452;
743276.148;534005.563;534005.642;235.6317;-101.5206;-101.5190;
812178.581;510275.169;510275.347;779.8098;9.4536;9.4666;
787118.723;514466.689;514466.390;25.4925;221.7742;221.7573;
809003.527;517954.472;517954.401;-820.4095;-162.2833;-162.2795;
753403.742;385617.389;385620.115;14.9975;91.4241;91.4318;
798009.155;511627.987;511627.862;309.9291;-6.6708;-6.6678;
794958.060;514577.761;514577.534;46.4448;50.7791;50.7590;
771961.019;480230.553;480230.366;-761.1263;-144.0936;-144.0859;
825526.390;530917.884;530916.706;50.8040;226.7949;226.8055;
