# This file was created for the Modelling and Simulation course, RUG (September-November 2019).
#
# Project: Simulate colliding galaxies, using Barnes-Hut algorithm.
#
# Students:
#     Stefan Evanghelides (s2895323)
#     Hidde Folkertsma (s2759799)
#
#     X         Y         Z         DX        DY        DZ
437060.750;554535.864;554518.850;253.2685;89.1114;89.3900;
483808.446;556326.707;556359.303;718.9477;-1.2216;-2.9138;
677346.772;881131.948;881120.417;98.6800;-38.6262;-38.6310;
457387.656;507895.898;507819.859;191.3934;397.4455;397.3449;
436012.538;533641.041;533614.384;541.7603;-52.9110;-52.7929;
456880.203;523075.305;522966.967;-400.7353;202.4986;201.3742;
321588.094;532139.798;532129.714;-201.6607;-327.2208;-328.4422;
285954.121;536698.826;536421.840;-100.7167;263.1677;262.3621;
590516.662;526208.875;526250.435;400.3465;-20.0007;-19.9754;
480011.421;539089.916;539105.854;822.3065;826.0643;827.5400;
443037.715;525510.337;525498.476;613.5608;-1076.3908;-1078.5298;
590299.050;616944.771;616759.604;-273.5491;-0.7527;-1.3772;
448494.861;545141.910;545116.649;-262.4647;-6.9433;-5.4307;
443690.346;582605.351;582576.128;401.9709;253.3952;250.4152;
320764.227;630309.426;630448.651;-561.1359;-1.6355;-1.9159;
412771.031;461812.859;461534.820;-18.7917;4.6092;4.2505;
416876.591;530762.140;530597.677;-132.6768;25.8173;26.0061;
473590.006;544212.303;544193.962;-881.1007;-354.0817;-355.8497;
315886.006;548075.869;547941.820;137.3189;-21.5931;-21.1432;
592928.957;645519.847;645550.495;-13.8055;-58.0686;-58.1386;
464285.947;554086.019;554102.681;463.4826;-208.8594;-208.0247;
473811.913;599803.326;599871.775;-540.6807;167.9953;168.5143;
482440.734;529243.323;529210.475;48.9066;52.6695;51.9962;
500483.373;570126.186;570094.110;14.8717;285.9985;285.5860;
460133.532;561772.042;561773.062;1055.3988;-226.3556;-224.4526;
449395.875;530081.823;530057.490;248.0216;105.3299;104.8048;
457051.362;538965.349;538933.308;383.0268;381.3368;382.7920;
468866.772;521591.050;521540.081;469.1138;539.4707;540.7300;
469081.984;549748.606;549764.609;-344.6894;-70.8530;-72.1832;
446816.740;558433.416;558453.793;64.8032;-229.4481;-228.8243;
864387.852;193516.061;193543.079;53.4470;-49.9067;-49.9057;
403504.405;581027.073;581054.247;266.9688;-515.0632;-515.9353;
420123.326;533684.826;533664.548;-133.9718;265.1046;263.8996;
432048.358;563725.377;563708.832;-104.3377;-67.5545;-70.0401;
417595.684;524057.788;523825.957;850.8544;457.9929;462.5452;
469319.471;528581.774;528518.057;271.2294;811.9717;813.7859;
770514.453;495532.857;495207.146;-311.5299;29.9388;26.6334;
519149.269;533591.245;533591.758;-63.6941;-142.7826;-143.1580;
388317.441;556599.646;556587.712;-93.5473;445.8704;447.6282;
474010.390;539696.474;539695.862;503.4290;-243.0432;-242.5065;
456261.735;553163.668;553186.289;-326.3964;451.2303;452.6522;
251174.299;452152.865;451962.287;-264.4106;-126.9425;-126.9622;
452204.040;540571.359;540585.315;537.8647;-270.4115;-271.1561;
465330.341;547568.303;547579.655;716.3323;743.9911;749.3340;
467994.749;473565.817;473472.926;21.7584;489.0426;488.5095;
457717.819;521722.180;521673.654;-176.2198;-100.3388;-102.3102;
409092.883;565304.490;565297.037;-185.9066;-44.4353;-44.6488;
803432.953;159357.295;159379.597;-20.2501;18.9925;18.9903;
465778.666;526402.870;526366.703;668.1081;-54.9493;-55.1415;
858036.936;678271.688;677692.280;-29.4302;52.6144;51.6385;
499188.306;404319.973;404275.955;80.2491;62.7588;63.2206;
439084.471;523752.304;523724.914;185.7450;376.5621;376.0885;
460629.808;544213.172;544217.409;863.9450;167.8832;168.2985;
425150.320;523250.931;523227.281;277.6750;-6.8137;-7.3410;
485661.735;562557.335;562536.220;164.7483;-588.3650;-586.8476;
458240.387;575043.938;574947.894;-298.0489;-271.6151;-272.4768;
541392.446;511839.203;511747.795;103.6644;227.0337;226.4959;
469098.513;558167.793;558219.576;-354.5675;518.8797;519.5202;
805544.726;430922.223;430857.794;-28.4247;-43.8035;-43.6266;
452996.610;542722.025;542750.135;-285.3044;-470.6265;-471.7918;
978715.715;621457.661;621371.237;28.9630;37.5492;37.3483;
459217.620;533093.958;533072.175;332.8517;340.8149;341.5195;
111725.744;419576.804;419442.105;-113.8394;69.4387;69.3738;
10799.885;670299.863;670282.465;-113.8796;50.2083;50.1532;
864625.732;328111.724;328190.761;189.4122;-42.6669;-42.5400;
405925.832;578136.751;577998.742;39.0860;16.4014;14.4044;
506687.318;584741.031;584921.806;-651.0438;93.2303;93.7207;
447435.107;544384.253;544353.437;-150.1484;-98.4296;-96.3279;
162490.376;257174.516;256581.096;-114.7858;-180.4012;-180.7435;
584828.547;616440.566;616383.868;301.3164;-266.6523;-267.8558;
492961.658;560137.155;560208.549;1161.9728;246.9053;250.6738;
453586.631;536793.475;536775.364;292.2425;392.3340;392.2567;
469356.694;507449.805;507388.812;-552.3070;-453.7453;-455.8610;
433932.844;524268.211;524107.067;591.0168;355.8763;357.2535;
362557.420;471833.171;471871.687;233.8197;104.3960;104.9267;
632695.404;522072.009;522023.978;293.3016;-19.6834;-20.0066;
478360.362;452848.737;452473.244;-573.3190;-98.3136;-98.9937;
432763.415;554930.867;554925.852;589.8392;-95.2311;-94.4968;
601658.722;659808.915;659728.524;-177.8617;-55.6780;-55.4357;
86550.468;725410.979;725529.531;-342.7051;17.7607;17.7603;
456982.771;566795.426;566800.889;609.8459;-204.1658;-205.2580;
538786.509;512421.523;512401.204;342.4076;-93.1799;-93.9416;
460572.869;539238.380;539248.607;-384.3212;153.9467;154.1617;
448682.522;547538.334;547531.482;-508.7534;-287.3154;-287.9844;
480420.447;520858.543;520800.156;124.1866;100.9448;100.8202;
673221.084;545967.087;545916.805;346.4515;-50.5832;-52.0834;
460185.129;523048.941;523072.671;-479.5569;-716.0353;-715.3168;
459407.350;551434.461;551461.228;161.5254;841.5599;844.8379;
462450.838;567821.505;567866.502;205.9906;596.9207;597.7971;
460396.409;543660.289;543652.379;210.7845;-339.0508;-341.4497;
443766.696;530474.718;530417.145;-1123.9272;-340.0997;-339.9080;
432244.878;537324.158;537297.544;11.2888;-72.1744;-73.3929;
454683.124;530230.914;530166.695;-201.7810;-184.7948;-185.8373;
449251.420;604490.326;604589.702;498.8494;317.4504;318.2491;
785232.226;585163.396;585044.235;-238.9059;104.6445;104.2591;
450462.746;551510.354;551499.500;-982.1219;221.8053;220.3108;
550505.229;452725.848;452627.921;-200.4200;-9.6765;-9.4149;
638533.067;394225.234;394205.212;-189.2179;-12.0027;-11.9901;
487130.095;553092.257;553171.393;-921.9570;-74.0518;-75.6901;
441723.779;683631.806;683744.167;-278.8524;-25.9068;-25.2464;
527453.968;597054.389;597173.403;245.7763;-147.1966;-147.1738;
692173.590;594564.251;594515.815;153.6736;46.3234;46.3513;
427850.341;528909.272;528829.225;-255.1565;-430.0714;-430.9637;
451415.426;355258.322;355231.568;-153.5550;74.6416;74.6788;
445133.306;544834.046;544822.028;1063.5225;-677.5537;-678.8641;
876341.461;469586.545;469550.322;51.0369;-10.0180;-9.9860;
476037.210;541653.803;541642.322;127.0162;-157.0076;-155.3033;
457906.202;550333.003;550322.739;401.3215;-458.0727;-459.0934;
464587.304;546380.123;546361.087;543.1543;-416.0651;-416.7014;
282438.298;405783.826;405666.708;224.1061;117.8793;117.6746;
470702.927;509301.077;509231.836;71.4689;-433.3585;-434.9506;
309632.220;884857.223;884704.050;-106.0509;112.4971;112.4128;
450531.243;534314.451;534223.039;-318.2770;613.9096;616.5233;
471672.392;551230.475;551180.229;372.7722;-363.4868;-363.4503;
439742.591;541327.645;541319.306;-512.8826;-279.3823;-280.8996;
486449.361;522045.946;521945.908;158.1261;177.9810;178.2316;
452593.966;568537.032;568530.999;-284.2072;80.5612;80.4636;
407258.947;337420.438;337250.839;-9.2325;-109.8550;-109.8101;
462682.495;526465.722;526296.883;-217.3950;701.9373;705.0411;
438438.536;531232.206;531143.901;-876.0790;-32.1053;-34.3817;
611210.015;620787.579;620903.072;-260.3306;-158.3151;-157.0006;
332694.957;310365.937;310301.581;-233.7844;21.0459;21.0427;
396739.201;990338.997;990330.724;17.1509;114.8884;114.8798;
400436.235;578073.306;578054.536;11.8339;303.8520;303.0726;
537183.634;516429.810;516332.805;274.2706;220.1860;221.1556;
444303.538;556383.671;556390.656;35.6360;166.6638;167.8919;
808554.361;484695.336;484606.664;-120.9576;-164.3869;-161.0341;
600725.113;568091.554;568002.860;65.1286;127.0429;127.0792;
456935.636;523608.030;523567.342;-941.4793;-531.3448;-532.6369;
441227.721;552835.886;552817.191;-665.3658;389.3027;389.8914;
463324.533;537189.694;537105.913;-427.6580;-360.0568;-359.0687;
516706.907;561173.640;561245.887;580.8495;-344.0462;-343.0145;
516908.787;531321.527;531308.156;-420.5870;-114.7504;-116.2601;
376559.217;581509.675;581403.436;-169.9862;-135.1561;-135.9218;
470528.878;505035.509;504984.506;-874.6190;-30.2269;-30.0883;
453433.268;545135.931;545102.719;425.4665;1044.6417;1046.7264;
334117.636;278543.598;278229.494;241.4174;65.4918;64.6058;
426594.789;542619.360;542602.727;-824.5137;-531.0314;-535.0561;
454872.206;521352.744;521300.010;-544.3708;-654.3344;-653.7107;
481375.433;495877.464;495865.169;39.8437;-131.9902;-132.8163;
611689.742;560591.251;560319.967;-183.1227;-467.8457;-468.8239;
449993.383;540070.502;540056.612;-672.9786;110.3678;110.9003;
392063.250;530164.236;530031.992;-143.5863;-210.1449;-208.7018;
455673.309;544631.815;544600.649;-1095.1766;-644.4650;-652.1359;
494867.956;555761.214;555785.065;396.2816;105.5761;106.4842;
437029.951;530149.933;530109.492;-844.0606;-218.5455;-221.0901;
443096.156;550816.930;550829.798;-743.5699;-491.9534;-489.7889;
409560.836;612134.512;612141.830;373.8751;-373.6034;-373.4576;
483632.642;581828.601;581902.782;34.4311;17.0580;16.2965;
459874.666;541429.028;541398.978;178.2411;227.7891;228.3008;
444689.040;545243.406;545218.402;666.0402;449.5201;450.6750;
458693.799;553245.379;553232.519;-255.8141;234.5820;235.4632;
450053.830;530138.985;530106.273;526.7634;-483.9311;-483.6940;
447954.480;569233.446;569264.823;-908.4809;145.4252;145.9693;
466542.816;525704.812;525599.143;1010.5897;429.9701;432.9866;
198844.444;167115.873;166962.503;-142.6998;-286.8738;-286.4547;
552619.253;482332.031;482209.199;-366.9838;-13.6352;-13.3652;
434072.803;537858.183;537785.672;227.5412;323.0629;322.4194;
456873.365;537923.415;537888.317;-267.8904;330.9452;332.3234;
331009.308;614910.155;615035.689;-495.2978;196.1101;196.1246;
462079.214;543982.444;543972.644;225.6914;-473.8683;-475.3226;
485053.465;561332.443;561374.011;-484.6915;705.6113;705.7861;
445294.689;556128.390;556141.048;249.0927;175.1439;172.5095;
412582.595;559137.327;559110.225;393.4590;-300.3919;-300.1593;
451807.882;536824.407;536787.755;601.3304;-389.7079;-391.7508;
457160.632;542488.398;542439.495;-656.5969;441.4302;441.2078;
399719.694;542259.532;542211.889;-206.9571;-90.4423;-90.4927;
