# This file was created for the Modelling and Simulation course, RUG (September-November 2019).
#
# Project: Simulate colliding galaxies, using Barnes-Hut algorithm.
#
# Students:
#     Stefan Evanghelides (s2895323)
#     Hidde Folkertsma (s2759799)
#
#     X         Y         Z         DX        DY        DZ
484103.498;546104.223;546184.989;202.9318;-216.9126;-224.3672;
476996.884;543001.213;542853.736;-409.5366;62.4146;75.4236;
818140.582;658341.621;658061.411;-8.4473;-146.8639;-147.4292;
479668.599;552579.911;552357.089;467.2597;121.2931;119.0038;
466629.264;534182.468;533899.692;338.3818;-678.8662;-673.4225;
479188.905;825738.097;823180.021;-152.3584;327.7333;323.9556;
294549.127;458959.403;456997.737;-142.9057;223.9275;226.2326;
599285.916;865111.611;868177.711;10.0913;116.6159;127.8707;
513991.230;529247.748;530231.857;-109.1081;804.6343;799.2261;
327413.941;488850.982;489536.776;540.1699;10.3917;19.1873;
489237.726;515150.664;514855.496;85.5715;-405.3326;-397.8103;
461952.702;525621.338;525188.469;75.1204;-169.4004;-158.9156;
497853.851;574648.407;575530.788;-666.2746;344.1242;342.7867;
480739.194;528844.998;528561.499;438.7476;-346.6414;-339.7047;
383063.972;488564.388;486800.382;104.2671;41.1088;47.7243;
494474.524;534000.615;533709.935;1247.3483;671.5758;777.9146;
494565.582;483184.929;480552.905;-182.5446;229.2823;217.9845;
468054.327;555955.713;555977.605;429.7690;464.9136;459.9182;
283617.631;637687.696;637705.102;-388.7563;-0.6008;-4.3997;
564814.196;518824.819;518183.233;-496.6106;-17.2222;-4.9085;
457811.549;512590.597;511780.149;-92.6005;94.9439;94.3054;
602958.331;511915.726;511995.284;-483.1969;-121.7630;-96.9151;
456509.615;535345.785;535127.800;99.7052;39.3206;55.3349;
487745.812;546665.502;546410.545;309.6420;-146.7445;-139.5311;
479858.419;520128.271;519823.225;-360.2055;-296.5808;-302.6972;
462590.841;556485.847;556581.733;-631.5416;-302.7494;-310.2790;
490100.987;511566.686;511139.222;54.8312;-40.1887;-35.1537;
898123.604;135688.015;135684.938;-16.1210;2.8934;2.8583;
387176.585;509447.792;508738.545;-87.9065;-213.2352;-212.7510;
463211.945;530901.318;530368.490;813.6631;-280.3335;-295.5208;
447728.697;534555.567;534343.427;-239.2088;732.3181;715.7064;
363337.190;512244.743;511279.570;30.1926;81.9093;89.0482;
487325.668;532635.488;532211.750;299.9321;-174.9596;-178.3004;
645088.134;608343.035;608085.880;15.1470;-6.6319;-8.3227;
499035.920;545958.638;545593.975;236.0226;40.6163;33.3462;
505539.491;544127.887;543828.020;-379.8654;14.9938;23.1360;
441160.849;524739.707;524172.856;-135.0174;99.6789;96.5468;
468468.322;540273.033;539832.392;-50.6966;-719.6262;-737.1474;
566615.518;435582.722;432959.809;-58.5284;-265.9004;-276.4993;
478496.834;563121.935;563106.172;-976.8077;207.6798;206.3454;
478920.977;515351.665;514398.574;-794.6121;7.5037;29.4861;
560699.681;569798.564;575107.728;-323.9396;17.1035;23.6907;
485887.159;541988.554;541827.066;296.9846;-790.9209;-741.9971;
478317.547;497231.177;497387.886;229.3465;-148.4962;-150.8869;
308879.152;572806.804;574635.848;-641.8911;81.6615;85.0402;
463524.645;533427.544;532816.601;1221.0910;405.9866;424.1945;
510015.644;625342.496;623937.798;-272.3054;-216.8927;-220.0898;
531577.914;634662.807;632678.749;-173.3690;-85.4944;-76.8308;
470420.097;500071.943;499447.938;-210.7051;-1.5175;-14.8457;
462806.611;554991.292;554867.779;-284.9245;-196.4082;-204.3868;
442184.934;596074.235;596432.857;431.6960;-14.0760;-17.1362;
323283.318;543616.064;541239.869;580.9456;182.1564;171.2701;
516904.414;544248.347;543972.708;-117.0366;318.1997;319.4933;
484826.356;528510.594;528434.579;1117.0760;-303.9667;-303.3997;
515058.107;539275.613;539521.004;-511.5899;92.9597;95.4255;
550264.359;599400.949;597256.382;-73.4268;-315.6794;-313.5106;
434118.600;488315.982;487102.087;435.0113;-191.1125;-201.3435;
779458.794;656085.957;655406.043;-197.8693;-21.2557;-21.4727;
460554.618;529139.036;528954.610;-712.6964;88.2306;101.1822;
73370.385;623297.483;622944.836;79.7237;73.1993;73.0507;
475381.347;555561.120;554511.736;869.9667;-545.8961;-504.6580;
509364.037;518668.493;518500.224;628.9336;-206.9735;-208.9822;
465266.616;535436.575;535038.760;-807.4617;419.7721;394.8668;
465021.051;535386.166;534947.537;-456.9772;-226.9457;-224.7409;
494908.649;522239.017;522416.540;394.8755;-314.1475;-336.6469;
490594.413;531608.549;531579.910;-433.2066;61.6399;52.3471;
442272.432;553110.609;553096.726;284.0746;403.6966;390.6771;
420573.141;296369.640;291313.894;13.4038;32.6771;35.4352;
502179.416;549425.580;549325.088;134.8179;247.4035;259.9346;
795110.640;468041.509;467036.270;-92.6171;-4.0380;-0.8234;
530155.740;505263.904;505867.058;-388.3794;-513.0442;-515.5099;
411289.916;555851.693;554518.171;-68.5287;19.0404;10.1035;
623017.374;491927.706;491199.945;-148.4395;136.3050;136.6182;
470195.287;491313.769;491112.539;182.2451;207.5035;198.2613;
494132.078;502935.321;502765.680;318.0916;-454.1101;-444.1402;
467016.807;535490.557;535051.878;323.2062;417.0228;408.7990;
456952.067;525226.290;524684.339;-124.6958;-40.7750;-44.4843;
571410.605;541923.752;542546.263;114.7287;190.6953;182.7940;
307347.300;635719.746;635265.266;41.8830;-19.9862;-19.2833;
477618.766;512917.215;512150.221;-373.0823;262.9698;247.5556;
439169.399;550961.541;550621.089;88.4919;65.5571;52.3834;
510654.768;530401.216;532201.276;-490.4831;643.1794;546.6284;
457033.614;540709.395;540368.627;-469.0305;-194.0495;-212.1179;
488627.721;505347.645;504730.124;-6.2457;277.6435;277.3174;
494748.923;524834.272;524609.846;487.9625;-90.1741;-72.3791;
458623.302;482377.768;481170.552;-103.1764;-5.6714;14.0881;
447921.935;497119.342;496247.802;-373.4344;321.4124;304.8620;
355574.672;433714.559;430239.483;-66.1906;-374.7024;-393.9559;
469369.725;543327.855;543194.060;114.7901;-381.7216;-386.8395;
726366.984;651315.682;650657.440;92.0521;-40.5127;-41.5357;
927814.018;651588.884;650696.424;92.3874;4.9489;4.9320;
505432.649;573077.329;575442.341;192.0108;433.3028;460.4092;
428803.731;586487.686;584271.841;-207.1875;-462.9321;-443.6163;
456417.516;595073.146;595035.004;367.8311;71.5925;78.3310;
158652.118;426886.658;425111.693;-274.8278;-98.2943;-101.8985;
461964.771;501917.244;501533.884;-657.6209;319.7846;331.5924;
464011.808;488111.527;487433.238;-449.0469;436.0936;439.4597;
458899.368;510808.073;510042.612;-290.1674;-56.3371;-68.0965;
765303.151;485975.568;483740.860;-153.2172;22.3740;18.2686;
452353.392;550029.670;549500.917;-706.4013;-109.8826;-105.6756;
425847.906;498589.847;497152.215;-317.2681;-5.1982;-12.6962;
353951.174;515054.644;513211.477;-5.5045;235.0872;256.8203;
903168.051;736395.347;734216.200;40.6493;3.6275;2.7590;
515452.841;535913.063;536177.591;-6.1769;-16.3057;-19.0989;
501389.026;536694.663;536594.140;77.6817;47.3110;47.2356;
439774.481;516969.679;516411.470;158.0652;-261.2977;-277.8207;
462042.997;527727.097;527318.615;461.6300;-361.3121;-375.6828;
480107.701;538122.457;537769.060;-192.7628;263.3656;253.1798;
451789.709;531377.245;531380.577;6.0773;125.7383;128.7662;
424934.948;227552.617;226303.727;19.9681;13.2865;12.6808;
480979.100;511206.704;510434.682;284.7515;388.0762;403.2953;
488826.957;530106.510;530118.764;699.7344;-786.1292;-769.9036;
725647.486;519928.385;517171.877;496.7250;-179.4614;-212.8275;
524934.195;556648.473;555863.083;403.1976;-461.5187;-451.9383;
464871.622;540412.036;540134.751;-242.6006;-131.9783;-139.0040;
509235.858;564623.718;565395.251;296.3351;-28.8541;-29.2530;
473565.612;529844.754;528876.520;503.2670;171.9245;163.4594;
699955.400;854552.025;853921.301;296.6343;133.2733;126.3807;
315105.830;490393.389;489166.532;-10.9717;-114.6249;-111.9703;
567962.742;453577.327;451986.053;-475.9364;89.3973;75.9275;
452512.521;529700.385;529268.710;341.5468;622.3332;641.6162;
489546.909;526136.314;526302.745;-975.7516;93.7922;73.3577;
439130.116;284126.583;282055.279;-118.8490;83.6640;80.9809;
472914.220;551584.863;551456.538;61.9772;-466.2917;-476.9956;
473240.498;515854.540;515260.345;-97.8509;-287.5824;-317.6325;
596392.451;497544.277;494668.140;-323.6336;-4.8521;-3.3891;
471652.117;522282.293;521975.066;-295.7374;-122.0124;-120.0256;
503533.268;511522.044;511074.313;377.0586;8.0952;14.5707;
481825.326;537899.366;537680.216;-406.2300;-253.2425;-259.4016;
717601.150;514698.237;512146.599;182.7169;-76.8416;-80.7338;
460575.343;646861.335;641405.441;473.4285;29.1425;27.8303;
464630.334;531658.464;531121.170;-105.0829;296.0266;281.6042;
403245.508;517845.527;517825.300;471.2779;288.3336;304.9086;
500937.906;566884.479;567038.627;-189.0116;312.2877;325.4604;
471267.034;527613.738;527502.853;111.4993;150.4352;154.0458;
457241.278;563095.634;562604.017;-442.5319;537.3629;505.8438;
425015.615;519354.561;518932.605;-214.8005;-299.5094;-310.2724;
559590.335;459093.015;457247.049;-96.3451;180.7735;183.1260;
463075.325;529061.266;528658.596;987.4727;101.4283;110.7613;
457928.945;533681.626;533269.791;-215.9003;-10.2640;-13.0284;
476763.873;530789.768;530677.698;-399.4932;348.4598;371.4152;
503654.944;538006.315;538044.832;-105.4623;-55.2314;-47.5475;
472167.540;532648.940;532343.623;1414.8310;55.0482;59.8438;
499855.115;486634.429;485792.530;474.4482;145.6128;144.0271;
462215.073;492499.293;491563.765;455.6518;-189.6187;-179.5973;
906241.406;651582.693;650749.366;144.0977;-72.2378;-74.1361;
478569.845;543965.397;543368.501;-217.8042;-295.7529;-311.5777;
466474.548;546678.925;546685.333;550.5046;417.6118;425.2067;
456626.346;510578.884;509874.882;781.9735;-861.6189;-887.2476;
499049.908;535400.497;535482.854;-359.2334;795.0366;776.8991;
563502.169;541179.539;540521.179;525.5547;385.5679;392.4953;
463265.869;531501.837;531314.408;-774.6369;-479.3250;-484.0004;
464937.745;543535.558;543271.177;544.6885;-273.9019;-265.4384;
452698.137;544837.409;544098.115;-369.0403;-168.8803;-197.2222;
479540.905;522144.188;521804.110;-221.9892;-284.4483;-300.1265;
