# This file was created for the Modelling and Simulation course, RUG (September-November 2019).
#
# Project: Simulate colliding galaxies, using Barnes-Hut algorithm.
#
# Students:
#     Stefan Evanghelides (s2895323)
#     Hidde Folkertsma (s2759799)
#
#     X         Y         Z         DX        DY        DZ
473524.846;533198.562;533097.842;-95.9036;17.1372;16.2253;
478735.206;534391.280;534289.817;-1084.3149;-95.0266;-96.6700;
758407.234;828986.044;828966.876;72.5516;-72.6629;-72.6776;
365229.776;825385.833;826033.732;-106.0518;257.2609;257.7605;
476567.107;544810.511;544785.292;-743.2185;-204.2086;-201.7513;
494143.813;536761.697;536672.580;915.9169;393.1513;389.1781;
477414.270;589418.857;589337.106;-708.3218;365.2857;365.7360;
539072.490;643690.447;644091.353;397.9436;-172.8990;-171.4200;
362452.445;517824.958;517448.934;-181.4750;-153.6983;-155.9428;
403106.839;549111.100;548896.040;496.5280;-527.0784;-526.5441;
620025.139;483457.283;483681.726;-250.9057;217.5947;219.0328;
317436.248;467356.887;468091.154;129.7010;106.8158;107.9916;
487723.502;526184.153;526102.949;791.2361;-113.7198;-116.8145;
485830.477;514658.297;514518.093;-627.4951;-469.8303;-477.8020;
121528.425;598398.347;598187.010;-143.7481;-80.9297;-81.4069;
537111.260;581682.210;581548.977;-114.8639;-168.2778;-168.5333;
450865.546;553038.362;553011.499;-599.2619;444.2881;442.0286;
441599.911;515045.670;514736.577;-268.3366;-365.5978;-376.9171;
563456.643;597102.249;597045.665;-348.5329;-238.6207;-239.6022;
308407.636;543211.326;541696.797;17.3238;53.6601;51.3453;
496205.410;548720.027;548717.092;-416.0198;36.5234;31.6184;
291014.307;473915.486;473121.220;109.8475;-140.9545;-143.1520;
463889.357;555374.109;555338.363;-248.5067;199.5597;203.0247;
496144.505;541576.797;541433.681;-349.0847;539.3260;544.3296;
520522.099;519021.669;518691.472;-599.9230;-48.4178;-45.0934;
489512.820;539881.947;539788.045;-520.4493;-613.9978;-615.0440;
485941.863;550516.968;550494.226;337.3505;412.5622;411.6133;
485241.027;547772.503;547651.788;327.1311;649.1144;650.2279;
492124.020;538494.802;538381.829;-165.1001;516.6903;519.8729;
473687.722;549278.131;549261.220;-99.6387;69.4127;72.4207;
896864.281;156067.365;156092.754;19.0384;-29.0997;-29.1047;
580937.609;577838.021;576738.490;-557.5360;32.3091;34.6694;
503331.656;556861.124;556745.309;-235.5391;-75.3653;-75.1611;
469395.128;541289.235;541303.664;-134.5840;297.5434;297.5212;
410052.609;555269.373;555187.491;-371.6487;180.9154;185.5056;
478713.469;529673.207;529552.052;-95.1040;507.5497;510.2044;
244179.764;497310.887;495735.846;-174.1993;-120.9983;-121.4089;
496133.737;543394.512;543324.064;-15.6542;137.9612;138.2292;
530016.369;496592.749;496119.640;-93.7737;-360.2836;-364.6979;
463730.662;548963.740;548930.983;206.9675;-83.6046;-86.0624;
477559.485;539108.352;539031.539;-641.7111;1.2391;2.0246;
169718.684;404704.739;404540.940;59.0226;22.7542;22.3736;
467287.615;548058.689;547935.155;285.7023;398.4652;397.4430;
402845.195;529943.386;529744.039;451.5757;287.5982;289.4790;
400701.346;679616.342;679590.007;85.6548;-140.0683;-140.9116;
492977.650;530469.282;530350.835;631.0478;605.7485;606.8304;
485310.012;559887.991;559948.163;96.3717;93.7396;93.0652;
762376.660;212572.529;212586.050;-73.1773;96.2928;96.2709;
476297.175;548322.844;548219.612;528.2809;-518.3018;-520.3486;
796673.961;712167.694;710761.546;-101.6882;17.9524;17.1992;
370182.622;573126.454;573257.129;-181.0210;-53.1126;-53.9195;
480447.906;550035.198;550023.390;1008.1997;-155.5978;-153.8873;
470173.555;535064.125;535000.073;343.5203;-168.5949;-170.2734;
431762.051;547312.721;547317.546;123.8190;-22.0676;-26.8373;
373430.615;402911.627;402739.197;-331.9815;-131.1054;-131.1981;
505191.569;548341.395;548015.336;-948.7628;-110.7884;-111.5210;
436611.929;575277.084;575375.945;-328.7169;-97.7294;-96.7570;
476236.223;558183.373;558124.373;66.7592;-12.3299;-16.9304;
656097.854;445775.679;446241.143;-327.8200;88.3163;88.7981;
436364.268;531019.093;531166.601;309.0992;62.2740;60.6002;
970672.739;650083.296;649809.873;-45.1578;23.0172;22.8207;
489776.805;549793.206;549731.555;81.5280;-35.9197;-38.7278;
39428.758;492733.325;492543.718;-41.2673;83.8774;83.8194;
471398.446;511591.834;511460.720;551.0380;-503.9613;-511.6277;
444147.623;464961.257;464249.192;431.5735;-71.0994;-73.0034;
484329.471;544740.881;544607.245;-435.6927;-526.4142;-529.8704;
89157.056;119519.209;118681.638;-51.3844;-119.0288;-119.2324;
474003.062;563122.108;563268.794;485.0499;697.8529;703.6302;
490957.389;535023.316;535178.255;1384.4430;-716.4837;-713.5425;
499234.606;536240.627;536034.054;-570.7915;-335.4009;-334.4711;
320951.493;581996.008;581768.438;227.7060;86.8840;85.3674;
481017.709;527412.772;527539.759;-68.5130;-950.6601;-947.3086;
528697.723;559291.533;559150.519;-47.7372;-78.4068;-82.7378;
795860.156;511488.439;510532.284;99.2210;-37.5883;-39.5160;
404015.787;646424.131;646688.947;453.8116;55.8502;55.4730;
503551.311;571101.271;571208.419;469.7237;274.9224;274.5809;
511811.617;450904.584;450414.944;188.4245;-124.0331;-124.7970;
471897.350;560747.939;560724.139;353.8734;324.2252;323.7127;
460659.066;572065.461;572069.288;-150.1710;-405.0161;-401.6796;
482855.051;516790.005;516602.869;-102.8358;-324.0605;-327.9242;
456568.918;516560.618;516532.606;329.8874;22.4472;21.4550;
449386.888;521002.708;520901.540;224.0257;-50.7843;-53.2001;
775403.405;503816.549;502866.991;-79.8385;-2.2640;-1.7905;
422298.679;545682.346;545743.221;656.2866;240.7338;238.7538;
491422.002;552692.080;552686.846;492.1143;500.4166;501.5110;
452395.671;525792.015;525929.145;-684.0758;-510.0154;-502.8948;
491028.800;538842.363;538777.727;922.4836;247.3349;250.6088;
485358.895;540299.022;540171.838;-45.0140;917.6991;922.7674;
487281.099;536823.711;536699.477;-949.8095;-434.9891;-437.6875;
481425.048;523733.269;523579.394;475.6884;-581.8120;-583.5011;
443770.794;487064.820;487084.820;-220.3585;238.0873;240.6190;
505994.067;451440.395;450865.615;469.5007;-224.2491;-226.2772;
492215.132;546412.237;546334.460;-82.2938;-225.6879;-227.1751;
448224.029;610216.423;610203.967;247.8494;189.7193;190.7429;
488923.636;595072.793;595193.050;619.3225;336.4655;337.1878;
479952.646;509895.321;509914.985;-499.3322;-464.4969;-461.9398;
588093.583;647102.743;646965.677;-201.9390;258.3893;258.1608;
461774.650;655854.772;655795.641;222.8355;121.8210;121.6711;
722152.009;609808.648;609505.512;-87.7531;-14.5860;-14.9166;
507793.362;558726.387;558577.057;-127.6558;-328.4973;-330.1356;
453753.340;577101.322;576975.951;739.2019;266.1777;270.4187;
471239.164;542659.338;542583.932;449.5574;421.2675;422.8094;
891553.169;464874.480;464866.868;-15.5593;0.2896;0.3059;
454100.572;533802.387;533635.489;-102.2384;211.8821;210.7409;
465060.383;531335.801;531199.064;180.5867;-38.8989;-39.1136;
454711.820;561548.864;561646.697;267.8848;125.9456;124.6375;
668860.696;641991.926;642247.698;312.6795;134.9484;133.2091;
479078.180;575569.395;575394.311;-55.9781;-358.6795;-360.5364;
221928.672;965973.384;965749.818;-82.2146;64.9080;64.8394;
468639.630;536927.305;536860.792;-179.6567;38.0277;38.2690;
474326.526;539237.544;539222.495;-759.2933;213.5159;216.4327;
481368.985;533911.972;533819.294;1006.8764;117.6641;117.1644;
469415.597;581954.902;581779.499;-39.9587;-4.1287;-7.2042;
465423.369;550006.735;550001.848;-316.4662;-259.8032;-260.2055;
405164.959;261610.447;261137.487;5.2085;-55.1448;-55.6215;
494183.271;501167.091;500985.452;441.4279;138.6061;139.2363;
493979.745;539155.705;538993.933;-898.6772;-351.8536;-352.4172;
166184.351;429326.882;428417.842;-138.8977;-73.0924;-74.1377;
163309.710;380052.356;379922.970;-123.6220;134.8952;134.7645;
465348.023;511209.756;511162.485;-590.4949;475.7304;477.0767;
485281.120;601224.551;600657.996;-419.3339;-173.7737;-174.4775;
466574.722;512594.237;512369.282;-502.1154;46.9969;46.3542;
523132.824;410515.807;411630.185;-494.2637;118.1671;115.6622;
454104.323;546657.094;546510.997;-112.6543;-514.0696;-514.8892;
489843.233;533911.202;533801.231;-1145.2031;-937.8218;-935.5314;
503641.208;510135.992;509995.062;-177.1987;150.6783;148.2648;
487624.000;533913.515;533771.162;-740.4849;70.6590;68.5307;
573853.149;327698.575;326643.493;-51.1104;-133.4687;-134.3276;
441502.782;548272.436;548140.299;625.7189;-43.7362;-43.8652;
443816.859;580582.636;580617.485;210.3025;-10.3495;-15.8731;
409683.565;486586.645;486451.308;-531.1376;146.7435;151.7583;
466000.621;530215.518;530057.501;577.3218;-7.3631;-4.0172;
563192.101;478561.949;478214.466;111.0460;478.3442;479.8140;
485531.334;526486.735;526400.617;29.3818;296.0062;294.4699;
498250.792;517232.621;517004.823;-648.9808;3.2961;6.1729;
451056.583;475637.173;475310.315;-217.5668;-272.5775;-277.6523;
274903.550;606234.853;605258.506;148.0599;268.1284;268.6592;
481683.455;540812.097;540758.857;-156.8662;89.8900;87.4258;
490466.838;517279.860;516888.979;502.3406;732.3630;747.2492;
497135.805;550240.967;550159.420;240.0780;716.4990;730.9898;
495860.343;567492.419;567562.145;206.0952;9.6183;9.2323;
410213.044;537453.658;537130.125;-408.2683;15.2866;15.7892;
445027.502;542855.076;542730.785;-608.6100;-376.1914;-377.8584;
550270.768;571342.127;571099.943;-12.2887;-182.5474;-187.0668;
468197.553;535185.061;535075.767;1262.4121;-71.2318;-75.2623;
490780.538;569778.360;569847.782;381.1975;-117.3547;-120.2078;
485883.146;533297.814;533171.327;-706.2555;762.1442;767.5647;
497225.676;528142.396;527940.363;-28.5403;-66.8048;-63.0235;
456970.299;547262.718;547130.891;-600.7700;-318.6545;-322.1214;
420208.069;544817.331;544842.610;-369.4252;-282.8111;-286.8587;
461702.258;499842.080;499348.295;531.6132;179.6008;184.3523;
595852.556;679494.361;679720.476;292.6490;67.4627;67.9836;
475509.817;526224.912;526105.479;361.9383;579.8256;582.5858;
481135.554;532900.529;532793.794;1017.5348;275.0512;275.9684;
111120.753;588003.181;587777.742;106.8882;-95.6363;-96.0266;
481576.474;522006.538;521872.077;443.0524;-405.8700;-409.1483;
434450.756;576527.147;576643.047;-673.2737;-454.8436;-447.6758;
507116.192;547883.951;547729.919;533.5933;-38.0101;-43.6769;
364000.826;500163.168;499921.686;-482.8037;-245.0861;-248.1831;
482753.262;544933.535;544880.176;74.1462;-238.0261;-239.5055;
485163.072;541658.960;541541.381;369.2557;10.1184;8.9911;
439661.059;583770.932;583945.886;-169.9862;53.4155;53.4466;
