# This file was created for the Modelling and Simulation course, RUG (September-November 2019).
#
# Project: Simulate colliding galaxies, using Barnes-Hut algorithm.
#
# Students:
#     Stefan Evanghelides (s2895323)
#     Hidde Folkertsma (s2759799)
#
#     X         Y         Z         DX        DY        DZ
166089.649;565799.033;565798.140;131.6768;-19.3328;-19.3424;
323036.201;452135.180;452135.598;412.1496;13.5339;13.4546;
277591.092;706331.412;706328.630;80.4323;155.9718;155.9678;
215691.722;355794.574;355797.942;-37.0922;-81.1685;-81.1665;
168862.716;670428.256;670449.694;97.3382;1.9393;1.9596;
241545.383;506712.539;506713.280;-482.3930;-174.4214;-174.4312;
294057.489;513005.899;513005.847;490.3744;323.7171;323.6749;
245098.586;461097.494;461100.768;504.8895;-286.1008;-286.0661;
257773.217;501274.572;501275.978;230.2539;357.6240;357.6323;
266914.696;492207.814;492208.048;845.4198;221.4751;221.4864;
319269.127;444207.438;444208.735;353.5700;-366.4868;-366.4964;
258982.330;494622.708;494623.110;83.4171;-723.7114;-723.6970;
255405.660;521323.121;521323.654;750.3083;148.5099;148.4900;
262122.656;494016.285;494018.673;-100.6874;686.9260;686.9155;
259983.162;534763.930;534764.186;60.3693;134.6127;134.6249;
234374.577;538062.730;538063.299;-286.4181;456.0653;456.0277;
279635.971;520218.024;520217.680;-217.6676;77.7121;77.7108;
279464.771;504718.251;504719.473;295.1384;-48.3272;-48.3083;
301313.005;364629.731;364615.999;44.3635;81.8433;81.8348;
263041.581;489420.474;489421.953;-205.0787;-189.9332;-189.9204;
189378.150;217926.056;217921.200;16.5751;-121.4863;-121.4881;
276396.762;465409.939;465412.360;109.8480;39.3911;39.3800;
264988.693;504355.650;504356.449;231.4392;-76.4046;-76.3981;
240586.366;510562.415;510563.290;-135.1510;235.9185;235.9044;
258048.231;511626.629;511627.211;-930.7128;142.9408;142.9725;
220665.360;487661.083;487656.985;316.8472;495.6961;495.7686;
265247.089;502684.404;502685.608;-14.0137;-41.0817;-41.0824;
159027.836;575626.859;575626.877;35.6486;-1.3613;-1.3523;
276320.195;498483.315;498484.269;-63.7336;-15.4109;-15.4001;
273624.079;487791.220;487792.467;341.5355;359.5073;359.4630;
269634.911;514413.851;514414.619;151.3215;224.0092;223.9847;
266667.833;505808.678;505809.193;695.1817;136.7281;136.7273;
312909.651;512360.745;512361.667;532.2170;-185.3866;-185.4081;
241286.357;509633.946;509635.026;524.4496;9.9886;9.9800;
238449.277;509122.495;509123.248;-503.7539;-46.2190;-46.2154;
256249.375;513910.902;513911.066;356.6253;61.7847;61.7877;
239353.224;513567.994;513569.020;573.8661;19.2126;19.2257;
290951.039;534386.309;534387.384;532.0338;-27.5821;-27.5841;
270398.677;521894.761;521895.169;-227.6421;-72.6106;-72.6097;
279757.849;530343.984;530344.313;-155.2320;71.4799;71.4551;
275487.717;501276.630;501276.947;723.5876;-213.4849;-213.5137;
262531.087;514420.844;514422.421;-714.8981;49.1360;49.1505;
267925.302;501924.420;501925.676;-799.6037;-215.4293;-215.4228;
265209.985;504109.795;504110.721;344.2506;-165.8643;-165.8429;
329912.751;451321.684;451317.295;415.3032;4.0075;4.0338;
284155.092;466298.788;466299.733;-53.5013;-91.6127;-91.5985;
223422.082;498629.860;498631.092;106.3846;-460.6428;-460.6575;
368467.004;611027.382;611026.154;128.1051;-73.1882;-73.1811;
194491.271;497816.084;497819.270;432.4818;116.5245;116.5279;
238873.656;499556.028;499556.885;251.8445;260.2829;260.2396;
288537.385;493369.107;493369.570;-675.3530;77.6089;77.6399;
235179.480;501287.331;501288.511;525.3772;-581.8189;-581.8692;
229987.261;533730.635;533732.359;923.1626;24.9683;24.9468;
297954.264;510209.002;510210.746;405.2499;25.9500;26.0023;
261486.147;503551.784;503552.299;326.7150;-240.4645;-240.4818;
191024.061;539622.167;539624.840;81.3191;5.3026;5.3014;
327813.374;455479.925;455480.815;491.1822;-71.6540;-71.6586;
349997.880;604646.366;604647.579;52.5536;-92.7657;-92.7718;
254739.393;507739.091;507740.056;665.2585;-365.3224;-365.2995;
232240.732;518306.897;518308.656;533.2740;-167.9083;-167.9626;
251131.497;505599.758;505600.846;-62.4205;93.8352;93.8417;
256560.066;519212.089;519213.386;-169.6894;-58.7782;-58.7814;
266022.146;501640.348;501640.986;321.1971;-247.3593;-247.3630;
236607.110;502160.752;502162.083;232.7974;-31.0092;-31.0308;
230565.219;528044.016;528044.465;-224.6587;-346.5451;-346.5220;
260491.741;513680.892;513681.889;-687.0173;583.3008;583.2979;
295894.455;522451.795;522451.284;110.9794;15.7814;15.8018;
241071.440;505695.856;505696.777;148.7132;-388.6406;-388.6391;
260938.622;501259.090;501259.675;234.5628;4.1909;4.2073;
253418.359;505147.017;505147.637;-106.5926;-264.8255;-264.7865;
257458.039;518546.697;518547.761;983.1433;346.3305;346.3488;
165761.812;516979.719;516982.080;-56.5537;5.6511;5.6476;
364963.867;461506.230;461507.346;-36.7507;120.0330;120.0352;
265972.389;507616.416;507617.328;56.9249;36.0410;36.0641;
271188.149;505841.847;505842.601;-1091.0384;486.6462;486.6275;
279534.653;478750.165;478751.227;-120.0130;125.0751;125.1052;
281614.987;516135.506;516136.154;648.9474;42.1836;42.1939;
226197.223;514198.887;514199.700;555.2029;95.1378;95.1180;
298712.414;511846.852;511846.284;118.1434;-170.5431;-170.5312;
228585.095;507195.377;507195.964;-601.3463;-90.0342;-90.0052;
282410.848;504948.730;504949.335;182.7213;116.0791;116.0746;
227343.942;530781.149;530782.415;-24.2831;17.6287;17.6293;
255693.219;509986.641;509987.563;-114.7322;-211.6352;-211.6146;
209314.573;501424.823;501428.368;214.7021;196.7368;196.7394;
300229.695;508130.887;508131.799;278.7798;17.3437;17.3479;
238640.026;476436.021;476438.013;-447.7025;195.8669;195.8685;
275423.948;508576.678;508577.099;-497.8686;98.1747;98.2087;
288511.244;514669.499;514670.594;-237.5938;110.6051;110.6099;
236309.537;509146.994;509147.650;246.6954;80.4039;80.4008;
283272.502;501571.526;501572.938;500.0180;341.3334;341.3045;
253590.894;510515.906;510516.968;457.4839;23.7230;23.6951;
232017.033;503043.516;503042.732;409.4387;0.4187;0.4531;
271872.236;500844.946;500845.459;345.6946;-132.1253;-132.1490;
283244.912;488239.055;488241.183;142.1107;103.7817;103.7702;
390987.182;394711.575;394723.692;71.4723;138.0245;138.0306;
255104.872;533488.118;533487.143;-13.0241;334.8762;334.8294;
317102.175;518143.078;518142.959;-215.2665;-39.5429;-39.5225;
248119.521;636480.810;636483.559;32.2960;53.6361;53.6425;
244439.302;510626.498;510627.113;-786.6969;-571.4310;-571.4141;
689956.147;497480.586;497480.779;-302.7322;-150.7360;-150.7209;
739641.389;541719.866;541718.161;34.8871;306.2640;306.2239;
713335.677;477292.476;477294.092;-86.4279;156.7842;156.7839;
733618.040;525561.317;525560.918;477.7417;-162.0804;-162.0572;
687725.918;471308.378;471308.052;-192.0208;-107.3752;-107.3653;
737991.909;516289.263;516288.320;-86.8552;-373.4455;-373.4123;
727731.872;499447.211;499447.353;-472.8612;40.8328;40.8531;
654231.932;512608.523;512608.161;-559.0824;-154.3996;-154.3815;
751659.847;528543.247;528541.846;-702.5236;191.1984;191.1853;
723600.750;494882.419;494883.607;-785.7530;124.8869;124.9050;
833889.307;627238.088;627237.505;-71.6083;12.2098;12.2192;
710129.128;491547.414;491547.684;635.9777;-181.8299;-181.8548;
746737.891;528857.002;528856.197;208.3544;604.9371;604.9330;
739423.550;527483.119;527482.106;-40.5182;115.4665;115.4724;
709949.329;521374.800;521375.273;-746.6271;-87.3754;-87.3237;
741796.696;524104.688;524104.439;-71.8940;907.2249;907.2035;
671733.786;516336.233;516337.632;-571.3704;320.3496;320.3347;
738118.186;519853.258;519852.391;-711.8014;-232.9737;-232.9840;
817096.907;506537.975;506536.330;-580.4337;-67.1543;-67.1455;
700095.681;453323.972;453324.620;-166.6221;-378.3229;-378.2909;
764631.993;477384.266;477385.743;392.3731;120.8725;120.8617;
725291.901;519675.783;519674.431;68.1578;43.7982;43.7504;
690075.641;428456.650;428458.983;-99.0561;-124.9510;-124.9562;
551492.495;340633.543;340621.152;-210.4972;-92.1606;-92.1786;
743807.899;514995.349;514994.552;-360.9105;-117.5201;-117.5176;
794472.841;438828.228;438827.755;-370.9369;340.5178;340.5155;
743245.511;535322.926;535321.336;66.9990;587.7064;587.6524;
663375.412;508880.114;508879.641;40.2676;-72.8199;-72.7965;
716556.685;464015.122;464016.340;24.7670;-260.1135;-260.1076;
794360.542;443391.712;443391.288;-313.4662;106.8421;106.8475;
751540.825;518078.375;518078.171;74.7035;-647.6201;-647.6089;
727636.855;512800.959;512800.672;-685.9989;-167.6865;-167.6199;
720952.519;508660.927;508660.689;51.1780;51.2375;51.2433;
790699.423;622379.811;622374.020;-114.7176;179.6046;179.5952;
730884.034;509070.153;509069.420;91.8397;243.0785;243.0582;
747773.995;510155.868;510156.038;-162.6439;424.5379;424.5206;
668611.127;579977.508;579971.362;-231.3592;39.5774;39.5700;
749727.635;575611.220;575606.475;3.0778;-126.1227;-126.1316;
708309.773;514489.600;514488.246;-637.0546;223.3231;223.3027;
733540.479;527768.823;527767.836;408.3540;258.3129;258.3541;
728464.263;528556.630;528555.159;601.3982;-651.3242;-651.2835;
737554.761;528434.839;528433.283;-400.2781;87.3631;87.3462;
757177.057;512971.622;512970.984;-327.7458;-156.5256;-156.5098;
720609.062;495491.815;495493.384;5.7753;311.7332;311.7307;
651589.334;512447.554;512448.554;-16.6936;164.9383;164.9146;
718271.682;511797.288;511796.625;337.2477;74.2928;74.2894;
734050.595;523186.138;523185.097;605.1008;-578.0913;-578.0822;
748120.824;527029.019;527027.822;-791.9606;-546.2197;-546.2781;
714598.867;507310.140;507310.455;-263.6032;246.1973;246.1900;
739630.837;522157.779;522156.754;805.0343;227.7502;227.7293;
796750.110;463157.589;463160.975;242.1443;-154.2532;-154.2360;
626672.016;389050.967;389051.891;-51.1788;186.8713;186.8693;
716291.268;520327.533;520326.423;-1012.8366;-15.4068;-15.3805;
744677.368;515427.127;515427.093;-258.8947;80.4888;80.5081;
682592.686;479386.667;479386.526;114.2026;-48.1095;-48.1227;
665639.241;410392.960;410394.804;-153.1184;-24.6757;-24.6745;
720193.103;522416.996;522416.262;-89.9300;-726.6761;-726.6400;
740089.461;512087.685;512086.908;382.7108;-108.4463;-108.4409;
736358.794;537704.144;537703.320;-88.9185;422.7350;422.7131;
721509.217;511068.355;511068.055;169.5090;-160.0697;-160.0493;
564004.455;265476.224;265470.304;-180.4221;-102.2970;-102.3044;
730904.673;520699.446;520698.455;-751.6226;397.6237;397.6470;
691907.793;483043.345;483041.370;166.7566;-0.2585;-0.2338;
745729.544;530304.889;530303.367;548.1209;-448.0750;-448.0721;
722143.740;515973.395;515972.435;323.1216;-192.8528;-192.8350;
774252.543;546483.410;546480.471;485.5086;246.6553;246.6321;
749325.809;552121.794;552120.244;638.6636;193.6500;193.6554;
671767.345;521770.614;521769.384;-55.3061;-113.0793;-113.0857;
733587.631;531680.095;531678.825;-219.4011;206.6778;206.6579;
764748.925;503556.177;503554.898;-601.8104;35.4790;35.4754;
737960.233;520958.185;520957.464;-390.3813;-99.3214;-99.3202;
744423.324;522901.055;522899.972;1613.1064;-198.8883;-198.8684;
724902.814;509955.255;509954.809;-203.9164;-7.4935;-7.4967;
731796.928;522047.081;522046.075;-234.0931;-302.4729;-302.4791;
683850.346;484320.282;484318.922;-78.4960;191.5698;191.5568;
733524.612;528845.966;528844.478;374.2629;703.5328;703.4668;
786825.853;446784.663;446785.156;-277.0569;6.1123;6.1064;
685689.702;457350.362;457353.622;-123.9657;213.8876;213.8588;
716560.766;517605.189;517605.226;-55.3004;-273.2975;-273.2719;
748544.270;545495.260;545493.412;149.9747;-0.8455;-0.8339;
735513.581;519603.519;519602.472;-61.1232;-479.1969;-479.2017;
739317.474;525424.706;525424.692;-514.5439;-67.7044;-67.7312;
736577.280;526178.795;526177.990;436.8020;330.6246;330.6538;
753976.968;522969.442;522969.184;-956.7307;-457.2974;-457.2888;
688773.445;446926.620;446930.532;-357.5225;-458.8762;-458.8585;
759038.920;518677.337;518677.112;-125.9835;617.3250;617.2896;
923756.756;536912.239;536904.087;189.0889;-24.6622;-24.6806;
758144.084;513194.117;513192.559;-564.9287;-24.6837;-24.6691;
741399.058;504698.517;504698.159;-434.6332;217.3710;217.3688;
740632.816;518531.090;518530.229;-835.8911;-792.7713;-792.6868;
639241.339;521547.444;521545.623;-326.7266;-187.1645;-187.1328;
725764.446;530524.546;530523.120;760.1634;385.4576;385.4049;
752637.144;513949.537;513948.981;14.7282;-276.4861;-276.5116;
714133.526;523882.681;523881.276;-241.8227;270.7037;270.6566;
877463.784;662824.151;662820.642;154.7895;195.2343;195.2251;
731356.376;511984.929;511984.562;-112.1025;104.1299;104.0941;
716983.925;516244.874;516243.962;-228.7995;419.9844;419.9344;
741927.090;530790.327;530788.914;-502.7761;-85.1381;-85.1071;
771388.412;510495.006;510492.950;-239.1611;-18.1905;-18.2026;
