# This file was created for the Modelling and Simulation course, RUG (September-November 2019).
#
# Project: Simulate colliding galaxies, using Barnes-Hut algorithm.
#
# Students:
#     Stefan Evanghelides (s2895323)
#     Hidde Folkertsma (s2759799)
#
#     X         Y         Z         DX        DY        DZ
455764.671;541153.035;541140.182;-8.3105;-56.6434;-56.4780;
456550.411;553843.542;553838.545;1230.3315;256.5975;259.7238;
619353.673;896917.978;896908.620;108.4408;-18.1228;-18.1254;
369702.534;395101.676;395082.976;133.6540;130.2242;130.1719;
450071.814;549435.282;549442.741;332.9496;-450.7698;-450.9116;
471908.531;524744.621;524695.059;816.0626;235.7748;236.3179;
751022.113;948103.655;947957.507;-98.5617;168.6177;168.5740;
28406.831;554651.685;554609.916;-164.8149;11.8366;11.7570;
614842.369;514196.162;514129.677;-224.6715;335.5163;335.0908;
479398.918;466570.790;466530.058;-449.2048;-157.4472;-157.4224;
274831.380;541243.257;541210.634;138.3226;60.5365;60.6682;
548142.082;533338.571;533294.715;-539.9852;29.6495;29.4877;
589269.520;628908.713;628951.980;-24.9129;210.5219;210.4009;
569420.887;586633.943;586792.114;544.9336;151.9538;152.6022;
429785.899;532864.968;532817.709;-608.8423;-176.1470;-177.6394;
501325.734;566954.465;566940.782;-104.9946;-18.4784;-19.3329;
516683.032;428390.733;428313.490;149.2108;398.4581;398.2956;
479009.821;608584.429;608575.585;-98.8554;-281.2899;-281.2490;
448398.066;539905.304;539908.490;-468.3152;98.4066;99.1436;
456308.299;528860.776;528849.237;-998.6565;-316.8711;-317.6220;
547944.354;540114.294;540051.927;299.4158;-25.7937;-26.0277;
532470.503;588331.546;588287.933;378.1352;287.3960;286.6043;
441549.617;539443.645;539429.447;1133.9741;14.2543;14.1033;
534175.375;432350.516;432265.967;160.3776;180.9521;180.9851;
462619.401;537304.920;537308.726;-176.0738;-627.5427;-628.1364;
509329.620;539938.407;539899.955;-357.7305;78.0370;77.7771;
475393.963;536777.303;536762.987;452.9946;-653.2398;-654.2465;
424414.678;530686.339;530669.821;-539.8260;-299.5057;-299.2737;
441173.789;535082.479;535065.778;538.1097;58.7376;56.7268;
454743.737;531087.259;531053.591;-114.1698;-271.1857;-270.6254;
458383.344;542974.223;542972.412;-86.3034;72.6649;71.0268;
461516.830;545692.129;545672.240;468.1604;190.6765;189.9785;
828369.156;223992.525;224018.010;75.3634;-59.9964;-59.9920;
454559.411;594344.602;594387.326;-325.7460;504.6621;505.1146;
436310.366;535739.483;535687.015;653.3901;-22.4569;-25.4138;
498579.129;540083.316;540080.305;178.6595;315.4864;314.9412;
556183.653;594238.203;594401.807;269.9021;0.2722;0.4036;
454357.869;530170.908;530156.655;-273.1976;-415.1820;-415.4517;
911806.353;510054.017;510404.635;-146.1215;-59.6418;-59.7668;
340499.816;452440.044;452360.644;137.1096;144.4020;144.2878;
529310.210;611164.682;611041.981;233.2203;-40.8268;-40.9677;
533361.121;548050.983;548059.545;87.9295;-136.5719;-137.2925;
435130.414;522651.943;522614.686;-30.9620;247.0039;246.6550;
565535.702;614507.245;614525.367;-373.4188;-287.9612;-287.7100;
444790.767;529523.005;529496.042;237.1443;324.6812;324.7243;
415117.242;572446.666;572460.274;129.0847;342.1398;342.5775;
465403.974;358734.698;358699.752;-42.7779;24.5963;24.8075;
486194.672;543279.805;543288.210;133.3820;587.4371;588.9285;
488378.210;540112.872;540121.812;62.5495;123.5164;123.9423;
745826.919;973521.357;973412.680;67.7559;118.4343;118.3648;
806908.361;161603.004;161624.886;9.3218;-27.3828;-27.3793;
503670.140;537473.072;537447.288;198.7895;-241.9118;-241.6885;
863847.232;642919.311;642853.201;6.1489;87.4603;87.2112;
432952.547;410982.154;410866.365;137.1032;-83.1917;-83.3863;
439284.907;538055.464;538071.170;-1002.9192;-522.2399;-521.2629;
449926.349;551017.089;551039.393;-850.9060;223.2917;222.8296;
386809.550;496224.952;496099.977;-494.3068;-28.7138;-28.4614;
472641.735;559504.573;559484.178;-351.0272;-326.9428;-327.2595;
432992.520;535767.367;535735.077;427.2804;-735.2707;-736.7559;
506874.993;674664.756;674831.750;-224.7151;-136.0298;-135.9715;
453556.437;531758.685;531724.541;617.1024;294.9529;296.0419;
791837.174;471544.696;471392.388;78.3684;-98.9734;-98.8611;
449728.247;528251.363;528186.473;-241.5746;447.2455;448.0955;
947898.505;600789.617;600760.936;86.8468;37.1200;37.1225;
439329.398;543097.327;543092.215;127.6853;-345.6396;-345.8644;
188687.406;385096.361;385000.829;-166.6575;56.0906;56.0108;
96937.470;636651.975;636665.343;-200.4726;73.2374;73.1845;
746530.802;359825.145;359828.943;238.2791;-74.7804;-74.6380;
496263.702;546012.627;546135.983;857.9961;-295.0195;-296.3393;
413718.635;572219.883;572194.660;193.9182;-553.7494;-553.2385;
451536.470;539842.514;539876.095;3.3631;651.7670;651.3309;
249979.982;375171.745;374844.862;-206.0717;-254.7518;-255.4974;
410453.025;548135.167;548133.971;-357.3746;843.2503;844.0483;
374958.692;450854.069;450702.580;-173.3991;-172.1816;-172.8268;
432229.381;535302.760;535284.120;-179.0271;226.8742;227.4781;
362349.810;562074.858;562071.248;-154.5922;256.6060;256.4635;
447071.843;567502.121;567519.990;59.0554;-84.5167;-84.5257;
501591.661;555251.589;555258.781;-907.0214;-89.6414;-89.5687;
358606.916;548396.696;548313.378;263.5026;12.9374;13.0944;
489240.776;630186.351;630161.675;402.1147;-103.2659;-103.4823;
439858.384;541061.892;541059.871;-440.2390;618.7773;618.5793;
666755.413;662579.504;662452.500;-63.8253;26.9652;26.9509;
303495.973;698816.516;698920.543;-450.3741;96.0927;96.1599;
436476.010;539944.385;539949.378;-99.8462;403.7966;404.1305;
847243.692;629357.091;628654.365;417.5706;67.4638;66.4631;
487774.830;518528.811;518507.925;314.0359;-417.4769;-418.3235;
449613.271;539312.749;539292.305;-228.1504;55.8450;55.6708;
447525.029;549873.232;549886.861;-805.8066;-73.0074;-72.8037;
467462.462;549911.696;549916.630;361.0189;-285.1212;-284.9294;
373397.637;485782.884;485799.227;108.7203;125.1578;124.8673;
448188.747;526406.484;526400.940;-1289.5936;-229.0243;-228.4139;
444810.960;532639.397;532637.512;-772.1963;-397.3195;-397.7683;
441419.798;577636.352;577695.340;5.7646;-94.6029;-93.6522;
477454.075;567692.190;567750.817;-285.7092;74.2397;74.2334;
462628.554;523093.846;523094.413;-628.9204;-142.6168;-142.1103;
434084.000;557788.126;557747.569;248.7960;-159.1176;-158.2349;
435652.407;531470.757;531440.677;1147.2731;77.2982;77.6284;
600891.324;534188.180;534216.096;30.3998;-282.4293;-282.2842;
865260.990;515299.027;515277.594;-59.1416;141.1844;141.2934;
433387.134;537357.868;537345.424;-463.9457;-278.3291;-279.6073;
627383.584;484066.333;483856.679;-72.3111;-92.7428;-92.6459;
708898.194;427530.314;427499.680;-60.6322;-101.7013;-101.6785;
446720.455;550674.480;550679.142;688.2580;50.7131;51.0260;
543689.533;518616.494;518651.771;357.2686;498.0113;498.0978;
454759.022;494670.641;494658.342;-535.7216;135.4849;135.2392;
518698.500;557871.050;557855.120;643.7430;135.6886;135.3191;
393674.030;490774.216;490701.177;-213.0081;-56.3285;-56.3960;
528978.756;351040.311;350988.042;-106.4462;-62.1709;-62.1315;
467468.084;526419.365;526402.341;214.8778;-63.4479;-62.8880;
833104.863;480631.169;480594.743;101.2710;-30.9379;-30.9828;
450083.539;516928.280;516872.308;491.8893;-19.1485;-19.2349;
426074.905;562716.394;562716.960;-434.1038;516.0158;516.2161;
452084.397;550864.098;550859.642;206.5350;309.6062;308.9086;
191450.265;363237.623;363221.022;104.1398;46.7974;46.7540;
461929.055;525142.255;525116.839;-242.3205;610.0738;611.2992;
373812.983;810052.573;809951.460;-125.4151;160.4572;160.3524;
436377.984;526004.741;525939.366;771.7978;-418.3431;-419.9283;
492180.888;526419.327;526466.634;618.8912;-380.7363;-380.5181;
478128.829;548097.550;548112.399;514.8230;447.5944;448.1921;
373418.290;518705.205;518574.148;12.3879;-164.1159;-165.3041;
486435.785;544592.639;544581.901;145.6762;155.3744;155.5694;
418664.530;414552.563;414382.346;-41.0773;-176.5521;-176.6351;
484514.646;579086.280;579010.259;-194.9805;97.2895;96.6991;
424232.263;527449.398;527423.399;115.5667;53.9715;55.0101;
480865.253;582300.058;582333.382;697.0671;518.6829;519.6359;
469662.729;322058.813;321983.477;-254.9118;-78.0204;-78.0129;
387758.063;922653.175;922649.376;14.6153;128.8640;128.8566;
485473.536;541537.669;541540.407;-554.7197;-236.1979;-236.6076;
420101.533;556621.952;556616.719;-816.1538;58.4103;57.8708;
461511.824;539862.164;539851.954;932.7088;-103.0698;-102.4029;
801692.981;558591.311;557966.972;89.1132;-116.1107;-116.5759;
424235.802;531392.060;531368.810;498.3254;-401.4253;-401.5247;
442757.585;551720.572;551718.898;-162.2343;-397.8017;-397.4598;
461552.467;543310.973;543305.263;463.5940;-219.3004;-219.4333;
503182.501;547534.988;547576.124;489.7088;460.6892;460.2020;
261503.198;471057.130;471047.291;149.8307;245.7891;245.7070;
381769.488;484976.154;484840.026;-358.3341;-171.0282;-171.0435;
408618.707;556811.537;556819.174;-803.2815;-196.8604;-197.4420;
443532.973;512580.499;512527.942;-812.0732;465.5020;464.9388;
457533.567;542888.162;542905.080;-1208.1363;-228.0756;-227.8151;
209541.928;271332.974;271337.248;201.1885;-40.0788;-40.0755;
492281.806;559411.714;559435.561;304.2775;119.2119;118.6862;
471761.449;542289.815;542287.251;1363.2252;-130.9336;-130.7405;
452144.365;514820.429;514796.604;162.8477;-326.5485;-327.0171;
591286.885;752142.687;752159.966;130.0893;-205.6573;-205.6728;
449468.495;541910.833;541910.195;-659.4343;163.4612;164.2410;
396571.441;551237.721;551194.086;855.9236;-157.5317;-156.6636;
424145.292;540454.733;540488.565;-0.0142;369.2059;369.0662;
451246.018;543858.877;543860.841;280.7383;347.4516;348.1945;
442783.243;541357.073;541366.065;-384.9558;-165.9285;-168.2112;
466615.881;527641.066;527601.448;263.3544;-122.1401;-122.0225;
312236.852;660689.645;660747.491;14.5547;64.5078;64.4044;
473922.628;541747.119;541734.444;587.5498;58.6638;58.5970;
461774.762;555499.268;555499.164;-176.6457;140.6017;140.9967;
451862.873;533794.556;533773.924;-187.0170;-138.8046;-139.5914;
474107.666;542159.139;542147.533;94.8914;70.1423;68.8476;
456713.939;545897.000;545907.457;96.5349;627.3831;629.4998;
438587.412;492967.832;492913.144;652.5649;28.9373;28.3511;
565307.218;474683.347;474664.970;28.1292;113.2732;113.3087;
291535.710;339812.805;339620.854;-193.8705;-337.4623;-337.9680;
665657.999;527530.813;527361.354;-65.8916;-110.9135;-110.9848;
474196.420;549561.814;549583.719;-328.9589;166.1155;167.8126;
434699.073;551357.899;551367.838;-81.0598;-298.1709;-298.3795;
484077.124;363171.332;363130.632;116.2906;257.0638;257.0038;
450005.465;557311.673;557316.436;-716.6333;207.3910;208.2691;
446341.739;563405.061;563402.169;-731.2541;-39.4323;-39.5927;
469583.612;556189.215;556173.129;351.6008;138.6619;140.7861;
452750.554;590625.555;590688.544;-234.6990;224.8687;225.1199;
462366.719;549880.754;549919.905;-567.8957;-120.2665;-118.9328;
460310.187;536307.338;536283.568;-1116.6350;55.2786;56.1544;
478080.138;550375.798;550376.608;-274.3343;-18.9220;-18.4842;
