# This file was created for the Modelling and Simulation course, RUG (September-November 2019).
#
# Project: Simulate colliding galaxies, using Barnes-Hut algorithm.
#
# Students:
#     Stefan Evanghelides (s2895323)
#     Hidde Folkertsma (s2759799)
#
#     X         Y         Z         DX        DY        DZ
209065.949;502167.323;502167.035;-286.7123;402.5800;402.5855;
171906.443;585665.729;585668.313;-88.0358;222.0213;222.0462;
194625.672;467468.608;467468.497;224.5614;358.3398;358.3465;
200070.241;510143.074;510143.666;558.5025;-144.9094;-144.9270;
222620.786;542888.791;542889.178;-164.2035;470.3652;470.3606;
219535.265;493916.674;493917.143;31.0391;-501.4544;-501.4406;
202111.570;507020.875;507021.524;530.4181;869.6407;869.6176;
195308.122;488903.141;488903.798;179.0362;459.7813;459.7877;
180889.506;495839.003;495839.901;-250.2718;258.1878;258.1987;
198638.527;442837.020;442838.265;-90.5120;-43.0552;-43.0433;
190629.571;454192.333;454191.923;-370.1761;75.8814;75.8845;
119553.328;494306.264;494307.084;92.0772;28.8222;28.8326;
205726.125;495851.892;495851.986;531.9171;393.7623;393.7500;
156548.861;495430.576;495431.445;9.8071;29.2126;29.1969;
199324.817;567202.123;567202.439;204.5918;110.1761;110.1791;
200781.135;543145.196;543145.414;-458.4071;127.1405;127.1505;
222201.850;467137.644;467137.493;51.1072;-59.3017;-59.2995;
212590.595;526128.621;526129.498;-536.4444;-103.4097;-103.4342;
250180.544;442381.800;442383.139;268.1714;-310.6872;-310.6709;
215310.668;502904.233;502904.616;281.1941;-83.0235;-83.0263;
211813.408;410955.428;410953.905;-81.7021;-399.9167;-399.9251;
209843.589;481600.060;481599.785;165.4339;-127.4819;-127.4792;
203906.772;495046.730;495046.906;-475.6930;-87.2189;-87.2150;
195718.176;510006.899;510007.157;122.5580;-868.9387;-868.9461;
217880.957;502145.234;502145.279;-231.0673;-571.3406;-571.3385;
254714.940;439006.525;439008.764;-75.5395;-306.4016;-306.3988;
189941.628;496470.137;496470.373;713.0642;-269.2621;-269.2318;
245907.264;404857.606;404854.155;5.1805;152.0754;152.0719;
210725.669;543314.611;543315.334;319.9952;1.8077;1.8064;
223466.091;489859.610;489859.879;-594.5530;358.4728;358.4879;
216674.389;497538.357;497538.937;289.4504;-126.0963;-126.0979;
202450.101;495543.172;495543.724;55.5182;300.1754;300.1691;
190674.583;462188.558;462189.615;276.1945;111.5655;111.5574;
206396.146;504183.578;504183.681;-734.7887;466.5747;466.5597;
211947.259;492802.163;492802.508;-198.4349;-98.6805;-98.6884;
200621.037;502624.238;502624.707;-355.3244;408.5524;408.5449;
192471.093;504059.165;504060.354;468.2760;514.6984;514.7144;
226877.162;479395.072;479394.697;18.0971;-429.3342;-429.3149;
223972.485;479868.179;479867.862;-320.5882;117.9107;117.9077;
178967.587;496999.528;497001.008;-626.4747;-284.7878;-284.7538;
208298.042;500470.886;500471.917;197.0180;-48.0729;-48.0556;
197806.562;513403.123;513403.867;619.6832;598.7624;598.7568;
212205.137;491832.305;491832.879;102.4768;-270.6298;-270.6271;
215579.137;490498.612;490499.114;334.9855;-30.2275;-30.2148;
171681.239;580998.856;581001.509;-104.6957;274.5123;274.5315;
195039.974;544035.858;544036.707;175.5859;-85.6791;-85.6779;
215356.624;495777.005;495777.557;-249.6949;77.8975;77.8880;
200512.327;529723.886;529723.917;315.8161;397.2499;397.2384;
214700.219;499667.409;499667.958;-78.2764;535.0437;535.0434;
203304.352;501238.434;501238.774;-153.0113;-341.7235;-341.7270;
192817.607;538827.943;538828.770;-53.7977;-272.8038;-272.8100;
155768.842;533301.712;533301.634;-354.9559;-100.9479;-100.9490;
246243.112;485007.161;485008.817;-619.1725;122.4607;122.4520;
260465.224;484333.818;484334.391;358.9354;-140.5740;-140.5835;
186976.413;513224.307;513225.585;253.3212;-415.4966;-415.4941;
218032.395;504249.055;504249.482;346.0632;-328.7642;-328.7567;
190444.229;494254.186;494254.630;89.5364;-469.4875;-469.4809;
170910.190;585390.406;585392.973;-16.9318;310.3239;310.3199;
215044.346;438301.802;438300.238;-227.6951;391.6660;391.6704;
197252.175;504414.336;504414.562;-546.6852;-165.0575;-165.0590;
193942.870;497996.168;497995.229;218.7141;-639.9477;-639.9657;
187819.206;501724.311;501724.788;174.8906;-224.9217;-224.9064;
203693.111;501405.306;501405.732;208.9617;-121.5833;-121.5781;
183957.887;515061.608;515062.181;-188.7077;-152.6442;-152.6409;
218672.478;489008.622;489009.053;196.5394;152.4509;152.4433;
240912.605;483411.206;483411.889;77.5994;-20.5567;-20.5547;
173675.103;527894.405;527894.607;-607.7577;52.3777;52.3740;
214020.658;480170.898;480171.204;313.9919;-26.5608;-26.5725;
212550.391;525181.701;525182.534;-13.5792;358.2576;358.2760;
202050.472;497031.759;497031.948;-312.8354;-96.8074;-96.7902;
195379.651;503859.931;503860.459;-564.6681;20.7198;20.6946;
210100.406;542975.021;542975.142;168.9335;194.6325;194.6508;
206942.344;490485.888;490486.014;159.7157;444.7902;444.7677;
189482.063;507555.987;507556.718;-40.2923;-598.3824;-598.3796;
209104.640;491802.597;491802.841;389.7596;13.8750;13.8597;
197342.175;447392.984;447391.879;170.0181;161.7317;161.7256;
153469.798;511542.728;511543.602;-235.4485;84.0210;84.0257;
209952.339;462764.080;462764.899;-160.1526;-53.3431;-53.3392;
203650.573;491045.582;491046.181;-102.6408;-226.4894;-226.4875;
208120.561;475083.982;475083.521;-216.1286;224.6690;224.6735;
207374.281;505537.395;505537.656;-490.4859;-28.4863;-28.4931;
220655.741;483003.825;483004.318;-9.9806;51.4899;51.4905;
208431.164;520615.349;520615.634;449.3137;59.6464;59.6389;
204231.387;496734.659;496735.051;-345.4284;-8.4635;-8.4594;
191484.319;490483.422;490484.206;309.2237;632.4140;632.3974;
211398.618;502985.303;502985.755;154.6756;-402.0867;-402.0837;
212142.074;504097.542;504098.135;1358.0616;-207.0799;-207.0794;
203101.490;493678.794;493679.278;-157.3061;352.8040;352.8060;
213029.694;496890.398;496890.328;-48.5033;-135.2946;-135.2828;
191886.377;510587.345;510588.030;360.1055;-363.9747;-363.9666;
231064.858;463371.551;463371.384;-5.1409;-7.4723;-7.4842;
203949.842;501920.374;501920.795;116.8091;-140.1799;-140.1694;
224187.902;514735.681;514736.806;519.3240;472.6419;472.6665;
187827.226;512852.793;512853.251;699.3570;-460.9789;-460.9664;
192980.299;494430.606;494430.209;129.6054;-480.2582;-480.2626;
209922.062;450441.783;450442.265;404.6793;-486.4576;-486.4859;
179038.270;488583.679;488584.813;-246.1557;-240.5525;-240.5601;
207262.062;541080.027;541080.470;-295.1411;386.3042;386.2990;
191950.195;474392.949;474393.644;218.5320;275.5083;275.5194;
248784.995;518851.009;518848.785;-50.9351;284.0743;284.0797;
817638.275;539880.619;539879.387;111.9997;58.0503;58.0485;
752295.473;474801.931;474802.082;-216.3536;222.3015;222.2897;
764386.465;446029.708;446030.204;-287.2467;-151.4411;-151.4367;
761293.590;496505.892;496505.575;-120.7198;163.6125;163.6027;
789991.012;456363.185;456363.407;-150.0126;-83.3925;-83.3790;
796408.864;540749.146;540749.524;-87.0082;109.6150;109.6219;
764756.253;476383.208;476383.080;-82.0156;-245.9023;-245.9362;
848432.876;563784.580;563783.477;-335.0518;215.5315;215.5318;
785234.459;501551.611;501551.340;542.4296;-195.7456;-195.7458;
743839.372;489325.020;489325.071;-186.6419;300.4095;300.4163;
833729.893;554504.587;554503.731;94.5543;197.6601;197.6547;
713194.312;472886.646;472887.771;-386.1244;-90.5951;-90.5935;
821352.545;519258.697;519258.415;104.5693;320.1781;320.1589;
791514.795;502549.121;502548.786;139.0341;-126.4021;-126.4040;
737937.089;439195.872;439196.250;133.1799;37.3076;37.3077;
795545.612;504859.123;504859.670;-627.3476;-130.2664;-130.2367;
801597.822;521277.060;521276.128;-52.7861;-338.1685;-338.1637;
773255.317;537364.808;537364.608;134.2449;76.5939;76.5968;
778666.308;477809.639;477810.049;-16.5656;-487.0150;-487.0187;
820831.327;542048.870;542049.685;83.5539;310.2286;310.2254;
830231.020;539924.233;539923.156;-594.9123;227.4880;227.4804;
788796.708;514900.656;514900.922;970.7334;521.4431;521.4508;
759659.790;475492.090;475491.225;-33.5435;61.7281;61.7055;
840500.316;563177.362;563178.021;-210.7397;-304.8426;-304.8604;
795187.235;498833.710;498833.778;-168.8626;-133.2846;-133.2815;
856921.906;449742.733;449743.061;283.8362;-330.0031;-330.0005;
750273.711;478527.861;478528.788;-363.7620;-250.2103;-250.2035;
828314.984;544962.258;544962.287;-297.7499;80.3451;80.3417;
737067.283;445687.712;445688.581;-389.2165;-175.9594;-175.9546;
830877.996;482367.470;482366.799;428.5347;-258.9279;-258.9280;
784685.945;507727.667;507727.379;-542.3838;111.3079;111.3055;
791552.841;514195.487;514194.628;-190.9843;-293.3904;-293.3937;
822078.500;509499.613;509499.643;-392.8319;-386.4489;-386.4513;
763639.556;470747.383;470747.526;62.4722;-27.2958;-27.2876;
793650.423;513629.218;513628.757;-61.0748;-98.3700;-98.3630;
788813.493;516826.506;516826.092;-144.9466;-132.0746;-132.0554;
709397.507;472474.236;472474.157;-101.6512;-56.8490;-56.8562;
748046.801;543625.721;543623.866;312.2039;-239.6808;-239.6748;
794657.734;509791.863;509791.484;-446.5404;-17.6205;-17.6048;
801062.914;524316.402;524316.385;129.2510;512.7802;512.7911;
735457.921;575429.496;575429.526;-15.5461;29.7329;29.7345;
789009.367;502931.950;502931.942;-521.1960;-219.3822;-219.3756;
789317.687;519340.219;519340.201;-266.5506;276.6011;276.5998;
817826.718;531318.491;531317.676;-338.3782;-184.3441;-184.3405;
834587.782;566587.942;566586.891;-16.0289;333.0581;333.0348;
789632.247;496969.423;496969.638;840.6780;111.5513;111.5559;
793210.182;521758.695;521758.447;105.9925;372.7656;372.7552;
822850.755;537174.929;537175.316;364.8942;324.4234;324.4341;
789712.284;546225.481;546224.792;194.3292;47.0782;47.0783;
763676.960;497208.431;497208.235;-290.6076;369.8749;369.8741;
797026.082;473923.812;473924.129;346.3140;257.8237;257.8316;
730071.967;418814.198;418813.198;-276.9511;-376.4833;-376.4922;
797481.772;494053.980;494053.912;419.0510;136.0413;136.0377;
794781.246;515758.633;515758.353;-726.0928;-0.0981;-0.1000;
750102.340;436419.036;436419.109;-424.9397;22.5729;22.5571;
821716.697;544430.418;544429.765;-167.3345;130.1319;130.1318;
786373.086;502596.728;502596.454;-832.6278;348.4519;348.4641;
813707.382;513753.594;513753.269;229.0509;-46.4626;-46.4574;
790553.735;503694.077;503694.144;-402.7658;-709.9170;-709.8967;
770907.359;504830.871;504830.777;-440.5280;38.3413;38.3384;
737041.629;442895.347;442895.634;-274.4053;-395.7674;-395.7657;
780501.338;499153.225;499153.233;176.9970;89.7813;89.7652;
791788.281;486159.031;486158.757;218.8767;266.7413;266.7163;
782815.022;502948.090;502947.773;544.8015;-61.3124;-61.3096;
789103.483;507578.537;507578.703;155.7089;655.1359;655.1472;
920552.303;508840.749;508843.613;334.4383;101.9561;101.9652;
783353.905;433633.536;433631.821;-21.0207;-309.9795;-309.9923;
773754.163;507079.269;507079.147;126.8749;695.9884;695.9871;
806845.320;493856.002;493856.202;205.6281;-320.1316;-320.1109;
784998.746;503807.601;503807.539;-67.5630;-48.0482;-48.0441;
802740.064;526320.028;526319.485;313.3918;-328.9548;-328.9413;
785488.809;528093.756;528092.989;-230.7394;-143.6673;-143.6671;
696787.445;451533.093;451534.165;-577.4850;-71.2019;-71.1955;
809652.258;512146.224;512146.127;189.6786;-399.0742;-399.0547;
782510.233;518779.010;518778.639;339.6310;132.9362;132.9441;
835892.618;572011.433;572008.888;295.1605;350.2637;350.2420;
783233.212;512078.102;512077.807;-585.1561;-6.5123;-6.5052;
845367.976;488267.533;488265.010;294.4043;-84.5234;-84.5350;
737251.578;562211.236;562210.484;-205.8755;273.2394;273.2331;
753957.453;484646.218;484645.718;380.0287;313.2496;313.2407;
803546.252;506411.948;506411.957;-155.7199;233.4645;233.4600;
794625.184;505831.489;505831.646;-465.0339;-363.5016;-363.5135;
812253.707;522053.018;522053.270;657.8952;55.8571;55.8773;
789637.953;503586.991;503586.658;-225.3721;-343.8006;-343.8131;
742613.847;507578.061;507576.825;-552.5056;-270.3765;-270.3841;
862631.674;578379.050;578378.275;179.0832;203.8000;203.8011;
754001.695;503407.782;503407.315;580.1001;-26.4395;-26.4288;
737171.432;447663.057;447662.740;-234.9599;-52.7445;-52.7491;
836658.032;546834.984;546833.791;123.5620;93.6045;93.5950;
816241.766;510659.245;510659.316;-498.7430;-60.0799;-60.0759;
793037.240;521402.496;521403.593;605.4076;665.7212;665.6441;
822133.638;497179.856;497179.463;760.1623;-456.3769;-456.3743;
772333.472;504546.342;504546.101;-213.9878;-447.3321;-447.3120;
788429.947;506951.884;506951.817;-601.5486;-34.4662;-34.4753;
787093.646;491493.348;491493.656;716.6006;24.0475;24.0574;
755215.280;397149.894;397153.358;18.4941;133.2625;133.2686;
793207.203;511778.207;511777.934;-290.4073;-85.7352;-85.7346;
791708.828;505630.143;505630.347;-290.9147;12.8842;12.8707;
754539.846;477110.621;477111.024;328.9889;118.1254;118.1220;
820405.900;545978.726;545979.146;-89.9931;73.6009;73.6148;
