# This file was created for the Modelling and Simulation course, RUG (September-November 2019).
#
# Project: Simulate colliding galaxies, using Barnes-Hut algorithm.
#
# Students:
#     Stefan Evanghelides (s2895323)
#     Hidde Folkertsma (s2759799)
#
#     X         Y         Z         DX        DY        DZ
474556.793;535451.704;535457.847;64.0483;147.1904;147.2999;
482575.589;565812.500;565823.470;-70.9729;-153.5663;-154.8297;
558976.568;900806.589;900798.131;112.9876;4.5552;4.5541;
306348.276;339664.142;339665.298;100.1885;76.0789;76.0528;
467587.710;546857.832;546869.922;75.6011;-524.6165;-525.9459;
478608.080;551583.110;551577.772;-758.6591;404.8160;405.4418;
795624.389;854725.634;854612.354;-65.2065;181.0905;181.0211;
154894.225;547106.555;547109.548;-316.6880;17.4279;17.3454;
615188.965;384208.112;384252.428;149.7088;139.0354;139.1611;
389596.934;570180.056;570127.557;201.6934;290.2152;290.1817;
359595.521;513521.635;513456.586;-592.7845;14.1427;13.9158;
464233.977;491491.120;491447.326;-333.9417;116.5711;116.8251;
317319.492;581039.943;580977.924;114.5356;-122.4750;-122.4548;
318941.961;398152.083;398102.863;188.3674;192.0241;192.2736;
463624.385;536365.708;536329.107;1238.0146;85.1861;85.9534;
494497.498;546329.395;546336.915;-740.3887;-104.2291;-104.2317;
436943.505;272513.839;272483.692;139.4687;200.2481;200.2353;
513401.960;693680.966;693657.463;-44.7049;-76.2896;-76.2777;
454225.974;539364.100;539369.111;-161.0925;58.2383;58.5712;
483738.068;528003.007;528002.959;-138.1131;-200.2595;-199.8475;
423965.373;493109.010;493119.100;-663.5092;-246.5573;-247.2182;
360881.667;517151.915;517139.451;-243.9183;-27.6376;-27.8717;
474294.749;532954.891;532948.785;872.2880;-131.7042;-131.9204;
418815.196;377446.278;377388.053;220.4588;27.4188;27.3219;
461952.778;534658.078;534655.136;-228.2704;-541.8839;-541.8847;
508065.828;542939.690;542912.996;-220.6076;-39.9339;-40.1023;
453609.525;545410.361;545416.436;-341.4946;140.5843;140.9003;
493252.529;540594.157;540592.361;-651.8923;-159.2456;-159.6122;
424211.582;531320.661;531321.296;73.4483;5.6056;4.6699;
466393.763;527308.341;527297.545;-206.3718;-136.9004;-137.0325;
437356.940;517861.325;517870.579;-25.3888;69.4517;68.8586;
429019.221;527397.446;527409.033;-178.4515;41.7753;41.2923;
781554.835;260349.324;260371.443;97.4674;-74.7760;-74.7680;
337137.594;407777.662;407750.237;285.7485;26.3370;26.1304;
415378.062;519497.664;519428.074;377.1310;-98.5719;-99.0234;
483791.676;491816.901;491813.092;332.3787;-240.4942;-240.9142;
311026.157;383641.719;383600.306;96.9846;163.8284;163.9337;
468926.610;531184.400;531179.555;-270.3132;-492.6714;-492.7986;
942978.683;544855.184;545125.080;11.8343;-66.8916;-66.5074;
321672.919;407879.380;407850.042;-133.0809;74.3535;74.3035;
461316.146;551144.227;551146.859;973.1182;-410.9702;-409.3445;
442692.795;443783.573;443785.620;-102.7027;154.3221;154.2893;
727204.861;986483.145;986428.479;-40.6182;153.1129;153.0906;
499759.569;536166.695;536166.595;-966.6981;-266.5954;-266.0475;
707259.661;687543.483;687526.034;-163.2496;-48.9285;-48.8294;
484628.619;534732.197;534730.578;-128.2069;106.1100;106.4929;
483176.438;505421.888;505410.763;-242.0033;-420.5054;-420.8078;
506476.864;365748.971;365704.630;-17.6077;-122.3640;-122.4495;
496947.570;527391.453;527383.502;486.6269;567.1778;567.9347;
445849.206;547213.043;547204.461;448.3066;-106.5261;-105.8487;
705775.522;893662.927;893587.859;83.1999;171.6369;171.5741;
791852.584;189397.039;189415.618;47.9350;-75.9293;-75.9208;
407415.864;519197.122;519205.543;-334.2869;51.2271;50.0936;
987008.690;533564.988;533425.861;71.4874;-8.2068;-8.3537;
843934.094;590643.027;590615.676;63.9900;97.2348;97.2248;
403108.431;530313.971;530324.043;-260.2619;-376.6720;-376.8089;
458180.158;521862.975;521866.917;-238.9799;-39.4770;-38.4609;
460405.530;552731.215;552722.288;-822.6488;37.7203;37.9403;
439649.511;535741.222;535746.721;-673.8288;-502.0721;-502.5958;
454569.629;529868.610;529865.422;124.9284;537.2483;537.3673;
492078.989;518736.605;518714.925;-46.6073;45.6740;45.7151;
591613.741;666379.119;666407.121;-68.0702;149.0680;149.4479;
483218.147;542415.153;542430.874;-436.7323;-47.2724;-46.9017;
709857.782;533115.579;532950.425;251.5844;-119.8888;-119.9778;
513576.219;500027.606;499940.964;-93.9910;-80.2552;-80.6632;
883201.347;578951.126;578916.044;154.0643;43.7040;43.7057;
456331.351;561228.419;561204.257;329.3930;-346.3253;-346.3913;
291765.916;361634.891;361593.731;-214.5930;20.1332;20.0144;
242642.333;585950.862;585987.550;-362.3169;120.1152;120.0931;
593439.643;417893.343;417852.117;348.0506;-145.2088;-145.3725;
442299.121;531561.620;531554.243;1136.8348;192.3309;195.2688;
496925.088;565516.346;565553.633;45.3886;682.5955;683.1856;
495583.565;544269.640;544307.881;488.8977;230.1345;228.2951;
527253.154;550550.016;550481.525;-965.5785;22.1455;22.4807;
531544.128;571943.441;571952.433;618.0497;202.3874;203.0276;
473336.080;528668.015;528661.612;1673.4376;-155.3358;-154.7581;
488580.153;527090.939;527103.961;866.0693;-244.1575;-244.3429;
473912.840;594546.683;594537.218;259.4391;192.1651;192.1789;
483022.011;544653.934;544658.942;796.8348;-168.4315;-168.5763;
393440.954;543606.466;543589.861;693.9066;-25.5863;-25.7921;
373566.322;548593.577;548577.482;-273.7007;16.9432;16.5766;
481145.475;473470.945;473461.649;-779.6521;203.6143;203.5800;
475540.915;554851.446;554857.951;259.6858;4.1853;3.7560;
766750.602;612937.657;612815.218;571.5349;126.3235;125.8961;
679663.741;636867.647;636769.551;15.0129;68.1592;68.0789;
561147.154;552741.726;552715.068;-278.8699;519.3679;519.6032;
463104.787;543529.904;543544.458;555.5106;-88.2047;-88.5690;
546597.604;564327.858;564389.040;971.3257;255.3645;254.2371;
535441.956;558562.083;558524.337;-76.9662;-227.7772;-228.1860;
465070.071;534964.570;534978.525;89.6706;-245.6822;-245.4968;
464445.565;544325.014;544335.522;-38.7969;-240.3403;-240.8832;
468693.771;524365.676;524359.651;-234.2475;136.7242;137.0403;
531967.812;608530.397;608617.081;-189.9030;-174.6361;-174.3486;
23344.756;668981.366;668970.234;-346.7109;136.7765;136.7485;
450384.832;550200.818;550226.080;576.7990;-116.0356;-116.1205;
469654.824;538013.826;538016.436;-540.1517;-93.3371;-93.2026;
440947.343;533884.948;533918.130;-740.9699;562.5745;562.4637;
503069.216;531195.233;531172.808;-627.4052;-177.6875;-178.4126;
454670.133;523735.983;523706.635;-790.5852;630.2117;630.2600;
452837.539;518140.819;518099.405;208.5103;652.6887;654.2510;
465530.438;534906.317;534905.698;392.6187;477.0962;476.9305;
471430.071;467797.869;467772.430;-532.4026;68.2177;68.4586;
988085.841;701290.831;701088.176;261.4133;-6.0497;-6.2703;
864966.689;446714.671;446685.669;64.8602;107.2870;107.2741;
462445.882;533406.412;533413.109;753.7382;207.8371;207.4997;
625214.146;543919.334;543810.067;87.4047;-121.0714;-121.3842;
696927.177;501871.484;501825.756;120.1133;-171.0175;-170.9793;
470691.679;530868.217;530873.393;-1097.1492;288.1332;288.3290;
358688.493;592004.652;591979.619;-283.6700;-296.6667;-296.6485;
590655.951;600243.191;600248.795;88.6252;-224.2213;-224.2219;
357661.290;497198.952;497098.756;-177.6151;-23.4803;-23.9512;
498400.440;641704.004;641599.953;75.0079;40.2070;40.6839;
554384.377;414197.669;414136.951;-20.4535;-166.9179;-166.9664;
450928.629;523458.112;523450.523;724.3849;-50.3385;-50.8809;
762670.760;501163.979;501137.243;162.3407;-44.3246;-44.3231;
496821.800;569083.565;569093.271;-196.9110;332.4948;332.1739;
460606.732;571777.555;571763.163;431.4195;-75.0479;-74.8033;
465846.599;526198.425;526204.467;699.2878;-243.7131;-243.4755;
162180.428;353178.505;353170.802;6.9819;-3.3680;-3.3806;
472176.630;519246.002;519261.027;238.0537;-613.1528;-612.9492;
449474.108;700580.508;700544.791;-155.6962;257.6186;257.4821;
481073.719;567027.091;567014.834;-739.5529;-137.9802;-137.0824;
462575.272;568623.747;568609.783;424.0582;-525.5157;-525.4194;
484704.376;536051.572;536053.993;696.9661;-300.5419;-300.1353;
520659.522;495351.121;495350.467;410.6064;-120.3615;-120.7837;
438948.485;547251.250;547253.070;254.4916;20.5669;20.5403;
484254.774;571750.618;571760.447;-316.1676;-289.3244;-289.1500;
524968.287;508973.492;508956.259;99.9878;90.9568;90.4274;
496607.353;531022.458;531008.737;-435.6558;316.3075;316.1074;
430456.120;467700.458;467622.358;-140.3643;-362.7886;-363.4127;
576234.258;418086.323;418037.701;-104.1443;-280.7126;-280.7859;
381320.371;847715.952;847715.960;7.9715;147.7310;147.7243;
453891.073;527773.446;527775.097;354.4433;-147.1026;-147.1170;
452654.712;542698.346;542719.004;-856.0740;700.8578;701.8838;
469543.705;533721.369;533720.576;229.4691;349.5291;348.9812;
686226.446;616282.172;616087.255;365.7722;-77.2835;-78.3912;
492352.545;602996.352;603014.925;-251.7212;126.5523;126.6707;
456593.000;536159.928;536168.709;-867.6432;451.9850;452.9199;
462411.598;520682.361;520673.223;456.5431;-150.3831;-150.7568;
479010.540;568634.241;568689.856;-368.7666;-22.4686;-22.5758;
229742.443;355025.788;355039.412;-9.6848;182.4052;182.3914;
441805.515;487856.608;487780.851;211.1206;148.0236;148.3290;
484940.977;555083.598;555091.005;-95.1339;863.3516;863.5775;
451708.883;578310.720;578320.219;689.3203;218.1715;217.6331;
464610.289;534841.490;534851.580;-340.3966;-432.3925;-432.8788;
120689.770;312536.336;312535.636;119.0174;-110.2532;-110.2400;
417762.443;499541.350;499503.493;-8.6123;66.2194;66.0801;
493360.733;526532.985;526522.527;750.9835;116.4075;116.9573;
477836.206;549252.030;549260.928;-592.5734;284.7078;284.4918;
503634.004;820895.852;820916.242;175.9480;-56.0418;-56.0372;
475419.441;529725.736;529719.650;-91.4747;324.7962;325.0470;
575810.938;568500.681;568426.687;-256.3920;-198.7438;-198.7504;
476790.448;515706.263;515664.245;-501.6939;370.6455;371.4539;
483203.070;530651.792;530638.573;208.7422;-6.9866;-6.8200;
421968.482;523326.252;523270.253;100.6532;30.9282;30.2159;
474688.246;545331.009;545331.128;297.4744;-350.1993;-349.8987;
440399.456;538350.417;538359.352;-1158.8019;649.2585;650.2747;
489856.509;535350.433;535344.487;54.2889;219.0736;219.9167;
463432.460;552151.238;552168.633;-357.3337;133.0172;133.0175;
465143.059;525947.992;525949.524;-269.5245;218.2278;217.3918;
476857.065;537780.304;537783.535;-1036.6631;-154.7948;-157.1875;
462701.698;530404.396;530409.544;-701.6968;-764.2296;-765.4588;
497364.930;510537.761;510551.647;580.9837;483.5859;484.1273;
461321.405;596543.609;596575.235;-296.3503;-222.7972;-222.9852;
501369.537;560548.712;560509.805;-946.9743;-61.9624;-61.2794;
639942.444;586807.850;586724.706;169.4502;-100.1407;-100.3572;
462403.182;543997.123;544000.904;-373.5651;-77.9270;-77.3041;
486359.546;521385.436;521393.665;709.5697;452.7478;452.5761;
416585.184;351977.160;351912.761;58.5316;-149.6548;-149.6382;
436047.688;534854.279;534848.942;258.5944;-364.8829;-365.5819;
458887.610;536134.487;536139.279;-541.6392;340.8936;340.8861;
453410.882;529637.753;529644.617;739.4106;525.5075;523.6108;
440095.447;531959.938;531939.856;447.5644;-54.0688;-53.4775;
434527.356;517570.987;517578.149;-90.6595;79.7986;79.9731;
456000.835;525088.788;525099.223;-219.3710;-654.6558;-654.3610;
452223.294;525865.256;525862.349;-176.1201;54.0005;53.7482;
