# This file was created for the Modelling and Simulation course, RUG (September-November 2019).
#
# Project: Simulate colliding galaxies, using Barnes-Hut algorithm.
#
# Students:
#     Stefan Evanghelides (s2895323)
#     Hidde Folkertsma (s2759799)
#
#     X         Y         Z         DX        DY        DZ
455991.418;553258.933;553207.013;346.4881;-105.3855;-104.5530;
467895.305;529026.984;528934.938;-353.6387;603.2815;608.2281;
715161.289;862595.994;862582.186;88.7430;-53.2776;-53.2844;
424503.385;677950.824;678297.466;-117.1159;313.4125;314.1820;
452268.301;547192.634;547163.971;-499.0241;-316.2054;-320.0103;
474268.336;559907.909;559846.420;-85.3620;-337.2731;-338.4379;
358841.676;442716.575;442279.134;316.4203;-95.7804;-96.2605;
329768.003;632046.978;631672.968;280.0615;177.0200;177.3459;
640175.366;535121.199;534831.490;-143.7881;12.5659;11.6268;
438717.514;669785.092;669864.187;-212.1760;14.9551;15.1922;
614690.810;429271.452;428866.244;212.5879;-12.9765;-12.7082;
372311.054;494824.891;494368.756;-399.6048;-227.8631;-229.6229;
480518.415;546210.215;546158.617;430.4966;-121.0303;-123.5899;
515401.800;539747.822;539647.504;281.8076;-137.0055;-136.8748;
197710.924;618129.918;618132.010;-191.5889;-20.3664;-20.7375;
443487.244;525473.205;525326.696;315.4556;431.6056;433.6250;
452673.490;531870.621;531863.907;254.6418;-385.8924;-381.5985;
408663.319;527861.351;527856.358;-585.3723;-243.5708;-245.5927;
587654.629;584982.486;585226.845;333.9513;205.6095;206.2765;
514857.974;564274.217;564240.592;-627.9284;-433.9770;-433.6156;
437803.358;545160.938;545129.032;198.9373;27.7145;29.8689;
311065.085;570479.212;570482.549;-210.7412;-179.7222;-180.2876;
467885.724;527463.845;527382.060;204.0214;2.7285;4.3912;
483752.022;513999.185;513828.219;472.7453;50.0245;52.3609;
497308.250;580367.908;580314.917;394.3689;-191.4031;-191.6334;
466696.317;551934.849;551884.649;742.9890;269.0569;269.8742;
470839.941;546292.000;546252.487;503.0097;313.4336;312.9796;
455382.732;554641.231;554638.540;-756.6569;-97.3359;-98.2057;
449806.699;554190.240;554126.439;233.7840;-467.3059;-465.7752;
469291.678;534419.099;534333.024;470.9969;1.1258;2.6462;
882406.709;174955.253;174982.204;36.2655;-41.7757;-41.7770;
647397.208;532191.001;531974.915;267.0710;92.0349;88.8450;
458308.087;555950.154;555932.881;-784.6720;-475.7000;-478.0051;
473191.204;528812.039;528775.463;-198.4779;313.7672;311.3970;
404261.424;520499.994;520022.389;-185.3146;-51.6930;-54.5824;
451026.768;559605.334;559556.188;-794.5486;212.5781;210.9590;
590676.422;524271.890;523315.974;-677.8718;172.9361;176.8438;
467767.030;571373.169;571353.446;269.1520;-334.2848;-334.4419;
513266.504;542978.806;543056.302;-223.9012;-637.7920;-638.9144;
461448.814;534418.018;534362.416;271.3953;-384.7540;-382.9752;
463284.572;561991.019;561972.362;857.3920;-477.6173;-475.8549;
180953.405;416162.319;415986.986;-101.6910;-58.2355;-58.1638;
474207.263;555754.635;555706.376;-8.5988;281.4055;284.2674;
454707.911;579102.515;579232.710;256.4488;557.9018;559.0753;
396453.310;672528.045;672829.974;-94.6899;177.4867;177.4025;
440913.075;544432.100;544336.620;-671.1219;31.9893;31.9676;
523658.755;553598.616;553658.180;14.3720;128.7375;128.5543;
791591.334;173536.546;173556.944;-38.8388;51.1157;51.1084;
486236.360;550040.210;550012.427;518.2422;174.7304;174.5660;
839843.481;696741.865;695782.645;-60.4845;38.9915;38.0863;
521243.399;458051.539;458148.227;10.4891;219.1026;219.2049;
472938.016;561825.518;561840.267;274.7227;-432.5808;-435.8854;
479664.472;562867.122;562858.754;418.2088;253.1393;252.5617;
441713.330;530498.055;530379.263;-190.1705;0.6899;-1.2209;
405512.583;591309.265;591410.647;528.1788;92.3691;93.6215;
416515.233;554495.761;554182.437;482.0467;-259.6477;-258.2479;
397733.056;490344.821;489914.218;138.6724;-290.2889;-291.9639;
459700.722;561052.513;560993.636;-1207.6861;-151.3224;-151.7400;
775027.005;423957.943;424025.028;-134.6731;8.9998;9.6960;
437671.269;517854.365;517844.030;-191.9284;-104.1430;-103.6786;
983706.252;635421.480;635254.131;-3.6461;31.7108;31.5106;
469494.325;546811.988;546784.412;512.8730;374.5807;374.0260;
72316.535;449400.097;449240.561;-82.0430;77.7751;77.7166;
935381.250;313883.383;314011.184;162.4804;-28.8795;-28.7635;
487758.400;513643.262;513699.817;449.5601;-231.5248;-234.3297;
512180.362;489695.944;489779.499;340.8013;198.9057;199.0349;
449253.227;552044.245;552062.417;73.4299;-344.3172;-342.0329;
123778.404;190976.668;190262.329;-80.3159;-149.8265;-150.0909;
472516.531;530096.373;530113.065;-1505.3217;78.2434;66.2449;
593216.777;552436.153;552162.473;-242.1932;-143.8212;-146.0857;
458728.523;562135.334;562162.761;672.9276;-414.9199;-413.3112;
306073.533;508417.340;508224.630;-197.9459;141.3078;141.8605;
466742.066;558744.551;558773.914;139.5261;882.5280;890.2732;
506319.926;583938.082;584128.268;-117.5699;-259.4611;-261.5998;
722853.926;517744.508;517460.645;169.4099;-7.5266;-8.4609;
301150.493;527263.809;527170.835;-141.5560;316.5822;318.0139;
454509.827;523164.890;523083.889;81.0446;21.2979;20.0443;
513607.740;612798.608;612845.156;-276.1266;-192.9628;-192.6647;
511936.608;543224.847;543244.218;-112.7377;-156.2977;-156.5342;
398719.397;546403.069;546161.395;-505.8166;-199.3822;-203.3611;
466908.033;552529.481;552534.956;352.8821;482.1978;481.5815;
458783.279;546663.503;546627.176;925.6572;-333.5725;-334.1751;
488248.966;541657.157;541627.089;1081.9969;36.6112;36.6552;
766023.670;524830.253;524198.732;131.1727;-53.5099;-54.7951;
511276.221;521526.230;521392.326;-359.1402;-223.5025;-223.0298;
472379.002;542297.136;542252.078;-322.5683;512.4070;513.2093;
475662.572;546208.815;546201.907;-1334.0719;-270.0088;-273.0562;
466140.773;556177.212;556192.914;779.7245;-3.3382;-4.3046;
463505.147;526767.872;526685.384;840.5002;-358.8310;-359.5876;
465261.986;560291.192;560278.153;-456.4777;-350.1353;-352.1236;
454842.517;541895.016;541867.544;416.0841;-260.3279;-259.0657;
450450.390;519575.569;519537.467;-1028.4917;87.9688;87.9743;
647321.149;615868.827;615681.536;-458.2665;27.9736;28.0929;
465456.871;564922.910;564900.920;-116.3639;78.5281;78.9742;
457043.171;475894.345;475743.120;-255.6367;138.0938;137.6373;
543644.237;410995.289;410962.562;-278.8256;114.2579;114.1118;
482975.221;547439.742;547403.187;-1002.9543;-557.6191;-562.4806;
374631.540;586831.656;587015.842;136.0020;-500.2916;-501.3005;
476318.839;511546.552;511395.004;-663.4044;17.4362;16.9426;
732992.400;607853.150;607743.005;44.6830;22.4573;22.0875;
451045.228;518172.387;518059.601;147.7718;395.1989;396.5911;
392579.849;407048.662;407025.575;-125.8233;193.1025;193.0625;
475360.546;528374.501;528288.591;-381.5707;265.4627;266.2281;
890365.047;466428.560;466405.782;20.1923;-5.8743;-5.8390;
445206.097;551916.415;551879.822;93.0694;316.9715;317.4856;
447595.658;544277.816;544244.121;174.4483;428.4189;429.0916;
472123.487;526845.742;526776.863;-453.9989;-303.6720;-303.7826;
400480.224;481341.041;481147.784;396.0261;309.7902;309.5558;
468365.260;472823.297;472621.970;20.0272;121.5918;122.6400;
269172.689;925208.366;925023.130;-95.0171;88.8480;88.7725;
459860.014;567127.642;567070.676;482.3989;-362.1140;-362.1177;
427821.414;553914.358;553778.475;253.2490;97.1758;96.3697;
447538.254;547761.896;547696.707;377.6081;-491.2056;-491.1294;
515349.817;559521.793;559525.299;-84.7710;210.3383;209.2951;
465012.783;559817.103;559805.302;-473.4943;163.3456;163.1694;
404082.666;298172.338;297960.936;-2.2022;-83.7363;-84.2301;
487963.881;531373.713;531268.813;749.9392;7.3222;10.1353;
456438.079;567479.086;567452.674;-66.9352;308.5605;309.0565;
318251.545;488277.596;488309.285;-530.6346;-200.3380;-202.1533;
247547.686;327759.546;327673.975;-189.1122;66.7101;66.6416;
414390.524;507729.210;507369.444;-219.7149;187.5708;187.5211;
490728.442;528721.875;528664.381;285.9403;850.0915;850.2721;
436898.693;539889.718;539760.120;126.0534;577.7556;579.3826;
727100.540;425762.726;426840.426;-268.3896;-122.9299;-120.7940;
584942.834;606266.911;606276.886;-138.6221;44.4624;44.8855;
483519.887;519780.711;519616.718;-785.3043;380.8156;383.7047;
478445.887;524770.837;524691.502;424.4394;56.4886;57.0478;
458417.548;547699.792;547732.992;291.8740;-110.1566;-112.7069;
585280.690;430415.134;430050.509;18.2212;-265.6204;-267.3524;
457716.130;588015.245;587912.433;509.6700;-364.9269;-364.0752;
437964.658;514561.722;514410.829;318.8480;-203.8893;-203.9410;
478684.555;626725.646;626829.186;450.6240;-30.5542;-29.4584;
496819.186;576102.808;576125.678;32.9916;-47.3545;-49.6292;
436159.354;325013.883;324455.802;259.6993;166.3915;166.3077;
499149.672;530215.315;530156.791;232.3685;215.3256;218.3487;
484820.230;545013.186;545001.597;-126.5298;-645.1620;-643.4663;
443681.597;606538.643;606639.502;-27.6489;176.6600;175.6735;
390620.817;457125.069;457107.255;-642.8848;120.3989;120.2324;
464470.810;558729.962;558721.331;218.1786;164.1567;164.9820;
450761.493;538758.878;538627.683;1024.5513;-822.4829;-821.4673;
494235.027;561650.337;561619.787;-595.9183;-303.0871;-307.5959;
461083.442;558706.342;558679.133;-648.2228;-317.6008;-317.7877;
418196.755;529718.102;529524.392;-200.4087;40.4209;38.9919;
493930.590;550521.303;550430.191;570.6812;303.1753;305.0662;
474478.842;450837.830;450631.770;-100.3640;-13.4186;-12.4646;
446012.100;547707.056;547648.620;664.0257;511.0464;513.9075;
441467.623;543602.695;543559.951;8.3238;146.1252;146.7122;
480310.990;539840.843;539803.145;-723.4175;54.9082;54.4851;
472853.632;545820.451;545805.455;-208.5892;463.7249;465.9469;
468464.559;569387.397;569389.617;-406.0664;282.2891;285.0463;
475500.146;595184.209;595163.204;-193.4991;-15.0322;-14.8494;
503347.811;525344.668;525326.202;806.9051;2.8077;1.4936;
143893.636;55796.390;55810.003;-131.1160;-267.4168;-267.0073;
420329.095;578790.557;578694.052;242.8881;435.7064;435.5531;
469486.331;540676.058;540661.944;162.1816;-127.2700;-129.0436;
459650.346;550567.908;550537.784;672.1306;-224.9892;-225.0574;
165305.139;637393.290;637400.079;-276.4463;-48.9132;-49.3456;
479015.748;556139.318;556131.626;226.1914;-212.4400;-212.7365;
469939.145;588658.923;588724.905;-704.5766;-61.5529;-61.9432;
441708.305;545767.347;545668.104;-475.9687;241.7026;237.1028;
578365.727;531812.750;531691.094;87.3355;76.7165;76.6265;
451860.555;557750.395;557714.890;-344.8780;-95.8084;-96.7810;
461786.619;555793.259;555759.641;366.0964;444.0437;446.9475;
491355.413;570039.460;570098.183;-126.2247;151.3242;151.0833;
