# This file was created for the Modelling and Simulation course, RUG (September-November 2019).
#
# Project: Simulate colliding galaxies, using Barnes-Hut algorithm.
#
# Students:
#     Stefan Evanghelides (s2895323)
#     Hidde Folkertsma (s2759799)
#
#     X         Y         Z         DX        DY        DZ
462679.665;530431.325;530437.634;-322.3744;-90.6375;-90.5569;
503388.685;535248.455;535240.246;-839.9942;-50.6782;-50.7292;
456441.293;878171.414;878164.052;115.1358;46.6589;46.6572;
236570.901;303798.726;303804.531;61.1950;14.3649;14.3666;
868350.884;721863.494;721784.118;255.8088;251.5542;251.4762;
514379.668;535395.304;535401.377;496.6295;-106.9480;-106.8919;
500292.067;530597.075;530597.640;552.7045;-446.0958;-445.9960;
822287.262;668264.011;668221.322;21.2496;243.8253;243.7377;
896521.974;452188.858;452153.858;493.8310;-108.6568;-108.7062;
681393.468;536033.382;536026.161;-220.9440;115.6803;115.7061;
380988.698;455834.437;455825.390;237.7137;-330.9606;-331.1406;
486267.415;679906.079;679890.553;173.5965;-85.4574;-85.5230;
380181.763;517080.245;517079.598;355.8040;-88.9989;-88.9553;
422916.008;540553.297;540548.622;-175.6270;-273.7406;-273.6198;
680481.232;507228.227;507218.407;-91.8731;-187.1601;-187.2345;
383779.633;428351.017;428355.350;-289.0161;-384.2103;-384.2927;
869114.742;501197.698;501165.072;389.5222;49.3748;49.3451;
472190.017;524300.861;524304.151;773.3877;495.8964;495.7428;
812877.583;623584.543;623580.678;286.9290;-148.5700;-148.3988;
501129.679;536424.106;536424.282;26.4208;122.1678;121.9601;
321497.490;161957.173;161942.131;115.9606;63.0298;63.0092;
537383.202;689360.836;689335.200;-6.2327;84.3084;84.2979;
475983.658;533423.846;533426.974;-733.4441;-299.2375;-299.1025;
475515.280;531125.840;531129.041;239.2613;188.5185;188.5097;
513225.190;516060.165;516061.995;183.7997;-558.4205;-558.4520;
454977.644;490899.121;490899.074;118.0825;385.4338;385.5909;
461978.902;527991.185;527996.126;-152.1596;-411.3799;-411.2958;
885264.673;752090.179;752038.424;434.8324;258.4272;258.3734;
329828.303;430166.265;430165.260;-105.9944;-116.5380;-116.5088;
488246.852;529653.296;529655.528;616.9601;-467.7950;-467.7968;
521173.566;532812.372;532817.318;655.9045;137.5830;137.4695;
470616.565;529291.306;529295.745;-57.0650;-264.2501;-264.1506;
437059.146;516416.222;516430.252;-456.4496;-270.7219;-270.8617;
496965.558;529460.186;529462.658;484.7873;-399.8067;-399.7631;
511669.028;535644.134;535643.290;-660.2810;27.9680;28.0182;
496021.364;534657.773;534657.940;388.3334;-370.1334;-370.1351;
465323.316;516865.218;516871.000;-247.6974;295.4139;295.1655;
673101.669;345489.968;345502.049;150.0372;-124.6929;-124.6772;
303638.508;425191.838;425185.343;-285.0454;-115.6182;-115.5896;
487779.399;532006.428;532005.861;-715.3755;-486.5792;-486.3750;
473934.985;544631.786;544630.088;795.0793;-44.3891;-44.5192;
385499.348;442850.398;442853.798;-297.5332;-317.6804;-317.8818;
491174.821;527575.054;527578.697;-376.0516;107.0502;107.0247;
818665.037;570912.730;570850.306;325.5618;8.9949;8.8138;
464463.167;398236.750;398221.781;-194.6160;-130.1114;-130.1482;
461293.802;536412.168;536407.408;512.5680;-414.9962;-414.6772;
516328.323;513433.453;513435.647;196.5550;-463.7077;-463.7472;
750772.760;827198.780;827165.638;-9.5808;207.8706;207.8446;
463111.164;568559.606;568579.675;-593.1696;410.1292;410.3099;
756532.715;670731.990;670671.968;54.6364;51.7152;51.5611;
492916.842;541587.363;541584.253;-126.8453;104.2548;104.2809;
434106.539;561821.949;561812.934;278.8934;199.4161;199.3087;
357835.425;609256.203;609260.736;25.0609;85.5642;85.5617;
533728.846;529589.038;529588.750;-159.7531;404.4890;404.3654;
417035.203;516743.645;516748.956;-212.2982;-62.5961;-62.6727;
602700.362;688912.855;688901.648;168.2334;323.6513;323.5710;
707828.739;303697.281;303705.002;155.1746;-196.8813;-196.8652;
503154.673;535861.111;535857.484;-1096.4552;303.9219;304.2368;
869181.184;667979.176;667928.666;386.7443;154.1615;154.1261;
845951.303;542397.094;542362.423;253.2678;-15.6201;-15.6449;
740825.802;508187.692;508164.509;201.2606;69.0656;69.0506;
652005.002;472297.099;472270.548;28.6272;33.7324;33.7060;
439168.802;536714.658;536721.939;-179.8335;-162.2698;-162.4344;
503985.408;532263.705;532259.604;-1120.3502;-411.5093;-410.8896;
662680.252;535045.927;535049.498;-91.8986;-48.4041;-48.4028;
471292.421;524532.150;524535.004;446.7950;609.4147;609.2657;
488883.543;524885.837;524884.872;-816.9213;617.4736;617.6508;
482096.569;580104.706;580101.929;-258.3998;337.2977;337.1296;
472903.543;524109.555;524117.041;267.5019;-519.4924;-519.4028;
472827.540;406504.702;406523.608;-192.7412;153.5551;153.4191;
422274.656;547918.658;547925.177;-127.7988;-105.4223;-105.5827;
656991.640;514714.062;514706.671;409.4399;62.9403;62.8783;
950639.418;611633.372;611588.854;557.9312;108.4863;108.4198;
484472.349;541843.771;541842.399;-116.4583;371.7338;371.7186;
483630.344;432472.986;432458.772;-191.5793;-188.6124;-188.6066;
699486.205;552804.618;552794.226;-90.3951;-9.6869;-9.6643;
556586.353;628982.081;628963.196;-164.6963;15.1628;15.1889;
678441.854;523617.047;523604.771;-198.6797;-94.3107;-94.4046;
905021.672;547220.701;547182.380;417.1176;76.2178;76.1689;
880392.395;856844.858;856777.276;377.2389;381.3103;381.2228;
513060.072;474684.897;474687.531;259.8623;71.2451;71.1807;
495385.658;531347.134;531346.943;-633.9130;-316.7104;-316.5938;
770725.143;517007.277;516982.582;7.0303;53.2595;53.2488;
521208.973;528375.273;528382.469;860.6740;501.0731;500.5922;
680235.383;527485.746;527483.378;-317.9226;145.0906;145.2618;
473358.431;522110.239;522115.262;538.6504;196.1149;195.9772;
503301.525;543883.726;543878.414;-863.3978;-152.5707;-152.4659;
852870.455;455216.972;455192.588;401.8510;-36.7682;-36.7999;
469194.849;535462.109;535466.719;-537.3188;480.7164;480.7909;
673232.082;528950.526;528951.350;-404.2931;-28.2372;-28.1056;
524879.972;540095.862;540093.871;19.4170;-100.6280;-100.6503;
413523.617;537823.319;537842.002;322.2476;609.2778;609.4746;
477302.063;567778.053;567778.106;-159.0272;93.7682;93.7702;
333226.220;403085.247;403078.463;-64.6718;55.8410;55.8371;
541213.240;522508.664;522517.871;483.2586;165.1114;164.9468;
394943.823;315607.381;315614.521;249.6139;68.8165;68.8102;
228752.896;317504.724;317517.604;-338.9726;-193.5557;-193.5595;
488449.800;529160.839;529167.190;244.1881;481.5286;481.4866;
547610.023;532542.516;532541.425;358.8493;249.0940;248.9630;
477279.836;532523.417;532526.037;-651.1585;337.8445;337.9077;
519671.273;536725.586;536728.259;506.5170;-293.0053;-293.1313;
474499.369;515294.677;515301.081;-474.1624;625.0996;624.8774;
498050.075;549857.057;549852.400;195.9973;72.6147;72.6242;
101953.233;399843.672;399853.819;-281.0440;-103.7427;-103.7654;
330439.775;518360.577;518355.081;226.6646;-119.2828;-119.2217;
369627.724;536445.478;536459.954;-497.0967;175.3913;175.3516;
505769.221;420345.826;420341.012;88.9142;145.5456;145.8158;
472502.784;532006.348;532008.308;176.1590;-679.0170;-678.8331;
472791.440;572490.489;572484.496;-350.8479;-142.9946;-142.9454;
430263.259;541648.932;541651.392;412.6160;-233.8181;-233.8694;
484070.234;534327.302;534342.071;447.9860;973.0063;973.1761;
433637.944;585664.878;585680.345;-10.8623;277.8992;278.0244;
475330.941;535643.485;535647.067;199.3162;76.6789;76.5824;
578225.370;524476.036;524476.488;-380.7326;-380.5307;-380.4275;
689504.069;671156.643;671139.003;413.2926;125.2841;125.2287;
706880.243;391268.380;391256.639;304.7131;-6.1389;-6.1654;
477534.730;527123.672;527128.764;-243.0447;-349.1414;-349.1573;
434461.585;488395.704;488382.365;-112.2045;312.3862;312.3669;
329668.520;519748.847;519784.604;209.9027;329.9054;329.9633;
474822.121;523431.665;523437.160;690.3605;-31.6015;-31.7075;
397558.990;418471.166;418460.358;533.2814;-87.9938;-88.1918;
420287.339;563228.026;563230.351;-23.1413;422.7660;422.6342;
719724.492;604910.754;604897.428;-215.7929;-23.2860;-23.3309;
421079.567;585447.567;585427.139;94.3196;-110.1139;-110.1294;
454231.769;478175.882;478186.550;-466.4101;-50.0420;-50.0630;
472621.785;541950.772;541954.090;325.8425;-501.8259;-501.7885;
499726.098;542946.869;542949.564;726.7971;114.0589;113.9670;
498168.871;525821.784;525824.304;370.6755;-244.4947;-244.5143;
504445.289;498039.480;498040.375;-167.2001;-553.2436;-553.2150;
453035.258;522485.843;522483.837;650.7460;155.8780;155.9422;
226438.940;387538.775;387539.799;-165.0127;-83.9202;-83.9270;
473051.150;478988.441;478976.201;120.9364;342.5703;342.6787;
357476.876;422426.998;422410.005;202.8137;62.4080;62.3715;
515657.606;523997.817;523996.372;-182.8439;99.5168;99.4908;
477607.983;513699.071;513701.574;418.2286;425.0375;424.8366;
391328.107;521414.602;521416.804;443.6547;229.1056;229.2907;
449436.186;521053.655;521066.522;-302.5677;5.7495;5.5643;
499394.317;549370.301;549365.436;-173.5593;-200.8805;-200.8771;
659694.629;648883.845;648864.436;-129.0938;-13.1359;-13.1547;
449352.028;517491.685;517490.882;418.1887;-10.4204;-10.6066;
507610.004;517430.858;517431.765;-77.4274;-290.0365;-290.0443;
456580.083;526562.420;526569.548;-814.1075;366.7027;367.0413;
311374.130;570312.865;570317.256;257.3148;150.1442;150.1424;
386590.529;695840.662;695846.713;-24.8305;201.8012;201.7951;
409573.372;505150.684;505142.261;17.7666;-74.0323;-74.1872;
46197.932;355859.539;355848.919;-682.4698;-263.1923;-263.2135;
27037.019;768036.388;768049.921;-482.8333;248.0904;248.1075;
494499.493;548428.290;548426.142;278.9295;-410.6907;-410.4697;
469734.139;539650.457;539654.545;572.3118;-239.9108;-239.9659;
598608.668;469549.593;469553.600;-235.0280;-211.8534;-211.7740;
356120.895;548652.256;548663.613;9.8737;-165.2823;-165.2506;
466354.686;538902.839;538907.229;-642.7454;487.7397;487.8562;
208061.816;329617.524;329621.761;-292.5056;-243.7665;-243.7834;
478916.884;541248.290;541249.936;-418.8262;385.5743;385.4119;
510711.098;534176.673;534170.555;-865.7446;-122.6553;-122.6327;
292455.251;245135.310;245141.171;-108.7666;70.0716;70.0900;
466573.661;452201.971;452199.414;45.4863;-68.2830;-68.4958;
497897.323;530400.007;530408.527;1243.9927;351.7630;351.2790;
580006.196;486905.475;486881.382;-53.0598;-163.7259;-163.8128;
488828.477;538916.956;538916.039;-356.1953;-214.4105;-214.3917;
102985.476;443499.066;443486.444;-82.9089;-161.9851;-161.9808;
525035.883;500836.280;500823.292;-399.4082;469.6437;469.6967;
487708.725;540378.816;540377.600;-477.5999;-406.4255;-406.5291;
458409.312;510868.363;510875.721;6.8090;174.3225;174.2070;
358846.089;781051.896;781058.139;126.8341;150.2063;150.2292;
443445.240;529676.459;529688.499;-818.3276;-111.7464;-111.8109;
243695.341;507948.274;507951.077;37.5098;-36.3221;-36.3197;
429590.257;523480.838;523474.309;561.6853;-101.3304;-101.0486;
459508.421;526844.661;526850.467;-197.1757;445.4844;445.4036;
528843.167;544408.210;544402.778;-29.7969;-42.5494;-42.6409;
460527.404;518808.781;518816.428;-216.6882;-366.5913;-366.5036;
146775.102;578679.568;578671.754;-344.9146;54.7336;54.7092;
889243.328;481641.459;481610.882;-232.4523;-29.6849;-29.7070;
477739.890;527009.092;527019.411;-1313.0504;366.6952;366.8122;
465827.422;516260.599;516265.578;28.7255;119.5613;119.4581;
489871.812;547980.753;547976.951;-606.5494;-321.3480;-321.3122;
459640.300;515161.821;515169.902;-1180.3039;-18.6518;-18.4731;
469480.819;531990.470;531992.710;524.2915;330.7185;330.5408;
408429.371;616123.335;616113.966;8.0332;74.3291;74.3980;
140659.200;100175.699;100161.394;-286.9174;-93.4209;-93.4246;
476529.713;504066.371;504065.066;597.3299;396.0986;396.2498;
855286.020;519717.876;519703.775;-197.7008;18.5714;18.5612;
415973.644;496926.203;496918.831;-224.3728;344.3578;344.3095;
518436.609;517330.568;517331.279;96.9727;-284.1469;-284.1391;
479004.546;511887.928;511893.300;336.4561;-498.0749;-498.0558;
461354.779;484006.813;484017.406;553.7625;-407.1371;-407.0790;
506460.813;541833.083;541833.256;835.8620;251.6061;251.1641;
477009.385;526426.615;526428.331;371.2443;613.6797;613.3685;
461941.003;517779.746;517790.707;-498.9718;-340.4002;-340.2046;
485079.569;533031.791;533037.871;842.9636;233.4431;233.6445;
469870.387;532130.877;532132.802;-95.8115;9.3025;9.2671;
501249.011;529483.989;529486.198;98.6213;-569.6516;-569.4271;
440687.486;536633.888;536638.876;291.8308;139.8009;139.8174;
