# This file was created for the Modelling and Simulation course, RUG (September-November 2019).
#
# Project: Simulate colliding galaxies, using Barnes-Hut algorithm.
#
# Students:
#     Stefan Evanghelides (s2895323)
#     Hidde Folkertsma (s2759799)
#
#     X         Y         Z         DX        DY        DZ
137926.992;565511.107;565513.392;2.4050;28.8246;28.8189;
182948.443;588837.022;588841.571;101.4848;-218.7672;-218.7674;
246484.840;634459.730;634458.788;75.4108;207.6633;207.6579;
234602.251;397537.085;397539.242;-50.8867;-132.6093;-132.6040;
144578.200;650876.003;650886.988;20.8691;101.0428;101.0741;
212193.071;517891.941;517893.367;110.3670;346.6819;346.6740;
186168.446;516182.562;516183.522;253.1862;45.5845;45.5824;
231004.960;575427.649;575429.712;-110.2188;-29.5239;-29.5203;
241607.728;504484.683;504485.711;-28.8623;-338.1017;-338.1005;
234570.723;470977.723;470979.164;291.5966;-112.7292;-112.7165;
153493.999;509499.637;509502.067;-123.5138;219.1862;219.2018;
210911.461;542314.856;542317.034;164.4327;307.1903;307.2054;
233070.612;502264.741;502265.192;908.0654;290.8471;290.8189;
205653.600;483920.377;483921.691;-414.4502;109.6550;109.6594;
256416.096;513648.060;513648.087;178.5428;-144.4004;-144.4034;
164324.181;495849.295;495851.798;192.9811;81.3443;81.3371;
229651.958;506926.062;506927.251;-274.9557;253.9469;253.9725;
231312.383;487213.750;487213.836;141.5933;-72.3136;-72.3381;
284801.285;359282.698;359275.676;39.9457;-53.4349;-53.4588;
203559.622;493404.865;493406.380;-356.1833;44.0478;44.0552;
188785.401;277629.074;277625.127;-14.7696;-179.0028;-179.0057;
215449.312;499508.035;499509.636;-103.9305;149.6051;149.6281;
226206.915;494446.944;494447.551;5.9236;35.1772;35.1670;
228091.756;520162.978;520163.806;35.5955;-189.0248;-189.0312;
273341.303;487776.764;487776.872;203.5653;213.6746;213.6608;
203180.946;395374.073;395366.606;-53.2641;79.5694;79.5555;
205856.865;534686.394;534688.231;-216.9983;-52.1919;-52.2062;
173773.762;549731.656;549730.040;-140.1114;137.9729;137.9678;
251868.050;504895.013;504895.766;382.8855;-70.4585;-70.4542;
246021.977;502088.728;502089.595;280.0972;-348.0624;-348.0904;
248826.728;490800.104;490800.518;-14.1703;-34.2545;-34.2550;
235092.842;508978.592;508979.460;-344.2143;346.5574;346.5708;
281090.587;512796.075;512794.110;-442.6923;55.1242;55.1375;
221609.849;493905.922;493906.645;-101.1329;-57.1774;-57.1622;
217461.265;515331.638;515332.946;-92.1585;273.5714;273.5627;
224163.725;509411.319;509412.357;-208.7452;475.6453;475.6713;
213363.573;494347.851;494349.097;257.8902;159.4666;159.4882;
192144.628;440584.930;440588.206;-0.6807;122.6618;122.6575;
206911.483;512631.925;512633.010;718.2861;-97.7432;-97.7721;
212195.555;464652.891;464655.397;359.1234;226.3017;226.2940;
236244.120;507420.088;507420.471;54.2049;413.9405;413.9146;
192027.163;522738.234;522740.611;139.7211;-204.9129;-204.9018;
215030.509;507163.623;507164.555;28.0325;400.1521;400.1426;
255077.336;489296.201;489295.551;-12.9813;-62.5092;-62.5155;
182072.940;592396.295;592397.068;72.8932;-137.4155;-137.4620;
176293.071;497853.755;497855.393;115.9620;259.0169;259.0195;
229395.389;499674.487;499675.279;11.4834;289.6442;289.6590;
304003.443;614890.531;614891.369;97.7169;57.7834;57.7792;
215004.309;500693.664;500695.109;-744.3618;-194.7129;-194.7197;
234822.833;497006.857;497007.620;83.6219;-233.5095;-233.5138;
165332.329;497604.832;497606.999;80.1263;-141.2219;-141.2288;
241695.581;489546.969;489547.364;-66.6619;-353.1696;-353.2087;
28839.338;584018.610;584020.406;-179.2928;144.5576;144.5657;
226538.257;471934.285;471934.659;-664.1947;-254.6932;-254.6947;
228112.354;493840.646;493840.322;732.3631;-465.1083;-465.1179;
232379.913;519167.305;519167.687;-220.0034;369.5006;369.5062;
273183.732;482060.885;482060.708;-174.9234;131.9543;131.9623;
184895.797;597351.522;597351.604;105.1174;-197.1573;-197.1539;
312023.573;611990.105;611989.038;232.7045;47.0496;47.0532;
228331.832;518456.856;518458.079;20.4758;64.1902;64.1851;
217262.014;510724.931;510724.302;436.3953;-320.2600;-320.2746;
233836.474;508644.227;508644.834;1.0436;-430.2639;-430.2580;
238530.629;501868.978;501869.920;37.9455;-58.1824;-58.1879;
220036.788;518358.413;518359.458;357.8363;-249.7161;-249.7254;
219969.967;500086.842;500087.749;422.7877;-316.7155;-316.7089;
254399.723;496842.033;496842.051;174.7834;-185.0987;-185.1081;
271132.918;502801.575;502800.479;-520.0858;-138.9054;-138.8813;
228678.559;508825.044;508826.054;332.8077;-548.7539;-548.7575;
205599.496;513449.208;513450.413;461.2484;-118.0516;-118.0619;
232356.270;510502.689;510503.365;34.2821;379.5592;379.5919;
234497.807;507644.819;507645.906;1.3190;-41.1866;-41.1686;
157831.667;445603.827;445605.865;-53.3425;-10.5348;-10.5386;
271331.893;473997.876;473998.209;226.3051;109.0723;109.0654;
339409.832;434364.080;434364.195;139.5125;15.6810;15.6831;
245651.799;494620.426;494620.993;-153.4786;-47.5312;-47.5386;
168735.946;526988.373;526991.988;408.0134;-273.0249;-273.0276;
195413.450;518636.970;518637.541;447.8028;-116.6603;-116.6463;
226330.480;477684.126;477685.116;426.3655;-59.6459;-59.6413;
212315.092;486788.290;486789.348;431.5037;34.9381;34.9381;
262563.569;479297.269;479296.561;88.8431;357.8082;357.8295;
230037.324;493160.475;493160.957;563.6949;-472.0148;-472.0100;
233961.808;494478.925;494479.583;-308.9621;131.4797;131.4975;
254769.770;513908.770;513908.586;-178.5249;139.0078;139.0034;
223752.501;506623.452;506624.661;-218.1451;148.4667;148.4824;
322350.978;483837.342;483838.549;250.7639;261.5633;261.5803;
269009.577;477391.261;477391.407;381.1353;62.9845;62.9753;
194463.783;479982.838;479983.767;-494.2756;-71.7928;-71.7709;
228147.868;506462.662;506463.475;140.5816;198.6400;198.6264;
256040.744;483403.707;483404.077;116.6749;100.0000;100.0195;
224650.950;512514.741;512515.163;67.0937;-112.7809;-112.7918;
251138.653;468651.204;468650.719;42.0963;104.2236;104.2126;
233395.211;486952.530;486952.935;231.0592;88.3155;88.3292;
227433.269;476260.999;476263.524;635.8413;-287.6004;-287.6236;
184783.480;534427.690;534430.111;51.3308;-176.8985;-176.8850;
204282.780;513159.774;513162.085;-110.9411;223.6523;223.6778;
345876.218;369128.720;369134.871;150.7842;-6.4970;-6.4751;
208488.261;495016.728;495017.736;-323.5273;89.2273;89.2244;
273520.668;468000.570;467999.602;-105.0900;325.5696;325.5893;
237664.953;601371.601;601371.742;26.9717;128.1705;128.1768;
313830.848;481253.670;481255.456;254.0645;71.5374;71.5307;
744733.856;510664.364;510664.355;284.5486;296.1541;296.1256;
712464.160;485065.863;485066.835;-213.3342;-276.9508;-276.9468;
823365.635;529163.165;529161.002;263.3506;113.9737;113.9508;
758526.594;504145.625;504145.650;-357.1395;464.4809;464.4819;
739997.930;499408.191;499407.604;426.3663;395.9428;395.9525;
753204.152;520766.202;520764.998;-389.5040;-363.2745;-363.2555;
775930.715;521377.819;521377.631;58.3935;687.1569;687.1048;
769424.412;466064.674;466065.524;388.6171;-68.0266;-68.0228;
730101.159;511767.453;511767.152;-166.1822;59.2085;59.1972;
701371.618;523814.801;523814.704;57.7092;324.2572;324.2636;
851313.095;613144.187;613140.078;8.4905;57.2224;57.2253;
766024.899;538117.499;538115.985;-608.2125;509.7627;509.7060;
751379.705;502721.295;502721.235;387.1169;493.7275;493.6923;
766409.771;507335.306;507334.758;-332.4589;-320.6696;-320.6734;
709205.808;495577.766;495578.635;-584.5670;-36.8405;-36.8535;
774884.235;513020.262;513020.360;-17.0138;-601.0454;-601.0332;
760067.582;508646.125;508644.766;-347.8802;-1056.3664;-1056.2501;
753183.682;512136.826;512136.411;-527.9260;339.2308;339.2384;
880412.363;540423.566;540420.356;202.7089;-67.5560;-67.5578;
749007.276;511828.460;511829.218;831.0651;445.1225;445.1305;
830105.599;510925.114;510925.118;-246.6466;264.3889;264.3977;
747405.007;501838.797;501839.023;-264.8996;-201.4541;-201.4920;
762550.041;526132.768;526130.824;-387.8210;-293.8891;-293.8459;
645840.833;392014.745;392011.775;-270.5069;-161.3588;-161.3880;
750672.467;522682.647;522682.013;-253.1689;455.8895;455.8850;
879812.037;382891.900;382892.352;-101.0218;16.6725;16.6711;
683710.572;437256.880;437255.938;2.9694;49.8196;49.8231;
798022.972;486022.521;486022.493;-135.4662;170.6890;170.6859;
809912.675;532232.147;532229.622;335.7016;11.6951;11.6807;
877041.529;422325.433;422324.704;-119.0889;-9.2714;-9.2724;
768209.518;513501.264;513500.751;171.3872;-634.8282;-634.8224;
793510.955;541685.036;541685.086;100.4576;94.4238;94.4215;
737921.553;517714.339;517713.289;-932.7142;-71.5918;-71.5835;
708238.261;491334.093;491333.972;423.0314;1.4240;1.4146;
770820.376;514888.492;514887.723;-539.6193;143.8950;143.8703;
762142.329;519583.677;519582.837;-788.4755;-113.3068;-113.2905;
752567.799;474009.055;474009.789;257.9114;221.3523;221.3530;
751061.453;525955.282;525955.102;-155.3630;570.3017;570.3331;
765912.563;514405.373;514405.279;3.6361;-57.1557;-57.1679;
743343.692;501463.063;501463.550;163.1564;-451.0577;-451.0544;
786175.399;455900.654;455902.105;-125.2529;-22.0788;-22.0850;
771433.182;501199.572;501199.503;-269.4565;335.1488;335.1348;
744176.153;481368.051;481368.353;-203.6960;34.0825;34.0847;
727978.750;449105.985;449105.749;-55.8611;-1.7117;-1.7121;
833254.649;571954.700;571951.411;-46.3393;-170.8410;-170.8266;
782449.345;502550.896;502551.136;-148.2832;40.8782;40.8623;
733194.484;516376.284;516376.024;237.1095;19.5185;19.5108;
830371.924;604914.764;604909.795;-33.6873;-45.9512;-45.9228;
737485.369;507299.583;507299.280;-308.0243;246.2589;246.2557;
765600.334;519784.200;519783.349;-7.2364;98.7055;98.6942;
690604.633;572700.158;572698.162;-40.7424;-87.3624;-87.3597;
655250.896;353214.038;353214.241;-77.9765;-3.1158;-3.1093;
749682.459;510107.378;510107.166;-64.7111;201.7850;201.8017;
752767.721;505665.597;505665.768;290.7306;-248.9719;-248.9352;
797972.678;545400.664;545399.755;148.5021;256.6553;256.6330;
733762.306;445122.532;445123.184;-181.9824;-165.3814;-165.3751;
773049.309;503930.172;503929.934;-173.9057;123.5956;123.5892;
752396.865;506367.752;506367.884;-102.4589;-457.5813;-457.5493;
754554.436;515062.996;515062.689;852.6650;471.0546;471.1078;
761857.345;511225.201;511225.001;295.5678;-542.1289;-542.1260;
636965.949;317085.284;317082.573;-184.8424;-158.4648;-158.4735;
747336.611;507594.780;507594.281;155.1650;-151.3926;-151.4059;
722691.644;495512.478;495512.193;283.5801;32.9262;32.8910;
750252.501;520313.594;520312.857;533.7173;49.2337;49.2258;
760156.569;504996.581;504996.766;244.3124;-518.8056;-518.7894;
721359.225;404285.329;404284.841;-142.1137;123.4343;123.4414;
759021.830;536769.819;536768.130;-303.1381;-496.5147;-496.4996;
764929.896;502433.582;502433.676;-1315.8323;-494.5421;-494.5080;
755276.219;510883.879;510883.492;-633.6829;-26.2970;-26.2986;
741494.956;528551.718;528551.079;29.0763;499.8326;499.7968;
766371.610;525118.264;525117.495;144.3023;353.3744;353.3749;
588297.782;476678.642;476679.591;19.8843;114.4545;114.4507;
765958.892;504762.861;504762.710;-920.8589;-241.3447;-241.3236;
757465.590;507872.092;507871.866;-527.5435;87.7997;87.8020;
822325.886;592440.762;592436.859;-301.3448;-102.6618;-102.6833;
770957.461;514814.656;514813.215;-367.1742;-242.0302;-242.0180;
872060.221;457531.810;457532.432;-80.0970;-46.9755;-46.9673;
748757.792;566187.341;566186.786;170.4641;-330.2331;-330.2328;
779562.196;538002.927;538001.942;219.6279;23.4533;23.4219;
761704.385;513337.406;513336.699;281.4575;-423.9389;-423.9356;
756535.852;507658.220;507657.870;982.9516;99.5163;99.5403;
757185.588;499619.145;499619.383;-494.2309;-411.9559;-411.9825;
767076.368;509641.617;509641.422;-105.0225;-100.1581;-100.1607;
744256.752;481261.036;481261.835;170.2667;497.2967;497.2703;
844578.555;593937.927;593936.693;-220.0238;-97.3729;-97.3756;
767389.986;526796.538;526795.745;-789.2020;362.3889;362.3701;
769947.169;524593.697;524593.551;904.8606;288.4072;288.4126;
714231.616;485439.909;485439.514;-116.0485;62.9747;62.9645;
745288.613;533639.641;533638.210;-298.4520;-161.8294;-161.8338;
847769.099;622468.843;622468.221;-184.9307;-21.4509;-21.4603;
868767.010;445840.545;445840.225;-180.4574;81.2598;81.2621;
733462.136;524452.960;524451.890;-0.5779;122.0573;122.0290;
767367.735;518197.972;518197.809;330.8216;-20.4863;-20.4927;
751826.597;520096.938;520095.425;-304.2356;-276.0122;-275.9828;
795903.225;565982.262;565981.428;258.5354;325.1325;325.1376;
768843.107;519891.130;519890.515;-538.6730;-68.7265;-68.7434;
765240.371;510311.338;510310.355;-266.7506;-73.8080;-73.7998;
787631.285;520439.162;520438.727;369.9788;141.2422;141.2123;
705674.322;488164.599;488164.505;-116.0402;89.9519;89.9351;
