# This file was created for the Modelling and Simulation course, RUG (September-November 2019).
#
# Project: Simulate colliding galaxies, using Barnes-Hut algorithm.
#
# Students:
#     Stefan Evanghelides (s2895323)
#     Hidde Folkertsma (s2759799)
#
#     X         Y         Z         DX        DY        DZ
468260.786;512709.320;512710.677;-388.7062;137.9333;138.0332;
436569.694;508860.585;508852.329;-322.5406;169.7178;169.7945;
395294.005;845496.634;845490.315;109.8676;74.7173;74.7152;
210716.569;303524.898;303529.922;33.1360;-10.6084;-10.6067;
683617.407;564238.054;564223.505;489.5681;369.6887;369.5160;
448782.053;498981.620;498981.216;523.2549;-189.1673;-189.2268;
489053.740;510063.859;510065.068;924.9001;-764.0684;-764.0622;
773511.608;535805.336;535797.619;190.4665;237.8009;237.7673;
610180.456;525226.490;525220.472;576.6514;-185.5891;-185.6474;
666063.008;529779.631;529765.463;344.7594;228.2119;228.2074;
564219.419;576712.231;576694.561;-538.3058;281.5782;281.4056;
404568.093;662137.284;662158.487;112.0667;152.9407;152.8834;
563698.602;483431.666;483427.618;-131.8380;90.7115;90.6862;
479663.896;586426.290;586415.433;-203.0290;-126.8510;-126.8309;
652030.982;514842.536;514830.238;438.1046;116.7827;116.7580;
619973.756;515345.469;515338.835;1.4801;295.3381;295.3561;
622322.146;490146.083;490137.304;573.8563;-41.5073;-41.5701;
490739.707;510879.775;510879.994;-216.2001;501.5278;501.5064;
622974.002;675590.152;675529.879;388.0583;-0.7565;-0.7641;
465046.057;512782.158;512782.493;-1067.1723;95.7398;95.6303;
260655.373;143497.514;143491.821;101.7343;-1.1231;-1.1230;
531018.225;604206.101;604194.011;51.8267;279.8105;279.7653;
461957.799;510608.728;510608.845;-229.7140;-273.7366;-273.6977;
489451.701;516020.007;516021.254;0.7200;293.1214;293.0353;
495768.623;501574.105;501575.028;965.2280;342.3165;342.3329;
494951.185;573721.608;573714.155;-61.8948;-52.3732;-52.3750;
482793.262;512926.413;512925.733;1000.0712;340.6719;340.6912;
636151.452;597376.906;597357.628;496.1822;326.1916;326.1050;
508411.406;525675.819;525677.467;-810.1012;-20.6381;-20.6212;
473978.345;497586.874;497588.766;521.2413;-194.9266;-194.8597;
574615.671;521852.577;521847.763;-69.7344;-1.9703;-1.9695;
484133.980;515345.902;515346.900;508.8557;-23.2427;-23.2172;
491230.653;502865.409;502869.286;-1469.9093;256.0766;255.9169;
465200.200;515728.730;515729.061;-653.4629;-52.2359;-52.3001;
474744.301;498448.439;498450.615;27.6623;-677.8474;-677.7673;
478547.750;507962.038;507963.355;797.4409;116.4007;116.3812;
497204.842;513670.029;513672.084;547.4744;-86.0732;-86.0385;
578798.593;438117.885;438117.021;224.7309;-264.3023;-264.2927;
530868.200;592715.551;592701.084;-19.9631;-66.0988;-66.1135;
494513.144;514025.982;514028.197;557.1165;664.2931;664.3598;
466242.802;511116.664;511117.382;-575.8217;105.4163;105.3963;
623530.620;521222.719;521215.710;62.6821;120.7242;120.7479;
462704.358;499202.300;499202.775;63.9149;-261.6041;-261.5236;
676631.308;509469.393;509460.905;788.0635;-57.4566;-57.5353;
499837.313;515009.097;515005.844;1867.8116;161.5151;161.4915;
501484.751;548131.046;548129.776;586.3918;-228.1394;-228.1351;
492772.694;512355.203;512357.938;-910.8063;-701.1494;-701.0438;
328238.387;562416.390;562417.169;171.2226;107.3474;107.3450;
750144.453;696006.873;695985.089;29.7712;286.3884;286.3707;
524025.995;584183.704;584182.569;-362.9123;200.9303;200.8818;
693475.592;606889.462;606886.120;237.3047;194.2435;194.2190;
499423.972;514700.603;514703.462;628.3738;349.7886;349.9029;
471518.853;527387.359;527386.745;-28.5222;950.4252;950.2891;
596691.057;532758.430;532754.083;-271.6590;-165.0090;-164.9742;
555481.079;509756.216;509754.491;-514.1414;-234.4930;-234.4239;
575321.300;521912.524;521912.475;75.7665;80.3459;80.3547;
357152.230;482126.534;482133.268;551.7906;-24.2568;-24.2606;
562905.215;461228.149;461228.564;536.2886;-442.1728;-442.1926;
485702.949;517302.430;517304.193;-1910.5741;-23.5034;-23.4761;
620808.431;562269.958;562260.319;549.4123;273.1836;273.0763;
649347.076;537719.531;537708.240;554.8239;169.9689;169.8917;
580487.902;506104.909;506103.287;452.5230;-63.9001;-63.9515;
565109.411;492313.236;492313.465;397.9862;-125.0059;-125.0228;
502551.001;528797.399;528798.457;739.6383;73.1972;73.2194;
465413.859;502003.925;502008.071;-1264.0683;469.2153;469.1192;
635389.561;538612.978;538602.655;245.9227;49.2849;49.3229;
476474.545;519455.954;519457.236;1135.5031;-59.6640;-59.6389;
453665.012;501896.962;501897.652;335.5795;59.4807;59.4418;
486989.355;530067.885;530069.139;-1074.6110;212.6042;212.5396;
485021.251;509975.014;509975.656;1111.0849;310.1595;310.3109;
555123.364;446751.699;446741.729;-124.2100;-348.8102;-348.8000;
498716.258;512304.700;512304.517;805.2540;-446.9085;-446.8669;
352982.048;561550.237;561544.538;367.3610;-66.2512;-66.2512;
628747.352;546490.864;546483.979;645.9993;184.8208;184.7558;
435315.445;522456.167;522455.051;194.9869;381.0631;381.0242;
460302.909;588265.512;588276.240;304.3635;-152.0755;-152.0084;
666586.625;540109.881;540094.951;486.4847;-172.6095;-172.6872;
565763.039;555069.199;555068.678;235.6498;301.6443;301.6215;
723011.796;576096.455;576078.599;958.2808;150.8086;150.6633;
653410.375;532519.371;532507.943;479.4397;-83.4115;-83.4897;
647073.839;509387.990;509379.688;589.2586;6.5072;6.4533;
638995.685;620975.293;620961.627;568.0234;550.5442;550.4446;
468648.664;527384.788;527387.553;-667.2186;150.1257;150.2126;
483353.487;503372.132;503372.885;261.7561;43.3096;43.3800;
642711.907;542534.308;542522.205;323.9055;-273.4850;-273.4620;
426068.883;496587.759;496583.901;-505.1344;61.7564;61.6598;
665848.327;539808.031;539791.843;332.1342;-51.3949;-51.3784;
681265.702;555294.426;555276.462;941.5281;170.2925;170.1424;
485844.039;517556.889;517558.224;547.0463;343.2630;343.2424;
555016.752;492661.452;492656.043;-198.9312;-87.4147;-87.3956;
618708.858;488417.183;488409.985;489.2068;-109.6759;-109.7071;
469965.123;517222.096;517223.520;-445.1292;-402.9227;-402.9507;
655069.443;533111.905;533100.537;412.9487;24.5261;24.4610;
513597.627;516431.014;516434.896;-533.9915;62.6834;62.7473;
590842.121;436736.310;436757.848;-212.8244;-185.7398;-185.7333;
469840.073;506937.069;506938.382;713.1356;-328.4810;-328.4937;
517767.993;538398.623;538400.431;-982.2665;4.9868;5.0350;
341686.144;598294.507;598298.550;174.2612;-101.3581;-101.4236;
274152.030;311472.050;311481.043;187.7451;-45.3564;-45.3570;
427239.809;446185.468;446196.141;-428.6853;-330.7369;-330.7187;
501275.800;516598.492;516600.577;148.3049;207.7647;207.7549;
477813.898;507219.420;507220.286;564.0408;-49.6623;-49.6846;
497987.662;524280.204;524281.408;181.9983;-187.0279;-187.0082;
258305.439;465790.211;465795.691;-1027.0147;-179.1261;-179.1527;
478246.852;519073.777;519073.636;-413.7919;354.1911;354.2260;
515459.665;531596.858;531600.638;16.1225;103.5509;103.5957;
477205.152;517335.050;517335.984;-482.4072;570.1348;569.9759;
319884.101;469721.699;469729.165;-592.4465;-187.6509;-187.6244;
378556.750;551307.727;551308.879;-458.3243;69.9940;69.9928;
632611.197;566982.804;566974.694;-296.3785;-129.2781;-129.3028;
471325.541;548720.367;548720.789;-620.8211;-546.2504;-545.9677;
501965.546;530233.260;530236.970;145.3098;68.0368;68.1054;
501717.584;501845.646;501846.471;-256.6304;348.5125;348.5383;
499790.052;534576.934;534580.473;400.6257;19.9462;19.9167;
451748.309;504882.089;504882.597;-513.9996;-68.0808;-68.2137;
540449.240;573081.640;573076.995;530.5646;37.5911;37.4861;
502447.456;530796.751;530797.451;512.2563;-134.6723;-134.6724;
480537.451;590343.540;590340.250;412.5562;372.7529;372.6708;
451037.802;473183.538;473185.903;-80.9237;590.0080;589.9868;
482452.769;453187.553;453193.281;517.0999;-376.7979;-376.8111;
496620.905;527998.116;527999.849;142.1355;-402.6897;-402.7609;
525112.854;397315.268;397320.328;-174.1953;77.2332;77.2336;
323670.390;377691.544;377675.371;-103.4447;173.3817;173.3983;
469441.414;513722.447;513723.844;-480.7627;-201.3410;-201.3336;
258335.950;568745.702;568748.569;-77.3130;-304.7023;-304.6348;
502698.577;551616.235;551618.051;511.2214;46.6309;46.6043;
803908.689;604371.394;604370.397;-86.8326;26.4321;26.4403;
508769.434;524360.384;524360.942;1116.8140;-370.1699;-370.1151;
400726.576;569854.074;569849.801;86.4217;156.3181;156.3417;
521959.294;524895.699;524897.350;-44.0911;251.4917;251.4660;
455341.518;498748.795;498751.861;-502.9686;-207.9900;-208.0431;
509434.213;520175.881;520176.269;686.0450;532.7218;532.7535;
357832.856;526473.532;526468.830;-130.9809;258.9312;258.8820;
457838.353;518442.167;518442.910;492.5403;-185.0110;-184.9598;
381633.035;457106.156;457109.820;-482.6199;-215.4277;-215.4368;
442083.996;478069.400;478072.343;-120.7245;-349.3346;-349.3616;
309268.182;439035.327;439050.603;-20.1654;-114.1300;-114.1297;
509771.647;523804.651;523806.167;236.2814;-367.6233;-367.7858;
457816.731;505218.850;505221.121;-1021.8275;-84.9309;-84.9786;
447088.878;483191.156;483200.592;-737.2139;-286.3472;-286.3598;
386932.128;505596.533;505599.776;-257.5965;-39.9500;-39.9482;
443183.705;532729.388;532731.063;-298.7710;17.8688;17.8975;
717806.259;646974.934;646962.226;-84.8451;26.9048;26.9104;
499279.608;524389.635;524392.338;-781.4483;-357.5799;-357.5694;
517315.738;520982.995;520985.084;140.3382;421.2959;421.3417;
480322.696;526657.063;526657.686;-754.9218;106.3688;106.4867;
280207.893;464325.213;464330.441;-132.1441;202.8074;202.7929;
421493.666;558979.681;558984.522;-164.8432;339.8287;339.8700;
409938.963;517152.426;517155.112;297.9664;26.0097;26.0103;
496935.252;526312.798;526311.561;-1641.7317;-104.9439;-104.7132;
328223.401;612294.276;612297.313;-700.6505;366.5605;366.5851;
477053.177;499291.424;499292.250;-807.8197;155.1211;155.1705;
498178.887;504841.927;504842.956;772.7353;374.3545;374.3275;
428384.550;551840.476;551849.410;553.1478;436.0995;436.1437;
447399.587;592132.284;592124.744;-304.0319;60.8575;60.8718;
471973.198;513295.052;513296.236;522.5235;-42.5721;-42.5494;
387920.705;483053.046;483059.092;-413.3527;-360.0710;-360.0424;
493261.716;523466.201;523468.004;-279.5589;726.6124;726.7353;
492412.967;516122.585;516124.912;833.5071;-734.4771;-734.4674;
358317.227;221461.569;221457.230;-131.7473;17.6533;17.6721;
526201.189;526779.081;526779.586;661.5534;569.2205;569.2551;
554076.899;511022.374;511017.380;-433.6416;-31.4228;-31.4178;
452919.112;453966.411;453971.152;-333.3936;-2.4102;-2.4050;
491251.714;520486.474;520488.475;-853.8359;-565.3960;-565.4546;
204983.071;531382.009;531372.226;-325.3406;-161.2906;-161.3061;
411801.367;579647.920;579645.361;135.0553;64.6695;64.6423;
480880.508;514361.787;514364.115;163.7128;119.4915;119.4329;
420091.415;509895.973;509896.033;178.4543;-144.1371;-144.1204;
320675.365;654136.705;654130.613;-19.2862;346.7984;346.8160;
505110.716;513661.502;513662.869;-980.7233;66.1784;66.1587;
421055.181;534554.597;534556.385;-1047.1957;27.9172;27.9475;
493658.993;518595.622;518596.652;-973.8117;-380.8224;-380.7633;
503415.220;502788.367;502790.147;708.8137;287.6737;287.6506;
500954.331;510758.093;510759.672;552.2629;-568.0943;-568.0810;
477495.873;508609.037;508610.744;224.1660;-539.0000;-539.0112;
373092.289;539117.736;539121.977;-584.1057;112.4391;112.4559;
959540.834;511881.826;511863.715;-22.2239;-73.3519;-73.3786;
495655.598;527632.045;527630.324;-1124.7922;-289.5285;-289.3565;
431465.491;528561.480;528561.462;-71.3327;-15.5384;-15.5651;
492383.448;520649.070;520651.221;-502.1303;-230.0512;-230.0643;
501632.056;508136.664;508137.407;-198.2333;752.2323;752.2081;
481521.734;524006.335;524008.486;-508.1526;-123.8147;-123.8334;
580185.389;488859.326;488844.543;64.4695;-184.6169;-184.6964;
306693.492;159993.272;159983.873;-322.1832;-123.5716;-123.5996;
484775.022;510668.734;510669.870;613.0031;-838.5259;-838.4794;
929468.917;508335.498;508318.960;-103.3363;22.1134;22.1241;
579159.844;418673.789;418672.812;-272.3669;12.2208;12.2193;
518210.390;519882.813;519885.521;336.0561;304.4226;304.4834;
534577.984;523915.571;523918.740;-221.4400;607.2110;607.2298;
441663.835;546225.903;546228.164;-412.5075;-668.2020;-668.1068;
495944.702;507490.603;507491.735;-1490.0229;-81.6785;-81.5907;
488703.943;512047.783;512049.075;108.6735;-318.1184;-318.0875;
513210.665;499805.796;499805.836;-411.8835;-253.0671;-253.0662;
441981.887;513607.711;513606.482;323.5017;-36.7617;-36.7741;
485619.379;523173.561;523175.493;333.2526;-205.8260;-205.7038;
490109.243;504299.593;504300.544;-642.2537;20.5816;20.6354;
491213.569;511970.179;511975.777;504.7022;464.0173;463.9306;
