# This file was created for the Modelling and Simulation course, RUG (September-November 2019).
#
# Project: Simulate colliding galaxies, using Barnes-Hut algorithm.
#
# Students:
#     Stefan Evanghelides (s2895323)
#     Hidde Folkertsma (s2759799)
#
#     X         Y         Z         DX        DY        DZ
476835.794;551006.067;549823.386;252.2183;281.8524;286.5957;
450360.441;523995.239;522722.803;216.1849;-326.1684;-334.0847;
786177.080;552767.302;552052.271;-93.2750;-164.5263;-165.1917;
489036.953;531861.313;531392.462;-19.9113;-441.5806;-419.9570;
460221.532;545703.370;543901.423;816.5487;-54.7706;-57.2275;
391453.649;627457.439;625122.061;391.2364;206.0004;201.3357;
600196.587;922381.121;932449.306;-6.3649;56.6138;66.1097;
315493.513;523891.309;523917.055;192.3379;-162.3469;-153.3503;
551232.668;589942.996;589336.204;-522.8447;-233.0026;-263.9988;
462450.166;553306.501;551748.567;-461.9060;-620.5638;-640.9066;
481958.248;544394.958;543269.346;-166.8486;-438.6905;-458.2671;
585919.213;542453.979;543978.746;430.3415;404.3982;396.8726;
500333.697;532347.136;532133.782;-406.6494;469.0118;452.3180;
495695.530;519865.358;520031.597;-895.3752;241.1223;204.0518;
588461.079;643184.509;640470.011;-135.1473;-140.9959;-163.6075;
434669.613;469544.046;464370.146;-71.8650;37.8505;29.7601;
475763.870;532736.235;531209.230;-235.2745;280.1321;301.5376;
69767.293;613326.465;611105.815;-275.6550;-55.7985;-58.0301;
562140.085;503170.690;502461.467;18.1998;-91.4953;-85.1075;
529688.121;551981.837;552851.913;70.2672;-69.7759;-65.2950;
500773.458;531752.144;530979.475;-698.1936;-833.7166;-817.8569;
475217.639;546458.139;545328.039;-64.3672;-117.6277;-136.4761;
474747.673;539402.292;538239.243;28.1604;22.4816;4.9265;
470447.265;507254.960;506015.857;-94.1273;-203.0363;-194.3099;
497700.259;553585.061;552986.056;-530.5106;10.3526;0.7830;
498468.875;534047.740;534352.810;-842.9761;241.2512;202.6351;
882424.309;142370.182;142333.246;-30.3962;17.1762;17.1029;
545026.501;588457.310;586742.389;-213.0703;-202.9427;-214.8690;
486264.764;540521.074;540029.181;-727.6315;63.8925;42.3020;
506160.135;530177.893;529889.251;-416.7811;-413.8897;-442.5084;
723804.717;493409.243;493391.726;174.1876;11.6089;19.0821;
481307.840;553964.720;552589.232;-726.6755;444.8713;431.2937;
416856.024;436292.529;429942.772;-50.3650;-262.5757;-255.6588;
445130.963;539546.632;537973.117;-522.5139;299.5328;262.4080;
451152.155;517970.358;516888.382;162.1749;44.3946;48.0985;
504393.108;533332.223;532425.054;137.9664;-445.5683;-437.1489;
490697.017;536881.198;536135.059;171.0417;273.6087;277.6815;
455575.319;415773.751;411228.276;-175.7493;192.6779;198.3764;
486745.016;550003.764;550157.924;-1130.1469;404.4655;388.0953;
480892.232;541863.097;541635.047;436.6839;422.3933;432.1083;
495495.370;542084.424;540693.353;-813.4289;616.9959;453.5767;
476739.885;572490.293;572046.990;321.7886;355.1624;324.0691;
450196.094;537973.901;535670.127;574.6204;-125.1589;-102.4077;
11679.960;603961.302;605755.646;-325.4803;36.5987;34.5862;
449671.778;512319.027;510000.366;-108.5576;-364.4715;-356.2331;
578847.446;429176.751;427698.269;300.5270;-91.0903;-81.9664;
588922.497;445555.393;445211.986;360.5209;-158.8384;-142.2204;
493794.850;557370.288;556793.957;583.0125;228.5315;259.1788;
466093.861;554086.144;552435.479;-1184.5006;-87.4171;-142.4629;
509991.073;517967.960;517842.303;-585.5152;-658.5725;-689.6066;
627812.347;316897.604;317266.092;99.8659;-338.8816;-346.8007;
449562.256;527060.740;526094.808;420.1585;-119.5623;-116.6969;
489421.202;545865.691;544743.261;668.6877;-738.7227;-691.9526;
429090.656;535217.372;532776.875;217.5216;-228.0618;-217.6043;
361519.064;573319.052;570053.178;200.3442;129.1606;152.0766;
500919.555;644434.821;644424.288;-236.1865;182.5231;168.5062;
596769.895;612888.561;613214.418;-390.7201;-119.1911;-112.0513;
474335.628;513545.906;512348.968;156.8742;43.6547;72.9064;
143763.432;667217.841;666764.891;127.3608;53.9148;53.7290;
528027.976;543389.497;544318.170;-31.7263;-495.7344;-530.2521;
492883.850;541362.079;540324.537;-193.8552;-117.2684;-132.1173;
459261.805;559989.529;558486.030;263.4377;300.9437;298.4048;
487124.744;536881.726;536099.891;398.5944;-138.6849;-144.2984;
459578.220;574606.219;572816.980;-129.3843;103.8666;101.1995;
477033.975;560080.650;558538.983;637.8465;266.8679;270.5024;
511811.914;561078.208;559376.762;464.8094;-104.8042;-80.0175;
429664.494;359450.303;360118.240;10.3571;188.1867;194.1141;
505607.886;541406.655;540064.178;652.0922;-636.4950;-651.8949;
699038.812;485304.154;484221.783;-197.9150;73.7518;75.5210;
760518.708;468322.737;468825.535;473.2950;-291.8015;-321.6383;
414299.691;567792.091;564900.513;161.4606;-67.2719;-63.5553;
398927.654;497610.371;492826.811;-65.5705;-133.7678;-147.0844;
490194.545;554093.563;554581.595;480.0374;630.8977;716.5382;
520354.718;495081.418;495729.034;520.4616;-431.0668;-412.5235;
472640.483;526065.224;525162.427;35.0084;-332.4180;-317.0644;
477287.425;549045.086;547929.549;-284.7792;-110.2131;-102.1672;
589140.157;417498.023;414762.125;405.8785;-4.4366;9.3729;
540950.016;500983.321;504625.191;613.9603;-420.2182;-373.8732;
490542.188;537924.887;536740.236;-99.8839;210.5414;225.9206;
496341.528;541533.586;540655.048;-17.8844;288.8401;272.1071;
488380.669;537371.529;534153.323;1321.1032;402.1279;473.7484;
472602.317;548281.800;546619.225;91.7134;256.9317;269.0859;
462097.184;541458.881;539311.898;-256.2362;183.1901;184.5448;
483362.064;526117.367;524839.280;-84.9687;346.3355;322.0167;
528494.173;570928.963;570078.345;558.6316;370.0703;399.1243;
481226.210;574501.426;572640.056;86.5370;26.8882;-6.3156;
385724.703;261227.421;248775.156;105.3363;-177.5564;-185.6500;
490532.272;546895.632;546515.808;-903.8508;372.9396;331.5886;
770137.533;621619.695;620421.406;33.4269;-52.5385;-53.1686;
946739.244;628936.716;627612.285;-4.1489;-57.8261;-58.8523;
562172.881;453603.165;452540.108;-38.2895;264.5733;225.1964;
518224.185;515877.643;516737.660;168.4598;738.7333;710.9147;
408762.930;569359.863;567442.451;214.8327;257.4440;252.4244;
469156.454;499389.964;498063.863;-528.2010;-185.6384;-207.1361;
697978.256;633731.679;636493.484;316.4999;-8.2626;-7.3799;
524482.226;539027.033;539646.362;-131.2682;127.5965;120.5908;
622456.959;511768.704;511728.706;-311.1002;46.4998;70.3511;
478478.266;542523.366;540989.176;-263.8450;-522.8721;-545.4442;
440637.623;567419.262;566471.857;177.0711;74.6263;95.0654;
568155.020;462484.324;464624.513;-80.9232;-311.5923;-285.7451;
910150.839;727241.148;724601.802;-19.5740;-30.0116;-30.5171;
478008.239;525796.280;524693.046;497.1562;402.2802;392.0669;
469380.270;537306.111;535454.008;356.6548;56.3512;56.4555;
478030.000;527984.522;526613.324;1123.0974;-51.9907;-61.1753;
506400.817;513777.838;513306.568;510.3704;259.1295;278.1599;
436194.363;540054.324;537385.785;-179.9783;49.8661;40.3976;
466288.281;545994.420;544985.950;52.8460;102.0865;78.5749;
439638.136;247090.147;245375.720;22.2274;44.9122;43.8991;
456267.808;540365.076;537932.599;-832.8964;-182.1695;-208.4953;
414697.574;516497.855;513174.023;-434.2880;132.6713;87.8041;
896919.628;402786.815;386142.777;126.3579;-144.4773;-158.6077;
351454.356;440274.949;437410.730;-224.7374;77.9646;71.7376;
476546.413;543684.112;542274.776;-357.3731;534.3252;526.4026;
453440.127;545675.050;543802.885;91.2598;585.4075;600.1348;
471351.908;530342.540;529615.818;-91.7357;167.1391;196.7827;
881795.362;923533.380;918444.201;245.7309;76.8461;70.5396;
398307.394;447550.749;448421.528;241.4155;0.0696;-1.7225;
549354.514;545134.615;549792.428;-413.9863;-421.0142;-412.8877;
527081.845;488631.997;488176.375;-167.2320;38.1941;63.8371;
478166.475;544210.974;543159.106;702.2588;804.6302;820.0251;
377644.473;385645.989;378298.467;-31.8228;207.1983;202.1250;
491310.066;531325.710;530026.521;457.3291;7.1558;9.4414;
475671.165;547599.996;546013.032;-4.1788;-447.5220;-426.0937;
372875.341;623616.341;623264.591;46.9186;-77.4781;-90.7683;
480706.473;535641.628;534500.219;497.8844;29.3597;34.8852;
506758.901;517382.606;516952.951;809.5858;83.5047;104.0412;
503413.848;543812.205;542777.136;143.6109;-460.9450;-425.4620;
817297.686;468074.002;461392.695;70.1428;-62.7759;-67.3665;
499805.894;456704.571;452764.797;-597.3925;-12.2035;-110.3627;
478384.008;546373.267;545356.736;94.0866;-109.9691;-98.4436;
550223.038;481053.690;483537.558;-78.1236;161.7570;169.5439;
546663.750;523647.934;525559.351;363.7347;-94.1912;-50.5394;
485948.850;535623.666;534476.371;32.6707;-323.6046;-340.0309;
557100.232;494288.825;497291.606;-322.5279;217.2219;246.6093;
460668.934;568926.844;566015.046;89.8885;-575.7458;-526.6974;
365930.295;612234.584;609882.074;160.3229;-72.5460;-35.2209;
482948.211;546227.205;545068.731;-438.2110;-604.8018;-614.9781;
485996.490;531858.540;530364.535;193.7402;-79.1288;-77.5293;
481451.618;533255.937;532452.023;923.3723;382.1585;439.6324;
496541.217;527730.223;526839.630;678.8790;61.1003;55.6148;
472907.012;564687.595;563059.407;836.6460;2.9643;14.4960;
501688.068;552734.986;552742.179;-378.8199;508.4120;519.4168;
512299.743;519267.736;517942.842;506.1836;152.5401;157.7747;
999819.255;619421.307;617731.074;103.7776;-36.1639;-37.0291;
510124.091;533861.257;534556.798;-1050.8548;101.2676;64.8161;
475963.699;559892.975;558251.796;295.7173;-484.2763;-454.3225;
640042.558;550717.095;554224.484;-282.3183;189.0261;194.9985;
475233.702;528942.275;526706.913;329.6886;-576.1802;-587.1729;
548897.900;483584.362;484581.810;682.5894;-84.9569;-102.8264;
493560.341;537780.232;536702.545;27.9630;546.5191;549.9016;
475224.090;534359.636;533265.870;-60.2203;-418.3583;-449.3228;
480414.455;521210.376;520158.842;-559.8243;604.8144;632.0064;
481283.689;539387.011;538410.474;-444.7409;-270.6969;-300.2168;
