# This file was created for the Modelling and Simulation course, RUG (September-November 2019).
#
# Project: Simulate colliding galaxies, using Barnes-Hut algorithm.
#
# Students:
#     Stefan Evanghelides (s2895323)
#     Hidde Folkertsma (s2759799)
#
#     X         Y         Z         DX        DY        DZ
486202.278;541703.806;541679.931;80.7241;-130.9914;-132.1073;
471850.076;566725.241;566619.219;333.0632;-402.5013;-401.7931;
723898.260;857086.208;857071.676;86.0043;-56.8796;-56.8873;
413017.250;708050.400;708463.761;-114.3976;291.2482;291.8627;
496320.333;547104.952;547120.446;106.7110;-255.6799;-259.5021;
476427.373;545772.474;545677.665;762.5296;159.9839;161.6627;
394208.797;437727.974;437285.582;378.4637;-12.0504;-11.5532;
361107.671;647432.462;647102.460;344.5606;130.5516;131.1039;
623203.702;536462.667;536095.706;-218.7086;18.0582;17.3947;
417552.571;666917.456;667026.459;-206.5924;-70.2124;-69.9098;
631802.457;430518.851;430152.553;135.2566;35.7643;36.2790;
343181.584;475874.730;475359.357;-230.2862;-176.8991;-175.0807;
474369.307;541717.231;541625.627;892.0855;-467.5696;-467.3714;
452753.411;544863.751;544807.509;-1187.4931;308.2242;303.4992;
179918.207;615892.798;615857.289;-165.3186;-24.5672;-24.9472;
490318.850;572016.995;572056.815;419.9812;286.7127;286.8815;
470507.657;564854.331;564820.626;-520.6172;267.6066;271.9818;
390965.811;515409.480;514956.957;138.5949;10.6519;6.1032;
611700.466;602377.145;602637.705;156.5664;153.4754;153.0183;
414438.497;532082.032;531957.879;-804.6567;-56.1486;-58.4743;
484538.473;542756.401;542749.205;-487.6009;-422.5538;-420.2372;
293587.220;551372.016;551317.563;-142.1877;-203.4036;-203.9808;
465528.611;567157.844;567073.208;-105.9938;71.7033;71.1675;
512791.805;535709.141;535774.544;20.9874;341.2059;342.0312;
481498.949;534968.187;534953.021;-1063.5659;-534.2436;-534.6674;
459708.477;534542.440;534442.756;86.5482;-131.5583;-130.8564;
462267.448;533597.357;533511.451;138.7176;-568.4529;-570.2193;
494579.318;544755.755;544771.478;281.0377;135.0355;135.3208;
476855.990;549068.754;548998.072;-453.3171;172.7964;173.9839;
458538.588;553975.002;553888.497;52.9784;-290.6438;-290.4805;
885839.705;170896.755;170923.553;32.4799;-39.4057;-39.4075;
663839.305;542140.543;541605.583;88.4743;101.0989;98.0592;
483293.488;545496.442;545484.144;734.5551;294.2028;296.5075;
470048.504;562566.120;562600.308;314.3637;-325.3842;-326.3021;
425422.697;532539.971;532407.734;666.9109;355.5077;364.6449;
498195.795;537401.266;537355.635;344.5532;316.2588;316.2366;
498995.668;546097.344;545986.748;-1488.4603;233.6607;250.1067;
469934.568;523258.123;523177.826;-199.8914;-174.3017;-175.3739;
455081.724;502843.257;502610.469;-674.4207;-88.4931;-91.3620;
487865.960;521758.791;521751.700;146.9064;151.2918;150.2648;
464448.865;540901.160;540825.220;-645.7161;582.1065;584.2585;
172324.025;411008.402;410840.724;-71.4246;-45.0431;-44.9622;
476473.221;537042.628;537013.429;116.5191;246.4903;249.9386;
486475.865;598598.877;598605.475;255.3386;-65.3469;-66.9088;
389833.089;686854.363;687133.213;-41.0465;110.4385;110.0702;
489349.223;543745.840;543704.242;1006.6123;-321.3115;-320.2529;
506934.072;562898.784;562888.979;-355.1924;18.6090;17.5465;
787444.227;179047.858;179067.454;-44.1291;59.0492;59.0404;
459388.648;534025.811;533937.547;883.9879;-123.7036;-123.9884;
833414.279;700462.791;699414.137;-68.0123;35.4447;34.5613;
520004.164;483179.758;483276.613;-39.9249;289.0593;288.9432;
468280.535;547157.993;547092.976;641.3850;280.3838;278.9698;
461630.395;533585.871;533501.152;543.2324;311.3647;310.9338;
503576.942;559344.607;559372.051;566.2013;-97.1171;-97.8441;
475195.437;580925.881;581019.706;797.1953;-406.0297;-408.4425;
517847.616;547577.829;547623.377;486.9158;136.5145;132.3068;
418889.287;470188.048;469693.205;267.2892;-117.9653;-117.8885;
480686.124;533204.611;533108.384;1059.1589;542.4584;545.4380;
759966.548;425336.367;425480.299;-165.8628;18.4533;19.2721;
433941.319;523140.479;523063.802;116.3331;213.5496;211.9051;
982948.507;638516.118;638328.778;-11.4168;30.1883;29.9886;
463305.143;531902.330;531826.295;121.5541;-561.3523;-563.0911;
64500.533;457251.868;457086.556;-74.3657;79.2179;79.1609;
951322.622;311133.018;311272.305;156.4514;-26.1921;-26.0785;
492734.672;539987.109;539849.333;-689.3760;799.4805;804.8280;
530710.332;523259.792;523296.315;-21.1717;476.9181;475.7953;
470861.053;549034.216;549077.315;-498.8875;-186.6587;-186.6670;
116075.879;176316.916;175576.881;-73.8984;-143.4924;-143.7423;
405199.437;569839.183;569666.571;-36.8055;314.2778;318.6654;
551564.868;535553.265;535129.172;-662.4044;-176.2795;-175.7405;
467733.682;540456.664;540386.771;-502.0499;524.4196;529.1681;
291154.845;523445.637;523316.515;-103.1839;157.7155;158.3887;
473587.100;606332.314;606574.410;42.3267;259.7279;259.1838;
449873.415;525581.497;525454.789;-655.6778;-612.5686;-611.6892;
738877.790;517122.989;516745.168;151.9806;-5.0505;-5.9985;
294711.492;558698.355;558741.445;8.3911;312.3871;313.6519;
480987.172;568497.149;568534.376;104.8476;343.1883;344.5384;
482692.390;589567.904;589638.912;-350.8619;-279.6993;-279.5666;
454171.510;541854.146;541768.942;-703.8972;217.9702;217.5047;
377111.991;525728.811;525228.852;36.7417;-194.9399;-195.9195;
467281.894;530277.831;530241.037;-36.3912;-538.3331;-538.8161;
449560.475;547537.271;547466.716;-300.8055;-282.1653;-283.7536;
517182.058;544479.682;544431.327;-406.6210;-12.6960;-12.8439;
777020.357;519533.284;518780.206;89.4725;-52.3524;-53.4960;
454118.068;546179.566;546135.552;-143.4587;874.8610;871.4719;
478797.171;531259.784;531190.283;276.3622;-735.7299;-736.2885;
449053.252;544772.174;544683.135;1041.7442;-70.1268;-66.6189;
455765.490;539703.033;539670.632;-167.4690;-124.4252;-125.3845;
469483.566;556541.598;556514.463;-1184.9410;208.7636;206.1798;
481876.039;550307.398;550284.750;295.4247;261.9837;262.5989;
460156.771;551944.744;551924.546;-416.3323;-370.0872;-369.3986;
395316.593;553174.371;552915.148;-74.9741;362.9707;360.8210;
596829.894;616021.057;615860.812;-552.7521;-36.9173;-36.2624;
474438.089;544251.456;544215.322;4.3225;543.3219;545.8625;
432480.619;492636.294;492442.272;-232.3864;199.7473;199.3622;
514783.072;424828.466;424778.101;-299.2017;163.9264;163.7253;
423998.119;548616.465;548561.969;302.4865;150.0270;149.6354;
416584.347;529494.451;529438.071;888.4908;-598.8340;-604.2142;
418269.193;537080.874;536991.122;-392.6165;425.3368;426.4210;
736219.951;609745.585;609598.453;20.3515;15.4763;15.1072;
484001.738;577091.514;577070.848;204.1427;205.4269;205.3458;
380918.313;428923.372;428884.436;-101.1714;251.1339;250.6310;
470414.613;561263.377;561204.032;466.1854;-347.8542;-348.1931;
892042.719;465893.069;465873.797;13.4377;-4.8387;-4.8042;
486746.097;533599.160;533558.636;-167.3307;-331.6228;-331.5852;
481438.514;534757.902;534729.333;-308.7649;-608.0668;-608.8324;
434080.223;527404.257;527325.323;-208.1719;258.9007;258.5722;
445726.577;521594.655;521375.839;561.5574;580.2429;581.2097;
469585.467;491554.421;491468.988;5.4470;267.8519;269.0515;
259799.748;933838.328;933645.618;-92.4823;83.8508;83.7769;
464850.170;539946.441;539855.073;-315.2176;758.9182;759.2772;
489779.024;539597.146;539531.458;-615.9398;82.2176;77.9171;
482867.056;552226.309;552174.701;-379.2849;262.5196;262.8345;
456861.760;554836.104;554781.180;-868.6608;-504.4868;-503.7566;
436864.784;557024.850;556960.385;-69.3428;-156.5197;-157.2289;
403979.249;290138.320;289877.229;-0.1015;-77.2384;-77.7358;
498826.464;550581.685;550613.779;-671.3860;175.1356;171.4278;
481206.132;524524.810;524428.534;46.4202;-484.0512;-485.5575;
272382.700;471178.972;471015.930;-396.4880;-148.4676;-150.4618;
229205.246;335004.328;334911.775;-177.7972;78.0309;77.9598;
411775.417;542260.054;542085.652;301.2061;427.8652;432.0721;
432333.013;582519.068;582549.136;-635.1706;-23.8545;-23.5213;
504367.788;563792.913;563835.984;558.2104;-260.1582;-260.9584;
698453.348;414559.677;415826.470;-305.8629;-100.2176;-98.5839;
569210.785;609016.117;609070.590;-174.7576;11.8882;12.3256;
446110.791;590397.526;590354.249;203.7280;482.2168;480.4898;
452100.273;564642.719;564581.023;-301.4221;40.8094;39.0492;
469046.957;538638.032;538529.079;-35.5863;-453.9231;-459.9061;
586290.236;405492.993;404962.196;1.0887;-233.3473;-234.9350;
469149.748;517836.404;517737.729;-520.3849;-353.2899;-357.6602;
481151.220;563735.717;563703.317;-161.9748;757.7225;757.0145;
520122.772;613717.901;613905.492;359.5811;-224.4233;-223.8879;
448082.533;523507.850;523467.329;-382.7036;-469.7736;-470.3792;
462202.147;343224.574;342662.738;260.9149;198.6371;198.6455;
437079.496;553523.033;553371.768;-654.7061;-257.7538;-259.9018;
460474.964;556570.235;556525.057;954.8440;319.0374;322.5896;
444172.870;615728.972;615715.091;32.8338;16.3305;15.0913;
332581.816;476252.644;476126.891;-490.2574;268.7027;265.4853;
469197.634;537233.441;537190.802;-82.6252;124.7185;125.1883;
541297.175;517541.299;517674.185;546.6655;111.9832;112.6855;
420678.356;527754.099;527751.890;-220.5438;-150.2748;-151.5679;
465097.880;531996.075;531888.833;742.0799;179.4775;180.3620;
445738.776;544276.999;544181.146;954.3837;220.9470;225.2968;
447031.194;532157.023;532005.493;123.7871;-579.9201;-581.7306;
463738.080;457109.997;457007.977;-112.3012;139.8515;140.9231;
507582.902;550765.332;550709.972;-82.9649;-410.2324;-411.2692;
483366.108;552964.665;552900.569;583.1229;-120.4942;-120.8507;
478789.736;547809.652;547774.875;1034.1071;-503.3451;-502.4935;
482641.191;530693.214;530670.861;156.8454;-151.1781;-151.0743;
486005.086;526097.191;525981.079;413.4827;169.2783;172.4179;
455456.752;557192.644;557201.432;100.7616;-848.4128;-850.5446;
545680.517;540643.837;540461.516;142.1192;209.6276;207.4403;
130889.494;29235.961;29290.392;-129.0251;-263.8878;-263.4808;
451980.350;615185.749;615118.417;361.0402;297.6903;298.3011;
468162.593;550441.221;550426.324;178.0206;-349.5517;-351.0685;
460783.037;545218.965;545164.817;-393.0076;-104.6527;-104.6438;
140950.676;631310.896;631273.820;-212.0269;-71.5211;-71.9640;
471428.409;545854.160;545800.717;774.6628;-41.2436;-40.2175;
434959.435;539667.724;539561.183;351.7783;-821.6421;-823.9608;
491477.052;534755.698;534673.881;-433.4649;-253.1673;-257.9397;
579928.519;540616.145;540338.700;-73.0119;101.0751;98.9365;
481219.935;547035.283;547018.272;-321.3364;131.2334;131.2460;
463401.931;534426.470;534369.243;-65.2837;39.3899;41.5633;
466206.151;566699.385;566648.336;-321.5680;-244.0702;-245.5459;
