# This file was created for the Modelling and Simulation course, RUG (September-November 2019).
#
# Project: Simulate colliding galaxies, using Barnes-Hut algorithm.
#
# Students:
#     Stefan Evanghelides (s2895323)
#     Hidde Folkertsma (s2759799)
#
#     X         Y         Z         DX        DY        DZ
467881.473;530710.967;524983.800;-306.5506;-9.0500;-32.5147;
504647.750;545024.385;543432.011;-1046.7286;-85.5366;-91.1474;
628318.160;428106.517;432325.791;-295.8134;-117.0904;-107.4170;
488369.257;535398.428;531012.461;300.9943;460.7056;498.6051;
471148.671;571711.934;570281.486;-150.3538;-50.0319;-59.7202;
670074.224;563106.932;563263.088;87.2829;-281.4879;-270.7430;
590241.461;944317.918;961108.940;-18.3158;-0.6019;6.6594;
564721.348;704180.937;718291.529;-103.0286;278.5227;271.0126;
497565.428;495949.714;480993.070;20.6425;-148.3611;-144.2146;
480768.410;580411.628;578636.560;-788.3034;-35.6204;-36.5806;
499288.354;536258.267;533473.478;-297.0389;145.4221;191.9220;
616145.024;714543.276;715158.478;-133.2837;71.0870;71.2232;
489317.246;543965.922;541559.711;449.3607;110.8960;158.4547;
447590.673;570805.738;562269.314;-275.8997;355.5389;317.7646;
342445.170;385514.157;369092.000;-66.9773;-57.1969;-64.4017;
423074.911;531301.088;522193.912;316.4060;37.1140;77.2140;
497234.544;546951.390;544564.268;825.4753;-141.4280;-113.6587;
402849.609;571200.946;575308.797;-52.1378;165.3929;232.8985;
598886.948;535392.343;539666.550;135.4857;36.4111;-12.1286;
486537.144;569047.828;568182.136;404.7165;-344.4850;-286.1851;
497159.468;546126.427;541847.758;1013.8359;-27.9328;72.5606;
477248.823;535860.981;530426.093;689.0599;-286.4697;-302.0872;
480840.586;553888.547;551879.552;-491.1991;-576.9070;-670.4748;
489114.466;548134.430;545613.094;-315.2451;387.9596;363.3769;
477532.206;541417.970;538251.539;561.9944;-49.1439;-39.6307;
851026.138;163779.065;163608.292;-48.8819;36.9403;36.6318;
468595.776;514062.389;515601.064;585.7851;602.5117;603.2718;
489327.855;550531.042;548010.919;-1061.7507;354.6456;209.2168;
503478.666;542971.134;540131.953;225.4362;-682.4070;-674.5401;
576060.961;529733.707;533062.325;-836.6233;253.3278;275.9262;
482717.710;566399.654;565124.845;-370.2138;546.2832;560.4914;
514164.943;531292.200;532146.949;-259.4368;1100.1174;834.1391;
510550.964;488652.036;494918.124;-190.1917;158.0025;159.0424;
476505.740;516509.530;509870.210;47.9835;-518.7394;-554.6043;
517267.551;534926.584;534162.682;367.5142;-383.4955;-391.7431;
498285.717;548481.782;545816.174;912.0571;228.8691;287.6859;
598286.520;521749.671;525074.870;-259.8121;-272.4769;-312.1398;
492520.624;561279.822;558706.391;-106.5757;-169.2598;-205.2892;
461868.916;547573.308;543613.880;-384.4997;103.5389;76.8500;
479346.801;566510.205;563042.492;-262.0819;316.9760;333.3743;
488585.497;541351.021;539308.467;-257.4381;-130.5456;-83.1580;
414119.560;515126.838;506006.242;-44.8429;-60.6163;-72.8645;
402295.438;636187.673;631970.657;-184.5389;169.3135;168.9604;
799878.096;418258.458;419475.990;231.1408;32.2415;21.0074;
773870.901;391442.675;385042.783;184.4188;-16.7636;-38.0915;
506448.520;544087.387;541609.912;-28.3713;156.4397;223.8599;
500461.520;535280.017;531853.495;589.0494;-166.7977;-143.2619;
512566.404;521272.136;519774.430;-845.0022;120.7665;78.6224;
681504.439;97770.506;91658.303;49.0087;-232.8662;-240.9351;
543177.517;586557.639;592715.961;-78.2079;-46.8791;-23.1962;
471960.823;533738.438;529263.277;-480.7240;168.2122;119.1593;
497850.577;544282.237;541994.450;5.1019;1026.0413;947.0297;
435343.197;382213.649;397973.747;-260.5671;-167.5358;-167.1806;
343265.739;671177.087;661256.080;-126.7956;-69.3862;-78.2271;
614907.666;405996.849;418193.531;227.5672;-97.7749;-69.9639;
562993.444;559107.810;560320.326;303.9274;-225.0269;-207.5132;
268099.392;699171.757;698477.006;187.1098;22.7212;22.1889;
498286.133;538072.505;534361.684;288.8259;-677.9106;-687.3601;
477103.005;545010.666;539928.884;652.7861;-41.0367;-51.2605;
481830.253;556962.632;553945.739;618.0203;181.4291;163.9272;
496725.361;536633.506;533499.051;-190.4059;340.6347;421.0284;
484250.264;530463.897;525000.387;783.8577;47.3752;68.5570;
496390.435;557896.863;555121.854;875.0518;-431.5276;-443.4079;
469240.340;541548.760;535577.391;482.9603;644.2411;619.2313;
604504.782;529352.039;530683.084;58.2939;-280.1383;-352.4360;
550146.611;514321.990;513741.394;129.3949;-209.3928;-229.8834;
370671.042;589964.819;562512.566;-349.4783;126.5134;56.4459;
600201.312;525324.787;529935.110;-465.6340;179.0818;119.5488;
510816.473;518187.352;519564.606;179.2601;387.2748;392.6708;
504521.637;580754.614;579441.444;56.5267;-22.8752;-15.7396;
808418.477;440210.170;441735.505;223.0323;5.3755;0.0537;
485574.826;554198.462;551975.043;-178.8514;-296.6459;-320.5428;
499602.220;559252.885;558846.904;-124.9410;205.3496;219.3367;
587039.963;545438.924;548973.004;-548.4013;250.7183;211.8118;
799476.235;370641.486;373335.524;227.0281;-41.4954;-22.9955;
500947.509;546034.141;543440.301;8.1512;115.4077;194.7800;
494767.071;549303.137;546906.483;-527.7182;-217.6805;-249.9261;
504243.913;566750.013;569122.364;-931.7836;433.0889;350.4941;
483242.247;526645.073;521810.058;-97.2530;35.7805;11.1576;
492570.627;539083.031;534724.244;702.0672;-188.7994;-97.2461;
487306.171;549878.172;546768.204;270.2075;443.8802;467.3466;
364206.705;402241.498;383855.355;-88.1704;-217.5504;-267.0562;
471069.238;542359.598;538237.560;-343.4670;-514.5003;-531.6453;
486164.272;162058.001;145913.351;136.1288;-80.6349;-83.0934;
505579.882;542349.483;539350.206;-181.1863;-589.4747;-616.3065;
765721.802;574042.322;573026.813;-46.2805;-66.5359;-65.8118;
899244.299;575866.662;573811.142;-125.9801;-71.6202;-71.8781;
442074.773;569028.637;564619.052;-128.8785;-113.4874;18.1095;
521159.464;514847.993;514688.128;923.8385;297.2053;294.5223;
392393.052;476564.531;469276.171;-325.5333;82.3296;36.4016;
472231.938;556849.829;552845.478;1031.4498;430.8437;505.7162;
878515.836;596074.572;597604.912;157.7198;-71.2778;-74.8597;
489591.071;550311.630;547749.141;-493.7749;-118.4028;-177.1913;
425898.199;564227.686;565417.632;205.9326;-94.4656;-64.4931;
482927.710;554218.577;552510.204;-315.8649;320.2690;313.2872;
504858.577;562994.226;561731.095;850.0866;-56.6722;-11.1554;
436858.536;368799.202;374826.258;-185.5442;16.3142;8.9156;
863001.682;687259.887;684394.469;-103.9510;-72.5489;-72.5487;
543789.808;533458.854;531780.013;85.8981;80.6956;110.8200;
456338.745;541431.158;535933.825;-239.2306;70.9359;29.5749;
511597.672;556631.512;554775.484;-348.4554;-144.6213;-281.5449;
470056.169;524438.238;520530.268;245.7700;111.6582;157.4915;
525794.499;537220.967;536131.426;-558.3746;-454.3979;-539.0338;
493347.042;541864.655;538841.686;-463.2433;65.2069;55.1618;
457045.253;296550.086;293119.233;24.2158;82.7534;80.2094;
508314.370;539819.617;537891.271;1094.7092;151.3610;93.7549;
461777.606;410014.105;426713.716;-36.7209;-28.0484;-8.9109;
953325.147;326148.347;318006.523;47.5323;-55.4023;-20.5385;
361446.696;563432.856;557597.326;327.3278;184.0502;184.2848;
508822.098;529151.962;526793.880;-326.4985;-493.2783;-518.3140;
487606.067;529010.069;524723.009;467.6874;-602.5856;-657.3517;
515425.359;533998.616;532082.294;-293.6598;-28.7792;-69.8069;
477355.210;599289.491;592944.223;-390.1405;71.9520;6.9307;
478581.996;403352.786;417984.965;-215.8313;-188.2602;-151.4708;
503670.556;587708.547;583631.257;212.2904;500.1310;574.9931;
491966.100;558014.036;555355.669;626.1160;-78.3690;-48.9894;
632900.225;526092.751;533739.901;246.0636;-185.0072;-174.8783;
492070.082;540757.603;537136.573;561.0726;-78.8241;-20.8667;
508177.645;552758.181;551167.547;-174.7463;-344.5465;-399.4664;
429888.182;550422.563;546227.146;-798.7980;-178.2950;-41.8566;
491651.067;548276.626;545111.693;771.6964;269.3015;315.4945;
500220.465;512594.671;512335.051;272.5999;210.7305;234.1287;
499068.433;537164.953;535317.824;-740.5694;165.3022;99.7514;
806819.521;422755.277;416247.908;-106.4062;-42.7489;-28.1065;
596235.680;520869.976;517869.301;195.8196;-639.0151;-382.8154;
505591.165;527683.068;526666.135;-683.6074;173.8137;117.2077;
609170.288;590291.986;606019.752;187.2618;146.3374;207.4169;
474904.684;555424.202;550690.747;-864.4558;-639.6718;-600.7644;
502812.024;538068.838;535908.492;-855.1580;-181.5248;-191.7360;
519688.753;553299.640;549066.692;466.8610;398.2824;534.3867;
443298.482;519695.081;517871.791;-82.6830;-339.5451;-219.3340;
605618.333;534083.767;529853.358;-347.3188;224.8221;136.4606;
513240.059;537852.463;536638.268;585.5390;668.5425;735.2383;
485711.310;537772.426;533517.872;288.7537;141.7155;151.0766;
493250.483;551305.632;548537.060;-111.8439;-258.0128;-251.7730;
490116.430;527635.621;523522.488;503.6877;-67.3410;-47.0019;
508465.355;540279.095;537899.832;40.6799;-370.2845;-375.1649;
489435.416;542706.888;540124.248;-796.4845;-108.2223;-231.7834;
495290.883;564224.811;563097.908;-817.3101;369.3788;431.4333;
522537.699;597914.590;602236.369;456.6484;-22.2785;12.1354;
582801.427;543965.072;542181.797;153.0854;-177.5699;-176.4760;
428157.972;344268.018;327994.821;133.7268;-214.9815;-231.6392;
492772.898;524143.617;519875.395;161.3605;144.1748;187.3251;
485263.609;546908.701;545220.301;1854.1417;-68.5350;-181.4152;
499690.980;547429.195;545282.166;-288.1165;-301.6935;-375.0022;
538225.133;549989.617;549933.315;679.3100;-103.1058;-108.4115;
544605.745;532951.486;530515.065;33.4641;-74.9165;-118.4541;
511272.994;551261.238;549336.065;303.8019;99.4432;82.2575;
