# This file was created for the Modelling and Simulation course, RUG (September-November 2019).
#
# Project: Simulate colliding galaxies, using Barnes-Hut algorithm.
#
# Students:
#     Stefan Evanghelides (s2895323)
#     Hidde Folkertsma (s2759799)
#
#     X         Y         Z         DX        DY        DZ
466067.664;540417.768;540405.137;-5.4962;74.4412;74.5711;
477254.808;577159.703;577208.974;30.1770;-197.9445;-199.7927;
597228.704;899793.409;899784.493;110.5218;-10.2101;-10.2119;
344058.624;371104.204;371094.550;121.3472;107.6376;107.6019;
471720.950;527748.070;527732.163;-425.2408;334.8633;335.5997;
471796.605;516481.203;516495.718;648.9405;296.3335;296.3184;
769726.697;914268.818;914133.365;-86.1914;168.3664;168.3072;
66162.101;552165.902;552140.490;-210.6104;12.8679;12.7856;
637641.945;453846.134;453847.009;-23.8176;259.3305;259.0740;
531717.779;533938.183;533949.656;98.8223;-489.8777;-490.3193;
266974.942;529060.074;529003.328;-59.1454;57.2693;57.3727;
586140.598;540642.983;540654.180;145.0225;-83.4028;-83.6688;
550803.281;569499.954;569513.729;457.8451;416.8923;417.3305;
406545.728;494851.134;494824.316;467.9480;537.0118;536.4911;
419166.253;520255.438;520194.019;-163.5393;-99.6198;-98.4842;
408481.626;528593.625;528578.584;-429.1370;-65.3099;-65.8753;
483938.715;360328.937;360287.467;170.9608;307.5627;307.3986;
495236.606;652779.413;652762.792;-65.1902;-170.8508;-170.8165;
476353.964;550827.975;550824.875;-236.9515;290.9304;291.2732;
476807.294;559423.235;559441.780;-264.9175;46.4847;46.1770;
377716.513;533047.171;532991.031;431.6794;257.8791;258.4139;
387781.616;517965.971;517865.928;459.5316;68.6618;68.9299;
457197.554;541698.837;541701.291;735.6852;417.8084;418.3617;
494565.187;401797.958;401714.991;215.3483;119.9082;119.8685;
462345.555;546409.145;546417.924;-289.7949;438.4595;438.2291;
496368.351;535348.725;535377.942;578.9737;-38.2286;-37.7539;
484335.190;551977.185;551987.252;480.9479;-214.1061;-213.6492;
422150.457;525445.440;525447.480;-56.2377;178.9916;178.8350;
455219.888;532145.083;532139.798;-396.8251;85.9871;84.0691;
475428.103;542541.380;542530.204;-135.7054;333.4677;332.5293;
456376.197;539173.457;539187.363;127.3024;55.5343;53.8237;
445747.318;533962.292;533950.455;50.7273;89.9784;88.9934;
812372.831;236573.447;236597.904;83.1264;-64.7408;-64.7351;
426822.884;459795.384;459730.946;363.9682;365.4431;365.4942;
430323.210;531625.315;531568.077;513.5299;469.7016;471.0035;
391864.644;569408.363;569410.590;-150.5543;-92.9393;-93.7266;
424899.961;510528.845;510508.862;657.8855;669.4451;668.8069;
474843.086;538761.786;538762.799;-25.7454;395.7060;395.7934;
933455.966;522519.552;522868.637;-72.6396;-62.8069;-62.7022;
320705.224;428699.111;428644.190;71.2142;97.0751;96.9719;
462447.336;578924.215;578929.567;353.4726;505.6220;504.6413;
450461.771;550779.702;550773.209;669.9320;384.8004;386.5540;
434425.376;526367.233;526342.449;386.1810;-158.1220;-158.0061;
632609.252;655182.840;655189.623;-278.4241;-147.2240;-147.2000;
460879.638;542191.091;542187.070;-1010.0052;-16.8123;-17.4634;
536281.778;544149.540;544138.983;-158.0929;-228.2050;-228.1617;
489592.993;349244.936;349181.500;-120.5782;31.4776;31.5543;
455785.000;565395.121;565406.608;-565.2048;321.9953;322.3199;
432116.282;551820.418;551843.596;-160.4065;55.0951;54.8311;
731831.306;947163.491;947067.628;70.8381;141.0457;140.9853;
803731.398;168865.697;168886.669;22.4280;-44.7352;-44.7297;
443753.598;526623.175;526626.248;-1120.8956;-438.3791;-440.5225;
859667.065;624041.081;623998.694;31.5277;97.2840;97.2014;
406433.485;436524.941;436442.859;111.8015;-173.9358;-174.1131;
490700.733;540652.857;540646.685;30.5026;-104.8554;-103.1733;
467524.908;537985.893;538005.237;380.8696;-708.8581;-708.2961;
479433.697;589520.462;589492.301;-101.3857;-343.7705;-343.1443;
424709.174;536643.950;536646.708;-402.3191;-184.6263;-185.3346;
448176.179;520649.942;520649.569;535.2636;-327.9151;-329.0607;
547834.272;689116.663;689252.518;-178.6252;-15.5726;-15.3424;
461217.922;542079.570;542068.790;-894.9510;171.8379;171.6128;
771634.689;492957.304;492787.959;124.0413;-111.8096;-111.7580;
455122.090;565336.249;565286.251;191.4048;-145.6456;-145.0470;
928048.941;592992.163;592961.706;109.5414;39.5233;39.5381;
469377.414;533833.161;533827.485;-1055.8283;52.9992;53.5451;
224161.935;374165.823;374088.176;-183.6990;49.8889;49.7938;
141622.161;620615.807;620639.396;-244.0338;86.1519;86.1042;
695930.812;376736.243;376710.938;264.0220;-93.8129;-93.6679;
485930.071;551488.526;551405.248;-868.0297;-268.0993;-268.2347;
425548.294;628713.241;628654.575;-172.3627;-96.3153;-96.5370;
439897.628;532285.297;532322.752;477.0443;-301.3039;-303.1989;
298754.709;431142.890;430984.212;-293.1041;-305.0220;-305.9710;
573713.417;544616.997;544621.449;-361.4377;-306.6194;-307.0237;
445035.955;534682.232;534696.709;-858.4512;-997.5537;-996.8437;
453913.363;537834.685;537821.262;-431.9645;-443.3949;-443.3528;
482263.461;530774.777;530758.905;-857.8054;-493.1276;-493.9093;
475136.289;533692.351;533686.761;261.9889;-595.0781;-595.2870;
586347.201;552120.699;552119.552;-128.9874;78.8305;78.8795;
330748.545;547416.053;547328.149;32.0518;-11.8103;-11.8697;
409589.420;615786.685;615798.290;345.3540;237.4163;237.4942;
445060.969;546156.055;546169.003;-231.2315;529.4014;530.7069;
940061.807;647571.796;647326.291;454.6652;78.6717;78.3825;
676827.269;655465.926;655343.901;-35.3650;43.4387;43.4027;
399586.818;671951.523;672035.817;-501.3407;178.7091;178.8450;
458927.714;539551.353;539537.769;-113.3116;666.7831;667.5236;
757417.388;613547.455;613089.782;479.6733;95.4813;94.1535;
386294.059;581098.798;581045.665;172.2392;92.3561;92.4374;
470599.416;546264.361;546262.203;-178.8670;-188.9664;-189.8305;
468012.120;544730.242;544739.133;286.5150;-465.5514;-466.2319;
465385.185;545410.859;545412.395;194.8370;760.7559;761.5479;
392804.362;482419.841;482388.064;-275.8231;-98.9534;-98.5967;
460073.722;515949.300;515898.302;-259.9206;261.7146;261.5327;
474684.644;544420.800;544424.693;274.2156;131.2376;131.5111;
470882.857;535020.372;534991.212;562.1737;-1026.9753;-1026.6811;
481415.496;545168.383;545146.450;-1091.5309;118.1846;118.0969;
480571.146;546106.223;546133.931;834.8466;-582.2560;-582.9746;
434895.069;551048.432;551081.648;-172.5416;313.0484;314.7549;
498800.178;535395.336;535401.735;527.7019;-23.8955;-23.9297;
541648.617;583657.639;583644.762;555.6118;-133.5085;-133.4440;
873283.660;487563.498;487532.445;-16.9209;131.4329;131.4420;
477197.660;543418.419;543423.386;-644.4345;-478.0259;-478.5888;
636394.183;504575.849;504379.796;-17.1063;-105.8354;-106.0215;
715637.367;450754.045;450718.457;-3.3218;-128.3324;-128.3064;
458871.612;531396.426;531384.394;-64.9687;-303.2740;-303.7505;
415974.477;480558.346;480479.681;694.5200;-147.0542;-146.3228;
553095.851;510888.861;510888.544;-381.4970;-234.6448;-234.5110;
371300.728;516917.085;516834.263;347.7546;161.7824;162.5371;
488809.711;577171.463;577227.108;-328.5873;-561.2186;-561.8758;
545722.202;368326.377;368267.180;-57.6089;-108.2990;-108.2699;
464003.933;532407.016;532410.737;438.6762;-647.8087;-648.9322;
810762.471;487417.406;487388.092;120.6896;-36.0696;-36.0928;
512529.377;542128.560;542113.269;14.4033;480.9751;481.2022;
512554.440;535723.471;535709.727;295.4655;-331.4579;-332.1783;
469394.990;553858.359;553885.190;25.9915;274.8895;275.3765;
174494.452;356352.005;356340.031;64.7828;23.2699;23.2560;
483060.301;471101.888;471006.052;-50.3279;99.0920;98.9023;
400030.218;775104.274;775025.404;-134.5405;186.8532;186.7374;
435613.496;545966.470;545969.040;331.5884;-435.5960;-434.2215;
495065.757;534375.073;534334.614;-822.2904;-315.3628;-315.4410;
491888.606;537112.290;537109.143;-410.9781;447.6450;448.1625;
492228.121;543688.392;543652.847;-1028.0284;377.9934;380.2164;
433375.303;546617.421;546612.439;-192.4339;-3.1490;-3.2651;
429444.197;453587.760;453455.655;-61.6788;-228.9980;-229.3414;
394346.824;525762.638;525663.294;250.7918;-181.3660;-181.9772;
436648.563;529498.560;529512.305;111.2202;198.0430;197.8618;
427807.893;454463.017;454415.750;-36.7840;246.9148;247.2378;
518611.464;345366.887;345295.602;-215.9651;-152.7446;-152.7930;
384973.492;896003.999;896001.661;12.8586;135.1406;135.1336;
438543.330;521436.013;521430.355;-338.3538;-107.6748;-107.6005;
430222.034;556715.780;556739.106;558.9839;-310.3487;-310.6443;
481157.780;545187.926;545198.616;640.1802;38.3636;37.6773;
776292.465;581549.773;581043.453;166.5204;-113.2053;-113.9045;
418452.476;591905.529;591920.060;-148.2762;-168.4556;-168.5566;
473183.233;546631.066;546637.311;-718.6163;691.1786;692.4417;
454690.214;530659.562;530650.039;-29.5916;508.3600;508.5952;
423583.661;571117.379;571179.130;-512.0608;98.9893;98.5816;
239402.330;424008.545;424012.464;72.3450;221.2776;221.2325;
492133.818;584013.969;584016.111;-17.4928;-292.8830;-292.1693;
508652.324;490981.836;490958.321;178.8296;34.6063;34.1764;
553994.408;506762.164;506801.307;-200.7125;-183.1436;-183.0723;
471555.808;542486.454;542503.945;644.2137;-45.0788;-44.2711;
171530.349;282185.513;282188.554;174.6767;-67.0854;-67.0771;
438878.501;535985.919;535996.742;-1176.6823;-21.7462;-21.4809;
467659.885;546192.820;546193.529;1150.7846;637.3431;638.4158;
482132.718;575653.220;575670.885;-273.7829;141.9196;141.9812;
561771.491;787245.172;787264.890;159.0943;-143.5357;-143.5442;
473950.425;546792.598;546799.902;-303.1474;-413.5600;-413.6042;
338477.250;557809.733;557721.806;-87.2686;68.0160;67.8836;
449599.034;526591.737;526544.158;-110.8362;784.2055;784.4789;
457250.422;533603.266;533598.652;443.1053;222.5592;222.0586;
471582.671;539913.942;539922.193;-619.4507;-238.1544;-239.9421;
453735.120;552285.508;552284.199;-126.3273;75.8294;75.4085;
321391.518;639366.031;639438.987;-113.6542;152.4990;152.4645;
478138.797;545583.082;545583.943;827.1700;256.7022;257.1885;
453594.990;550887.509;550882.284;-217.4085;-191.9426;-192.0987;
477990.823;539961.056;539981.378;-192.3349;235.5584;235.2563;
444368.928;531136.997;531159.475;-75.8120;328.7448;329.6225;
446505.232;545719.092;545705.528;-381.0464;-94.7580;-94.7410;
365539.525;540318.596;540308.906;-79.2848;-346.4177;-346.3472;
538115.686;468191.314;468167.580;245.1150;-65.0733;-65.0635;
333792.264;412604.287;412517.265;-229.9779;-390.2764;-390.8139;
670530.671;550044.634;549898.020;16.7378;-110.5371;-110.6860;
485059.649;532975.071;532994.650;323.0817;-19.9428;-20.2039;
452241.215;556621.896;556630.643;-221.5598;33.5232;32.9587;
448354.595;334657.500;334611.162;148.7065;45.6429;45.7253;
471570.279;522614.652;522592.335;346.9248;212.3774;212.7365;
482054.025;536880.851;536874.801;69.1734;564.7028;565.1731;
448370.619;531876.734;531829.497;880.6944;16.5480;17.3307;
449789.779;509898.753;509850.228;236.6378;54.0797;53.8320;
452641.721;536114.936;536090.256;574.6889;-109.2041;-108.0252;
468639.834;554172.254;554162.386;345.3675;280.2258;279.7146;
430273.307;534669.130;534661.733;-33.7387;91.2055;91.2968;
