# This file was created for the Modelling and Simulation course, RUG (September-November 2019).
#
# Project: Simulate colliding galaxies, using Barnes-Hut algorithm.
#
# Students:
#     Stefan Evanghelides (s2895323)
#     Hidde Folkertsma (s2759799)
#
#     X         Y         Z         DX        DY        DZ
479801.868;546030.520;546027.788;281.0720;-112.7709;-112.7212;
460979.895;571028.453;570964.313;258.4426;178.6150;175.6591;
720784.572;859111.189;859096.928;87.0036;-55.5841;-55.5914;
417138.903;697457.486;697848.254;-114.5452;297.6277;298.2708;
472285.175;548034.803;548011.838;1155.2163;207.1073;212.9602;
456489.042;537343.128;537301.836;99.3932;67.1811;65.1146;
380796.024;438568.059;438116.783;363.6480;-35.9628;-35.9241;
349090.147;642430.867;642082.465;322.3563;147.7111;148.1805;
630300.887;535878.204;535536.663;-176.0073;14.2580;13.5143;
425086.027;668926.057;669023.876;-211.6073;-40.4319;-40.1178;
626508.211;429517.935;429134.872;159.9486;19.2454;19.6636;
351775.067;482288.912;481752.689;-257.6243;-173.5360;-174.1911;
455374.008;551138.648;551117.248;-196.2018;-35.0692;-36.4383;
498702.678;535276.608;535263.599;-840.9600;55.2766;57.0995;
186023.640;616747.737;616725.864;-174.2289;-22.9011;-23.2785;
473147.530;558735.271;558750.679;543.9686;491.7958;493.3954;
482354.021;542315.977;542223.231;171.3741;834.9654;831.5848;
389184.161;516773.468;516503.132;-50.8378;-90.2557;-95.6615;
604986.332;596681.469;596948.825;216.0066;164.2509;164.3157;
448781.416;536292.664;536246.184;-1187.6624;-214.6496;-216.4194;
486075.619;552279.591;552186.782;502.2672;-36.2852;-36.4714;
299124.513;558602.325;558568.540;-164.8449;-193.8539;-194.4434;
470164.127;555017.688;554984.952;-173.7350;643.7085;641.8185;
507743.656;525025.845;525030.903;252.1673;259.5771;262.1374;
505063.478;556690.843;556652.845;-259.9219;-532.7076;-532.0324;
470723.025;547537.484;547493.555;-557.0069;-532.4003;-535.8063;
466908.823;554734.276;554703.509;-400.5789;-382.5216;-383.0390;
466130.643;539864.312;539775.644;1060.0065;-44.4510;-41.6571;
481493.098;538798.057;538746.917;282.6755;235.9221;233.7753;
466483.319;554992.832;554954.674;-494.1874;314.6982;312.3534;
884647.275;172330.453;172357.313;33.8096;-40.2670;-40.2686;
659830.591;538500.847;538077.715;136.7673;100.9973;97.8240;
453710.827;535407.938;535293.755;594.3585;87.6168;89.1723;
460324.944;563590.725;563580.747;130.3972;304.7457;307.8648;
408750.461;523363.206;522966.874;284.9679;156.1939;161.4981;
465312.608;538021.633;537967.672;1224.6205;-474.9424;-474.1981;
540674.206;537379.691;536826.776;-932.2171;229.6093;238.5773;
476290.180;536257.874;536214.799;-98.3092;-559.1381;-559.9751;
479714.583;509766.543;509652.214;-676.5628;-316.1742;-319.8575;
480242.678;519992.665;520003.502;268.1276;-60.5822;-60.4444;
483344.858;530525.482;530445.172;-279.4053;-123.1985;-125.0656;
175083.161;412712.127;412541.587;-82.1746;-49.7463;-49.6684;
465664.469;540983.789;540879.442;303.8262;-448.0900;-450.7881;
475866.602;598236.493;598307.522;322.1031;93.9713;92.2122;
391604.103;682463.017;682753.434;-58.3250;134.1780;133.9075;
448119.550;549847.855;549776.543;867.3327;-14.6628;-14.4326;
517238.606;560867.822;560893.308;-214.2462;88.9392;88.0891;
788998.415;176972.332;176992.234;-42.1701;56.1806;56.1724;
451285.673;545814.231;545761.348;-558.0341;-375.2255;-376.2694;
835815.319;699164.100;698147.390;-65.3086;36.7347;35.8432;
521038.770;473311.491;473410.846;-18.0217;259.3384;259.3145;
457916.248;535429.671;535381.954;-194.8103;112.5795;114.4265;
459274.069;538362.295;538304.014;-453.6979;-546.0103;-546.4081;
471728.807;553294.459;553278.361;1222.2371;530.3477;534.4930;
446791.256;590601.030;590742.661;757.9640;-135.4008;-135.6524;
487956.404;542413.656;542513.378;1289.4597;118.2235;121.8853;
409891.866;475447.345;474957.389;231.1808;-176.0168;-176.3789;
444062.033;531361.885;531267.414;694.2451;-375.7296;-377.9863;
765745.912;424731.876;424846.818;-154.8728;15.0470;15.8356;
431996.524;517669.309;517639.773;-3.0284;91.8410;90.9022;
983310.691;637419.622;637239.473;-8.6278;30.7426;30.5428;
468877.625;554960.639;554923.948;-413.8508;-439.5665;-439.5028;
67225.885;454408.703;454245.454;-77.1212;78.7178;78.6603;
945653.034;312092.343;312227.525;158.5909;-27.1340;-27.0194;
502528.408;519028.708;518854.075;-10.7421;373.7077;371.6492;
528574.967;507772.347;507841.544;149.8651;370.8838;370.2395;
480270.395;545619.269;545511.124;195.3087;281.0143;284.3323;
118775.242;181521.676;180790.725;-76.1406;-145.7309;-145.9858;
411493.185;556139.584;555830.429;-345.8501;455.0428;457.6007;
571249.497;542151.465;541749.327;-454.7871;-182.4379;-183.8398;
481051.352;531229.021;531098.080;-142.9727;-117.3266;-119.4198;
295442.732;517851.551;517698.462;-136.2022;152.7729;153.4285;
472222.583;594949.327;595186.946;46.8000;379.4010;380.1231;
482210.188;554239.732;554176.533;-842.8116;-772.9061;-777.8123;
733307.335;517318.674;516974.843;157.7481;-5.8589;-6.7996;
295284.431;547349.779;547346.134;-43.7890;313.7348;315.0853;
471604.691;549244.778;549187.251;370.8709;764.3723;767.8305;
494759.559;598958.719;599022.450;-315.1985;-242.3166;-242.0805;
485144.913;535614.955;535564.669;-773.5156;11.1210;9.6000;
378803.823;533030.874;532586.757;-140.1903;-211.3302;-213.5500;
471942.527;554446.990;554382.056;-200.2699;-562.9192;-561.8017;
477635.334;548784.513;548746.766;-875.1049;203.6292;203.8748;
522399.871;544779.054;544737.378;96.9492;5.6709;5.6289;
773540.160;521426.756;520715.798;104.2987;-52.8335;-54.0308;
473345.950;521570.938;521542.575;-724.1808;316.3469;318.3773;
461920.401;559450.478;559410.071;375.3304;-466.6141;-467.5303;
429110.836;545225.510;545074.174;121.9036;45.0511;44.9199;
474162.530;544625.458;544556.485;-656.6638;-193.1523;-191.9530;
497576.492;538519.440;538501.220;-95.7963;571.9585;573.7999;
461788.097;535916.314;535834.485;439.9591;210.6819;211.6447;
478837.748;552527.367;552457.788;-312.6638;376.7432;377.3469;
403730.228;539164.611;539004.190;-409.2593;400.5288;397.2608;
616153.906;616739.195;616562.883;-517.8642;-3.7608;-3.4918;
468845.692;534822.338;534737.604;231.7427;-204.5618;-205.7310;
441078.722;485886.454;485706.966;-243.9763;175.0977;174.6783;
525410.399;419273.453;419230.057;-291.1257;144.5538;144.3688;
424662.208;541071.730;540998.262;-342.5301;239.2403;240.4471;
392575.375;551687.107;551773.691;468.4588;-601.2731;-603.6941;
435445.069;523135.600;523006.851;-565.9426;326.9692;327.9395;
735336.790;609144.697;609010.867;28.9624;17.9781;17.6082;
472594.534;563377.701;563356.475;453.8208;642.4023;642.7854;
384864.811;420365.887;420337.828;-115.2798;224.5146;224.3642;
456392.894;562335.987;562300.543;171.7691;305.9476;305.4159;
891516.549;466073.910;466053.388;15.8639;-5.2169;-5.1819;
478543.939;549492.202;549438.666;654.3815;-439.0328;-439.0110;
481290.414;556748.100;556704.455;434.3766;-378.0237;-377.6174;
444379.234;520869.171;520796.334;-354.5870;89.6621;89.6145;
427565.915;504147.177;503926.151;460.4765;413.7356;413.3169;
469275.702;483130.717;483001.875;10.4029;202.6202;203.8129;
263144.875;930788.939;930598.901;-93.3846;85.6152;85.5407;
476584.204;528348.325;528308.175;-210.0760;-190.5059;-192.3133;
489392.747;542509.846;542540.492;768.4862;-248.3909;-246.9807;
485074.475;538758.762;538717.822;354.0542;343.1335;342.8367;
489297.510;565968.187;565908.102;-763.2807;-84.7398;-85.3263;
441751.607;561415.076;561374.519;-210.6326;-86.2034;-86.8233;
403993.542;292956.951;292713.773;-0.7243;-79.4313;-79.9289;
511201.258;542066.292;542144.440;-26.3684;251.2053;252.3748;
471597.072;551619.577;551598.016;429.3754;-815.4069;-817.0645;
287384.466;476773.160;476681.773;-439.0986;-163.1764;-165.1575;
235678.040;332265.975;332175.965;-181.9085;73.9837;73.9135;
406788.693;526839.439;526547.113;4.4035;397.6884;400.1163;
459780.977;578733.300;578738.877;-873.1182;300.6459;301.6232;
478614.824;568449.894;568492.295;874.3456;47.7610;48.8786;
709203.401;418327.223;419531.724;-291.1949;-109.1842;-107.3563;
575277.640;608397.322;608435.648;-162.0517;22.8578;23.3126;
442030.654;568923.471;568942.593;-59.3085;737.8714;736.5070;
471724.490;553313.570;553298.667;-712.8295;650.1288;649.9263;
472650.241;549745.917;549759.241;-170.5100;-80.4915;-76.3752;
586133.669;414089.200;413616.502;7.8181;-244.6750;-246.3168;
483941.398;542604.556;542625.700;-75.1309;-1017.5959;-1017.7317;
471493.014;528435.901;528385.711;643.3725;762.7671;765.1772;
506325.646;620621.594;620785.501;406.0553;-156.8992;-156.1240;
474529.265;551603.237;551534.688;-989.1339;-916.0910;-915.1363;
452812.795;336293.510;335731.971;260.6550;186.2361;186.2105;
474816.811;554299.949;554293.309;-1325.0863;322.7618;318.1678;
446197.483;537729.671;537608.430;-295.5739;566.7668;565.9964;
443345.671;614268.117;614298.390;12.6503;69.3508;68.1688;
351724.713;467562.662;467511.972;-567.4568;204.5020;203.5358;
471260.525;541084.527;541010.362;-87.6232;-376.0685;-376.3443;
517282.157;516007.160;516089.416;799.5945;-37.9583;-35.6568;
434630.774;535893.499;535890.925;-606.6518;-314.5195;-312.4413;
446342.553;533675.946;533581.254;254.5973;-256.9683;-258.3831;
422604.469;536274.460;536074.303;385.3043;185.2729;186.6443;
468423.117;554906.920;554911.725;-1256.6019;-435.4010;-439.0934;
467727.469;453095.257;452954.585;-109.2220;82.5944;83.6613;
500398.354;561091.329;561088.797;481.1658;-150.3707;-151.8384;
460463.310;553769.482;553728.479;604.3175;84.6165;83.9085;
447118.758;554518.740;554444.181;394.8202;81.5367;81.9564;
466407.212;549677.482;549594.724;516.5514;-671.4034;-670.6502;
462678.974;539056.503;538968.027;641.1512;-895.8313;-901.1198;
459758.218;580380.194;580399.170;-229.2051;-449.2007;-448.3731;
537601.528;533224.165;533110.833;327.4556;191.9795;190.1947;
135547.040;38757.289;38797.054;-129.7520;-265.1165;-264.7087;
439313.708;603714.937;603627.561;338.3401;341.0871;341.5388;
466069.729;552368.479;552317.118;-76.0372;247.7111;250.1111;
479453.072;545653.853;545600.551;-426.5735;45.9187;45.6415;
148979.369;633756.911;633735.740;-234.7228;-64.0481;-64.4886;
456195.651;542662.474;542592.512;-197.4658;94.6400;94.6059;
434073.652;566640.844;566617.294;-273.8810;-623.9944;-625.9896;
483228.339;549530.776;549568.541;1053.3334;-407.1740;-405.4872;
581453.676;537005.930;536805.126;-5.5531;96.4552;94.4566;
475919.566;539952.743;539892.763;650.3206;59.7906;61.1665;
473136.665;544354.542;544278.705;-396.5625;-499.2928;-502.0662;
477578.285;572693.342;572695.715;-286.5722;-84.1768;-85.5466;
