# This file was created for the Modelling and Simulation course, RUG (September-November 2019).
#
# Project: Simulate colliding galaxies, using Barnes-Hut algorithm.
#
# Students:
#     Stefan Evanghelides (s2895323)
#     Hidde Folkertsma (s2759799)
#
#     X         Y         Z         DX        DY        DZ
446988.353;534008.405;533978.101;-387.3481;148.2601;148.2285;
441124.743;506901.849;506775.275;-472.0743;34.1333;32.1066;
664941.740;885640.898;885629.947;101.3941;-34.0481;-34.0526;
435537.171;470345.006;470288.735;167.7910;245.5067;245.3429;
471930.151;547619.543;547632.208;721.6618;-229.2626;-228.4188;
446743.429;542246.687;542222.630;-383.8241;516.9042;514.1871;
360392.932;573892.259;573969.802;-464.8825;-309.0471;-309.4013;
308299.273;505751.067;505594.471;-257.0744;234.3852;233.3091;
520970.322;531587.157;531604.733;814.1813;-108.6035;-108.0407;
370265.425;514303.602;514052.693;449.7926;-45.2694;-44.4942;
482046.975;614429.984;614392.664;-458.8771;-326.7671;-326.5372;
615538.085;615255.284;615247.853;-167.5783;44.9221;43.5180;
444096.552;542466.058;542449.740;-473.1600;-266.6778;-269.8523;
480072.547;509793.307;509594.112;-782.5149;110.2668;111.4625;
399302.049;623068.395;623211.090;-696.6286;132.1824;132.7793;
417661.968;466110.949;465893.717;-60.3825;-78.0940;-78.7243;
488174.197;555938.381;555911.089;585.3169;-113.4091;-112.7602;
434718.650;531578.253;531514.670;12.3363;414.8532;414.1542;
319925.808;548021.877;547890.422;-195.7490;10.0840;9.7717;
591429.371;647570.561;647598.427;38.2981;22.8427;22.9416;
473646.944;525903.663;525867.355;19.1578;-90.2139;-89.6474;
530122.129;565066.299;565056.780;-322.1660;374.5539;375.2017;
437107.342;555222.577;555208.487;-570.0432;28.1543;27.2807;
450598.347;525099.504;525098.972;775.9291;249.3404;251.7171;
406484.337;534704.290;534699.743;-310.2356;304.3247;303.7815;
468278.926;542025.113;542016.126;222.4634;274.2972;275.8725;
477106.892;548152.919;548139.788;-7.0200;-120.6744;-121.0270;
461287.667;560420.502;560456.268;-724.1798;-130.9034;-131.7937;
448334.357;531272.329;531249.068;-415.2127;-253.3938;-254.2728;
454252.241;524130.881;524076.164;74.5534;-411.5098;-410.9548;
857436.603;199832.632;199859.470;58.6728;-51.9788;-51.9770;
386304.960;621831.196;621877.375;44.7352;-220.9333;-221.1687;
479578.314;560894.096;560949.745;406.9037;-189.0595;-191.4047;
464775.592;512301.482;512190.914;329.7460;-14.0137;-15.8270;
385337.328;505714.455;505483.967;-154.8115;-72.2391;-75.0446;
459197.949;558735.807;558734.643;-810.5683;-266.2514;-267.6315;
809013.853;492499.312;492563.704;-322.3627;4.6007;2.2845;
499562.275;552462.271;552494.866;476.4344;-140.7582;-140.6926;
465035.777;509705.885;509598.285;-1058.2371;20.7764;18.0870;
411859.756;553478.748;553448.643;168.5958;41.2290;40.8850;
448417.442;552142.765;552138.787;-272.4502;-340.2275;-339.7924;
288935.850;469981.960;469798.426;-352.8613;-164.1651;-164.2709;
447145.170;529644.975;529583.659;305.8829;-191.5685;-189.9722;
436636.050;525561.761;525548.807;-534.0627;-452.2462;-452.3660;
465240.977;426043.677;426004.998;25.4721;303.8158;303.4043;
450853.565;558486.245;558489.129;19.6361;345.3742;344.7986;
449385.308;557897.095;557905.832;-466.6436;250.4167;250.3597;
805588.155;157626.454;157648.938;-14.4084;8.8225;8.8218;
484116.303;540748.255;540755.103;-30.8720;431.8307;432.9696;
861083.077;671496.526;671039.161;-19.5915;56.6831;55.6909;
488589.347;398808.518;398707.173;90.8235;25.8788;26.3350;
477764.498;557452.370;557522.977;74.2102;347.2732;348.6915;
470448.865;554746.559;554758.804;279.5702;-337.5776;-337.6947;
507350.952;554013.668;554114.973;-287.0086;-83.0199;-84.9848;
434401.025;574182.479;574196.843;422.5599;432.7601;431.3219;
472919.188;541574.396;541623.532;331.7397;777.6171;781.1166;
491530.559;504029.158;503996.188;708.6209;-140.2500;-140.5205;
449495.594;542599.208;542604.431;-973.7366;-547.7357;-547.5822;
807559.645;437202.600;437115.782;-4.0398;-57.5649;-57.3825;
466287.277;546465.912;546437.969;124.4455;330.8431;329.2590;
974467.672;616690.363;616628.830;39.7254;39.3708;39.1704;
479606.949;552287.769;552304.531;-194.3888;34.0157;34.9728;
126460.242;411170.170;411043.671;-123.9444;66.0905;66.0233;
25964.252;663836.880;663826.381;-130.9292;54.1563;54.1003;
840574.283;333732.182;333795.238;198.6897;-48.1444;-48.0135;
463027.722;531187.632;531123.759;-891.2933;721.3976;728.8932;
561095.685;559668.193;559702.904;-236.8420;270.4388;271.9721;
443370.149;534559.351;534510.398;2.2146;-279.3084;-282.7348;
177635.586;280250.410;279701.501;-130.1831;-192.0872;-192.4645;
546700.305;641648.362;641700.845;341.8447;-138.0485;-138.8316;
390019.426;489410.119;489274.220;312.4030;411.5433;412.3999;
470680.739;549984.266;550009.594;37.7938;-21.9258;-21.8338;
463370.441;582688.779;582713.225;473.3135;-373.3194;-372.8085;
428260.416;525756.206;525753.554;-502.8092;-300.1873;-301.1451;
342201.263;465512.110;465475.928;97.0382;-0.3176;0.3428;
592519.100;525239.660;525231.846;360.0864;-32.3189;-32.6426;
541855.897;477970.204;477750.056;-429.5918;-298.0254;-299.6989;
457459.182;537812.423;537796.315;-774.8583;284.4298;283.7855;
622109.882;664851.677;664746.307;-152.6788;-27.2104;-27.0380;
130093.565;722602.164;722720.191;-360.1315;27.8873;27.8963;
408120.047;544644.270;544645.608;-9.9256;388.2368;389.2605;
452174.259;536419.237;536384.638;1387.7332;-413.0520;-412.0080;
450559.721;537704.988;537667.982;41.5432;-32.3389;-30.0278;
442126.589;543318.946;543307.734;-625.3034;-366.7090;-367.4288;
444483.722;562700.403;562706.879;-408.9767;-28.5897;-28.8686;
623795.729;552470.767;552602.182;459.7820;-53.6478;-55.0451;
441598.952;573945.517;574001.791;210.5645;217.7969;216.4519;
455270.993;555184.257;555188.159;-326.5535;-629.9420;-629.9454;
449872.248;507149.589;507064.763;-58.7957;-379.5662;-380.4227;
463111.118;520868.513;520849.495;-45.2753;111.4859;110.9028;
440196.194;535051.131;534983.377;24.7300;770.2526;770.8285;
454447.446;547160.025;547175.045;930.5471;16.1099;17.2011;
458405.118;537428.829;537409.815;221.6763;380.4932;379.5874;
417545.366;526216.840;526154.962;-442.2977;803.6281;804.5484;
812052.750;571694.562;571623.579;-194.6877;112.5890;112.2003;
447995.575;549386.386;549396.113;-764.0270;-83.3484;-83.5600;
573655.287;455490.165;455360.549;-172.4268;-34.3154;-34.0661;
660291.973;397188.563;397166.671;-161.4618;-35.4947;-35.4775;
467820.875;544381.533;544344.717;1428.6521;41.7324;40.8676;
476492.517;679751.093;679776.004;-278.6620;90.5993;91.3362;
489264.570;606965.265;607060.224;371.5819;-11.8128;-11.3133;
670188.379;588260.707;588208.781;203.6302;54.4439;54.4701;
499974.058;551039.979;551055.422;65.8297;161.3436;162.2907;
470324.652;347818.732;347786.738;-150.9632;45.1197;45.1661;
434537.762;569012.624;569018.087;-510.2712;244.0974;244.6054;
869289.270;470960.644;470919.952;63.0170;-12.3499;-12.3086;
451736.103;531232.352;531187.232;-691.5757;0.7503;1.8966;
470217.122;513677.245;513595.641;-243.8648;251.9227;251.9910;
427988.249;544026.589;544011.836;-257.2016;269.9340;270.7216;
256512.324;392706.393;392615.171;194.2606;94.0436;93.8314;
434439.775;577241.025;577231.943;261.0224;-315.5127;-315.3562;
323012.051;870382.357;870239.853;-109.8337;121.1704;121.0825;
443591.261;555798.923;555755.488;-73.8410;236.5713;233.8565;
472640.932;531294.253;531236.243;171.3118;-310.6596;-314.9342;
456358.405;541072.380;541078.254;750.0621;29.9256;29.4423;
430556.622;562887.030;562889.605;-142.8155;-496.9022;-496.3934;
476115.110;533320.153;533316.871;23.6032;337.0026;337.2260;
408599.971;351673.495;351499.109;-12.5015;-120.2608;-120.2290;
451497.774;532626.678;532655.026;137.6406;-815.9149;-811.4334;
468533.707;557634.504;557610.227;473.7791;324.7558;325.0704;
628894.315;634474.234;634365.635;-46.0062;-55.0581;-53.1452;
362103.314;308559.454;308493.247;-239.9684;6.6524;6.6765;
394632.001;975924.695;975917.481;16.8206;117.6515;117.6431;
462252.740;531378.872;531343.971;-1107.2394;279.9115;281.4718;
462463.885;519026.813;518999.329;1135.8364;-562.8837;-564.0294;
457818.151;529071.214;529051.289;360.1810;-260.4203;-259.9102;
817751.143;505219.737;504740.214;-15.8017;-151.4477;-149.1646;
589988.763;551909.935;551801.683;123.6357;132.8486;132.9718;
437711.783;566665.426;566691.692;300.9340;330.0853;330.9790;
445133.040;537656.922;537619.143;659.9344;-527.3277;-527.7805;
466165.087;519214.056;519145.732;-412.6844;142.3916;138.8652;
419031.909;579440.800;579382.917;782.6593;124.8898;125.0925;
518024.457;547462.412;547543.177;494.1268;-99.7478;-98.6564;
445663.780;569384.416;569441.365;-983.8821;569.3251;568.8738;
540328.405;539367.796;539326.660;-215.6626;-388.3390;-388.8241;
458570.215;542357.289;542335.563;-109.7200;-878.4066;-880.1819;
304912.706;272087.524;271886.683;229.3082;39.8849;38.9556;
519155.636;536414.575;536354.379;-5.5863;134.9997;133.7587;
448547.392;546605.054;546573.896;-53.6035;891.3320;895.7742;
452585.148;543595.088;543553.330;538.6527;-645.4144;-644.1263;
620222.247;617453.422;617357.191;35.4160;-465.0918;-466.9185;
438798.136;537132.757;537095.655;-262.8707;44.9900;45.6170;
508874.438;546202.238;546337.361;-928.1502;37.9269;37.8254;
474882.933;548518.293;548459.274;714.5381;473.7348;475.7921;
415319.124;517870.264;517816.002;116.3527;259.2343;259.6271;
479323.471;563625.266;563647.986;465.7709;274.5240;273.8834;
425135.098;533902.032;533805.814;287.6608;-339.3324;-338.6001;
369456.746;645083.279;645082.775;276.3713;-172.6282;-172.7650;
442011.145;524430.659;524354.903;497.6363;606.6363;607.2084;
450134.024;537159.530;537133.818;-94.2080;-164.7570;-164.9857;
469571.965;562044.910;562077.866;168.7994;-211.0264;-211.8243;
454636.204;549872.467;549887.161;91.7058;1.3173;-0.3371;
462339.879;534602.831;534574.348;805.5355;205.7888;207.3227;
467243.348;507163.466;507108.042;650.3463;201.8396;202.2447;
397858.892;536181.032;536213.249;-9.0957;-238.0081;-239.2344;
216859.097;203211.926;203006.484;-148.1635;-295.7293;-295.3087;
592715.092;487203.694;487053.712;-282.5700;-59.0533;-58.8784;
476061.359;559751.040;559745.507;232.1760;-285.5310;-287.3515;
449306.078;550419.115;550396.805;-77.0885;-11.2627;-10.9125;
412648.438;580511.062;580586.688;-922.0607;437.1971;438.4870;
464160.664;523178.911;523136.983;202.1180;-113.5396;-113.1500;
414064.943;513993.257;513869.407;706.7026;-266.3376;-266.0777;
442829.222;546670.272;546678.889;437.7107;-373.6227;-371.9572;
389408.173;590209.684;590173.028;36.9461;-202.4167;-202.6680;
462057.260;524272.958;524249.573;545.8961;134.3953;134.2435;
451050.256;542763.812;542764.099;-437.2847;242.6933;240.9905;
456185.806;548505.470;548483.568;-715.0022;60.5904;59.7345;
