# This file was created for the Modelling and Simulation course, RUG (September-November 2019).
#
# Project: Simulate colliding galaxies, using Barnes-Hut algorithm.
#
# Students:
#     Stefan Evanghelides (s2895323)
#     Hidde Folkertsma (s2759799)
#
#     X         Y         Z         DX        DY        DZ
385151.046;504353.022;504356.708;746.2461;-47.8572;-47.8434;
306394.155;513945.665;513945.016;373.7242;50.5693;50.5152;
335341.982;792584.257;792579.352;96.0734;108.8552;108.8525;
202757.498;317421.198;317425.454;-3.2565;-39.2527;-39.2517;
283026.467;615902.549;615925.089;283.1268;-186.2189;-186.2539;
371408.217;506991.329;506991.780;-618.2407;369.7668;369.7912;
410121.011;522797.586;522797.435;269.9403;-252.1911;-252.2074;
570677.541;424094.211;424102.590;480.6946;64.6405;64.6315;
382543.368;517242.513;517244.996;396.3356;-239.6480;-239.6303;
362290.502;538896.571;538900.394;34.6552;148.7036;148.7456;
534428.123;391736.602;391732.968;313.7588;96.3559;96.3633;
389036.184;454763.971;454754.415;231.7338;293.8535;293.8318;
380345.768;515201.754;515203.647;133.6979;-363.0762;-363.1007;
409086.061;543563.275;543561.979;-349.4411;109.6764;109.6905;
367990.271;525237.700;525238.626;-479.2658;-414.6947;-414.6878;
434586.472;532595.788;532591.175;-157.1290;51.2646;51.2920;
360178.145;489398.174;489399.343;351.9570;-195.6234;-195.5992;
363008.901;510599.577;510600.730;1174.6303;82.8753;82.8573;
379483.507;576719.625;576703.529;409.3826;417.0154;416.8413;
370899.870;500626.078;500628.752;673.1247;474.2797;474.2004;
214751.235;160467.573;160461.977;59.7231;-55.8276;-55.8282;
406564.924;469107.410;469110.654;375.2534;-61.3088;-61.2967;
358417.684;507144.443;507145.565;-168.6985;253.7109;253.7107;
371422.238;511946.968;511948.591;1114.2598;87.4154;87.4483;
337620.619;511490.080;511493.005;178.5688;-0.6339;-0.5944;
332935.958;527172.298;527170.593;574.4731;442.6050;442.5675;
365379.378;511671.213;511672.673;978.0867;-79.9746;-80.0331;
275564.476;521768.502;521767.842;369.5345;-157.5138;-157.5259;
394817.857;522659.306;522660.048;126.1783;71.1947;71.1951;
365663.319;509519.223;509521.512;-82.4654;256.8036;256.7622;
369950.647;516876.710;516877.825;-176.2133;-185.4453;-185.3865;
362522.363;503381.234;503383.322;382.8265;-295.3800;-295.3839;
371054.357;505479.237;505482.715;955.1740;-614.9719;-614.8247;
365375.286;510268.473;510269.602;465.2364;100.0302;100.0265;
351451.617;511236.196;511238.466;640.8972;313.0939;313.1251;
375633.940;501206.359;501208.022;374.2599;-36.7041;-36.7003;
366200.779;510383.760;510385.067;452.1616;93.5528;93.5821;
340632.199;509393.887;509395.691;96.7737;446.2768;446.2880;
334390.201;558872.809;558873.557;406.7902;-111.2458;-111.2573;
352507.751;500081.231;500083.309;52.9895;-330.3377;-330.2975;
358490.524;508341.533;508343.161;167.8031;-100.9532;-100.9296;
360504.311;523674.888;523676.388;-183.1238;-78.7733;-78.8190;
329722.900;510439.998;510441.537;122.2393;-318.1838;-318.2470;
371172.502;516806.584;516808.517;-100.8160;-193.6333;-193.6403;
266463.027;507752.528;507747.623;-118.3795;-89.0035;-89.0116;
399520.761;512619.714;512621.679;-138.3520;-292.5444;-292.5390;
391527.645;490211.553;490211.948;149.5579;349.5709;349.5701;
348531.074;499193.327;499193.473;-505.7850;-27.1973;-27.2187;
652018.005;498881.843;498882.617;661.8319;339.6056;339.5373;
402278.440;535145.963;535146.535;466.5488;518.8546;518.8320;
280113.227;552853.920;552856.357;491.7369;-138.2993;-138.2818;
357379.047;516415.870;516418.045;263.1098;-387.5545;-387.5202;
415380.810;562739.411;562743.957;648.8018;108.6470;108.6752;
327840.249;525774.768;525781.121;-285.0712;103.5621;103.5646;
381947.381;507337.034;507338.656;239.2971;-18.2572;-18.2608;
346797.499;505677.094;505679.668;-150.7358;-132.6829;-132.6377;
254061.033;511812.457;511812.450;-276.4934;-78.7068;-78.6542;
234431.199;538479.758;538478.565;151.7963;124.7986;124.7896;
392211.125;505538.192;505540.538;403.3451;222.6602;222.6490;
348915.791;522150.290;522150.584;308.8761;83.8670;83.9300;
359444.414;523378.229;523379.521;12.0234;-21.5818;-21.5555;
359857.118;504798.855;504800.450;419.6446;325.4555;325.4577;
356689.992;503039.991;503041.521;235.9156;162.3619;162.3753;
367476.529;511403.801;511404.457;471.1244;-324.0586;-324.0455;
370092.099;527934.583;527935.775;-396.1953;-14.8263;-14.8261;
339341.434;524084.294;524087.405;-297.6031;-9.7530;-9.7340;
408183.324;519642.510;519642.555;316.1762;363.3011;363.2998;
361639.918;504174.217;504176.387;1016.4907;272.3958;272.3793;
359653.833;516286.576;516288.079;538.7630;-152.1110;-152.1111;
372178.464;517206.589;517207.724;-38.8112;-6.8881;-6.9338;
362514.958;482504.993;482507.287;-301.0994;278.1936;278.1947;
429030.975;511410.486;511412.542;407.7879;-31.3353;-31.3363;
236718.801;564476.785;564477.074;41.8641;58.0475;58.0350;
380250.004;509386.234;509387.818;491.3619;-17.2343;-17.2452;
370791.255;513739.223;513740.889;1747.8623;-78.5440;-78.5039;
328614.840;606786.746;606775.500;176.2153;52.8492;52.8423;
356225.795;516207.394;516208.664;930.9923;-161.3048;-161.3291;
337665.859;518023.568;518024.846;228.0062;-105.3676;-105.3412;
365090.499;511135.872;511137.811;1051.4181;-241.2673;-241.1881;
393024.192;514773.430;514774.592;-24.4365;83.6506;83.6209;
371054.582;518222.783;518224.703;296.0043;57.7579;57.7699;
407863.217;483055.162;483056.419;417.8872;461.4510;461.4417;
384739.844;509784.745;509786.522;-297.7523;-407.6012;-407.6263;
388700.390;501251.619;501251.888;-506.2117;9.0996;9.1130;
336545.262;527264.745;527269.000;-509.9606;150.1055;150.1482;
362120.254;550666.110;550665.290;737.4153;306.1353;306.0302;
370501.130;519398.602;519399.910;-811.6005;123.1605;123.2206;
407823.707;508859.479;508860.845;666.1131;-61.6989;-61.7168;
371831.098;504367.382;504368.883;-194.5572;52.5936;52.6236;
365452.477;546261.485;546261.401;200.6203;-272.4436;-272.4675;
353037.402;516112.381;516114.708;0.5431;-7.7990;-7.7672;
393067.910;535396.083;535394.954;263.0552;-43.6029;-43.6147;
362114.638;509756.769;509758.067;-471.1351;165.7844;165.7721;
354146.187;506012.332;506012.727;-288.0469;-69.2546;-69.2361;
293909.494;493925.034;493923.127;311.9434;-84.0456;-84.1542;
373920.995;519363.569;519366.142;577.5618;348.0021;347.9870;
402353.036;515728.361;515730.034;354.7545;-32.4722;-32.5142;
278092.846;641798.338;641807.062;59.9605;-42.6307;-42.6109;
195226.054;361268.392;361275.685;78.0879;-124.4173;-124.4114;
653716.191;585755.565;585748.414;-224.1098;75.7814;75.7684;
640731.141;522343.722;522342.040;168.9628;-111.0419;-111.0638;
608500.982;507561.727;507562.477;-176.3827;-9.8496;-9.8226;
617723.178;526411.279;526410.498;-423.5917;285.4248;285.4223;
770014.345;555183.754;555179.312;-255.1057;8.9603;8.9627;
626480.727;521903.214;521901.397;-774.8204;25.0078;25.0093;
621509.243;521004.882;521003.402;817.0885;224.0281;223.9735;
662898.057;499105.047;499106.256;-149.4896;267.3044;267.2849;
597427.306;550170.211;550167.983;-499.5110;131.6829;131.6924;
580101.021;479819.065;479818.807;-294.1099;223.5058;223.5104;
758863.115;613813.157;613817.091;-163.0870;-53.4479;-53.4530;
567679.174;510814.778;510815.426;-290.9122;-194.6054;-194.6111;
629717.750;527079.508;527077.775;-1004.4022;-88.6881;-88.6865;
618717.438;505836.471;505835.878;-139.8487;246.5768;246.5519;
623463.487;504671.562;504669.839;683.7330;74.4256;74.4321;
611028.978;524704.106;524702.476;-213.8658;127.3868;127.3816;
606510.799;584481.763;584472.472;-160.1925;-65.9893;-65.9913;
614289.847;516022.570;516020.948;-754.0191;260.6904;260.6956;
619597.128;546122.690;546120.397;268.1509;-519.0884;-519.0120;
574752.933;358767.033;358778.280;-211.4634;5.4532;5.4532;
619133.061;485727.724;485728.552;396.0181;15.1564;15.1592;
622932.029;516816.636;516815.235;-663.3916;-633.2401;-633.1122;
614226.233;385053.207;385056.733;-130.9841;-25.6584;-25.6541;
416075.623;319156.685;319136.836;-195.8119;32.7548;32.7520;
606755.129;512771.851;512771.315;-960.0685;40.5629;40.6099;
448152.072;657070.751;657057.433;-465.5364;50.0913;50.0810;
550477.854;451478.795;451482.042;-339.6623;-53.0701;-53.0701;
816930.403;579156.050;579150.055;49.6110;63.8729;63.8809;
597345.878;504702.528;504702.590;464.2201;-170.2853;-170.2515;
658064.412;575935.536;575931.956;-141.2656;-114.7070;-114.7015;
625533.989;521844.760;521843.368;688.8338;-375.9950;-376.0758;
676530.836;534657.038;534653.819;-21.0212;110.7996;110.7574;
629183.987;514153.835;514152.732;-255.6218;120.1670;120.1601;
658811.709;631112.378;631105.913;-288.1805;-162.7823;-162.7756;
656859.972;529795.910;529794.107;-28.3252;15.8387;15.8230;
564894.994;509573.934;509573.551;-66.5705;-53.0322;-53.0183;
691586.933;517781.136;517778.084;45.0645;156.9412;156.9094;
474618.791;515394.718;515393.359;-420.7960;123.6898;123.6781;
598144.308;510778.996;510781.034;-484.4421;-437.3730;-437.3572;
611282.127;528457.107;528455.731;-295.6847;122.8130;122.7774;
669733.883;594378.191;594369.741;-27.6991;153.2562;153.2270;
658489.531;522341.814;522338.923;-503.6710;-109.4068;-109.3837;
608427.004;542805.092;542803.686;-276.2640;105.3582;105.3573;
751113.635;617706.724;617690.322;-23.4665;81.5323;81.5273;
626582.354;540814.385;540813.261;384.7619;340.0121;339.9719;
636019.501;510389.997;510388.480;-115.1671;91.8527;91.8392;
640344.357;523251.293;523248.753;-35.1558;30.3978;30.3517;
444451.516;410061.369;410074.468;-369.6987;-34.4061;-34.4056;
651834.938;460269.215;460272.725;-370.4786;-56.2007;-56.1973;
613351.989;499921.105;499920.500;-322.1934;200.9454;200.9636;
784799.843;457899.808;457901.865;-175.3847;91.0593;91.0490;
745806.526;491999.103;491995.260;-221.6167;-170.9329;-170.9091;
630197.538;501108.609;501107.749;-361.5719;-120.3666;-120.3478;
624676.707;507149.460;507148.880;189.8832;185.7663;185.7755;
581727.020;458823.202;458825.380;-493.5036;-273.8757;-273.8933;
583367.062;443804.849;443808.552;-104.9784;141.9164;141.9162;
624772.163;521538.398;521536.583;-660.2864;-174.2724;-174.2403;
646048.776;520046.412;520044.705;-309.5289;337.2933;337.2635;
631195.679;503325.841;503325.410;-848.4162;36.0278;36.0184;
624959.681;536863.460;536860.683;-707.0764;290.0874;290.0995;
444560.302;222809.211;222799.017;-178.6064;-26.5921;-26.5971;
627639.672;517352.027;517351.028;-666.0485;547.4823;547.4923;
653741.587;494977.471;494977.500;-220.9694;-108.1327;-108.1395;
663493.395;545421.994;545417.679;140.0629;-216.5263;-216.5150;
605835.767;505213.662;505213.828;-951.1731;153.2678;153.2828;
538827.559;544836.485;544841.011;-745.2897;325.1208;325.1257;
619824.125;580210.241;580201.875;108.6049;141.5667;141.5259;
630984.045;525794.532;525793.214;-132.0340;-564.1819;-564.2224;
608476.003;522142.168;522140.695;-131.9472;-57.6191;-57.6146;
633025.020;525020.067;525016.334;-1666.3801;-99.8833;-99.6899;
626958.929;520927.654;520926.721;346.9284;-503.8069;-503.8205;
816974.144;438296.542;438299.368;-280.2839;-27.3101;-27.3113;
623476.345;513980.415;513980.074;461.8049;-126.2462;-126.2728;
619891.631;521524.010;521523.492;-10.4939;305.4689;305.4314;
642337.374;527485.643;527482.290;-599.0561;-72.1056;-72.0757;
625200.402;518932.911;518931.347;157.4234;430.4022;430.2884;
683768.723;546200.307;546194.746;-35.4960;-73.7512;-73.7556;
912988.609;535707.543;535701.547;165.3714;-17.3591;-17.3748;
630638.171;510780.156;510779.970;419.7066;-169.7904;-169.8569;
660481.291;516186.014;516184.599;-343.4690;-86.6567;-86.6404;
632794.367;506076.403;506075.117;-203.0096;-199.0940;-199.0979;
616863.107;524581.878;524579.647;-494.6460;-277.0409;-276.9990;
619119.373;514788.326;514787.029;680.0758;265.9954;265.9498;
676567.010;555474.667;555472.444;-331.0086;-17.8929;-17.9118;
491328.923;255246.400;255248.908;-300.6137;-211.5753;-211.5815;
641582.546;512069.277;512068.951;736.2698;244.7355;244.6810;
973124.241;515513.791;515496.835;-13.9980;-34.3465;-34.3552;
672416.884;482573.963;482576.290;6.6922;-259.2067;-259.2069;
635977.909;512033.806;512032.472;-47.2687;51.8246;51.7887;
696402.714;504154.368;504153.651;-266.2603;-37.9236;-37.8868;
564874.586;545244.052;545236.734;-138.0926;-413.9271;-413.9209;
612765.924;526479.679;526478.142;-655.6344;249.4502;249.4769;
624969.400;518984.459;518983.298;-731.8332;-718.4813;-718.4564;
648717.375;517174.624;517171.503;-301.9751;171.0806;171.0703;
958694.359;775117.776;775108.600;100.4696;153.7416;153.7335;
620920.846;516287.922;516287.458;-473.6878;-16.8971;-16.9086;
624912.059;531537.668;531536.710;-115.7065;161.3036;161.3281;
610598.473;522787.842;522786.881;-490.9795;475.0480;475.0775;
619633.701;518832.074;518829.648;-932.6321;160.2629;160.2736;
