# This file was created for the Modelling and Simulation course, RUG (September-November 2019).
#
# Project: Simulate colliding galaxies, using Barnes-Hut algorithm.
#
# Students:
#     Stefan Evanghelides (s2895323)
#     Hidde Folkertsma (s2759799)
#
#     X         Y         Z         DX        DY        DZ
470558.301;533944.973;533904.595;-200.6795;-70.4111;-70.5229;
407761.352;559180.450;559070.113;-5.5759;232.5437;231.3536;
694635.177;873628.512;873616.063;94.4595;-45.1776;-45.1831;
453643.222;600262.093;600362.038;-135.1149;405.6662;407.0403;
471844.183;549422.525;549450.039;582.3311;153.1816;156.0264;
441209.713;541577.416;541534.378;93.1411;505.8706;502.7034;
312472.624;481737.837;481500.381;76.3966;-240.2791;-241.4598;
287081.762;583024.706;582651.469;95.8270;248.6182;248.3021;
636700.884;528318.816;528254.424;143.5059;30.8664;29.9894;
481015.026;637131.847;637192.662;-160.3948;305.4277;305.5628;
543793.180;450824.087;450464.849;423.5373;-201.8890;-202.6625;
537749.060;592957.959;592997.700;-441.3614;-299.7803;-297.8505;
463533.735;542113.139;542100.209;-225.4290;-193.3890;-192.7396;
420547.024;522249.097;522020.146;-785.9251;-20.4549;-24.7351;
249244.010;622569.046;622649.665;-276.7014;-26.4074;-26.7258;
414786.480;472485.767;472181.117;36.6596;114.4952;114.5570;
454267.753;554367.341;554415.567;-819.2154;-742.4307;-741.3262;
469984.606;552029.750;552028.383;1314.6256;440.1697;444.8940;
389353.158;541318.457;541273.045;844.3696;-69.1397;-69.6663;
580635.450;624980.842;624977.427;-137.5707;-169.4682;-169.7164;
469785.941;551729.156;551715.837;-435.6290;-368.9635;-370.0596;
381433.710;604280.763;604382.060;-434.9199;-95.9001;-96.1053;
475878.972;538435.749;538430.670;70.8076;-266.4402;-265.5005;
460742.728;585243.070;585318.887;-353.7871;-154.6921;-153.7882;
467445.395;503614.612;503438.492;-465.7211;93.3696;91.7863;
459919.121;554846.641;554879.125;2.4627;207.2253;206.3083;
454136.553;555716.805;555718.330;-336.8973;5.4329;3.6190;
479805.134;542134.365;542131.614;328.9131;199.8375;202.3127;
466467.516;562134.860;562150.130;-290.6355;-35.3363;-35.0625;
449231.657;560470.570;560439.048;447.5485;-458.0726;-459.6614;
873254.841;184869.878;184896.981;45.6554;-46.6386;-46.6387;
553150.690;518908.551;518889.960;670.8447;-12.3397;-12.0994;
428819.564;545806.413;545725.867;-670.1383;-211.6509;-212.0556;
463482.351;541051.882;540975.221;-809.7242;632.9097;635.5970;
530458.648;580347.615;580278.440;9.5031;32.2364;29.5028;
483121.069;531999.010;531989.649;80.8260;154.7734;153.8511;
707415.861;502157.849;501283.230;-406.4454;50.2255;47.5082;
451439.132;531281.740;531217.896;-617.8853;357.6827;358.0630;
434864.389;608885.105;608915.908;485.7570;75.3598;74.8784;
450179.637;540668.998;540616.884;-398.3571;431.2226;432.7924;
444409.151;560919.918;560907.113;-260.0180;316.9106;318.4356;
211979.721;432781.821;432593.752;-179.0644;-91.5467;-91.5076;
458518.298;545285.092;545306.653;-604.2781;15.4868;13.6023;
449193.016;531845.777;531862.520;109.5164;-915.0180;-914.1875;
433255.098;606437.736;606634.504;-266.8455;485.3180;486.9340;
447965.158;532853.035;532798.446;-470.6563;-257.0409;-256.8274;
423902.111;546928.238;546850.674;465.2619;-163.1377;-163.3438;
799084.567;164058.783;164080.493;-28.2453;33.3904;33.3860;
462669.377;545335.502;545337.614;-782.4208;197.7032;197.1071;
851502.761;687151.524;686399.929;-43.4892;46.6171;45.6700;
511840.707;420526.080;420561.549;61.2260;120.1283;120.5380;
446841.564;535091.760;535063.252;411.4789;418.3162;421.3375;
453774.265;547779.421;547768.896;-667.9098;-279.0122;-281.0424;
443989.914;529115.903;529002.790;27.8162;-644.9229;-645.5177;
372093.410;538593.025;538365.193;-313.9080;291.7051;292.6346;
487151.900;517741.759;517543.150;102.3148;329.4682;329.9657;
500133.071;561450.719;561433.888;-771.0853;262.3666;263.8216;
487201.021;537977.004;537928.514;-526.2891;433.3216;433.8226;
797148.157;425037.414;425006.306;-66.2339;-21.0555;-20.8320;
464674.392;560639.728;560711.054;211.3542;393.0651;395.0392;
982554.825;627949.477;627827.073;14.1288;35.0028;34.8019;
455469.420;556387.645;556397.903;-287.5760;21.0463;20.1281;
92636.754;432406.478;432260.435;-99.5565;73.7270;73.6652;
897395.921;321102.965;321204.192;176.9614;-35.8767;-35.7553;
485464.145;523524.215;523347.642;-210.9837;65.5111;64.4316;
416353.539;512244.487;512074.984;247.3176;-527.5990;-526.6219;
463370.833;541398.146;541350.946;437.2933;-112.3364;-110.3867;
143584.914;226248.871;225597.878;-97.3000;-165.6001;-165.9030;
606098.096;572928.123;572968.464;-118.1712;-267.8418;-266.5599;
588281.573;572561.159;572811.357;230.8818;20.7131;19.8336;
456800.259;558078.490;558118.732;-176.7860;374.8138;374.8728;
374922.751;486415.740;486183.657;-429.7325;57.6817;57.7402;
462688.807;561576.454;561504.849;-502.6356;-489.6233;-490.3721;
433275.649;516779.972;516768.147;621.1503;574.6192;572.0559;
678708.229;519852.398;519745.740;227.7116;-7.1289;-7.4819;
377782.309;462167.648;461798.470;-503.8406;189.6031;190.2904;
455381.787;539010.900;538989.797;-412.7469;660.0661;662.6129;
566917.084;645111.884;645085.448;-209.6384;-107.5529;-107.2198;
27222.076;727470.856;727588.175;-320.4999;6.2134;6.2015;
429152.987;523858.492;523780.325;-281.3840;259.5855;259.6361;
553551.264;523519.868;523368.157;-164.5036;142.9501;142.9197;
442615.155;550865.863;550854.194;-64.9945;-45.1168;-43.8768;
462374.537;537257.234;537235.319;389.6425;104.0242;105.6651;
466285.158;536898.282;536871.004;859.7556;-502.1950;-501.1294;
725077.910;536906.890;536590.367;240.1017;-52.7015;-54.1789;
403133.518;539002.661;538821.308;176.9444;470.5403;472.4818;
468460.429;538744.697;538713.096;10.8668;903.1753;904.8250;
438644.635;517798.757;517694.758;-164.4373;97.8415;97.1898;
453295.422;539672.994;539663.490;-9.0817;-160.3586;-161.4793;
461245.542;557129.923;557135.434;-1147.0434;-322.7834;-327.2427;
461528.853;543788.431;543781.357;1146.6210;260.7317;262.3653;
452115.342;546865.053;546829.715;390.9016;345.9783;346.0187;
525071.888;605461.470;605538.681;283.7374;-243.5553;-244.4865;
735231.875;602500.821;602315.919;-328.1491;86.9882;86.6737;
435982.175;547398.080;547363.339;111.2183;-392.8024;-395.2143;
511634.806;455400.162;455330.162;-223.9386;47.3396;47.1037;
601058.869;395614.065;395595.329;-229.7922;29.3501;29.3489;
425743.924;514580.784;514558.780;449.6096;282.5266;282.8258;
395434.788;663522.751;663732.177;-224.7308;-201.7427;-201.3570;
549927.187;558603.739;558687.749;-19.4208;-249.6630;-250.1828;
714985.504;601504.392;601459.399;109.0830;31.3429;31.3228;
473844.329;571693.466;571738.958;21.1132;69.4966;70.2340;
424037.446;372571.233;372549.484;-150.6090;119.6039;119.6210;
456306.627;544387.666;544370.940;-1280.2779;520.3544;520.8882;
884095.508;467986.386;467955.857;36.1577;-8.0143;-7.9812;
468840.861;545237.644;545218.421;-242.0428;-292.8284;-295.2603;
460422.674;547500.906;547500.424;203.4974;-606.0952;-608.0582;
447841.803;555781.605;555767.775;126.9713;539.6135;541.0548;
327028.862;430912.680;430760.864;278.1413;166.3527;166.1710;
468605.929;468814.049;468564.691;-27.6482;-95.9116;-96.5264;
291112.863;903959.929;903792.078;-100.9488;101.2241;101.1442;
459583.037;559752.892;559708.398;365.1733;494.2389;493.6756;
462079.131;539310.360;539237.409;-752.5659;-403.7017;-408.4237;
453465.600;558579.997;558565.294;-456.2306;-389.5534;-391.6111;
400682.562;558592.411;558489.891;-44.9321;-112.2505;-113.4372;
450428.619;538674.096;538631.597;479.5396;-249.9326;-250.5942;
405856.622;318982.161;318821.562;-7.2723;-96.9886;-96.9397;
467224.335;528558.002;528600.951;365.0634;-192.3316;-188.0213;
485177.222;558123.051;558143.515;-235.0880;118.2809;119.3955;
522383.261;571693.736;571485.725;-783.7094;-385.8792;-387.2813;
292629.244;315729.685;315658.551;-213.4689;40.2171;40.1595;
446846.593;581223.877;581154.898;478.9634;-316.8515;-315.2988;
489717.628;564462.286;564561.940;-1101.3357;159.4177;158.1714;
453699.462;556167.795;556180.719;-9.1652;489.7363;489.9016;
779584.291;456740.293;457227.262;-197.6831;-148.9053;-145.8553;
604200.450;589543.950;589465.598;-29.3320;105.3704;105.6545;
471030.244;560207.843;560236.208;1371.5193;-239.6965;-237.1976;
479450.555;524864.126;524822.531;-382.5176;176.4811;177.3197;
438818.618;543220.640;543095.607;32.9100;83.8257;82.2042;
572343.316;496632.484;496650.242;137.2740;-338.5381;-340.1747;
403639.972;583486.352;583519.705;-46.2410;294.2315;294.0008;
495369.348;542039.005;542034.829;979.4563;190.2638;190.4461;
388849.550;580481.203;580357.058;178.3713;451.7319;451.7038;
461652.129;546527.580;546503.562;-706.1155;-994.7974;-994.7511;
378167.171;294049.936;293587.855;250.9425;107.1805;106.4086;
472786.849;552176.818;552190.969;-102.5329;963.9685;962.0934;
473800.995;564551.735;564634.815;1092.6132;-464.6805;-463.7511;
465719.172;507610.243;507416.275;-128.7978;296.0748;295.7724;
543102.379;481354.965;481152.485;-591.0565;-344.0892;-342.4479;
442191.534;544094.598;544039.669;238.7771;-210.2762;-210.8006;
484624.318;581972.688;582066.228;-184.2459;494.8989;498.0389;
416649.552;523390.304;523430.491;413.9884;295.4586;293.5244;
427054.124;539095.515;539003.157;-356.6687;-185.3120;-186.3034;
492061.621;567589.855;567597.980;333.3831;313.3747;312.7843;
441640.984;545380.682;545264.451;564.7221;-760.7903;-761.4210;
478732.821;495069.783;494916.400;111.1483;-440.2150;-442.0226;
446654.953;526861.026;526806.182;234.8869;198.2777;198.2785;
451549.768;543500.514;543461.784;206.8773;70.9488;71.8928;
471725.085;556968.275;556979.903;600.1933;-303.2317;-302.9588;
455851.752;541271.315;541206.893;789.6968;-644.0401;-642.4593;
465318.925;535862.966;535794.516;1265.8260;-8.2967;-4.4258;
408174.821;528347.798;528160.893;548.6229;-271.2104;-270.7365;
462194.092;593263.336;593345.587;-474.0618;32.9295;30.6168;
173862.571;116705.034;116626.323;-136.7379;-276.8816;-276.4666;
474572.010;491329.856;491257.479;-505.5877;151.8901;152.0653;
450260.163;554425.417;554452.879;880.8715;26.1101;26.7535;
451062.380;553638.148;553628.664;-14.5737;264.1916;263.1596;
245889.865;639488.161;639583.710;-452.5489;48.8511;48.5236;
447397.821;534818.516;534763.259;-315.8399;-26.8953;-28.7408;
442475.173;527850.254;527790.769;1165.2654;-526.0544;-526.0745;
469044.275;559978.623;560072.069;162.5891;-523.1263;-525.0790;
527257.114;524197.469;524101.665;401.1640;-38.0703;-38.4937;
472031.379;536845.056;536838.243;313.2404;-56.4061;-57.1927;
443935.201;554935.463;554904.728;212.1502;-76.8430;-79.7634;
414766.913;526723.243;526631.105;356.5952;-37.4706;-38.0421;
