# This file was created for the Modelling and Simulation course, RUG (September-November 2019).
#
# Project: Simulate colliding galaxies, using Barnes-Hut algorithm.
#
# Students:
#     Stefan Evanghelides (s2895323)
#     Hidde Folkertsma (s2759799)
#
#     X         Y         Z         DX        DY        DZ
468658.775;541562.772;541329.343;-359.0456;123.8691;128.2081;
481908.241;553509.987;553246.429;884.0345;292.5726;301.2740;
806624.316;747296.354;747241.036;32.3491;-111.1328;-111.2466;
443743.017;542981.434;542789.002;433.4611;319.2959;313.2883;
458895.360;566985.838;566752.615;97.9021;-155.0833;-154.9591;
498542.425;504305.307;504112.614;846.2794;408.6494;406.9361;
496628.227;408154.482;406474.003;-355.8323;-102.6160;-105.5739;
581657.497;728661.980;727033.348;73.9889;291.3908;292.9857;
440437.447;563772.561;563587.892;-125.3594;-803.1279;-799.1802;
198829.120;530376.520;529051.073;-83.3714;-67.2834;-70.8538;
863082.954;587871.435;585338.136;446.3541;28.5211;22.5285;
462024.455;549335.480;549234.653;-800.2037;-663.0689;-659.3707;
473432.691;546772.260;546603.373;540.5277;-314.3246;-318.2312;
260354.873;464031.068;462917.383;373.9526;-128.3351;-131.8168;
131209.006;497312.392;496994.907;-343.7075;-31.3787;-34.4470;
488397.942;540934.822;540849.165;780.1837;531.7775;536.0976;
492125.124;519424.866;519225.354;-207.1661;340.5750;339.5432;
213189.265;463438.796;462015.803;47.2813;13.1067;15.7544;
526083.519;521317.574;522580.198;-687.2129;179.9003;159.1495;
480478.814;548836.296;548711.129;-646.9005;260.9923;249.5176;
529965.101;493478.540;492893.285;232.3536;346.8944;350.1756;
385644.314;536084.334;535232.069;169.8387;-45.8088;-44.2168;
480530.992;518896.628;519070.050;-128.6742;-167.3948;-172.7804;
616096.350;586305.114;584198.196;375.7514;-34.9388;-45.4445;
485240.754;538873.332;538780.347;-222.1570;-774.9513;-784.5462;
473244.194;548455.441;548166.412;731.9505;-127.3274;-119.3355;
465046.255;545592.857;545444.377;-485.8840;-458.2070;-461.5405;
491352.460;538749.088;538487.474;-372.5483;618.9283;611.2071;
470727.494;555238.199;555018.886;18.4042;454.0555;466.1330;
904306.082;138369.260;138384.733;-1.6804;-10.6547;-10.6738;
574263.363;404884.770;401818.390;113.1037;99.8759;101.6508;
479402.701;544204.615;544135.518;132.9124;-576.4905;-576.6504;
461207.435;549808.635;549601.140;433.2067;765.3421;770.4763;
541749.684;510379.352;509914.562;-152.8607;-313.4455;-316.1661;
472233.700;548236.599;548064.631;534.3618;-268.7781;-259.5485;
338725.215;470967.970;470987.215;364.7352;156.8055;158.5004;
438890.250;544530.680;544606.762;-90.3450;-258.9962;-255.8600;
490244.481;538924.494;538969.399;109.0461;-462.8521;-471.4469;
470502.662;540035.348;539836.031;637.2977;274.0059;271.9510;
461949.743;563993.412;563710.970;29.8003;14.9897;21.7242;
274519.266;506251.345;504471.828;253.3161;210.2772;209.1272;
461845.838;539112.865;539043.091;-47.2133;-560.1758;-554.4108;
562427.203;548207.640;549973.954;-249.9939;-340.3564;-315.7186;
449676.977;604692.788;604233.351;-263.8249;117.6363;115.9354;
526992.689;549613.207;549614.099;286.6056;150.7925;146.6376;
483106.408;549384.816;549133.366;-405.0992;-335.1657;-331.2153;
652742.600;347096.530;347025.436;-191.7187;223.6468;223.3583;
474439.844;561332.106;560994.277;-947.4470;-119.2092;-117.5730;
669415.875;700656.919;699124.555;-181.9169;-51.5832;-50.9232;
561756.375;610558.149;608965.499;98.6854;158.8005;152.2928;
452315.311;535974.048;535945.608;-968.5425;370.5450;365.6322;
476177.924;544269.782;544090.319;-12.8763;304.6424;310.9667;
423314.173;521809.860;520430.550;198.2096;459.2889;459.4796;
189109.659;426972.361;427199.478;-53.5430;97.6690;100.2076;
455802.046;530461.286;530770.856;608.7000;-7.6342;-24.7758;
416360.681;543699.480;543090.333;133.5605;-315.9509;-318.8691;
465730.160;538663.593;538620.422;587.3279;-511.7327;-507.3165;
506731.755;679464.226;679064.555;116.8082;50.4299;45.4907;
502793.492;507033.975;507171.649;214.7513;260.6855;259.4349;
895262.428;663129.063;662682.703;-128.3174;4.6979;4.4828;
474234.707;555053.887;554803.205;204.1577;664.3173;662.3004;
34674.858;569386.552;569128.774;31.3376;83.0416;82.9318;
516214.205;547858.020;547440.124;655.5496;56.1848;59.7278;
511214.723;517567.574;517483.287;520.8617;487.1763;479.3799;
459077.496;558038.276;557846.451;473.2010;573.9008;573.9063;
58481.016;31010.743;30017.537;-18.9765;-79.6132;-79.7610;
464282.387;543338.288;543468.697;557.3187;267.7331;269.2476;
452884.622;554430.074;554349.632;-748.6112;342.8895;320.1127;
465361.017;562683.120;562602.051;-156.9162;-568.0400;-574.0711;
528776.312;554521.418;553703.112;140.3103;-409.9063;-407.0406;
433899.905;309398.948;304948.130;-38.4712;-79.6725;-82.5382;
463995.589;537915.576;537705.138;413.6912;-462.9525;-458.5508;
826107.280;481530.172;479164.479;-14.5391;-27.3819;-28.3198;
354689.390;504836.977;504434.076;-274.0356;303.4107;304.6586;
422199.684;583079.553;582394.463;-84.8551;92.6250;78.3681;
636524.871;430482.449;429575.041;73.3114;45.7076;45.4406;
467259.908;536438.845;536184.442;-367.8856;219.6867;218.6892;
493234.626;486541.902;486411.937;-34.8187;-391.3995;-392.0781;
457685.022;551108.515;550940.728;-467.3112;143.9781;142.9582;
470809.926;546451.962;546346.077;-738.6978;-436.0970;-425.8983;
490334.127;559120.891;559087.660;371.4120;579.6720;587.7914;
454559.381;545456.829;545153.848;-1230.0356;565.1393;562.6438;
490139.348;549015.828;548616.445;-722.3671;-792.5925;-772.1308;
488400.382;544664.421;544458.419;367.9509;-195.9607;-195.1402;
478490.301;553226.224;553738.306;-1640.1949;523.1302;523.2324;
487746.509;552391.885;552107.029;210.9505;159.9573;161.1074;
470621.024;537157.418;536971.199;-77.4849;595.3706;599.9910;
456775.943;557841.087;557593.442;154.6880;449.3825;451.8013;
506307.533;514595.099;514087.760;-596.1989;131.4437;160.7543;
490795.667;518533.662;518811.275;-686.9328;-451.7643;-436.0524;
668040.397;495749.152;495300.267;-139.7709;191.5331;192.7273;
498641.464;540083.604;539915.439;372.1923;-10.7790;-6.7807;
642014.037;667336.668;667362.046;155.0260;-3.4445;-4.2784;
811593.032;651680.221;651074.544;226.3991;-6.1381;-6.9381;
497100.264;537591.967;537028.702;277.0045;-940.1717;-954.2661;
410368.602;503449.790;503088.346;660.6440;-422.0510;-419.8005;
584898.478;587260.980;586972.882;-74.6821;-276.4361;-278.7729;
423522.581;531137.801;531222.218;-757.4325;-289.9205;-282.3911;
460021.781;589643.859;589399.381;486.7653;-223.8039;-223.7489;
654518.299;468992.373;468359.954;-82.1230;-101.7409;-104.1642;
443711.485;529362.741;529381.165;-475.0310;461.6959;463.1218;
849363.297;471103.812;471030.477;-83.0111;15.6617;15.2218;
493006.849;523091.961;522766.486;682.4653;-44.4397;-48.9230;
440621.348;543621.650;543506.656;157.4477;231.2417;226.4768;
415704.871;574091.510;573638.957;257.3455;211.4002;206.3701;
849773.520;718815.990;717440.521;120.1189;50.0800;48.5071;
522740.530;530985.765;530110.358;-322.3546;123.8357;126.7724;
471883.487;536052.623;535758.303;-265.6675;356.2740;360.1092;
424988.061;532939.786;532701.245;-120.4422;-351.0093;-349.1242;
452759.640;542552.946;542400.519;-335.2827;88.5245;82.6988;
477542.492;556504.992;556365.195;1.4052;-275.1270;-262.5675;
445957.863;549264.496;549170.751;-547.0116;-88.9081;-89.5046;
413406.901;229265.429;228379.287;13.1111;-17.5706;-18.0319;
485793.792;526147.820;525963.558;-943.3190;-307.7973;-299.7453;
476858.191;544665.970;544583.915;-1146.4621;291.8851;294.4889;
250472.898;428776.683;428133.566;285.4429;195.0060;189.5847;
202034.523;542852.602;541090.964;282.3136;155.9761;161.0264;
437321.127;552766.158;552594.294;122.6055;100.8101;102.1763;
491776.967;537694.336;537323.455;-828.3630;296.6451;278.5591;
455867.260;529046.499;528459.714;93.9726;-27.2296;-32.3655;
474042.635;743416.395;744092.563;325.1175;222.7025;226.3993;
511513.623;546095.201;545740.653;-496.4891;256.5364;266.7212;
403627.911;551365.441;551296.248;898.2843;121.0772;111.4713;
482825.952;545470.948;545369.053;-798.7404;-103.7119;-101.3926;
480458.819;555129.210;554914.047;-285.7490;492.6623;499.3893;
507807.219;263631.107;262061.502;-88.0155;-15.4385;-15.8192;
486207.715;543987.871;543777.348;-19.7224;-0.8097;3.6900;
486395.599;563354.729;563642.826;-233.1355;152.9668;149.1724;
411022.623;500512.671;501000.955;31.8892;286.6003;293.6330;
474539.719;534086.129;533879.903;849.3375;-24.1876;-20.9866;
85846.928;523960.658;522897.656;-382.6604;-201.9511;-203.7551;
463389.427;542236.800;542084.595;-540.7878;848.3163;839.8095;
467246.910;537999.509;537717.191;1122.3244;-386.2533;-385.2429;
422849.607;499573.114;499299.474;158.8867;401.8405;409.7574;
557375.279;516310.902;513570.505;-493.6003;-535.8699;-541.8381;
482122.445;551469.986;551201.159;1003.4910;233.6729;231.7065;
437843.528;505230.667;504576.236;-111.2257;-217.3965;-221.3297;
456484.436;543646.884;543678.369;-206.3674;-229.7948;-218.9499;
501076.080;544075.375;544030.304;-149.0851;-301.0218;-296.4765;
526853.846;532828.453;533303.413;465.4405;-261.1793;-264.9276;
513116.373;514892.522;514964.601;588.3938;419.8303;404.4585;
398338.149;573583.403;573090.593;646.5471;-162.6865;-160.3566;
440247.755;526312.686;526455.604;11.5861;-561.7844;-570.0405;
470697.216;558793.187;558645.580;193.4453;-200.9584;-199.6681;
458655.670;548096.821;547935.974;583.9293;59.2674;59.3019;
441153.465;541126.041;541150.141;467.8746;-518.4047;-513.2096;
513347.442;505181.859;504811.818;-206.9949;223.8434;213.5170;
427145.746;549286.356;549273.061;-837.4671;-155.3194;-164.0847;
432991.017;597989.357;597999.083;-418.1050;-112.7616;-115.0854;
799032.727;686907.111;687062.374;176.7491;-27.0643;-27.9431;
490107.936;544751.683;544511.029;632.8106;-356.9752;-363.2458;
443283.437;541967.660;541875.302;-502.0431;-133.6432;-133.9022;
321343.090;525111.811;523380.821;623.3492;-88.3441;-92.9028;
541249.424;516870.632;516422.760;298.2336;70.4643;59.3392;
521809.831;517875.120;517910.908;728.3998;380.1960;358.1214;
461398.924;536759.702;536794.515;570.0801;-441.8109;-439.5331;
55279.395;341638.419;341997.522;-284.2061;-130.9147;-127.6057;
471883.983;553464.705;553245.429;528.5630;-319.3795;-314.3757;
469368.775;553409.972;553133.387;-734.7209;-399.3004;-392.0329;
485681.909;535607.432;535790.970;149.1999;-296.3113;-288.0216;
