# This file was created for the Modelling and Simulation course, RUG (September-November 2019).
#
# Project: Simulate colliding galaxies, using Barnes-Hut algorithm.
#
# Students:
#     Stefan Evanghelides (s2895323)
#     Hidde Folkertsma (s2759799)
#
#     X         Y         Z         DX        DY        DZ
174743.089;564343.917;564342.458;147.6247;-27.9388;-27.9475;
345518.402;454296.764;454292.617;336.1668;63.1075;63.0454;
282611.476;715828.606;715825.586;81.5137;150.5367;150.5329;
213501.648;350930.147;350933.630;-33.6232;-75.9061;-75.9043;
175258.884;670105.532;670128.162;108.8318;-12.1591;-12.1409;
248433.454;507217.453;507218.882;631.6853;129.6042;129.6238;
303640.053;520697.302;520697.646;-196.5891;-140.4252;-140.3689;
277138.315;446482.887;446488.070;522.2326;-193.3686;-193.3417;
269803.428;522143.922;522145.180;159.0277;257.1465;257.1343;
301311.583;518665.372;518666.948;269.8899;458.7628;458.7739;
341693.040;426209.230;426209.320;356.6265;-242.9416;-242.9641;
265866.214;464399.540;464401.176;122.0097;-359.0961;-359.0759;
295226.175;514740.036;514740.267;471.1369;-275.0023;-274.9908;
252105.899;534577.001;534575.653;-122.3171;369.9593;369.9085;
263206.007;524298.400;524299.212;78.1745;-524.1106;-524.1145;
222821.237;555782.767;555781.398;-109.9323;179.1560;179.1293;
261774.188;518945.858;518946.295;-322.4131;-139.7656;-139.7417;
256377.204;505699.707;505700.119;-664.7165;123.2284;123.2114;
304140.167;370453.825;370439.667;46.9903;105.9567;105.9514;
255778.424;509896.653;509897.394;74.2026;758.1603;758.1359;
190541.409;210620.213;210615.253;20.8634;-114.3521;-114.3537;
282272.062;470375.998;470377.623;75.3247;119.0937;119.0795;
261968.363;507516.467;507517.377;-265.7496;103.8283;103.8179;
258694.438;504999.943;505000.970;608.4085;-317.8441;-317.8177;
223913.721;503640.265;503641.649;106.7392;-227.5923;-227.6073;
256484.821;523583.060;523587.173;787.2477;456.1767;456.2947;
255112.043;508580.414;508580.920;-136.1483;146.5778;146.5807;
161995.457;575017.756;575018.322;59.7734;-17.6925;-17.6837;
259677.560;506031.762;506032.961;-359.4962;210.1894;210.1817;
272413.921;520962.123;520962.241;-391.5439;394.6624;394.6935;
270820.666;519013.595;519013.452;-64.1172;-76.9055;-76.9042;
282335.611;507103.927;507105.041;-221.1687;-75.7508;-75.7528;
323538.203;502749.873;502749.576;-118.5754;-108.6206;-108.6332;
274688.102;503195.304;503195.960;241.3965;-7.4420;-7.4301;
248204.176;505039.145;505040.367;798.1032;40.6036;40.6038;
269857.932;503033.225;503034.702;58.7083;-232.1080;-232.1064;
276441.293;499918.312;499918.915;294.0602;-161.3144;-161.3267;
320063.769;528817.153;528817.953;398.3667;-143.1346;-143.1404;
246938.342;497827.293;497828.622;-291.0550;-413.3710;-413.3549;
260900.197;517810.017;517809.954;-377.6424;-542.5106;-542.4816;
286470.427;502276.355;502277.111;-337.8008;265.5063;265.5374;
233316.289;500512.570;500512.917;-32.1903;-177.2171;-177.2152;
230677.554;511241.698;511242.245;-87.6033;302.4984;302.5056;
282818.288;497000.832;497002.681;190.5853;-37.3795;-37.3755;
352678.672;452943.265;452941.166;331.0329;51.7547;51.7970;
279752.404;463269.414;463271.219;-89.5489;-9.0922;-9.0788;
245726.581;482915.035;482915.325;486.4381;-48.7569;-48.7649;
375760.407;605983.881;605983.148;108.3225;-89.0061;-88.9975;
234102.954;506916.903;506919.404;902.6340;162.1700;162.1317;
271832.656;518568.247;518569.269;589.5546;-15.7225;-15.6837;
234989.479;512271.774;512273.255;-731.8276;360.6984;360.6805;
279740.366;500749.354;500749.735;595.0187;604.5171;604.5707;
289773.104;520275.513;520275.021;869.6409;-520.1013;-520.1258;
304006.847;513825.422;513827.342;-259.2348;95.9228;95.8679;
270227.518;503177.176;503178.145;-182.5327;288.4438;288.4646;
198181.871;538968.263;538970.788;148.8091;-26.2875;-26.2913;
355987.878;452324.360;452324.950;406.2685;-26.6708;-26.6843;
353024.497;597892.954;597893.734;43.5747;-125.4879;-125.4955;
280199.284;502373.008;502373.722;-115.3071;325.0340;325.0101;
274475.427;500451.638;500450.793;683.6997;-285.2035;-285.2025;
251746.000;509847.351;509848.329;127.9509;-6.0159;-6.0211;
247516.711;506984.714;506985.426;-75.1641;-306.7597;-306.7681;
280616.859;493997.188;493997.964;121.8827;32.8732;32.8784;
273560.718;512013.272;512013.850;593.7620;-8.6206;-8.5987;
248885.259;494869.323;494870.922;799.6641;-392.3320;-392.3388;
225467.634;521022.333;521022.940;-330.9422;-213.0331;-213.0347;
289048.701;511662.276;511663.848;-330.8002;-320.2714;-320.2487;
269242.920;502030.631;502031.373;614.9614;371.1875;371.1826;
265538.255;509997.420;509998.569;-99.5974;107.5457;107.5250;
264204.864;508479.823;508480.560;431.0243;245.2450;245.2004;
311998.994;527388.654;527389.917;753.8859;-19.2301;-19.2407;
164910.967;517095.054;517097.157;26.1107;-1.2544;-1.2592;
360844.990;469135.374;469136.552;-97.1271;121.8871;121.8860;
264843.252;508951.494;508953.292;-57.6333;-6.8374;-6.8394;
209460.944;521094.142;521095.110;-644.1687;47.7134;47.7295;
269907.297;490940.030;490942.694;-181.7152;290.9206;290.9353;
311265.045;512487.155;512488.167;247.9736;-85.3369;-85.3373;
271483.030;511230.176;511230.519;772.9183;-218.6359;-218.6230;
291030.331;504378.219;504379.347;-414.4671;-7.0492;-7.0128;
240333.273;503458.908;503460.663;831.9920;46.5197;46.5074;
287098.363;511673.342;511673.815;-14.9730;91.5698;91.5705;
244279.517;516584.789;516585.625;593.1438;-567.4558;-567.4628;
256840.885;502074.383;502075.197;196.9799;159.6642;159.6493;
254351.243;512634.384;512634.508;1228.3400;21.2480;21.1717;
299765.720;512925.754;512926.277;-349.8167;117.3754;117.3642;
224535.846;503636.727;503638.004;186.6840;695.2217;695.2010;
233637.686;504882.889;504884.228;-348.2637;-84.2609;-84.2814;
264244.930;513262.382;513263.042;-528.9324;-217.9159;-217.9278;
272024.221;504861.230;504862.355;647.0479;-114.6836;-114.6842;
300567.035;521900.048;521899.768;123.2233;228.5012;228.4952;
279226.353;508221.817;508221.570;324.3313;-86.3172;-86.3228;
271309.325;509376.847;509379.203;684.1024;109.8576;109.8653;
269636.837;505955.807;505956.619;-324.5882;273.2682;273.2911;
285166.583;500479.044;500479.862;-102.6615;292.7383;292.7112;
394847.576;404149.933;404162.292;52.3090;166.7559;166.7573;
254458.694;543392.152;543389.964;12.6641;4.1468;4.1498;
281130.698;509024.606;509025.886;-977.6754;-262.8772;-262.8715;
250200.507;639522.638;639525.779;34.8026;44.6879;44.6941;
214355.473;480389.107;480390.846;-288.8700;-372.3754;-372.3594;
675181.584;488957.004;488957.863;-167.8196;-114.8289;-114.8223;
741894.209;544942.433;544939.569;17.4349;-156.3463;-156.3398;
706446.992;496545.773;496545.936;-118.1844;480.4001;480.3551;
737385.096;509192.624;509191.224;-454.6345;-192.9228;-192.9345;
680735.551;471590.526;471590.992;-28.3428;102.0904;102.1018;
722948.520;517500.227;517499.581;-187.3304;345.8950;345.8612;
725743.863;529687.097;529685.612;557.7025;457.4601;457.4077;
626920.533;505811.586;505812.121;-346.9658;-78.0825;-78.0708;
704043.291;517194.023;517193.575;-344.7171;-470.3974;-470.3696;
684404.940;511525.469;511526.142;-433.9329;355.2116;355.1801;
829187.405;627797.138;627797.124;-79.8936;5.9618;5.9708;
749427.490;493007.699;493006.588;542.3713;250.2953;250.2791;
729917.987;537361.132;537359.327;-406.8097;-199.1542;-199.1757;
722963.354;509047.453;509046.783;-326.8199;-286.8351;-286.8231;
691386.901;513088.926;513089.852;9.6921;-162.9468;-162.9803;
731479.091;548358.789;548355.972;-58.4109;-37.5545;-37.5857;
645632.660;530059.757;530059.109;-253.2270;109.1877;109.1454;
716428.189;514567.455;514566.995;265.3837;20.5555;20.5612;
772071.862;504210.752;504209.817;-902.1363;12.9623;12.9785;
689201.325;432941.145;432943.965;-175.7879;-293.2907;-293.2559;
784046.922;488953.117;488953.656;222.6271;244.7884;244.7694;
733550.737;515117.087;515117.147;-507.6846;-72.3293;-72.3448;
683908.642;421438.886;421440.912;-102.6990;-101.7673;-101.7714;
538500.178;335253.961;335240.485;-208.8048;-81.5873;-81.6043;
716252.846;520219.207;520218.489;-114.7900;21.2705;21.2664;
768906.130;463035.952;463035.512;-450.9300;427.9735;427.9769;
741692.497;556577.508;556574.081;-81.6904;187.6562;187.6430;
668880.191;506605.616;506606.532;167.5992;-8.8984;-8.8806;
716658.967;452150.706;452152.130;-11.9706;-132.8833;-132.8822;
773808.053;451605.200;451605.165;-353.3985;167.9544;167.9608;
721446.796;503097.561;503096.601;-650.8261;246.2186;246.2086;
692806.141;507282.415;507284.896;-459.4031;-42.3779;-42.3571;
736654.136;523503.401;523502.360;160.7789;188.0671;188.0481;
782928.306;632362.881;632356.569;-134.7471;143.6725;143.6651;
733958.068;528611.737;528610.611;-66.8063;213.3025;213.3103;
719419.598;535972.691;535970.602;-506.7275;221.3484;221.3196;
655180.493;581283.131;581276.633;-202.8376;3.9084;3.9042;
749124.628;564526.837;564521.844;-27.3756;-237.7081;-237.7060;
709536.384;525257.682;525256.954;606.0467;-23.6418;-23.6066;
741682.037;516797.216;516796.040;-491.5340;-423.2626;-423.2916;
754658.193;492367.077;492367.913;119.2937;-402.1986;-402.1806;
721350.682;513541.214;513540.947;-77.3194;-385.3351;-385.3007;
727701.515;508185.358;508185.347;-588.0837;17.2846;17.2843;
723868.774;519965.065;519965.289;124.0599;459.9796;459.9339;
658245.847;524208.179;524207.341;202.4960;207.4434;207.4146;
745637.145;524982.820;524981.856;126.8239;144.3188;144.3152;
737665.981;506154.837;506154.521;-527.4258;105.1285;105.1290;
696562.964;496310.973;496309.469;-714.6860;-381.1627;-381.1164;
707326.550;525099.262;525098.471;33.1637;266.9654;266.9429;
756139.479;531345.271;531344.279;-163.9452;59.9936;60.0029;
808790.237;454531.430;454535.551;148.3264;-121.6051;-121.5977;
624117.371;401870.082;401870.869;-28.9775;227.2693;227.2670;
700253.156;514390.995;514391.158;349.9786;-119.6927;-119.6952;
717386.965;521479.311;521477.812;-368.5724;-71.5904;-71.6122;
699797.789;482684.317;482683.086;371.8723;194.7700;194.7692;
656283.843;409343.741;409345.651;-148.4469;-8.8097;-8.8086;
741899.699;502127.757;502127.232;350.0389;153.2187;153.1979;
750111.918;513347.591;513347.084;-87.7290;92.4710;92.4727;
736080.686;534789.301;534787.133;8.5277;-344.5300;-344.5393;
736416.920;523365.550;523364.225;-214.8726;188.4139;188.3895;
552807.636;259358.688;259352.312;-180.7641;-95.1603;-95.1676;
716888.105;528989.077;528988.559;131.7361;-231.4374;-231.4538;
703903.416;489467.817;489468.930;250.9650;268.0007;268.0454;
735996.164;498606.494;498606.656;-606.8074;-335.5559;-335.5367;
742944.218;518488.391;518487.743;-219.5327;101.5718;101.5499;
795576.274;557632.005;557628.134;224.7408;128.7776;128.7707;
780421.862;552851.783;552850.478;380.0962;-101.2708;-101.2716;
680309.551;512431.400;512430.725;427.0221;-183.3791;-183.3501;
728587.441;531090.073;531088.633;-14.5369;-198.2698;-198.2580;
704694.413;526308.505;526308.224;-851.7082;478.5934;478.6141;
721129.478;515313.783;515313.004;-28.8766;-124.9218;-124.9167;
800553.486;509734.986;509735.160;589.6038;-221.3200;-221.3058;
732408.131;523122.818;523121.920;192.1411;141.1943;141.1952;
725756.085;509018.569;509018.198;-0.6767;30.5716;30.5824;
690298.610;497741.482;497740.209;310.1882;274.4325;274.4580;
750044.497;541846.403;541844.580;-61.8089;-98.3569;-98.3332;
769312.763;447955.674;447955.767;-290.7892;39.9490;39.9422;
682105.632;475791.646;475792.197;16.3755;385.4572;385.4048;
740416.823;514200.079;514198.685;371.0482;228.9612;228.9325;
751714.446;539633.437;539632.398;-47.4363;-167.3322;-167.3216;
725498.281;517448.489;517448.101;-150.4165;395.7589;395.7432;
723894.710;510845.498;510844.283;123.4031;-35.1527;-35.1078;
736655.846;522456.014;522454.584;-561.4523;-385.6836;-385.7054;
685961.382;504252.092;504250.982;-831.0722;-143.0216;-143.0243;
668324.995;421047.187;421051.782;-308.0772;-391.6920;-391.6855;
725974.777;550530.654;550527.982;-625.2680;342.7622;342.7299;
934584.872;535294.830;535285.570;161.2002;-27.3216;-27.3390;
710116.485;517747.104;517747.081;-776.5845;131.3452;131.3669;
716093.302;531466.569;531465.465;-182.4764;201.8434;201.8309;
692658.322;490186.877;490188.628;-655.9354;-248.0309;-248.0386;
631010.406;507701.198;507701.878;22.2773;-229.6131;-229.5704;
767891.080;530296.258;530294.812;271.2004;-158.4822;-158.4590;
712281.705;520695.887;520695.152;-722.3711;317.0391;317.0682;
738614.631;512548.398;512548.339;446.5265;-453.0858;-453.0357;
886801.061;674712.967;674708.895;146.7418;188.5647;188.5557;
727367.743;523023.457;523021.663;-56.7147;98.8463;98.8575;
741464.584;520144.650;520144.261;433.9453;-383.3975;-383.3498;
718725.563;505770.034;505769.562;-46.5054;-227.3905;-227.4089;
746865.548;511415.674;511413.659;-579.6978;55.1961;55.2161;
