# This file was created for the Modelling and Simulation course, RUG (September-November 2019).
#
# Project: Simulate colliding galaxies, using Barnes-Hut algorithm.
#
# Students:
#     Stefan Evanghelides (s2895323)
#     Hidde Folkertsma (s2759799)
#
#     X         Y         Z         DX        DY        DZ
461286.779;540539.558;540489.295;-198.6766;85.5145;86.2611;
468208.730;551440.583;551412.139;92.6102;887.3960;895.2478;
736067.112;848456.763;848441.004;81.8325;-62.1076;-62.1170;
396609.608;748903.441;749400.626;-111.5817;274.1586;274.7097;
482225.846;537747.275;537647.059;-279.0238;-6.1632;-1.7120;
481320.924;540961.146;540915.427;634.9402;202.0740;198.7349;
453061.681;447371.357;447073.994;442.2787;162.7943;164.1577;
417877.753;661063.664;660902.924;413.7716;46.4328;48.4938;
571480.124;540320.104;539929.229;-587.3216;40.0762;41.2631;
389979.277;647744.163;647819.672;-145.8577;-186.7639;-187.8577;
644819.290;439969.797;439731.004;42.9627;91.1009;92.4373;
315490.448;460238.066;460194.882;-120.1840;-57.4576;-54.0873;
472946.126;533055.562;532995.183;1093.1510;57.5531;55.6906;
496334.101;531332.036;531154.117;652.8516;-329.3043;-337.8388;
158223.175;611799.499;611708.374;-135.9043;-32.0890;-32.4764;
526899.275;593844.383;593824.816;165.9118;66.3663;65.8750;
498059.462;526788.970;526712.879;-39.2396;385.9598;388.9132;
502669.329;551053.958;551275.170;1046.5473;407.1796;407.1512;
618402.227;618561.408;618692.120;-45.4749;65.7381;64.6166;
347314.044;528250.450;527801.450;-259.8975;17.7279;15.1364;
475818.428;544093.162;543995.695;-802.8494;-277.9793;-283.8683;
280140.017;522271.759;522138.309;-40.6874;-205.3850;-206.5668;
483512.481;526488.372;526313.131;-103.8816;490.2361;490.5937;
449491.499;558851.949;558734.585;-435.6301;-275.6432;-274.7575;
404337.045;530565.631;530219.897;34.7044;149.3102;149.0958;
457282.836;532455.861;532378.805;-192.3131;-211.7911;-212.6658;
465669.219;546198.736;546113.632;-63.4995;-561.9136;-563.2579;
480850.804;545602.429;545483.777;-75.9449;360.8333;362.4886;
475116.629;541276.862;541221.412;-611.2184;319.0127;320.5726;
458783.089;548964.986;548946.590;-128.9823;-143.6528;-142.6421;
890178.890;165438.926;165465.400;27.5036;-35.8911;-35.8938;
664123.169;556489.065;555563.189;-81.5805;94.7718;92.4724;
460722.180;535675.578;535600.408;686.7387;372.3531;371.3096;
466605.222;551611.264;551548.211;-90.8487;720.8607;719.6460;
563107.559;539917.557;539550.987;405.8108;-211.8399;-210.1867;
481513.780;539560.908;539486.966;736.1835;717.1741;721.8383;
343382.665;536674.357;535882.508;-621.3557;-131.5226;-139.3683;
479006.461;553413.165;553416.172;241.8153;142.1525;142.7337;
396468.102;534347.752;534079.525;-29.4762;391.0661;392.8026;
457575.159;560081.813;560087.036;-186.3761;-71.4282;-69.7938;
476970.833;527308.284;527192.286;-420.1620;115.1364;115.0590;
165095.875;405852.511;405696.963;-28.5257;-26.0770;-25.9945;
470037.081;544069.333;543954.921;100.3285;897.7903;900.5496;
467333.796;527643.968;527613.121;-1162.2767;-728.2143;-728.6687;
387599.596;696108.795;696310.452;6.3999;20.4664;19.8006;
443703.733;545838.153;545786.418;-242.3573;26.4036;27.3585;
446494.339;527248.791;527208.070;-69.6057;-315.6243;-315.9475;
780436.061;188466.417;188484.554;-52.6493;70.8728;70.8614;
461344.462;527641.437;527558.404;244.9434;-461.8815;-460.8155;
822750.375;705207.748;704033.629;-79.0027;29.9812;29.1345;
492831.950;540721.646;540655.652;-601.6114;532.8289;529.6740;
473019.459;545321.345;545317.739;850.9041;-60.7766;-58.7204;
448855.646;535862.609;535782.931;-73.6168;277.3319;279.9433;
430061.330;542467.279;542395.621;-162.9491;363.7572;362.5537;
485786.501;480065.803;479923.956;-391.5979;-504.7584;-504.6378;
445899.362;534688.001;534744.115;-870.2333;-293.9175;-293.6828;
467891.184;472848.751;472572.931;384.4081;174.9902;178.0125;
461672.273;522344.756;522252.142;206.0722;-384.2027;-382.3082;
732691.591;429107.482;429372.836;-210.6048;34.1588;34.9893;
504153.059;554343.814;554444.978;295.0844;-53.8083;-52.0914;
980472.131;642726.473;642510.247;-22.6521;27.8799;27.6811;
465932.310;545251.863;545166.960;13.2919;-632.0813;-634.2246;
54525.629;468874.478;468701.038;-63.2958;81.0347;80.9794;
973396.168;307599.878;307755.340;148.1462;-22.6208;-22.5113;
421490.363;537739.919;537527.118;360.4014;-362.2759;-364.5857;
433891.347;562817.592;562847.997;-811.0410;-309.3361;-306.5790;
460257.210;542980.400;542824.937;-518.9393;-271.2110;-271.9419;
105982.543;156145.037;155370.161;-65.5483;-134.8567;-135.0882;
452489.399;570102.152;570233.038;669.1655;-431.5868;-434.7585;
406218.181;561388.592;561294.112;-475.5072;253.9107;248.1013;
474067.686;525198.583;525135.725;-352.1633;286.3148;285.7083;
285248.819;547273.524;547239.425;19.2806;155.7754;156.2997;
474282.735;622521.398;622457.172;-5.3880;-1.5677;-4.6638;
410456.198;494209.105;494091.959;-42.1306;14.2122;13.3345;
759545.675;516553.956;516033.923;135.0697;-3.4055;-4.4403;
308848.994;599252.273;599442.405;181.5308;250.6841;251.5156;
471680.442;536904.874;536833.483;-44.9494;-912.2314;-912.1067;
449351.271;523969.941;523868.047;126.1938;-508.9029;-511.5153;
479444.868;545270.008;545244.260;766.7653;-497.5178;-501.1454;
432535.749;511464.309;511179.264;724.8607;77.8238;82.4865;
470956.045;552875.527;552851.112;-196.1258;-474.1005;-478.9696;
462246.316;543534.480;543472.620;-1496.3957;-163.9845;-160.6127;
424859.491;536212.266;536087.438;229.4963;-38.8070;-40.0406;
785589.200;512158.801;511258.682;28.3778;-48.8336;-49.6957;
495159.775;548033.827;548083.362;-261.2204;-760.6800;-763.1835;
476442.078;543925.551;543854.281;-126.4800;-832.8585;-836.0766;
455548.516;541069.240;541045.133;-1432.0456;-251.3093;-246.2356;
464771.941;539444.254;539329.449;-969.9616;-98.6520;-100.7758;
491842.084;547237.670;547163.207;214.3026;572.8103;575.3580;
475692.612;545961.243;545924.237;33.8213;-391.4846;-392.5481;
469852.954;553906.688;553884.463;-1152.5813;-93.2515;-95.8428;
451400.334;582336.291;582415.901;722.1476;-114.1406;-108.5498;
503336.175;597948.933;597958.502;-739.7212;-254.7474;-253.3304;
467377.437;549429.370;549356.589;-123.7862;243.2715;243.7999;
408712.754;530848.584;530611.606;-81.9320;319.7396;319.5346;
468680.124;456316.196;456229.768;-339.0003;286.5811;286.1735;
509900.486;518855.150;518750.141;-366.9884;-117.7217;-120.1123;
566447.347;540608.047;540652.482;576.1766;481.8979;483.6876;
407076.380;593858.524;593832.029;108.5869;329.6052;329.5845;
736657.921;611248.278;611047.893;-14.0703;5.2693;4.9038;
464993.962;527544.954;527450.256;-458.9987;-732.2321;-735.3616;
372409.545;471166.907;471014.422;-15.8994;331.5482;330.7075;
467012.957;556312.011;556294.049;294.5464;334.9283;338.3158;
893281.356;465307.457;465292.932;3.7148;-3.2324;-3.2018;
482532.460;542627.345;542580.422;-25.8840;-436.5679;-439.9428;
488913.701;556797.526;556823.425;202.9748;-110.1451;-112.1494;
475210.984;562412.163;562402.019;702.7661;-108.3811;-107.1021;
549211.156;590092.759;590443.450;554.2425;253.7738;255.6562;
475967.791;569430.008;569348.639;68.7434;460.8159;460.7990;
246650.045;945497.296;945294.014;-88.9471;77.0964;77.0245;
468414.204;527677.659;527564.420;-299.9730;137.0568;138.2081;
485486.559;534679.828;534620.906;-456.5987;63.3717;66.5778;
479403.820;539700.539;539603.273;-262.8130;484.7365;486.5576;
436007.730;496797.127;496540.570;162.9522;-143.8901;-145.8923;
473421.913;529415.729;529358.214;568.2623;-35.9565;-35.5128;
404118.778;279537.211;279204.319;1.9251;-69.2079;-69.7002;
467730.537;532819.670;532754.894;1103.8758;328.1778;324.5549;
479180.918;566650.637;566654.116;161.1944;-13.4089;-14.1224;
224543.484;453076.088;452628.823;-275.6155;-104.8910;-106.7864;
204656.359;347502.722;347399.570;-160.8144;94.2996;94.2241;
522821.179;546551.469;546440.706;462.1416;-410.2787;-415.0205;
409914.580;539064.081;538895.813;549.3141;-468.7875;-470.8264;
464258.274;522428.804;522307.069;-886.8453;264.3600;265.8353;
649131.244;403482.003;404899.985;-374.2890;-48.0055;-47.6877;
539271.246;606902.415;606989.719;-251.0951;-50.1698;-50.1266;
486495.710;626057.456;625914.624;270.6651;66.9257;67.2113;
499456.164;524605.656;524461.316;-149.6783;174.7935;172.9097;
469939.141;535516.713;535487.288;33.6918;-237.7191;-238.7939;
584697.055;374567.731;373822.822;-21.6155;-194.9869;-196.3439;
467866.883;554478.555;554525.460;1149.8820;179.1643;180.8395;
474797.189;529351.841;529284.689;772.5138;-1058.3053;-1061.6016;
550318.822;562820.762;562954.412;-4.4249;-478.9001;-480.7557;
490370.706;557243.630;557327.734;326.9241;119.7811;119.6572;
499889.836;376241.174;375692.592;257.5308;259.6345;259.8213;
491989.630;550454.096;550349.341;29.4217;494.2103;495.8467;
454738.006;551410.829;551378.368;536.3299;725.1353;726.7631;
458838.710;604038.539;603853.651;154.2360;-174.4717;-175.4271;
283015.612;518057.849;517328.222;-240.8297;320.7316;317.5690;
464156.135;536683.071;536579.473;-151.8835;399.6741;399.0446;
555195.147;553477.019;553298.359;-361.8256;236.2888;230.9067;
493502.971;548838.613;548913.389;738.2812;390.8901;398.4354;
485775.228;563346.298;563318.566;-519.6250;-220.0225;-221.8969;
549758.093;538886.639;538570.196;223.9583;-33.0536;-37.3626;
463741.328;563870.026;563864.393;-821.7158;-224.7895;-223.5702;
446768.100;499286.872;499226.165;-90.4749;498.2656;497.1825;
447917.252;549289.231;549198.555;671.0800;44.9603;45.8304;
490247.664;524581.630;524552.761;-434.6772;-42.3149;-43.4530;
448322.727;551616.612;551572.732;381.6045;-144.9911;-145.7048;
482371.437;527689.424;527523.425;251.9770;-85.2233;-84.6749;
477741.901;527542.203;527493.527;1010.3809;-192.5492;-193.0395;
519628.179;496709.266;496531.702;303.3200;26.5583;27.4166;
501840.087;558422.640;558225.099;-849.7127;-74.1661;-69.5017;
503964.803;647571.061;647614.382;345.4966;167.0435;167.7972;
466783.243;549559.189;549480.315;57.5277;-188.0578;-189.4389;
468607.620;541334.963;541261.397;-936.1906;102.8640;102.9156;
116742.275;619064.004;618962.622;-122.4704;-95.8892;-96.3313;
468973.987;538027.385;537945.710;975.6835;326.8026;326.6272;
542544.234;517060.754;517009.188;446.5717;328.8680;329.3977;
482332.543;528725.847;528606.626;-393.6484;-536.0248;-534.3906;
550426.106;552518.241;552081.669;-352.2001;27.7719;28.8149;
465821.072;544518.885;544433.754;-408.0472;141.9816;142.3809;
455562.429;538107.137;537987.763;49.7734;263.4873;262.4953;
466202.978;516770.305;516714.938;293.9862;-88.5359;-88.6975;
