# This file was created for the Modelling and Simulation course, RUG (September-November 2019).
#
# Project: Simulate colliding galaxies, using Barnes-Hut algorithm.
#
# Students:
#     Stefan Evanghelides (s2895323)
#     Hidde Folkertsma (s2759799)
#
#     X         Y         Z         DX        DY        DZ
489010.943;559058.624;555496.577;218.8234;382.9920;368.0780;
453910.587;546363.369;543155.608;702.1548;-48.4047;-26.0099;
711277.365;471632.476;472627.313;-229.1270;-155.3142;-144.7288;
497479.866;548645.473;547545.255;299.3296;-512.7500;-510.1402;
501845.730;549221.850;547708.398;643.2766;1015.3742;983.1744;
595822.679;635385.882;632837.576;367.3176;-156.0619;-153.2137;
595297.224;941049.063;955397.503;-13.7226;21.4566;29.6850;
580075.379;587349.507;598155.563;103.2845;499.1763;546.0963;
503653.252;607115.653;601925.191;-43.8206;222.9030;181.4045;
507223.548;562710.195;561445.787;-1143.1466;612.7012;488.5413;
498221.118;558062.507;556079.332;604.4151;-284.8779;-224.6732;
643738.178;675465.752;676565.495;-38.4842;177.8788;176.3343;
501107.077;559425.530;557051.535;-227.4069;-16.3036;-54.8197;
445750.299;531276.661;524277.619;523.9263;407.9600;424.6096;
398268.589;427608.182;417026.666;-333.1324;-253.4690;-300.0557;
544686.887;563069.625;561728.781;-338.0897;-94.8184;-79.8998;
498469.582;545425.052;543725.484;-12.3819;-26.6003;-0.3362;
548103.103;583705.247;590416.692;81.6892;-267.1473;-242.7820;
455161.340;555092.236;550923.344;681.5857;-16.4356;8.6808;
546102.923;523600.943;526941.284;284.7628;-257.6417;-225.7792;
482033.593;554606.075;551623.656;-184.4486;141.4148;93.3502;
482432.189;555755.915;552931.567;95.4024;292.6668;293.0188;
489857.935;527383.712;525104.366;767.1289;-444.2651;-397.5023;
466729.128;542514.513;538223.749;-339.2561;146.5964;86.0500;
500221.356;551399.009;549215.389;-640.4198;53.8570;48.1474;
865209.670;153403.255;153310.902;-41.2252;28.8484;28.6707;
399547.562;455284.742;445361.094;59.2997;25.0089;18.9989;
476355.316;560697.170;556835.283;673.6995;68.8421;179.3815;
507477.073;528786.332;528843.216;-856.9516;108.4564;-7.2353;
720944.229;509240.235;509712.386;-187.0746;36.3034;28.6714;
492823.833;560225.907;558117.519;-1065.2914;302.1726;228.4957;
465261.169;404895.276;411712.708;184.7672;133.4846;162.4098;
525062.350;506728.866;504596.304;154.7562;-229.0840;-217.1466;
457939.040;556924.835;552802.804;-437.9454;-229.7087;-222.0239;
467948.504;532537.417;529839.729;-612.4028;80.7488;18.1009;
488944.821;549002.584;547169.879;1060.8352;295.3097;401.3966;
525352.167;595753.275;592638.842;640.0147;1.6231;9.6338;
513841.635;539030.250;539210.708;-234.6374;567.1092;476.0274;
479531.631;546038.389;543906.276;-111.6401;85.6736;91.6296;
464881.932;526930.069;524512.506;336.2206;-47.9561;-87.0089;
459674.361;525291.317;523049.626;185.4451;85.7362;71.1626;
534727.679;558449.148;558122.393;-392.4966;-27.0019;-39.1427;
528193.634;485905.185;487643.365;-50.1350;241.5624;189.1029;
725574.676;413867.429;416094.773;256.4222;0.9324;0.3767;
715825.170;397846.007;398870.054;179.5086;-18.6793;-36.9746;
493560.775;542812.367;540941.028;-203.1291;521.6830;508.5039;
505063.354;544087.002;542802.343;-363.4723;651.5407;622.5488;
503266.892;528638.576;527723.717;-526.9784;-781.1199;-779.3104;
664394.120;175253.744;171702.243;60.3624;-260.7909;-268.9612;
431340.902;538965.378;534331.661;-225.6207;-243.4199;-223.1537;
478203.865;537386.716;534545.524;-471.4722;14.2773;-49.7723;
444071.626;562124.865;557952.897;-45.0426;-204.9011;-169.2786;
518123.713;476515.706;481228.109;-191.4144;-504.0930;-414.7508;
393774.574;682598.953;676018.185;-190.8390;0.0282;-12.1021;
530979.259;453002.007;454971.448;323.1030;-224.8965;-188.6250;
501159.077;568829.408;566512.569;-332.5826;-536.4740;-522.6216;
213224.539;689535.312;688967.525;161.7395;37.6920;37.3819;
492611.439;529929.670;528061.234;-588.7032;-414.8975;-453.6875;
483519.814;551473.947;548799.444;503.7442;223.4600;269.4945;
501091.611;534849.359;534308.193;-685.2067;168.0662;86.2917;
503236.200;547030.341;545689.324;557.0652;-315.4186;-257.6384;
504791.949;539164.181;538827.583;787.8902;-172.4525;-105.2816;
463027.874;526784.959;523100.948;-434.0358;347.0046;285.5524;
501352.961;546436.716;543298.861;164.6599;-781.7175;-793.9962;
445001.630;525205.945;519113.459;286.4557;664.7073;657.4461;
508803.361;539732.731;538552.937;-1003.0058;-455.1380;-498.5295;
552978.567;526570.047;528909.516;-535.0897;92.3451;117.5945;
954616.803;341066.630;323433.873;304.3915;-271.9355;-346.6657;
640730.274;506709.796;511156.002;92.7665;42.3493;38.6582;
438706.976;471977.961;464718.841;192.8961;24.1995;37.6027;
481530.474;483277.246;482464.429;18.7646;23.6512;-2.8212;
722513.304;438047.991;439701.314;333.5307;-3.2211;-1.1774;
457539.207;557765.003;553260.195;-97.7550;26.7591;2.4659;
481184.060;554844.675;551444.206;-20.6658;-74.0040;-127.7762;
665565.092;469997.879;473186.122;-65.8917;153.7838;150.8363;
715590.064;395582.413;391924.436;314.6770;-131.9175;-118.7807;
487217.861;555361.053;552535.197;787.6959;133.9818;189.5800;
498309.800;551634.521;550277.711;771.9338;259.5895;307.0668;
495103.024;527542.618;529211.508;1095.0784;-40.1867;43.4825;
487271.468;555968.420;553220.393;-482.6806;695.7051;655.6869;
504700.994;542986.558;542778.645;168.4069;29.5236;83.1070;
498805.332;546136.782;544981.517;156.2930;-621.0206;-556.3441;
434229.138;493816.769;491962.943;-502.7688;-448.6012;-480.8997;
483038.209;553391.721;552058.014;200.5407;-688.4684;-659.4153;
444005.336;192328.456;177172.944;130.6398;-112.5841;-116.4708;
495719.715;558101.126;556131.369;90.2726;571.6261;563.3332;
774730.621;594066.334;592838.040;-12.5366;-60.3775;-59.7730;
929469.746;598307.298;596495.433;-69.3502;-68.8627;-69.8289;
514041.592;533124.389;529849.080;992.3614;-608.7059;-552.3028;
516600.852;539201.245;540570.795;338.3115;1013.3772;999.7742;
520340.057;499783.849;502225.775;-426.3193;-326.4368;-306.5177;
511727.421;486510.413;489567.207;-414.0624;-162.9952;-194.1194;
821893.325;616227.960;618631.328;205.8280;-56.8264;-59.0201;
486505.795;547434.862;544957.053;-1089.0204;36.8949;-57.0194;
414231.254;570405.067;558977.261;-134.0471;65.8302;90.8676;
473337.175;562426.685;558140.606;-306.6852;160.6499;112.3662;
490458.059;523678.197;520740.356;-789.6724;236.8151;161.8311;
494837.930;378317.080;384818.653;-179.9183;-80.8056;-77.8269;
889695.766;707128.213;704303.460;-66.5646;-53.9513;-54.1997;
471250.858;566602.219;561871.720;-418.9080;325.1492;301.9523;
482175.969;550107.029;547442.542;-510.2182;71.7791;39.6608;
463395.348;550676.881;545537.576;-727.7733;-260.5584;-402.8505;
457881.896;546801.953;543155.247;-375.8352;-360.0197;-349.3433;
494687.077;512780.085;512612.797;-436.0447;171.6004;118.2805;
473389.074;538898.480;535747.155;-275.9664;67.1220;41.6700;
449677.300;273513.560;270844.510;22.0241;64.7644;62.3711;
460903.160;549378.353;546543.714;874.1522;49.4472;127.5763;
502138.004;457868.243;461783.696;-194.9542;-351.2836;-296.3057;
931367.756;346639.679;327556.865;73.9755;-67.9293;-32.7486;
306971.147;504932.900;499616.511;50.0627;176.2203;172.8190;
480476.139;553323.849;549950.650;18.7438;615.6821;598.9132;
500727.270;528390.293;527467.100;-158.6664;-118.0615;-142.6014;
478465.267;547170.908;544902.254;7.9706;163.6228;184.8300;
993676.469;954247.970;946212.929;219.2938;52.0174;46.0965;
535662.078;511250.447;510320.706;228.0146;315.9729;377.2622;
502213.082;541990.693;538707.074;457.9728;-1180.1018;-1161.4321;
475402.272;493818.855;487812.436;-234.8864;-275.3390;-266.7383;
504845.671;541942.348;541350.642;209.4826;-142.0036;-161.1650;
427089.889;527004.819;521886.067;450.4527;428.2436;452.8017;
492559.817;558264.641;555753.941;-283.5018;-148.2573;-143.7468;
487399.068;543463.759;541029.287;761.9831;-16.6541;34.9859;
583036.665;504089.810;516481.018;113.4753;-25.4325;39.1529;
493636.212;553665.379;551721.139;-27.6387;33.1167;42.7368;
454876.639;548148.509;546445.821;372.5200;-680.6769;-658.8522;
509084.286;535452.788;535982.476;-499.9329;-579.3742;-646.5173;
825679.183;438190.464;430798.458;-25.7878;-55.6834;-55.6002;
418280.891;588718.549;594127.937;581.1109;265.1482;310.5564;
484102.920;545652.699;542792.997;449.3483;553.6394;612.7025;
384449.160;563596.212;563657.864;377.8914;-198.0850;-169.2362;
467730.121;548100.435;544360.047;966.6546;-548.5875;-565.3974;
488506.817;545025.727;542735.377;196.7695;114.5163;101.6246;
522360.111;536518.905;536791.621;813.9882;-119.2427;28.4483;
432292.758;557697.021;556190.823;646.5712;-258.6480;-216.9334;
605752.195;502975.168;520138.021;247.4554;-12.4181;9.5112;
519518.555;532314.868;532560.486;-199.7986;583.1427;536.6869;
471650.127;543615.398;541380.554;398.6358;-224.8535;-181.1463;
486914.475;538679.756;537179.576;542.3014;84.6887;76.8391;
464295.208;545392.074;541724.266;-326.4969;-460.2378;-451.4149;
487016.931;540758.956;538353.982;-346.8519;46.6213;9.8849;
467282.650;547520.122;543243.841;76.8835;-112.8327;-149.2339;
515109.319;565152.201;563083.796;-658.0758;357.5328;290.3148;
532553.769;489262.117;493738.300;-291.5170;-19.0877;-61.4639;
458586.170;513217.161;508076.879;-261.9599;15.8810;-30.9878;
395958.013;441814.455;434795.496;64.5753;-420.9175;-443.6541;
490973.731;531922.555;530439.365;319.8683;385.0923;397.8241;
426967.097;550089.424;540920.227;-822.5922;85.9260;-20.4628;
479187.020;546311.149;543272.918;653.3243;333.4485;417.8837;
484165.248;542558.311;541317.763;539.0968;793.8749;784.5342;
533496.408;557696.171;556039.389;-557.6143;-289.0508;-284.3810;
496878.700;547010.983;545225.420;327.0982;-35.6837;9.4692;
