# This file was created for the Modelling and Simulation course, RUG (September-November 2019).
#
# Project: Simulate colliding galaxies, using Barnes-Hut algorithm.
#
# Students:
#     Stefan Evanghelides (s2895323)
#     Hidde Folkertsma (s2759799)
#
#     X         Y         Z         DX        DY        DZ
443534.881;556489.823;556416.206;91.3518;19.5975;19.5114;
485311.827;515965.364;515825.319;-170.0698;-125.9642;-128.6383;
710150.732;865523.914;865510.476;90.2255;-51.2564;-51.2628;
431404.162;660009.812;660306.172;-128.9769;326.2695;327.2794;
476211.299;556690.313;556632.627;-111.5383;226.0753;228.0514;
450770.249;548642.391;548626.824;781.2263;702.0748;705.8851;
342472.442;449275.909;448872.398;267.6752;-138.0900;-138.8079;
315219.491;621453.713;621065.646;237.6557;201.4297;201.5952;
645972.370;534267.865;534035.821;-48.7299;26.8637;25.5923;
450268.607;667415.191;667486.817;-199.8615;73.5961;73.6480;
601264.168;430971.191;430556.140;268.0073;-50.3506;-50.2892;
400600.624;509654.079;509325.595;-624.8106;-318.6368;-321.5317;
437894.774;549989.292;549915.713;152.3022;206.7249;209.9551;
474483.054;551211.857;551206.011;1282.8455;-238.9440;-241.7306;
208902.897;619225.740;619248.435;-208.7955;-18.8562;-19.2209;
430114.230;505042.608;504815.671;182.8979;302.9216;303.9902;
460060.483;563132.827;563084.270;-256.5469;-229.0862;-234.8004;
464825.560;547917.081;547844.797;-1329.3739;-496.2229;-492.3673;
565143.328;572076.342;572265.616;486.7143;256.8779;258.2254;
541666.249;585263.048;585221.864;-367.8008;-325.3911;-325.4783;
465653.409;548539.609;548481.069;-677.4623;-41.4207;-44.8300;
324121.145;580308.080;580342.288;-257.4744;-170.8403;-171.3730;
456002.814;545574.059;545530.719;420.0291;-672.3357;-675.0900;
456802.001;519099.258;518886.531;472.6121;-235.2289;-236.2543;
470326.569;582346.048;582359.894;512.4252;132.8365;131.2993;
450899.039;546123.971;546087.427;-397.5288;-12.8985;-11.4208;
445369.670;546359.383;546298.097;74.3060;-241.2119;-239.9591;
484730.946;553813.004;553768.451;58.2365;193.9185;193.5188;
461847.032;560350.690;560330.537;-257.9999;374.5892;373.4183;
448405.267;553717.753;553702.071;199.7531;-434.9189;-435.4415;
880314.548;177330.230;177357.244;38.5101;-43.0619;-43.0629;
630382.153;527407.165;527352.418;334.2579;75.9894;74.2080;
489796.755;561929.614;561938.089;-239.6076;241.0911;242.0248;
476539.866;526843.185;526816.233;191.4891;-234.3161;-232.0994;
432611.470;530669.341;530559.024;-997.7497;-398.6643;-408.2969;
486299.221;540396.333;540381.184;113.5770;184.3438;185.7611;
625777.947;515671.792;514556.345;-589.7426;130.3346;131.7395;
451637.557;579679.964;579670.469;279.4368;-10.9946;-11.0925;
510229.127;576628.373;576701.154;295.8812;-528.7118;-527.8487;
450113.901;559507.404;559423.136;124.9844;-365.1438;-366.2325;
439151.156;559178.366;559118.328;-132.3046;551.6039;551.1888;
187130.789;419632.672;419453.507;-119.2955;-65.8859;-65.8211;
444417.029;543349.500;543324.241;449.3302;50.2635;51.9200;
457877.113;529103.795;528936.838;-215.8771;822.5482;827.3464;
402703.510;661428.222;661729.993;-129.3086;221.3632;221.4629;
486183.761;551805.747;551822.317;-480.1171;-191.0335;-192.7561;
517262.641;546182.988;546236.911;218.3804;130.5278;130.8979;
793689.315;170795.472;170816.259;-36.0542;46.6998;46.6932;
434374.155;547142.360;547075.152;237.2948;-51.7272;-50.2015;
843114.070;694504.729;693596.521;-56.2498;40.9335;40.0168;
520097.746;446561.426;446649.753;30.1335;191.4703;191.6685;
446563.026;547232.289;547128.663;230.7968;864.1443;868.5772;
440603.358;535819.690;535734.908;204.5429;240.0911;242.1528;
467645.741;551408.565;551399.048;-271.7283;-592.6076;-591.7244;
380581.403;583101.938;583123.806;354.3036;192.4908;194.0429;
404962.507;564871.645;564618.509;-44.7386;-114.6498;-117.5370;
392780.339;509338.949;509029.388;12.3825;-390.8007;-393.4035;
494853.859;548416.467;548455.153;104.5438;377.1215;376.8501;
782061.412;423612.606;423643.982;-116.1140;3.0580;3.6285;
453766.076;530605.215;530527.955;-358.1020;-424.9297;-423.1662;
983789.847;633622.729;633466.599;0.7396;32.5433;32.3428;
445745.894;545306.067;545232.416;-26.5808;-244.6890;-243.5237;
77029.591;445068.925;444912.692;-86.3612;76.8787;76.8193;
926186.743;315544.499;315665.766;165.9745;-30.4858;-30.3685;
451843.583;548775.090;548669.646;862.2649;-974.0647;-967.8570;
490271.930;482384.329;482445.513;435.8503;61.3807;62.0730;
471297.715;551144.383;551080.384;-189.4815;421.2752;419.0402;
128381.554;199468.439;198769.146;-84.1857;-153.5370;-153.8102;
535744.942;535131.065;535423.322;-797.2510;-182.0683;-182.6801;
602914.672;560083.674;559943.918;-103.5710;-128.8516;-131.3647;
445508.337;557596.990;557496.297;-187.8333;587.9040;588.6774;
318853.081;501047.443;500832.248;-257.1592;114.1406;114.3509;
455958.380;519902.748;519684.664;196.1964;373.6156;372.8796;
504761.945;591962.552;592184.392;147.7523;-20.2109;-19.3308;
713049.319;518212.171;517980.539;181.2301;-9.2357;-10.1662;
311751.469;509232.128;509057.992;-245.9097;330.2689;331.7339;
457031.024;537950.996;537910.577;-108.1315;-651.9411;-651.5075;
528376.743;622727.854;622757.019;-252.6495;-162.8696;-162.5498;
506097.321;553168.943;553184.775;337.1240;-182.2531;-181.9729;
445854.190;556264.634;556264.073;-1400.5724;-21.2736;-24.9050;
450661.740;540506.860;540400.791;160.4142;-99.0210;-97.7062;
450350.299;556752.053;556692.426;-633.7251;323.2111;324.2743;
429069.993;551718.994;551654.433;381.4109;-229.2412;-228.7024;
758008.611;527839.941;527282.373;155.6970;-53.9623;-55.3187;
515933.004;539339.801;539245.749;175.5763;-390.9811;-393.2274;
470086.515;528213.634;528141.913;467.6304;-112.5631;-112.1436;
513949.732;559188.994;559216.326;-175.2472;-184.0427;-183.8279;
445801.707;545808.138;545711.780;-281.0567;365.7633;368.1022;
451413.189;563363.607;563334.381;-472.6869;-352.9769;-352.4835;
463450.652;546226.201;546173.794;656.8390;719.6839;722.8081;
458055.077;555721.771;555675.182;-246.1261;116.0271;114.6607;
507218.233;531535.124;531450.084;-763.8523;-414.5483;-413.6298;
671838.841;613787.632;613594.764;-418.0935;45.8195;45.9019;
453059.284;537239.806;537188.296;669.5922;373.3609;374.9881;
471518.339;468906.023;468780.643;-259.2286;111.6859;111.2125;
558979.745;405272.257;405246.657;-268.6770;89.9783;89.8716;
506378.252;572119.449;572248.455;-30.9273;-278.3114;-279.0807;
371818.461;612469.813;612692.526;-20.2347;-412.9365;-413.3260;
509234.158;517520.600;517431.539;-484.5307;-195.8027;-197.2755;
730091.376;606487.001;606397.498;59.3957;26.3957;26.0289;
446135.970;507750.382;507594.690;25.7448;0.3759;0.7020;
399868.901;396847.760;396826.206;-134.4832;171.4016;171.3840;
483794.515;526447.769;526383.504;195.1596;-190.5744;-191.2120;
889129.005;466772.988;466748.232;24.0309;-6.4324;-6.3972;
466114.851;539705.621;539651.375;-341.6882;-30.0670;-29.8088;
459061.870;538813.910;538735.946;-325.7503;-336.5587;-336.6764;
489353.364;549089.683;549048.226;-61.5259;-454.2216;-455.1919;
379566.555;465697.276;465513.412;350.6646;255.3630;255.1742;
467150.043;467621.063;467366.702;20.5484;65.5864;66.4222;
274533.611;920152.749;919971.770;-96.4731;91.7796;91.7031;
452254.716;554706.772;554699.642;-51.8937;833.0287;834.4161;
457182.455;544500.514;544483.307;-1328.2451;168.2841;166.7086;
454376.970;563641.055;563618.374;-384.3116;109.3254;109.0204;
506265.152;545935.668;545980.695;437.6790;236.8725;236.6993;
485264.727;547692.760;547677.596;-235.8741;238.7167;238.9609;
404268.286;302988.327;302804.026;-4.9571;-88.7233;-89.1858;
438860.810;545359.235;545333.148;576.9818;-524.8637;-528.7852;
466614.859;533377.110;533333.814;200.4910;551.2343;552.7175;
350532.602;500807.758;500928.095;-629.1290;-249.1930;-250.4661;
258308.462;324200.255;324118.481;-195.2822;60.2900;60.2229;
431122.844;502298.335;501987.279;-380.6071;-5.2646;-7.0386;
459843.810;502641.674;502563.281;631.1982;131.2448;132.1212;
446188.471;518856.377;518744.805;-350.2544;127.9222;126.5794;
741648.081;432923.415;433874.232;-251.1702;-132.5630;-130.1618;
592007.137;603300.358;603287.112;-112.8895;61.0423;61.4539;
513017.416;512212.010;512041.793;-317.5183;-24.3139;-25.6102;
454883.087;539621.799;539566.548;497.3179;-703.3786;-704.3192;
458185.808;548023.836;547914.020;158.1061;341.9096;339.8347;
584077.733;445681.419;445414.386;26.1599;-278.6297;-280.3668;
432945.428;600668.262;600560.362;381.9464;-110.5930;-111.0143;
440133.487;542565.790;542486.221;-781.0038;-868.1586;-871.5471;
453184.635;625328.505;625365.594;456.0893;81.4518;82.7112;
481708.254;566171.455;566255.180;494.5596;458.7146;459.9153;
421631.578;316114.989;315563.348;259.5160;151.7452;151.5873;
460351.628;528465.267;528350.040;1069.7125;-315.1145;-317.0035;
446329.103;564617.471;564577.543;1034.1680;319.2174;318.5926;
446663.718;593417.867;593555.234;-71.6949;296.2952;296.1285;
427797.583;452926.257;452909.911;-683.4873;26.7410;26.8170;
453163.517;538515.208;538444.059;269.9776;284.9738;285.4148;
432755.627;580717.468;580754.318;-165.0693;-483.0572;-486.5338;
510400.921;570741.577;570923.639;-42.9409;-38.2829;-40.7351;
486275.136;560650.772;560637.819;-195.2182;247.7910;247.5095;
447549.826;534020.258;533948.768;-967.7011;-374.9543;-378.3081;
430276.969;542222.972;542228.078;755.7183;-167.4616;-167.7694;
479696.105;454006.438;453752.641;-82.9839;-103.6240;-102.9078;
442695.795;528760.213;528645.571;-437.2672;35.1592;34.0745;
452680.544;539343.527;539270.874;-344.3571;-15.2765;-14.9638;
484459.103;547704.949;547681.245;550.6828;-279.4935;-279.8059;
455762.361;539762.433;539698.370;926.5110;-330.6536;-332.6542;
457231.254;532536.802;532487.483;853.7122;519.7557;518.5038;
485177.861;586667.373;586653.356;-148.5371;334.0419;333.4940;
444892.800;534102.316;534055.656;1028.2294;-512.5352;-509.6059;
151270.761;70829.949;70820.597;-132.3886;-269.5539;-269.1431;
411805.081;551953.583;551867.002;23.0564;512.0328;511.8728;
449869.230;554761.382;554683.159;509.9810;-62.0053;-60.0977;
446331.549;555059.390;555001.913;-282.4824;211.3009;212.1596;
181843.716;639710.294;639741.017;-315.4018;-33.0392;-33.4607;
442838.996;545918.899;545857.917;462.4270;533.9289;535.6181;
504877.115;580263.869;580303.535;-500.3660;349.3562;349.8039;
479419.812;548298.019;548261.219;-151.2569;-223.8769;-218.9311;
571999.745;527786.646;527658.631;145.1726;65.0569;65.2012;
477334.701;546412.027;546379.837;37.2786;381.8373;383.5232;
456436.865;540878.401;540844.511;29.7924;-137.1822;-138.1847;
492779.202;558311.209;558350.547;88.2414;276.0146;276.9498;
