# This file was created for the Modelling and Simulation course, RUG (September-November 2019).
#
# Project: Simulate colliding galaxies, using Barnes-Hut algorithm.
#
# Students:
#     Stefan Evanghelides (s2895323)
#     Hidde Folkertsma (s2759799)
#
#     X         Y         Z         DX        DY        DZ
481514.514;548689.523;548611.744;3.2125;95.0184;95.5348;
484470.532;548161.210;548022.212;-851.1333;273.1677;276.2074;
768277.779;818366.038;818344.571;67.4069;-77.9619;-77.9801;
350413.101;861280.688;861997.937;-104.1957;252.1221;252.6068;
463625.064;543993.184;543838.698;-430.5631;-262.3324;-258.1686;
479033.606;538365.429;538227.933;213.2171;548.1112;552.6774;
395837.518;608931.294;608659.157;-462.3004;-4.4641;-5.7944;
589086.513;612426.064;612953.377;289.4342;-265.5719;-265.2945;
357625.107;499938.423;499440.793;103.3958;-94.6405;-92.4128;
535859.434;525199.352;525150.503;769.9743;381.3462;380.3109;
561284.024;521353.354;521666.855;-660.4281;338.9953;338.0254;
346866.305;489471.149;489992.816;312.9008;215.4636;210.6019;
477006.903;536474.235;536333.147;605.5494;-648.0716;-647.5368;
471771.753;554893.631;554950.683;1405.5212;385.0583;369.0014;
108501.089;576787.947;576501.314;12.5561;-184.1909;-184.7187;
498147.172;547083.679;546900.989;-640.4106;-353.4811;-352.8976;
486340.212;541232.067;541200.844;1130.6241;-696.8190;-699.0213;
480203.172;548618.186;548669.927;419.0198;1152.1737;1145.0803;
454387.983;530984.388;531003.926;-1342.2000;-552.1937;-540.3542;
322578.684;550207.437;548518.556;187.5489;43.6164;43.6059;
481209.079;552204.050;552019.900;496.2645;699.8881;696.2148;
312378.951;456298.966;455322.478;186.4366;-103.3103;-103.9406;
494586.608;533797.562;533709.740;-434.8289;332.3343;336.4915;
452128.218;560928.588;560842.684;76.7146;-244.6798;-248.4020;
430009.686;571206.788;571180.915;41.1517;375.5451;374.4443;
493941.132;547730.691;547580.814;-31.1065;-209.0238;-211.1883;
472531.905;552505.288;552424.640;189.0975;543.4815;543.9583;
472639.706;549904.155;549923.851;-53.5450;622.0727;623.9148;
482633.240;536708.443;536648.041;-83.3124;115.5029;118.0116;
465237.467;553879.089;553787.038;-17.7610;-41.3808;-47.2018;
899285.851;152184.886;152209.477;15.3827;-26.0129;-26.0193;
456420.914;552822.163;553108.330;-969.0729;-808.8248;-804.6062;
443707.406;527231.607;527116.715;149.8242;295.5604;296.0501;
455152.594;544985.520;544853.123;-224.0876;252.3324;252.7627;
446256.430;551384.245;551597.827;1179.4319;-254.1896;-262.4916;
459461.163;535247.438;535183.617;-163.4515;443.8178;443.4200;
227696.462;481478.650;479919.271;-64.7759;-103.4002;-102.8308;
471658.436;537866.621;537799.181;113.0874;27.3641;28.7542;
495284.199;467999.229;467183.067;-341.9205;-53.9178;-54.2326;
492857.430;538660.835;538610.283;-286.7484;216.2471;217.4987;
460909.064;546076.443;545993.663;-590.9263;29.4080;30.9323;
178489.608;410538.877;410235.299;53.3775;59.3320;57.6509;
465265.091;554081.334;554112.608;519.9683;211.1706;208.9830;
535649.553;537153.207;536887.788;544.8483;-355.2322;-359.6299;
417260.770;652144.665;652008.507;154.2825;-254.1232;-254.8433;
464460.793;536781.324;536672.921;638.2458;-633.7967;-634.4974;
475847.817;531523.065;531386.417;-333.6122;-204.2515;-201.4155;
751222.068;227102.604;227112.465;-85.1613;109.8618;109.8311;
467379.243;565949.352;565949.550;54.0533;169.8961;171.6714;
781496.399;714238.060;712730.047;-113.6643;11.3367;10.6478;
355034.798;562633.504;562615.451;-39.1347;-89.7641;-91.0667;
482066.999;550121.071;549963.358;730.8711;-133.9844;-139.8267;
473830.791;534673.091;534589.344;240.9071;30.2090;31.3469;
494937.549;547082.167;546880.907;-967.2339;434.1247;427.2105;
330204.484;389655.750;389472.287;-282.8366;-61.2530;-61.3293;
436668.822;515412.634;515135.170;277.9316;44.0840;34.3704;
471914.311;532978.561;532837.827;1274.2380;-189.9763;-191.1926;
473355.778;563369.731;563341.459;149.0041;341.2631;343.8290;
604063.845;461418.423;461924.466;-416.2974;136.7733;136.7768;
514935.793;548232.565;548100.897;166.1579;89.0676;92.8061;
963512.839;653155.320;652854.334;-56.3626;20.5641;20.3697;
488716.124;555164.042;555049.154;444.6026;202.0484;200.9425;
34378.024;504635.029;504436.980;-30.4204;84.9100;84.8482;
472765.780;561157.019;561207.610;-1252.0444;545.8471;547.5884;
504933.211;479248.945;478664.311;396.5936;246.8681;249.5730;
484008.643;549569.640;549512.380;-382.4440;-240.7413;-238.7786;
82346.671;103239.091;102373.628;-45.3451;-112.0140;-112.2063;
514939.147;564128.319;563782.629;-135.3271;-527.5613;-531.2703;
547169.263;485395.263;484286.836;66.0740;-158.1608;-165.3222;
497330.621;547248.021;547174.930;635.5250;64.2178;66.3713;
363191.341;590497.572;590066.138;379.9438;27.2446;26.0027;
472340.998;450850.685;450001.882;-48.2375;-383.8931;-391.7857;
433794.159;528232.105;528352.615;-373.5617;-104.2934;-106.2654;
807676.734;506098.977;504878.101;71.0005;-37.8482;-39.6724;
472721.084;644333.806;644487.576;506.7708;-96.4466;-97.6462;
526804.714;571603.129;571310.680;-165.4548;-211.1839;-214.3316;
537589.790;436651.778;436067.563;180.5488;-81.6295;-82.2807;
478451.422;527960.188;527799.387;-754.5219;-300.0898;-300.5868;
508091.682;509713.757;509275.762;367.2556;35.1147;34.2610;
477350.697;566947.724;566857.035;139.0486;234.3357;231.0710;
472796.355;556233.150;556193.423;-435.4469;-774.2325;-778.8836;
482296.599;568805.162;568715.349;-538.7637;-127.3990;-129.1660;
761440.985;504144.560;503270.265;-120.5094;6.1746;6.7634;
537985.724;527170.757;527067.329;146.9211;-266.9043;-266.5963;
471345.179;548457.516;548384.101;441.2853;678.0615;676.6289;
476095.555;536023.213;535781.364;698.4276;1123.8684;1143.3546;
467393.456;534827.374;534828.192;450.9758;69.0881;69.8850;
468859.759;543478.013;543450.268;-468.5474;843.3829;840.3790;
491670.979;544650.099;544521.772;-852.3921;-33.7602;-30.9465;
460028.067;564735.993;564695.371;-658.2033;563.0303;565.7538;
500485.143;562015.392;561953.916;972.9503;254.0115;259.0830;
564837.630;431088.355;430344.735;361.4657;-78.9677;-79.5432;
490161.299;548591.130;548434.363;-171.3009;-98.2439;-98.2455;
484368.054;631770.979;631887.880;255.9022;124.9463;125.7868;
564753.746;625309.349;625335.241;485.1282;138.8967;138.0344;
460279.548;557490.559;557446.514;1097.5745;630.1013;641.4412;
551889.430;674964.063;674822.833;-299.3966;137.1145;137.2098;
492785.433;667751.802;667674.169;214.2708;47.7522;47.6540;
707040.314;607151.561;606805.394;-126.7415;-23.1331;-23.4109;
426302.981;528907.677;528834.149;-100.9621;140.7444;139.3220;
553107.358;582791.830;583051.664;577.5417;-129.0204;-128.7944;
462907.539;544541.175;544543.000;407.4238;229.2853;227.5937;
888700.145;465043.693;465037.765;-24.8304;2.1084;2.1159;
489615.925;540459.756;540252.773;-832.8525;-37.5551;-35.7790;
463286.218;543823.823;543750.580;-581.5073;-514.3276;-510.9238;
500370.516;526833.154;526678.883;-132.6406;-367.0266;-365.4514;
709486.481;659300.815;659303.805;266.5065;112.0068;110.1818;
484092.737;507091.484;507089.111;58.3408;-204.6544;-205.7908;
210562.648;974734.610;974501.488;-79.0305;59.4405;59.3735;
461271.204;539597.310;539513.306;147.4720;23.9124;23.8969;
457134.161;550033.327;549912.045;-117.3184;232.4527;235.3306;
452947.515;537714.623;537668.832;-220.0763;-451.3590;-450.3341;
479835.951;522334.460;522321.846;40.6153;-400.2500;-403.8227;
465030.584;514542.758;514333.500;159.2425;-78.1156;-78.5917;
405995.616;254292.108;253752.493;6.5378;-48.7596;-49.2284;
446037.794;563640.263;563608.786;-605.1747;43.2196;45.2164;
485088.950;545629.736;545509.515;974.1837;331.2811;329.9467;
152137.011;417848.435;416905.229;-53.3404;-92.5181;-91.6619;
148257.905;401461.804;401295.147;-85.6321;171.8124;171.1909;
497822.640;566994.743;566893.713;467.0166;-242.7289;-241.5197;
489560.050;515035.433;514852.418;866.7272;-282.7680;-295.3817;
494341.180;554625.802;554446.126;404.3680;-57.0119;-63.0251;
452001.123;437981.691;438577.955;-500.9159;282.8853;277.7201;
473416.430;492881.514;492796.981;197.5829;-218.0607;-217.6986;
381010.247;482648.276;482425.945;-509.8339;-123.5785;-124.9330;
461016.164;572475.717;572535.647;266.6796;-61.2652;-65.5182;
480151.591;541351.066;541276.616;-846.1024;448.8666;452.2092;
565907.426;310503.858;309336.278;-61.0484;-111.1323;-111.8757;
518711.508;535934.578;535734.440;-326.2805;109.6882;108.6607;
497946.383;506219.713;506290.874;-114.1570;-335.0597;-336.2589;
357570.375;519838.845;520236.443;-224.1153;276.1634;277.3007;
460968.259;530353.424;530388.439;208.0558;-504.7306;-505.6176;
550436.946;555235.780;555151.937;-401.8331;570.1384;572.2593;
469980.899;528222.865;528042.120;-435.9851;-363.1179;-360.4359;
489424.327;550656.512;550570.558;376.1512;-878.2497;-875.0428;
427005.370;446816.904;445764.775;-134.9092;-148.3268;-152.8078;
304939.946;639901.297;639049.553;273.7417;207.1015;208.3027;
478682.549;549790.045;549654.085;-321.4676;165.9754;166.9933;
441191.816;576537.073;575899.084;-216.3976;-314.0855;-316.0680;
471749.024;526953.831;526808.455;235.2886;-451.4721;-438.5018;
452678.867;523918.844;523838.602;-360.3223;86.9417;90.1022;
435762.195;542322.143;542562.836;861.9259;19.2021;20.8895;
508705.845;562715.805;562515.202;-33.6940;575.7588;572.3499;
470899.348;535137.481;535142.279;-1547.1120;-128.6139;-111.2941;
535495.049;562746.538;562658.935;-243.9969;167.6186;167.4241;
489417.797;526908.499;526688.596;-526.8161;-238.8350;-236.9075;
480260.145;526919.378;526839.887;-622.7380;82.0808;83.2058;
489933.086;535192.572;535144.961;-53.3454;-219.2453;-223.4347;
479454.328;561802.719;561685.374;-856.6291;-38.4108;-33.9342;
436751.026;518045.153;517807.211;642.7817;28.8893;35.7718;
482758.774;578799.835;578584.459;-633.1375;380.1505;372.6524;
635102.470;686803.475;687092.933;264.9442;39.1123;39.5074;
475250.762;551470.625;551355.026;-418.0897;-791.3870;-791.0815;
457302.973;537081.005;537003.899;-124.9074;-577.0473;-575.0420;
126579.547;583384.262;583110.781;58.4922;-10.8898;-11.2376;
461143.633;554406.764;554335.071;183.9036;-361.8862;-363.6952;
420960.772;498007.214;497863.162;423.6287;-429.8158;-438.6015;
446279.568;530573.628;530411.245;515.5876;137.6948;136.3704;
302863.968;468096.808;467564.403;-390.5978;-216.3069;-217.1751;
482209.344;546727.336;546578.326;-167.0657;-121.2928;-120.4918;
480308.356;547928.945;547841.035;-281.2528;206.3712;203.6821;
429016.974;577248.268;577270.609;39.1566;-136.2135;-138.4785;
