# This file was created for the Modelling and Simulation course, RUG (September-November 2019).
#
# Project: Simulate colliding galaxies, using Barnes-Hut algorithm.
#
# Students:
#     Stefan Evanghelides (s2895323)
#     Hidde Folkertsma (s2759799)
#
#     X         Y         Z         DX        DY        DZ
533522.923;524616.492;524616.481;110.1252;-94.8143;-94.7479;
585362.644;532207.664;532205.258;-9.9113;57.7511;57.5546;
372311.176;828319.051;828313.219;105.6599;86.7337;86.7313;
205163.595;306683.606;306688.286;18.3999;-19.4388;-19.4373;
480534.432;497193.338;497189.950;1405.6767;-295.4442;-295.4512;
509392.987;526225.401;526224.771;1492.8939;203.6252;203.5353;
518086.098;533959.076;533957.679;-113.8179;193.4022;193.3332;
721705.213;485763.814;485763.301;301.1806;228.9355;228.9015;
476453.419;547056.793;547059.191;617.1735;93.2437;93.2412;
478224.428;522101.784;522102.811;1218.7962;-466.0937;-466.0361;
626819.067;485635.774;485637.130;42.6478;448.6807;448.6946;
387911.967;617020.802;617050.940;28.8516;278.1386;278.1213;
503908.438;534146.164;534145.521;1008.7107;-180.5441;-180.5939;
523880.777;525399.699;525400.713;209.0304;1163.3633;1163.3755;
450561.887;517533.900;517534.270;748.6322;87.7342;87.7348;
503837.117;526219.970;526221.610;2102.1802;91.8394;91.7615;
471703.135;529652.650;529653.159;671.0816;-250.7767;-250.7445;
530381.324;525103.039;525102.399;-120.3800;72.5189;72.4201;
535361.795;665003.194;664948.969;430.8853;108.4486;108.3969;
511231.412;515803.573;515802.038;532.9267;-687.9669;-688.0452;
241010.681;146089.579;146083.870;84.0923;-22.5955;-22.5955;
514485.766;514495.867;514496.690;99.6438;650.6597;650.5870;
507960.588;512376.334;512375.897;882.6743;-187.9515;-187.9350;
528013.356;522088.954;522089.058;197.5311;-58.3948;-58.4404;
531219.927;519009.414;519008.021;-50.7463;-700.8544;-700.8256;
514880.549;510732.681;510733.023;-112.4699;725.4123;725.4716;
521477.495;520876.326;520873.870;339.9700;-202.1059;-202.1367;
510725.083;507947.983;507950.644;874.6350;470.6119;470.5878;
513169.889;521686.483;521686.859;591.8889;-33.8519;-33.9104;
521251.086;520295.346;520294.778;235.8655;-763.1868;-763.3095;
502283.103;519252.286;519252.246;731.6603;-50.9487;-50.9534;
524126.932;516332.522;516331.637;-313.5347;-104.8865;-104.9172;
505918.614;512346.760;512347.964;1446.7897;347.4771;347.6062;
516857.158;512174.860;512173.971;734.2760;-51.5792;-51.6169;
524553.915;508192.246;508191.290;823.0548;-654.2145;-654.2947;
520995.964;522875.407;522874.125;322.7845;-54.1396;-54.2185;
526672.432;514876.782;514876.719;716.9386;229.6385;229.5870;
514222.907;525220.670;525219.803;528.8772;-726.9494;-726.9487;
510308.711;522792.591;522792.359;257.6113;1244.3611;1244.2255;
535344.620;510417.521;510416.412;211.6247;-315.5880;-315.6556;
509753.309;518021.161;518020.963;970.0380;-516.7908;-516.8285;
487466.967;525157.676;525158.776;1796.9006;-141.6332;-141.5965;
509480.854;523158.674;523159.940;2106.0638;-20.4681;-20.5498;
479235.168;522605.590;522605.436;973.6235;86.1168;86.0931;
320156.293;500958.358;500967.358;400.1512;20.2912;20.3309;
394455.671;548285.068;548285.393;331.7897;125.1065;125.0952;
527127.693;510439.061;510440.474;998.6044;676.1216;676.0693;
305866.148;538185.960;538186.378;48.3447;116.3413;116.3455;
738257.069;631141.939;631124.545;92.2775;322.2488;322.2219;
503367.460;491860.291;491861.380;809.8316;-179.5987;-179.6862;
616362.123;551118.060;551118.207;556.9499;342.7078;342.7022;
518518.815;524024.498;524023.924;1423.7607;95.5819;95.6038;
567478.821;473601.923;473601.596;-241.4200;-251.2947;-251.2411;
591950.138;533412.564;533405.873;550.5268;159.6451;159.5945;
498678.694;519124.816;519125.576;1357.1979;539.2081;539.1645;
507430.146;521386.509;521386.758;553.3321;-141.3342;-141.4197;
272896.066;487846.405;487852.484;266.5582;-38.8947;-38.8886;
390278.794;559071.079;559069.708;723.6766;-56.9849;-56.9786;
486260.115;515927.019;515928.560;1349.9986;344.1935;344.2409;
468357.250;504057.236;504055.046;790.6874;-189.1613;-189.1864;
493613.188;515072.596;515073.254;1032.5002;-190.9933;-191.0215;
442040.566;520373.091;520373.305;440.7344;80.0529;80.0186;
437975.994;528785.112;528786.063;377.3227;72.5202;72.4973;
525065.877;513896.717;513895.894;803.7228;-396.1495;-396.2470;
519157.706;504597.655;504597.649;785.9012;360.5613;360.4801;
479827.097;513571.450;513570.662;1310.9682;655.3408;655.3338;
529513.770;514999.208;514998.416;701.8737;260.9047;260.8094;
521057.835;520283.877;520283.025;1110.4410;-344.7594;-344.8115;
512034.920;528455.611;528456.101;395.5162;-835.7827;-835.8617;
519168.485;520424.790;520423.106;-107.4890;55.0579;55.0870;
519630.381;558058.762;558062.548;713.3068;-340.2292;-340.2664;
407574.310;531063.623;531067.194;20.4157;65.9094;65.9247;
288843.578;570177.588;570173.717;249.9154;-16.2930;-16.3038;
473603.508;506363.496;506363.786;767.0514;-29.9434;-29.9533;
570837.380;542795.127;542791.471;-259.2616;-11.5804;-11.5842;
404317.128;608158.506;608151.186;233.3827;-51.2914;-51.2096;
494481.236;510959.792;510959.912;1031.1616;475.2115;475.1880;
457430.918;500580.934;500581.377;490.5670;-214.0759;-214.1223;
479703.602;505509.355;505506.531;1138.2671;457.1156;457.1525;
485130.807;511068.048;511068.872;1160.9401;8.8198;8.8710;
493348.420;521910.617;521911.014;880.0019;-107.7683;-107.7819;
458116.205;480750.331;480750.345;1127.5606;76.6907;76.6603;
513481.339;532739.491;532737.865;678.3259;134.2065;134.0739;
516978.138;531836.380;531834.441;-461.7692;-4.6434;-4.5998;
505830.772;514306.813;514308.310;1709.6448;588.7640;588.7775;
601203.442;526669.291;526659.772;-70.1907;199.2873;199.2759;
459037.094;501022.420;501021.113;1004.3109;157.2265;157.1351;
451962.768;506212.671;506212.333;912.7792;-88.2661;-88.2691;
525332.131;520078.705;520077.572;78.2693;-478.9703;-479.0116;
514534.209;534087.591;534086.570;697.6652;368.9494;368.9745;
490920.664;528646.895;528648.219;655.9151;-156.4743;-156.5008;
513728.968;526121.597;526121.042;874.5597;52.3348;52.3001;
493276.764;513745.604;513746.527;1095.3831;583.7805;583.7932;
517563.061;522519.080;522520.551;402.5447;84.1434;84.1154;
587893.804;508676.695;508676.640;380.1494;-502.3046;-502.1108;
521512.723;528366.954;528365.131;289.4485;-249.9159;-249.9622;
502418.079;525848.104;525849.119;1314.5048;-763.9360;-763.9648;
311147.140;617540.464;617554.561;124.6718;-76.2122;-76.2311;
237939.649;324693.222;324702.052;151.6112;-77.4616;-77.4594;
537744.613;550252.090;550244.951;-487.6391;-355.1892;-355.1384;
487070.393;525758.810;525758.221;-678.4969;-131.8774;-131.8360;
480834.125;523024.285;523025.231;-118.3270;100.2325;100.1974;
492221.654;531387.472;531387.621;-899.1870;201.7959;201.8555;
541816.552;534658.028;534652.955;-1417.5449;-276.9567;-276.8867;
484351.335;521456.328;521456.629;-908.3677;-308.6368;-308.5267;
502159.037;516350.380;516351.670;-658.1189;286.0869;286.0554;
471945.038;513703.670;513704.273;-749.4294;-104.2260;-104.2280;
527043.052;530864.616;530863.632;-1452.9235;62.0157;62.0626;
548777.811;497842.711;497840.900;-862.7222;-5.6824;-5.6335;
688009.749;588811.035;588808.224;-225.1676;-85.9671;-85.9936;
585553.497;582039.351;582025.083;-318.1209;109.9613;109.8693;
485443.791;512403.484;512405.260;-461.9790;96.4244;96.4772;
501671.106;516673.116;516674.014;-1027.8605;-822.0955;-821.9315;
490174.297;537034.490;537032.860;-1154.4264;-233.4497;-233.3078;
489047.737;523121.075;523122.373;925.9050;-131.5420;-131.6348;
466698.045;476104.001;476105.424;-604.4125;421.0911;421.0490;
490017.923;526606.930;526605.966;-409.9090;748.7460;748.7401;
490461.068;456818.744;456815.967;-523.6402;320.5349;320.5769;
492810.088;395803.424;395811.215;-230.3351;223.0175;222.9983;
489742.648;573303.345;573296.700;-641.7120;-243.5409;-243.4978;
496159.989;516596.478;516597.299;-1135.5809;837.9818;837.8277;
560952.689;385762.633;385767.399;-160.7378;32.6409;32.6431;
351065.153;346616.079;346597.248;-151.2812;119.1423;119.1510;
475116.087;524398.388;524399.074;-880.7215;-176.5133;-176.4374;
298436.614;625922.999;625911.906;-300.5436;-218.1502;-218.1001;
445511.542;475550.077;475550.167;-181.0535;298.3078;298.2956;
817343.868;597357.101;597354.278;-40.3359;38.7395;38.7482;
487300.390;505918.978;505920.277;-783.0212;-733.8422;-733.7889;
436627.731;523294.571;523295.374;-626.0920;293.0373;292.9550;
478507.131;525477.199;525478.338;-1796.6736;25.0265;25.1800;
582695.239;545250.804;545242.763;-473.9523;-47.6684;-47.6361;
503900.865;524190.893;524191.217;-1039.5101;304.0320;304.0292;
472329.161;482334.275;482341.757;-1066.3300;-75.3838;-75.3426;
521431.917;515203.653;515202.471;-654.5404;-348.0290;-347.9094;
532961.783;542709.962;542706.264;-825.1980;-213.9692;-213.9138;
568728.777;555521.925;555514.692;-669.6076;-35.5636;-35.5472;
323754.655;470490.248;470502.623;-126.1453;-175.5873;-175.5621;
489879.856;533041.942;533039.945;-896.1442;-664.1808;-663.9542;
499874.816;520143.766;520144.647;286.6425;-189.6095;-189.6186;
594425.009;586742.118;586730.606;-462.3635;-238.6537;-238.6615;
553933.873;516264.508;516262.804;-556.0761;-53.7483;-53.7371;
542350.483;495682.109;495683.040;-374.1971;24.8928;24.8998;
733677.718;639764.509;639750.549;-70.1189;41.1009;41.1099;
467943.475;530939.199;530938.693;-308.4703;-67.6132;-67.5999;
502086.122;522382.299;522382.361;-1252.1615;74.3872;74.4018;
479285.478;517512.106;517513.199;-1337.1916;88.5574;88.6784;
322233.753;429626.948;429636.126;-262.1346;128.7480;128.7283;
497453.230;479584.991;479584.741;-500.4895;222.6297;222.6162;
504229.882;517432.331;517432.989;-1338.2135;-560.5441;-560.4495;
673531.427;499844.465;499842.281;-468.8395;128.7292;128.7187;
529053.597;486407.039;486409.683;-1108.9219;428.1043;428.0663;
495545.057;505347.520;505349.398;24.3551;-764.8477;-764.7797;
489724.814;512544.048;512545.046;-276.9656;116.2475;116.2521;
418219.006;452380.798;452378.748;-319.3782;286.2043;286.2037;
527932.682;555970.791;555965.956;-416.3750;343.9374;343.8921;
486331.709;520119.581;520120.507;-94.3595;-302.4166;-302.3964;
528001.111;539942.363;539939.088;-741.1663;167.1383;167.1468;
488071.561;511379.373;511381.648;-1067.5383;427.5345;427.4851;
507423.040;528743.478;528743.049;-313.9169;636.4691;636.3705;
386923.154;219738.199;219729.902;-136.4425;-0.6576;-0.6394;
508407.791;522076.613;522076.546;-1188.2946;245.2547;245.2985;
473195.796;508759.952;508762.293;180.6490;-432.8671;-432.8519;
524564.130;547995.887;547992.950;-184.5741;-348.1257;-348.1124;
481066.325;528191.008;528191.023;-1156.5284;433.8300;433.7831;
291811.716;564896.625;564891.058;-515.1973;-152.1394;-152.1656;
462785.242;512601.697;512602.337;-1407.3754;549.7569;549.7584;
487426.965;527187.293;527187.849;-581.1836;280.3789;280.4783;
500686.864;518586.916;518587.362;-1117.3736;110.6590;110.7414;
343049.229;565537.370;565531.638;-221.1370;483.3918;483.3664;
470465.004;518418.326;518419.906;-804.9046;-412.3473;-412.2371;
649600.073;459225.075;459225.965;-690.1437;170.2743;170.2648;
484435.276;524342.524;524343.707;216.2732;-29.9788;-30.0150;
488639.092;514507.394;514508.202;-649.2674;582.0290;582.0424;
501174.320;520636.360;520636.385;-452.8071;-722.0886;-722.0003;
482351.469;518015.472;518017.361;-1164.3929;472.0684;472.0725;
545681.262;506739.795;506738.160;-857.1638;-42.7622;-42.7453;
953959.556;525482.419;525469.898;67.8343;-47.3116;-47.3346;
486531.218;521228.818;521231.001;389.6193;93.7840;93.7140;
527090.065;508270.196;508268.249;-673.5880;-133.3834;-133.3551;
505141.321;522108.748;522108.829;-1481.7283;691.8604;691.8653;
499610.237;514311.860;514312.154;-786.3322;-486.3295;-486.2946;
503874.677;516732.635;516733.883;-1456.4830;1.7350;1.7699;
467847.350;518284.210;518282.323;162.3591;757.7138;757.5449;
375721.425;188498.326;188494.970;-327.8453;-146.7207;-146.7491;
479188.754;503964.761;503966.171;-508.0752;130.2746;130.2678;
951772.800;506021.703;506003.321;-99.8281;-6.8709;-6.8670;
629740.811;426422.711;426422.892;-198.3193;-78.6032;-78.6093;
502285.712;526164.423;526164.489;-1121.9786;147.9334;147.8967;
454619.490;503396.474;503397.029;186.2243;-585.5641;-585.6574;
576445.740;592960.610;592944.528;-643.2208;173.1756;173.2252;
475405.094;519347.398;519349.058;-276.8613;-644.3872;-644.3058;
482826.931;519995.832;519996.240;-732.8918;470.7049;470.6644;
491353.025;515123.965;515125.131;-1467.6715;-909.9983;-909.7906;
992250.513;829252.209;829240.116;83.7098;142.6960;142.6882;
502638.875;519633.404;519632.811;-568.8453;-247.8032;-247.7508;
489392.855;514268.808;514269.219;-1277.1080;131.5238;131.6170;
489820.426;533782.075;533781.154;-665.1948;26.5139;26.5939;
436666.593;517439.673;517437.034;-153.5099;-257.9093;-257.9984;
