# This file was created for the Modelling and Simulation course, RUG (September-November 2019).
#
# Project: Simulate colliding galaxies, using Barnes-Hut algorithm.
#
# Students:
#     Stefan Evanghelides (s2895323)
#     Hidde Folkertsma (s2759799)
#
#     X         Y         Z         DX        DY        DZ
482787.420;534058.232;534062.660;172.8613;141.7808;141.8441;
486966.893;532714.351;532708.287;-429.4521;-314.2135;-313.9666;
481957.423;887286.236;887278.532;115.6345;35.9408;35.9393;
250447.377;308355.084;308361.431;66.6799;25.5926;25.5949;
921782.521;775578.682;775483.580;229.7744;235.4760;235.4102;
519521.075;536519.913;536532.880;536.3861;179.2769;179.1985;
483328.813;530550.642;530556.440;-130.2079;162.9184;162.8995;
823377.094;720113.820;720052.093;-10.9601;225.4258;225.3417;
591053.108;521592.295;521599.663;-494.5542;-55.9585;-55.9987;
446079.666;393357.776;393323.753;331.7306;-199.5864;-199.6359;
523504.737;648037.846;648009.947;153.3650;-211.4715;-211.5126;
548823.162;561409.661;561398.198;433.0072;248.2660;247.9651;
486012.891;541701.484;541711.324;-414.9239;-498.0193;-497.8548;
622400.068;489777.902;489758.135;-427.8296;-10.7732;-10.7995;
334300.127;381346.145;381312.920;-147.6333;-46.1761;-46.4160;
951305.166;511958.644;511920.152;356.7816;49.7857;49.7602;
510143.314;529136.128;529145.195;454.1921;-148.3422;-148.1717;
869963.103;587572.234;587600.535;235.7850;-183.8343;-183.7617;
502482.962;530910.789;530911.312;-277.0596;-165.0774;-165.5952;
347955.472;178804.253;178784.840;123.3375;89.7231;89.7042;
534532.588;703314.167;703287.128;-18.5908;42.9663;42.9634;
458373.394;534055.744;534061.644;426.8935;317.3136;317.2007;
479151.816;525999.857;526007.811;26.4913;57.0356;57.0033;
448310.886;557337.015;557333.291;165.9637;-155.9295;-156.0875;
550080.540;576723.939;576689.241;350.4526;47.2864;47.0838;
453736.433;523315.708;523321.953;109.0428;532.7637;532.8277;
979753.750;808064.557;808000.655;421.2430;249.4051;249.3495;
325918.630;405183.210;405179.229;75.7925;-97.4712;-97.5365;
485220.389;525178.758;525184.941;295.7548;311.9216;311.9531;
558122.644;557136.008;557101.506;-102.2101;53.4842;53.4028;
460389.425;533661.020;533667.110;191.1309;288.4581;288.4789;
503477.622;526309.665;526301.096;-885.4407;53.4379;54.0212;
482603.304;527412.846;527419.490;108.7490;179.0323;179.0711;
520616.455;548458.106;548463.842;466.1860;107.8153;107.6705;
474083.414;527537.536;527543.816;-143.9236;148.1724;148.1733;
454596.379;532457.594;532461.556;750.0375;-69.0650;-69.2188;
704496.617;320056.362;320071.588;134.3905;-106.6597;-106.6467;
264198.306;406616.847;406617.107;-92.4229;-55.1764;-55.1488;
448609.127;530217.232;530220.762;-684.0949;248.7620;248.6627;
458502.810;563165.867;563167.601;130.3275;3.6527;3.5825;
337184.210;381961.167;381924.837;-197.4410;-262.7166;-262.7696;
461127.287;511036.139;511041.109;130.0854;-114.3627;-114.2989;
880190.076;570961.078;570868.418;231.9159;0.4845;0.4379;
422504.254;381004.500;380986.153;-182.3755;-32.3053;-32.3191;
429112.731;517583.451;517595.777;-207.7278;-328.1592;-328.5291;
516816.399;450067.160;450066.125;-72.4709;-186.4366;-186.3857;
747628.081;871279.477;871240.679;-18.6512;191.6016;191.5765;
411203.291;580233.571;580197.720;122.7810;-225.0841;-224.9956;
759944.861;680129.799;680049.731;-16.1941;56.7271;56.7875;
466471.076;517683.101;517689.397;-527.8304;25.1780;25.2052;
481325.914;479825.897;479803.735;-402.4948;-288.4573;-288.6584;
391681.353;607813.145;607815.798;288.5711;-128.6907;-128.7088;
466509.854;499626.738;499631.525;435.4989;177.4035;177.2426;
441315.137;520359.651;520358.319;505.7361;152.5435;152.7285;
635505.969;752795.197;752766.666;132.7077;260.6618;260.5857;
737921.686;265020.835;265031.872;119.1502;-155.6728;-155.6588;
487072.794;529490.834;529492.908;-540.4607;-475.0212;-474.4901;
951127.054;701069.116;701011.100;357.8957;146.1127;146.0796;
896861.398;538604.403;538564.460;209.7303;-14.9831;-15.0096;
781607.504;526744.930;526719.076;152.9454;96.2352;96.2257;
647960.865;487832.758;487805.970;-87.4340;113.9509;113.9876;
457322.083;515845.949;515862.460;-643.9607;-584.8193;-584.7340;
487844.102;542058.726;542060.245;-558.5048;-424.5370;-424.2317;
593639.763;527766.755;527766.962;-863.4515;111.0584;111.2281;
472528.599;533525.960;533529.687;483.9427;-158.2959;-158.2714;
495180.325;517680.873;517688.525;62.8690;404.0408;403.9893;
413784.996;571554.410;571547.326;-247.3896;-300.4365;-300.4170;
459146.077;530936.911;530940.592;109.2386;-151.3441;-151.5414;
433220.751;455824.485;455788.536;-119.2390;312.6518;312.4036;
503203.759;532801.330;532810.784;277.8717;375.1990;374.9734;
733243.420;537124.600;537108.514;290.4870;106.6164;106.5839;
462957.463;527389.168;527393.118;-158.3399;-673.1342;-673.0229;
437152.536;399311.403;399303.086;-222.8574;-116.8626;-116.8531;
656150.627;541538.833;541535.667;-301.7730;-77.2193;-77.1820;
512448.203;620262.873;620251.999;-232.7430;-102.7865;-102.7416;
585401.707;537403.403;537410.459;-534.7970;-103.0210;-103.2992;
994848.503;563868.662;563819.720;397.6428;74.6903;74.6429;
961127.322;938580.257;938493.842;355.2380;360.0134;359.9300;
455757.492;554889.275;554899.118;-1019.7422;183.8540;183.9861;
447015.633;524806.786;524812.050;-511.4910;33.0779;33.0510;
756640.692;527428.513;527403.343;-109.0591;40.0869;40.0938;
431423.739;496836.592;496855.853;-735.9802;-480.9191;-481.1356;
588772.365;525808.455;525807.950;-406.1254;20.6713;20.6717;
466321.743;542518.152;542524.793;143.4769;57.6644;57.6870;
421030.575;511312.295;511309.502;262.9093;217.7779;217.6723;
939966.530;448264.651;448233.236;386.3315;-28.1266;-28.1583;
469030.229;535443.627;535448.136;-600.2613;285.3537;285.3159;
597421.362;533256.433;533258.989;-600.0209;-18.7705;-18.6286;
433163.531;534402.230;534409.529;-103.0276;133.5425;133.4994;
563097.582;584258.935;584225.431;579.5014;-134.5857;-134.8884;
486415.652;517081.803;517084.362;231.8296;514.2104;514.2175;
335938.432;432388.589;432385.860;81.2222;167.8724;167.9034;
611208.000;562016.079;561984.849;230.5192;154.2431;154.0900;
451354.751;338240.821;338246.075;258.0822;139.6399;139.6279;
153814.518;277200.629;277210.646;-344.3979;-171.4440;-171.4686;
458842.079;534186.003;534185.356;-132.3108;527.4772;527.4552;
428178.337;498012.900;498042.354;-489.5609;-513.7913;-513.6767;
443507.365;534538.338;534543.030;-164.7470;-461.3313;-461.3870;
462252.645;534302.063;534300.251;866.3521;-430.5090;-430.2511;
452910.969;545489.375;545495.490;498.3561;118.6467;118.4827;
503348.398;530736.280;530738.315;489.6450;-368.4565;-368.4634;
46334.225;379703.533;379707.716;-221.7812;-79.3312;-79.3617;
429608.830;503831.419;503845.919;832.9880;88.1938;88.1692;
271569.677;572402.720;572410.404;-407.9430;154.6440;154.6167;
507427.109;491889.214;491919.636;-140.0526;590.5182;590.2570;
465817.365;532642.902;532649.995;28.6746;-159.2999;-159.3506;
495361.614;536008.209;536014.094;-684.1693;682.0104;682.3385;
505793.467;548945.824;548938.590;-762.5794;69.3594;69.5224;
492509.399;522884.290;522896.119;305.6582;-609.8891;-611.1828;
468642.152;523138.853;523145.965;325.5858;-1167.4717;-1165.9849;
478832.729;521222.674;521227.610;297.6962;257.2920;257.2554;
408345.302;522587.068;522589.407;-384.5021;588.8343;588.7688;
778113.087;691783.874;691743.002;385.5253;45.3761;45.1330;
766286.970;394933.758;394916.713;235.3428;36.3446;36.3226;
484705.388;520264.043;520267.363;554.3074;96.9396;97.0950;
462849.143;563692.306;563713.228;386.4421;206.9166;207.0975;
415772.346;585321.210;585336.537;607.6672;218.7775;218.4783;
478177.083;531052.547;531060.009;268.3963;-495.3106;-495.3929;
517791.876;436524.817;436501.120;520.6954;275.6202;275.7055;
457792.338;626895.683;626888.556;229.2794;169.0101;169.0236;
665464.098;596441.506;596418.796;-280.0761;-55.1339;-55.1722;
488521.134;489252.504;489213.758;-6.5463;-431.3554;-431.9395;
391359.186;507080.137;507080.742;-39.2855;279.1240;279.1062;
495985.552;521207.318;521212.378;721.6699;416.5379;416.5603;
605326.152;538230.233;538205.350;366.4591;-57.8012;-57.8585;
486186.372;524435.574;524441.924;249.0375;197.3265;197.4296;
451699.970;449937.701;449936.633;-221.0330;6.6970;6.5975;
534927.334;548774.333;548751.427;-201.1429;4.3736;4.2832;
195837.000;371912.212;371911.641;-113.3409;-58.2276;-58.2353;
481066.549;588668.773;588667.651;-74.3892;291.6646;291.5130;
418455.719;442681.420;442670.054;335.5756;138.8216;138.8621;
502839.719;549792.252;549796.330;406.0286;114.6069;114.4702;
442678.249;521246.033;521254.401;-82.0886;708.2845;708.1907;
552086.802;514364.211;514351.584;180.6358;-93.3045;-93.3111;
483635.730;535601.417;535599.953;-786.2953;-99.1198;-98.7584;
442017.897;502043.915;502057.457;-150.3561;61.4357;61.4178;
628791.401;643887.204;643863.995;-152.1093;-33.4316;-33.4469;
431470.348;517337.642;517353.027;-425.6825;99.0064;98.7571;
491381.268;523937.578;523942.559;258.1958;396.2591;396.2732;
456279.252;537486.562;537487.137;-1196.4243;20.6183;20.5271;
390791.333;595613.636;595617.526;487.2019;63.1792;63.1680;
382473.827;738039.202;738043.796;-13.4018;181.6710;181.6641;
519730.456;542069.875;542055.768;135.9548;-132.5998;-132.9382;
476859.144;519372.386;519377.128;-584.6658;447.1333;447.1039;
453134.646;525731.175;525735.332;523.2400;-172.5384;-172.4459;
509784.484;455837.636;455845.594;-561.5209;132.3534;132.2889;
378274.942;510343.722;510362.391;219.2811;-168.0610;-168.0460;
441799.933;541005.147;541010.414;-843.9018;-163.9089;-163.8798;
148159.314;276163.917;276166.025;-248.4623;-240.4130;-240.4119;
451704.456;526698.333;526705.454;152.4275;-453.7434;-453.7816;
515020.902;548932.325;548933.365;93.7765;-47.2720;-47.8078;
269868.665;263140.328;263150.114;-95.4244;93.1134;93.1303;
484628.287;489635.082;489619.382;93.6558;498.5461;498.7728;
423709.994;518718.252;518707.236;134.8494;116.7492;116.9262;
519276.235;475264.885;475258.273;-515.6580;110.5994;110.9032;
447987.208;532866.250;532872.792;66.5655;271.4959;271.5304;
91054.201;407595.823;407585.128;-28.7355;-161.9661;-161.9534;
386501.994;548542.928;548544.107;-67.8782;-156.7750;-156.9480;
439819.798;538726.422;538731.414;-63.2934;349.6665;349.7027;
504448.362;524232.172;524230.442;-480.5152;-136.1602;-136.0559;
389837.918;808060.422;808071.492;151.8681;95.4352;95.4558;
515199.118;548357.347;548350.067;82.7803;86.4246;86.0845;
279280.043;501270.037;501273.192;293.6918;-21.1828;-21.1826;
485346.588;537227.860;537237.312;-701.0510;-670.5729;-669.6047;
444077.494;536212.897;536218.989;-481.1702;279.6441;279.6227;
448474.197;529775.736;529775.751;1036.1488;165.9161;166.1011;
455629.313;538131.629;538136.535;744.7840;178.5044;178.3963;
73526.650;590170.644;590157.545;-319.7501;49.6512;49.6277;
829414.957;478085.569;478051.008;-308.4181;-3.3317;-3.3451;
515665.007;515132.963;515136.720;493.7351;-17.1438;-17.4341;
493919.014;527648.686;527651.318;-340.9203;-147.6076;-147.6058;
461801.072;511325.840;511326.959;-310.6175;53.3453;53.1946;
513130.033;507853.396;507859.730;-52.8305;41.9880;41.6699;
491037.408;521828.861;521835.411;-99.7232;256.4152;256.5187;
434241.454;594728.822;594735.338;217.9155;-308.3856;-308.3596;
78252.696;80720.473;80705.381;-278.0683;-83.0706;-83.0740;
460073.341;578618.779;578603.215;-283.1270;-119.0676;-119.0723;
805815.147;524747.574;524728.965;-256.1522;25.0848;25.0582;
438237.062;578179.352;578187.120;351.7706;277.5843;277.6925;
467428.876;524069.765;524073.836;830.0073;-342.6530;-342.5983;
437226.400;540593.636;540598.454;-160.5638;-375.6679;-375.7614;
557078.205;490139.940;490127.056;119.5335;294.8369;294.6867;
468256.209;531067.765;531074.301;1077.3342;-192.3824;-191.6601;
502993.578;534085.730;534088.716;645.6582;-332.6065;-332.5017;
424641.119;527619.192;527628.535;-350.6224;93.4985;93.3167;
503498.851;536289.838;536280.335;-629.8844;-103.4271;-102.7858;
497171.018;523829.754;523835.262;344.6457;237.9860;238.1407;
449186.338;534780.813;534786.597;-662.1401;-26.1354;-26.3691;
520338.379;515659.517;515656.184;-63.7667;-81.1426;-81.1135;
