# This file was created for the Modelling and Simulation course, RUG (September-November 2019).
#
# Project: Simulate colliding galaxies, using Barnes-Hut algorithm.
#
# Students:
#     Stefan Evanghelides (s2895323)
#     Hidde Folkertsma (s2759799)
#
#     X         Y         Z         DX        DY        DZ
480758.082;554819.826;553706.778;268.2533;228.6567;233.0328;
455276.469;519888.818;518481.227;421.4233;-226.2950;-235.6398;
784758.045;550296.729;549571.723;-95.7700;-164.8608;-165.5254;
488343.333;528133.676;527661.201;-88.4897;-39.1084;-59.4178;
476737.997;544362.270;542728.280;1304.5566;-150.3053;-125.0856;
397329.883;630439.566;628040.931;392.9927;192.5557;188.6287;
600099.072;923221.078;933431.411;-6.6206;55.4587;64.9184;
318551.823;521472.101;521631.070;214.0823;-160.2999;-151.5245;
543014.066;586123.142;585052.542;-572.4733;-276.7205;-307.4029;
459304.278;542741.861;540951.845;34.3359;-734.9601;-744.1846;
481420.135;536761.325;535420.144;69.8556;-503.7879;-509.2447;
592028.061;548486.312;549892.253;388.3229;399.9751;391.7223;
490533.623;540247.058;539481.511;-854.1101;516.3969;464.4199;
481543.824;526582.054;525864.545;-967.4543;639.5089;565.2146;
586343.527;640957.305;637906.863;-146.5464;-155.1201;-177.3143;
433711.682;470254.956;464971.362;-56.7471;55.7629;49.1424;
475513.233;538027.358;536940.199;178.3919;411.7363;444.8949;
65640.862;612486.416;610232.705;-274.6104;-56.1783;-58.3585;
561690.586;501666.600;501193.900;-77.1160;-107.8493;-82.4571;
530218.157;550696.197;551612.313;4.4715;-98.5156;-96.7194;
488311.327;521041.967;520446.046;-894.9266;-589.6708;-583.2255;
476348.381;543710.509;542332.609;227.6725;-242.2274;-253.6616;
477857.714;540026.293;538653.143;376.6058;37.2463;30.1808;
469476.078;505444.376;504333.274;-43.6874;-50.9342;-42.8226;
487659.945;551910.524;551092.441;-775.6385;-216.7717;-235.9393;
483562.322;538479.698;537701.560;-1091.6604;336.6710;241.1458;
881965.793;142630.538;142592.488;-30.7179;17.5153;17.4403;
541481.688;585090.649;583208.141;-259.0125;-246.2754;-256.3584;
475851.968;541604.710;540556.313;-555.9639;73.3810;26.7218;
497248.617;525286.658;524468.909;-736.7473;-224.0489;-262.3963;
726309.352;493587.613;493681.164;160.7104;12.2207;19.5644;
470968.946;557142.003;555683.795;-613.8638;39.1499;37.8608;
416191.321;432469.662;426235.320;-38.9496;-248.2389;-239.8918;
438240.834;544041.441;541906.632;-408.7278;295.9424;258.6564;
454563.357;519248.946;518190.072;287.1060;123.2948;123.2522;
505258.324;527062.620;526277.424;-4.5299;-391.7574;-383.4257;
490568.935;541214.612;540407.724;-187.0577;268.8070;253.6166;
452954.645;418762.964;414305.545;-173.8619;205.1486;211.1607;
469588.910;553354.477;552689.331;-1081.0821;76.2199;-4.8162;
487993.660;546787.158;546240.339;394.8460;218.6763;174.8788;
480843.438;549618.022;546326.778;-1067.0742;352.2791;275.9060;
481418.056;576602.966;575632.373;307.9850;209.1944;172.3683;
459612.860;536254.761;534331.714;678.2690;-101.5150;-73.7147;
6825.290;604508.165;606271.806;-322.0493;36.3324;34.2558;
449350.968;507957.457;505849.398;52.3898;-229.8308;-211.5468;
583343.667;427838.435;426495.692;299.2141;-87.6631;-78.6841;
594257.741;443213.466;443118.364;351.6996;-153.8976;-137.4084;
500360.391;558698.335;558465.451;305.5118;-19.7569;-5.3378;
451748.499;551119.482;548787.331;-753.6611;-269.6110;-305.8658;
500187.242;509566.028;508941.550;-687.9018;-470.6748;-505.2641;
629291.525;311845.736;312095.157;97.5358;-334.9872;-342.9407;
457391.213;525862.039;524890.286;615.2082;-40.8823;-43.8950;
497127.148;533899.058;533441.844;359.6025;-805.6479;-768.4948;
434114.778;532030.600;529786.817;442.4558;-188.1095;-173.2627;
364702.460;575214.070;572295.357;222.6962;123.8072;147.1410;
497370.887;647108.542;646887.015;-236.8853;174.5407;160.4345;
590839.550;611059.352;611490.507;-399.4537;-124.4291;-117.5218;
477189.852;515795.471;515024.475;221.4495;256.3834;282.2471;
145681.627;668022.974;667567.216;128.3346;53.4664;53.2781;
525637.490;535798.030;536132.113;-277.9718;-515.2464;-558.9669;
487674.501;539106.668;537910.943;-487.6305;-173.0497;-182.7306;
465139.731;562855.292;561309.956;489.8126;90.1232;88.7347;
491089.251;535949.213;534960.319;122.6168;-10.3025;-30.1586;
458458.248;574901.465;573086.453;-29.2050;-51.2708;-51.6824;
486666.702;562024.150;560645.973;633.1529;5.4555;23.8657;
517886.877;558902.535;557624.958;353.2976;-176.0171;-145.2624;
429831.615;362317.083;363072.405;11.8355;193.7151;199.4499;
512233.937;531447.069;530038.727;284.2346;-659.7897;-654.9219;
696058.027;486421.874;485366.916;-199.5434;75.1334;77.0062;
767552.486;463968.988;464022.842;465.2791;-288.9404;-318.9493;
417206.078;566606.541;563785.419;221.9061;-88.5695;-82.8456;
398036.769;495647.769;490669.104;-54.1249;-128.3195;-141.0610;
496257.441;562488.526;563993.754;337.6111;509.7972;562.1357;
528059.841;488968.398;489876.524;507.8118;-386.6868;-369.6127;
475143.041;523059.900;522302.085;265.1357;-88.2765;-82.6010;
474683.224;545350.525;544285.363;-37.0951;-352.8938;-354.5574;
595138.582;417543.258;415019.424;394.5529;9.4601;23.8825;
549930.898;494820.981;499072.616;586.2420;-403.0725;-367.9856;
487011.997;540983.294;540077.132;-376.6130;177.7899;191.5513;
492057.010;544435.356;543385.359;-512.4410;91.6738;83.0090;
505014.557;542862.677;541665.598;824.8879;295.4729;462.4826;
475544.420;550786.283;549442.091;281.1094;71.0403;96.7182;
462789.127;544375.816;542555.226;333.0620;194.2840;232.0918;
483198.998;534915.437;533517.756;60.6672;762.1956;771.2938;
536293.033;576048.422;575631.211;492.2857;323.7257;351.7200;
482284.541;573412.352;571108.515;62.9435;-164.7191;-189.5589;
387315.464;258583.103;246010.857;106.6739;-175.1830;-183.0980;
475493.343;549843.304;548548.553;-985.7340;40.0947;-28.3521;
770627.573;620827.835;619620.163;32.0034;-53.0098;-53.6313;
946662.909;628066.139;626726.311;-5.9721;-58.2134;-59.2397;
561489.661;457839.030;456222.727;-53.6429;296.9569;261.6562;
518604.100;527744.341;528025.927;-105.3718;835.2875;787.9030;
412245.617;573118.696;571128.193;248.0487;243.2709;238.3932;
461527.126;497419.594;495780.413;-490.2491;-87.9443;-108.1282;
702689.448;633589.368;636363.602;311.9820;-10.5460;-9.7642;
520373.508;540776.614;541190.059;-401.2535;102.8581;82.7574;
617728.022;512475.674;512793.596;-319.0078;47.6840;71.5489;
476504.445;534468.569;532795.862;8.4415;-504.7401;-500.4900;
444273.741;568043.893;567369.453;299.2556;11.1010;27.1547;
566797.521;457853.124;460345.813;-97.1533;-304.7002;-282.5577;
909846.354;726785.269;724138.399;-20.9369;-30.7215;-31.2198;
486023.124;533045.515;531816.098;549.0298;552.9925;546.9461;
478525.316;539380.303;537842.996;816.6470;179.2087;219.2028;
495656.332;530439.928;529131.485;1110.5088;350.9184;368.6280;
513363.445;518614.234;518430.457;411.9047;376.6854;394.8336;
434727.590;540717.266;537959.191;-27.8992;32.7623;30.0736;
467813.184;547388.179;546012.514;142.7588;83.0252;58.4004;
439970.173;247769.727;246039.611;22.0512;45.6477;44.5718;
445867.511;537888.397;535225.557;-583.8452;-148.5350;-155.6126;
408787.912;518669.384;514696.092;-359.8706;154.3225;112.4379;
898784.770;400630.132;383775.632;122.5858;-143.1700;-157.1137;
348146.320;441479.223;438522.060;-216.8760;82.2874;76.1181;
472576.432;550685.358;549231.683;-183.2151;395.6703;395.6979;
458589.862;553540.571;551942.136;565.2513;458.3115;479.3923;
472312.564;533976.695;533537.442;210.2033;314.4911;321.5450;
885474.139;924678.792;919495.114;244.8331;75.9390;69.6448;
401974.767;447580.019;448418.120;247.1320;3.6193;1.1135;
542026.810;538718.848;543347.967;-560.1026;-432.5378;-444.8507;
524447.827;489628.674;489587.965;-180.8663;88.8087;117.4019;
489265.716;554142.343;553243.606;669.5399;513.2340;518.5826;
377196.220;388784.180;381362.573;-28.1569;211.0001;206.1805;
496247.626;532777.346;531599.643;189.4588;190.9333;203.8750;
478173.287;539868.068;538783.969;367.6338;-538.1525;-498.5179;
373707.809;622321.755;621754.650;62.4394;-94.3651;-109.5141;
488670.329;537113.506;536040.600;468.8428;148.8666;152.1429;
517425.961;519932.063;519794.860;616.0551;238.1765;255.4370;
500138.930;535731.715;535236.146;-543.9509;-563.2675;-534.9057;
818319.949;467136.797;460387.984;66.3789;-62.2308;-66.6472;
490853.362;456776.773;451381.489;-596.1404;19.4822;-76.4768;
481117.206;543368.729;542458.850;265.7760;-276.0978;-273.6664;
548674.894;483916.974;486482.849;-126.7160;218.3627;221.8248;
551324.308;522372.273;524895.844;265.4310;-77.1488;-38.9275;
485801.110;531916.535;530582.507;-42.1945;-159.0124;-166.0127;
551893.795;497840.109;501132.765;-360.9586;252.4067;261.9620;
463705.504;558532.998;556571.705;313.1530;-815.0083;-739.9892;
368521.167;611124.246;609341.878;183.4988;-75.1735;-36.6295;
477972.271;536166.543;534897.605;-196.7285;-661.7067;-664.3526;
488804.201;531243.360;529846.062;174.0341;-3.9759;6.6735;
494374.601;540248.200;539956.913;711.5987;483.4801;490.7154;
503267.648;530906.603;529990.514;220.3645;334.3361;335.6503;
485467.631;562541.627;561156.825;827.0465;-291.2363;-268.8116;
494111.011;558963.740;558970.471;-612.0103;331.2931;319.8727;
518729.478;522233.341;521031.956;359.3628;233.4247;243.8636;
490752.026;535945.851;535671.671;-1472.5153;170.1890;80.8591;
480664.966;550715.835;549595.021;325.3431;-724.3275;-687.5794;
635545.091;553518.346;557106.478;-315.5319;184.6336;189.4751;
482070.413;522710.052;520707.267;537.3390;-256.9704;-216.6972;
558761.191;482711.775;483443.577;634.6127;-36.3726;-53.7633;
490571.887;545364.194;544404.824;-414.0518;422.9086;430.9265;
477821.816;529857.028;528357.315;365.5874;-173.7478;-193.1070;
473596.536;532817.358;532133.156;-287.2404;931.1641;947.5753;
475258.769;535581.375;534161.916;-350.7962;-234.8140;-262.7666;
