# This file was created for the Modelling and Simulation course, RUG (September-November 2019).
#
# Project: Simulate colliding galaxies, using Barnes-Hut algorithm.
#
# Students:
#     Stefan Evanghelides (s2895323)
#     Hidde Folkertsma (s2759799)
#
#     X         Y         Z         DX        DY        DZ
466291.028;538438.496;538427.923;-0.6721;36.9331;36.7215;
476059.475;580156.416;580249.818;42.3614;23.6116;22.8276;
593576.851;900108.753;900099.894;110.8098;-8.8572;-8.8588;
340089.730;367605.784;367597.292;119.1206;104.3219;104.2872;
478429.757;530257.403;530242.768;127.6049;-495.6943;-496.5784;
448785.026;515423.462;515423.627;663.9314;-267.0721;-266.1481;
772537.952;908699.992;908566.516;-84.1279;169.1864;169.1258;
73245.110;551737.444;551714.751;-218.9646;13.1128;13.0302;
638080.162;445481.776;445491.037;-2.4860;247.2966;247.0449;
525690.126;550627.238;550649.015;261.7870;-511.0158;-511.1364;
269445.132;527195.463;527135.417;-91.6750;55.7030;55.7993;
579185.902;544839.004;544856.889;246.6573;-178.3255;-178.4437;
533025.028;554617.815;554616.145;650.4361;501.2644;501.7494;
392860.221;478164.384;478151.866;359.9793;457.5494;457.2310;
433789.897;528949.346;528889.847;-828.3935;-447.8845;-449.5872;
433759.229;530790.215;530784.141;-1194.0917;-114.0761;-114.1533;
478679.415;350021.361;349984.167;141.6097;314.1161;314.0304;
497336.174;658230.926;658213.221;-62.0055;-159.3260;-159.2947;
470192.841;534065.983;534061.759;584.7051;479.9109;479.4878;
477716.272;546146.365;546153.181;339.5896;760.5325;761.5545;
366523.085;524624.209;524551.937;245.0242;254.9157;255.3851;
374453.017;516600.049;516495.739;359.3011;16.3957;16.3904;
442575.088;529349.795;529336.683;207.0438;211.2999;211.5939;
487411.242;397999.158;397917.629;218.1540;110.0784;110.0308;
472461.641;532487.513;532488.135;-128.8856;212.6871;213.3291;
471413.764;538253.839;538254.801;911.0862;-139.5009;-138.4049;
460258.090;549152.233;549143.972;818.5590;407.2615;407.5432;
433560.005;524891.437;524889.456;-659.8043;-187.8100;-187.4146;
468422.456;538435.444;538460.357;-368.4046;-399.2067;-398.4349;
469822.909;535683.393;535698.063;451.7938;-19.0631;-18.9356;
460085.879;539067.060;539088.402;-325.0888;-26.2006;-24.7788;
454982.350;534999.564;535018.733;-546.4654;-183.9181;-184.1026;
809608.779;238723.501;238747.765;84.4338;-65.5955;-65.5895;
415285.466;448646.413;448580.770;315.2001;315.4682;315.4814;
421871.319;519259.016;519199.692;8.8514;242.7644;241.9242;
398923.842;571598.523;571623.893;-279.8357;-32.8377;-33.4274;
405628.546;491412.434;491410.824;542.4706;531.1142;530.7533;
463237.761;536519.347;536515.221;597.2391;-187.5069;-187.2957;
935694.167;524598.266;524943.549;-62.7558;-63.2023;-63.0762;
318448.984;425615.959;425563.745;63.6117;88.4144;88.3511;
452139.605;557983.870;558018.569;242.3401;821.7418;821.2194;
432193.516;535906.195;535853.036;414.0066;496.6221;497.5918;
432313.899;534893.105;534887.252;-326.0391;-285.5860;-286.4755;
641576.974;659864.814;659870.685;-264.9779;-136.2948;-136.2627;
487385.950;541552.464;541564.187;-229.5215;-0.3246;-0.2933;
537593.697;551146.617;551137.058;95.1545;-201.3190;-201.4590;
493166.806;348729.918;348665.110;-89.2751;1.8205;1.8175;
474878.338;546091.423;546090.574;-463.7282;894.0865;894.4330;
439969.372;548716.362;548743.818;-332.4265;144.4641;144.5378;
729482.400;942459.848;942365.971;71.5630;144.1039;144.0438;
802955.120;170388.206;170408.992;24.6930;-47.6291;-47.6233;
483036.405;549709.860;549726.652;-978.6556;-665.0466;-663.3834;
858581.034;620815.538;620775.813;34.3447;98.2093;98.1306;
402985.650;442600.770;442524.832;93.7869;-196.1212;-196.3192;
468197.791;543015.666;542998.033;1173.3437;-24.1404;-25.8678;
459991.535;554332.789;554314.787;21.4577;-115.1719;-114.4940;
483107.828;597304.870;597266.150;-135.6089;-128.0792;-128.1077;
449309.438;540438.137;540448.785;-1100.8139;-0.4823;-0.0881;
436321.147;538342.934;538360.329;44.4446;-608.4933;-608.0748;
553592.159;689369.849;689497.787;-170.0144;0.6595;0.9095;
484722.363;537695.557;537706.342;-139.3243;27.0072;26.4814;
767398.575;496670.688;496499.823;133.0525;-113.2724;-113.2323;
449899.271;567471.627;567413.806;121.5896;26.3800;26.1576;
924373.093;591685.586;591654.618;113.3786;39.6626;39.6788;
493223.560;540694.972;540684.501;-308.6817;-344.9202;-345.2066;
230266.348;372551.503;372477.024;-186.3542;47.8529;47.7560;
149806.986;617733.632;617758.777;-252.3334;88.6215;88.5750;
687139.312;379891.901;379861.811;268.9918;-97.5931;-97.4483;
500540.722;551989.387;551987.290;-94.8518;195.8627;192.4222;
431397.458;631099.580;631049.192;-183.3758;-48.0851;-48.3606;
437645.450;541205.009;541224.583;-364.1531;-159.4091;-156.7884;
308900.909;441333.861;441207.580;-322.5941;-312.5152;-313.5276;
584948.819;553956.845;553974.496;-286.6455;-246.1256;-246.5193;
482475.384;560090.280;560074.218;-1107.4144;-394.5300;-394.0635;
474666.893;549105.324;549113.301;-612.0507;-123.9827;-124.8891;
502240.340;549680.138;549691.054;-357.4074;-558.0529;-558.7511;
461906.624;554407.345;554414.336;412.6953;-481.1941;-481.6300;
588559.218;548628.212;548626.882;-0.9015;130.3834;130.3294;
330282.893;547912.647;547827.070;-5.7133;-18.0114;-18.0937;
398943.260;607094.993;607103.477;297.0954;292.1539;292.2603;
460864.177;528072.402;528046.096;-653.6533;394.8650;395.3887;
924921.731;644925.403;644689.580;463.2522;81.8663;81.5682;
677908.280;653991.706;653870.962;-29.9027;45.9466;45.9044;
416266.057;665732.266;665811.773;-509.7241;199.3886;199.5443;
464188.619;522817.138;522798.961;-147.2059;297.2778;296.9377;
741377.910;610275.133;609861.721;492.8809;103.1081;101.7529;
382360.043;576905.153;576852.943;60.3138;160.7120;160.5673;
471153.644;544584.584;544598.265;201.6523;318.1172;318.3144;
463214.700;547745.619;547749.885;-25.0552;383.4931;384.2319;
462622.362;524254.566;524240.916;54.5491;329.4453;329.4341;
403376.904;486621.200;486577.048;-353.2700;-155.4055;-155.0778;
467069.507;514497.502;514469.351;-115.0917;-185.0984;-186.2279;
460936.832;538517.819;538514.358;296.9625;164.8264;164.7605;
454712.208;563026.473;563043.720;338.9117;-447.7806;-449.7427;
504646.025;538796.843;538793.890;-359.6503;208.4004;207.6991;
449476.514;549887.888;549878.860;649.9824;340.2015;341.9141;
454887.963;534530.406;534501.460;-1069.2534;635.9420;636.8290;
467159.920;540079.059;540076.912;1327.9362;-254.0343;-253.7307;
521602.585;586728.139;586713.891;669.0101;-48.3179;-48.3059;
873712.072;483262.458;483231.197;-8.7863;129.1569;129.1606;
482891.355;549940.052;549939.249;295.3958;129.9560;130.5368;
636812.671;508101.123;507911.450;-7.9509;-107.8937;-108.0947;
715577.020;455056.323;455019.874;7.3347;-132.5207;-132.4945;
465121.816;548428.877;548438.741;-358.7228;-398.0573;-398.4780;
393743.688;487278.729;487183.124;622.6255;-252.6684;-252.4621;
564872.106;518960.198;518955.408;-331.1400;-254.3707;-254.2344;
360998.298;511957.599;511850.955;276.8249;137.7620;138.4446;
497375.315;593678.080;593748.104;-204.5717;-447.5136;-447.7129;
547486.042;372004.787;371944.659;-49.0702;-114.7756;-114.7485;
455394.096;554324.922;554338.047;-22.5088;-450.5905;-450.1209;
806722.231;488620.114;488591.498;124.3016;-36.8497;-36.8688;
505336.965;527156.547;527135.857;416.8894;386.5993;386.6841;
494433.679;546762.549;546770.521;849.3549;-305.2164;-305.7120;
468227.078;539240.150;539234.954;65.6408;517.5559;518.7097;
172448.497;355631.709;355620.181;59.0634;20.3136;20.3004;
484537.529;468436.909;468348.341;-39.0483;61.5242;61.2727;
404497.547;768858.123;768783.104;-136.2749;191.8964;191.7787;
435221.385;555505.931;555472.237;-285.1462;-143.7563;-143.2730;
507974.726;546646.426;546634.702;-4.6096;-358.1898;-359.4583;
496078.960;526470.174;526450.207;110.0064;184.0225;184.4575;
517063.209;531296.386;531214.749;-538.6215;335.8555;336.5661;
442251.621;545596.855;545596.195;-352.6514;65.4951;65.3726;
431450.557;461286.522;461166.887;-58.1192;-235.5003;-235.9330;
388952.721;531969.332;531897.982;80.0956;-191.8436;-192.8515;
440776.245;527301.674;527299.709;-334.2966;-112.6194;-111.5100;
428979.460;447408.270;447349.980;-13.0729;174.8789;175.2500;
525552.115;350566.321;350496.743;-204.6214;-162.3629;-162.4179;
384554.620;891526.774;891524.667;12.5123;136.2444;136.2374;
453674.306;531601.242;531590.882;-597.7065;-494.2002;-494.1383;
419408.019;562535.654;562562.194;110.9072;-66.6787;-66.5728;
455712.347;540961.677;540971.566;652.1344;179.8278;180.5627;
770535.511;585294.816;584812.218;183.2530;-113.7239;-114.4643;
423642.231;597015.852;597033.543;-165.7211;-141.1173;-141.2067;
484291.736;526302.975;526275.355;39.2252;356.5910;356.8654;
456464.971;523225.081;523215.741;-69.3930;-60.6274;-60.8072;
444370.601;563290.997;563349.779;-800.6705;428.3500;429.3324;
237181.974;416773.329;416778.658;62.1176;217.0902;217.0496;
490389.025;591763.208;591742.334;120.3455;-184.3405;-183.6618;
501000.769;491910.013;491901.085;288.7027;-98.4743;-98.9198;
559191.152;513410.807;513446.550;-110.8026;-220.3479;-220.2125;
454475.351;541409.208;541393.269;210.6369;102.3165;102.6172;
165839.532;284467.282;284470.039;170.0650;-71.3272;-71.3183;
484801.312;540424.001;540413.767;-1162.1097;-293.4362;-293.0457;
439723.969;526314.542;526297.662;544.7388;373.3227;373.2693;
490007.774;569549.512;569565.306;-190.9620;237.4516;237.5027;
556470.961;791833.514;791853.494;162.1799;-134.2923;-134.2996;
474114.746;550371.143;550369.547;341.1629;213.1719;213.5078;
343105.395;555039.524;554957.721;-198.1557;100.2326;99.9883;
455258.344;508710.301;508685.644;-217.6313;330.6341;329.4990;
444995.469;530803.132;530809.376;247.3611;-62.4681;-62.4292;
481805.084;546569.344;546594.887;90.8625;-48.2074;-47.2677;
469190.610;538012.602;538021.100;-672.6635;573.2963;573.4261;
325553.980;634049.979;634123.789;-139.7605;170.4321;170.4159;
448781.666;535132.958;535124.744;705.7119;316.7347;316.6468;
463342.923;553480.670;553482.459;-356.8400;32.1735;31.9193;
470972.114;538024.125;538015.627;581.0824;-99.6637;-98.4718;
456278.398;529534.452;529503.441;-568.7693;-300.8758;-299.8211;
473119.881;540317.982;540327.181;-998.1201;256.8552;256.0200;
370276.592;551322.271;551308.119;-204.5161;-321.1870;-321.0050;
529402.434;470959.871;470935.947;284.8395;-104.6860;-104.6848;
341478.810;425721.198;425652.051;-235.9053;-405.0914;-405.6371;
669764.126;553679.512;553537.982;30.1367;-109.7056;-109.8651;
465230.050;541218.298;541216.058;815.7455;-399.6520;-398.5199;
464924.939;547812.957;547828.550;-536.0727;552.4726;552.8311;
443629.644;333494.190;333445.146;137.1798;24.2926;24.3737;
455911.146;525272.984;525256.429;546.4758;-417.0096;-417.8133;
468616.528;530890.352;530883.688;757.8368;-279.8615;-280.4378;
434147.033;534531.864;534524.345;-128.9367;-97.9022;-100.2659;
442930.506;510601.156;510565.832;163.1191;-99.4101;-99.9661;
445638.558;539468.130;539466.068;-223.8235;-15.0536;-16.8580;
461471.346;532552.662;532566.651;26.3122;697.2983;697.3777;
434703.795;531610.775;531599.987;-241.2796;83.1111;83.2030;
