# This file was created for the Modelling and Simulation course, RUG (September-November 2019).
#
# Project: Simulate colliding galaxies, using Barnes-Hut algorithm.
#
# Students:
#     Stefan Evanghelides (s2895323)
#     Hidde Folkertsma (s2759799)
#
#     X         Y         Z         DX        DY        DZ
488040.132;536164.418;536171.783;19.5086;-46.2280;-46.1927;
466993.481;522029.366;522045.669;-184.9323;108.9749;108.8212;
487508.074;888955.606;888947.835;115.6360;33.6658;33.6644;
253702.332;309637.219;309643.670;68.9306;27.7971;27.7992;
932701.838;786809.351;786711.129;225.3428;232.5591;232.4949;
524926.903;543839.581;543835.462;-286.0116;92.6109;92.0556;
472424.309;528047.540;528053.262;-198.8965;-164.3649;-164.2560;
822693.981;730825.085;730759.355;-17.2239;220.9297;220.8469;
563545.210;521553.953;521557.671;-676.8448;70.3064;70.1734;
461714.470;384722.014;384686.474;322.3263;-162.8442;-162.8657;
530506.504;637003.795;636974.184;137.6819;-248.1791;-248.2090;
566640.285;571612.338;571585.119;319.3092;186.6977;186.3432;
465393.704;510602.762;510604.280;-292.1474;-376.1836;-376.4406;
599343.329;490317.796;490297.322;-536.9275;34.7948;34.7924;
327705.729;379652.357;379608.158;-125.0980;-45.5325;-45.7374;
968301.157;514365.875;514326.168;351.5464;50.4636;50.4384;
500649.208;523911.749;523915.931;-855.8720;-33.8514;-34.1355;
881344.526;578242.374;578269.813;244.1828;-208.1279;-208.3067;
461921.842;524921.379;524930.375;-907.4177;105.0884;105.8036;
353912.909;183261.191;183240.881;124.8488;95.8847;95.8662;
533592.979;705174.830;705147.679;-20.5112;34.7675;34.7657;
485440.432;529271.291;529276.204;578.9953;-480.8394;-480.7186;
480617.017;531405.894;531409.480;-24.7297;94.1693;94.2395;
464664.023;535740.273;535740.772;597.8593;-788.6094;-788.1442;
565632.576;576884.680;576842.895;297.9895;-41.2828;-41.3741;
472561.122;547596.124;547599.837;547.3843;201.0129;200.8898;
999917.612;820005.843;819939.269;419.0037;248.2038;248.1481;
329920.780;400579.418;400571.985;89.6611;-94.7640;-94.8424;
483458.726;535856.654;535860.957;-471.2742;-57.0766;-57.1485;
551069.816;559101.292;559065.792;-185.4224;24.5560;24.5856;
477096.022;533617.784;533622.894;530.6433;-305.4462;-305.4655;
448211.653;531620.347;531639.035;-818.8261;143.1902;142.8105;
477311.094;530743.286;530747.405;-334.4206;-61.6865;-61.7186;
527287.068;544938.415;544931.053;-208.4253;-223.0752;-223.3926;
475471.721;532203.448;532208.302;187.3656;-7.7978;-7.7693;
497184.229;525447.866;525454.887;620.3583;-120.9804;-120.8572;
710869.002;315015.432;315031.270;131.2081;-103.4805;-103.4680;
260508.816;404229.731;404231.234;-62.1890;-44.6280;-44.6039;
436480.629;539147.017;539149.975;87.7196;33.8232;33.8662;
464711.833;552437.556;552437.059;160.6671;-499.0008;-498.9829;
328197.506;370344.770;370306.200;-179.6427;-202.3429;-202.3961;
477249.051;529676.794;529684.687;564.2207;784.3193;784.1672;
890581.514;571312.787;571222.376;196.0472;17.6742;17.8842;
413956.227;379839.466;379820.465;-174.3155;-16.9346;-16.9475;
429718.658;507495.438;507489.049;215.1784;-101.3115;-101.6415;
513050.556;441880.936;441881.567;-80.0239;-154.5562;-154.5332;
746688.688;880397.891;880357.892;-20.4424;188.4179;188.3930;
421519.480;565406.378;565385.900;303.7529;-405.3645;-404.8739;
759162.503;682815.756;682739.107;-17.6216;54.1552;54.2329;
461935.108;533911.642;533917.904;527.2609;423.9778;423.9651;
463246.224;471453.358;471424.315;-344.5226;-84.1589;-84.2302;
407413.307;599312.204;599313.960;366.6020;-220.2048;-220.2242;
486369.142;522071.386;522072.199;313.5143;840.3747;840.5138;
472366.842;530303.079;530313.047;806.0066;235.2612;235.4787;
641744.413;765062.721;765030.563;127.4285;250.8565;250.7814;
743477.931;257730.425;257742.124;112.5503;-148.3159;-148.3023;
462776.631;526176.828;526183.887;-134.2631;388.7306;388.3012;
968192.369;708051.099;707991.504;353.3193;144.8427;144.8100;
906740.896;537937.655;537896.400;202.1242;-12.7872;-12.8152;
788857.125;531303.044;531276.878;150.7383;92.5976;92.5952;
642932.572;493507.762;493482.914;-120.3813;122.0696;122.1130;
439790.853;504867.176;504871.815;-134.0857;31.6063;31.2324;
460753.388;511465.785;511476.128;-344.3005;-309.6614;-309.7439;
548018.934;532835.071;532843.243;-1000.2101;75.0524;75.1540;
488506.858;523166.268;523173.035;15.8454;-24.1600;-24.1448;
477173.268;540475.191;540477.345;-811.2190;230.5505;230.4899;
406812.819;555708.795;555700.530;-26.8077;-382.4836;-382.4903;
482276.548;527971.089;527979.500;795.9032;39.2415;39.4130;
428774.712;472341.293;472296.338;-68.3441;380.3772;380.2697;
509547.180;546616.412;546611.547;39.7545;201.7527;201.4274;
747066.181;542072.012;542054.272;285.8293;97.7562;97.7190;
469247.729;513165.579;513175.775;363.9676;125.4444;125.5182;
426730.448;393816.854;393808.490;-214.1563;-110.9359;-110.9404;
640354.201;537715.084;537713.652;-357.2578;-81.7034;-81.6701;
500979.014;614489.668;614481.028;-245.1217;-138.1557;-138.1077;
557749.554;528483.412;528475.750;-689.1703;-228.8521;-229.1267;
978089.033;955772.314;955681.916;351.6186;356.4546;356.3720;
412877.039;556023.776;556034.902;-778.6213;-73.2244;-73.3128;
441667.253;534870.134;534873.035;210.7887;234.1300;234.0854;
750841.623;529493.760;529469.091;-132.3450;47.5852;47.5998;
402094.474;479511.383;479517.296;-514.0123;-289.7296;-290.0379;
564008.347;529279.128;529279.788;-672.1338;76.5505;76.6013;
475331.483;525314.616;525319.580;318.1671;-572.6966;-572.6976;
442184.628;526140.633;526138.147;626.1187;425.9378;426.1282;
958439.784;446935.010;446902.075;383.4932;-27.3148;-27.3464;
447401.379;538567.791;538571.572;-207.4565;-96.9467;-96.9313;
561865.810;531163.481;531171.410;-878.4568;-65.5380;-65.4525;
435576.881;538628.644;538632.561;163.8355;28.1181;28.0276;
587643.705;575665.020;575618.621;442.6982;-214.9285;-215.1585;
483114.016;545225.668;545232.297;-369.0030;355.6115;355.6962;
340976.180;441043.798;441042.493;129.1797;193.5876;193.6164;
621604.829;569173.216;569134.912;203.7598;144.9986;144.8558;
463719.669;345406.615;345411.231;256.8968;158.8924;158.8776;
137360.631;269030.265;269039.099;-341.2838;-169.0695;-169.0942;
457155.897;549473.635;549479.548;110.2838;100.1765;100.3598;
410107.303;478249.378;478278.849;-289.6221;-347.1274;-347.2069;
453366.409;516984.068;516987.416;544.4798;-196.5659;-196.4946;
501227.335;518167.908;518181.881;478.8344;-64.5862;-64.5881;
485741.687;524523.434;524527.227;742.0700;-700.0828;-699.8414;
501648.365;515501.288;515505.406;-466.0096;-136.6237;-136.5738;
36003.246;375997.255;375999.952;-209.0176;-75.2864;-75.3178;
475438.114;515587.811;515597.209;1076.8371;492.6120;492.3948;
252220.492;579766.278;579772.641;-398.7563;152.2696;152.2420;
492252.929;529333.099;529335.385;-666.1446;969.3803;968.4866;
483747.386;526187.669;526191.998;579.8940;55.5141;55.5476;
452358.037;540925.972;540931.784;-774.7919;-408.1302;-408.4294;
464452.363;538369.021;538377.230;-896.4349;-583.4147;-583.0224;
485549.707;521072.361;521061.215;-467.7361;537.4003;538.6200;
485233.387;488227.937;488270.789;332.4717;-447.8427;-447.6920;
480415.970;538188.143;538193.357;-357.2514;70.0212;70.0430;
402369.288;550181.688;550181.604;66.8618;548.1335;548.0783;
796153.289;693708.379;693655.447;367.7654;36.2789;36.0238;
777249.294;396862.098;396844.018;221.7807;43.7879;43.7666;
482862.415;535451.555;535458.260;-675.2860;93.8879;93.7539;
481054.453;571920.348;571947.987;371.4105;139.8260;139.9329;
446833.211;593256.812;593254.467;683.8161;109.3365;108.9631;
481236.625;522026.415;522030.336;-267.6348;360.7367;360.8872;
540887.549;452358.495;452340.885;439.4932;375.4041;375.5585;
468904.881;634150.461;634144.046;233.5244;134.5049;134.5208;
651540.722;593579.450;593554.966;-300.3268;-64.1647;-64.2004;
486795.720;472991.374;472937.659;-54.9886;-260.1860;-260.1790;
392934.868;521316.040;521316.763;107.4211;310.4509;310.4646;
503392.883;542523.952;542526.840;-260.7541;296.0552;295.9020;
621714.235;535213.750;535187.199;325.5158;-64.3606;-64.3867;
482912.483;533974.317;533979.856;-431.7617;30.3158;30.1996;
441245.180;452488.370;452481.729;-213.3473;98.1987;98.0719;
518813.615;546375.687;546356.210;-466.8139;-114.4211;-114.2083;
190649.501;369244.680;369243.735;-103.0852;-53.0801;-53.0881;
477123.394;600964.116;600955.863;-88.1144;225.2187;225.0749;
435537.314;450528.578;450519.183;377.9730;190.5894;190.6342;
516847.581;543271.614;543266.999;119.9617;-369.3830;-369.5756;
463020.085;554226.564;554226.399;755.0671;364.6827;364.5647;
556707.124;511144.031;511132.874;23.2039;-35.2372;-35.1704;
452561.053;523041.925;523057.711;-308.7257;-248.0561;-247.9915;
436363.839;507082.577;507094.406;-78.8737;145.7479;145.6916;
621337.278;642145.089;642121.169;-158.4298;-39.1348;-39.1491;
424581.167;527734.328;527732.537;156.4069;302.8701;302.4862;
480127.997;539782.608;539787.304;-657.4137;30.9458;30.9307;
418630.561;529032.579;529037.601;-339.8320;-244.8506;-244.7293;
415516.713;597985.365;597988.395;540.1530;28.4919;28.4699;
381877.831;746676.354;746680.617;-11.4925;178.3293;178.3224;
513200.040;536113.945;536102.225;-397.1695;-117.0810;-116.6397;
465234.000;544206.911;544213.512;122.5928;169.9843;169.9877;
488647.730;526647.401;526654.793;746.2807;191.6256;191.5823;
482201.784;465024.496;465027.469;-591.7414;269.3607;269.1833;
390769.351;502752.485;502770.832;295.1841;-147.3850;-147.4067;
427921.334;524276.385;524279.936;205.5267;-376.3096;-376.4015;
136307.113;264680.446;264682.606;-245.4798;-238.1397;-238.1386;
475863.936;519541.465;519545.398;787.6971;224.1318;224.1313;
508336.975;535776.908;535761.133;-405.9195;-437.3350;-437.2464;
265366.764;267740.051;267750.639;-92.1709;98.4711;98.4875;
485776.873;523576.443;523582.112;-88.0964;1039.8623;1040.5830;
449930.018;532713.059;532725.981;978.8812;386.0583;386.5222;
491513.051;483889.461;483896.398;-653.5572;257.2384;257.4757;
475315.219;535846.258;535849.527;902.4575;-255.5859;-255.5847;
89916.069;399849.937;399839.881;-18.9379;-160.7115;-160.6976;
390762.429;539556.632;539550.133;267.4829;-205.9841;-206.1154;
464194.354;536073.507;536077.429;1013.9962;-406.9508;-406.9386;
469899.505;524634.503;524643.717;-792.5120;176.0477;176.2529;
397231.444;812365.896;812377.940;156.0308;84.2127;84.2327;
511748.562;543855.886;543842.133;-199.9064;-285.9826;-285.8699;
295100.093;500418.986;500422.126;366.0010;-14.0780;-14.0788;
454729.005;508375.403;508388.604;-456.2187;-302.9368;-303.5252;
435172.372;542717.641;542721.057;48.1073;-3.5115;-3.5865;
504801.891;532233.644;532245.030;889.8324;-160.2187;-160.2742;
491391.741;523012.621;523018.354;467.1133;-505.1347;-505.0199;
58285.843;592532.545;592518.322;-315.4264;48.7896;48.7663;
814160.833;478069.408;478034.261;-326.9520;2.5698;2.5588;
524411.438;518763.386;518756.307;-108.0808;162.9936;162.8619;
471653.892;523575.194;523580.955;-493.9319;7.7173;7.8165;
463287.835;529846.458;529854.665;589.2747;580.2415;580.6504;
494254.418;523669.321;523664.697;-917.6180;622.5822;622.6376;
467819.104;536758.862;536763.594;-461.0610;2.9984;2.9330;
445245.725;576365.002;576371.705;256.6511;-461.3985;-461.4418;
64949.430;76782.146;76766.892;-276.2781;-81.0802;-81.0836;
446869.545;568710.910;568699.140;-255.0367;-285.0419;-284.8683;
792863.714;526024.102;526004.079;-284.2835;29.1318;29.0985;
455534.511;589920.467;589932.168;356.5165;210.9517;211.0067;
503257.358;526619.347;526625.865;376.6857;277.5110;277.4164;
445803.873;518962.675;518964.504;437.9932;-367.4761;-367.4624;
557784.620;507585.612;507567.468;-97.5250;443.1547;443.1049;
506086.472;522562.480;522569.012;219.4831;-28.6224;-29.2929;
503650.803;516578.390;516584.298;-555.3947;-214.9688;-214.9758;
434511.275;530335.825;530332.133;779.2738;70.1118;69.9596;
465346.826;526064.674;526088.996;-810.6583;-230.2783;-229.8710;
481421.545;534269.224;534274.456;-914.8405;-60.3786;-60.5507;
438600.127;530221.958;530221.786;120.4616;-124.4708;-124.3860;
512294.193;513713.057;513713.000;-276.7895;19.9579;20.0626;
