# This file was created for the Modelling and Simulation course, RUG (September-November 2019).
#
# Project: Simulate colliding galaxies, using Barnes-Hut algorithm.
#
# Students:
#     Stefan Evanghelides (s2895323)
#     Hidde Folkertsma (s2759799)
#
#     X         Y         Z         DX        DY        DZ
449525.765;555255.671;555189.179;255.9272;-78.3201;-77.8130;
475270.653;519017.357;518848.069;-359.5043;336.4573;338.5340;
713292.072;863707.233;863693.566;89.3034;-52.5185;-52.5252;
427004.944;671308.467;671637.973;-121.7334;319.2779;320.1494;
464690.111;554444.120;554458.791;-596.4110;-300.5918;-300.3289;
471202.420;563500.449;563479.784;318.7718;38.2564;36.0071;
352385.942;444898.540;444472.282;297.7559;-112.5526;-113.1359;
324036.390;628235.840;627855.519;264.9493;186.3668;186.6382;
642933.847;534874.190;534604.222;-117.7414;10.9660;10.0303;
443135.591;669276.673;669351.596;-207.9488;34.8052;34.9576;
610022.905;429666.988;429256.764;233.1654;-25.5715;-25.3676;
381410.270;499855.261;499439.673;-475.5844;-252.4817;-254.6132;
465886.341;549771.592;549770.138;964.0467;-234.4906;-235.5977;
506382.529;543012.826;542919.330;602.5533;-179.9537;-181.0176;
201795.764;618550.924;618560.784;-197.7785;-19.7201;-20.0888;
437627.543;516906.378;516723.585;247.5090;379.7816;381.2842;
449893.813;543063.919;542953.494;-37.4468;-683.5109;-679.3382;
422995.359;533325.875;533339.274;-821.5195;-290.9568;-290.7901;
580170.190;580484.460;580712.543;382.1619;224.0865;224.9850;
526665.729;572862.462;572822.953;-498.8281;-384.2389;-384.0533;
439253.686;545312.590;545232.050;-378.1120;-47.0584;-44.9408;
315657.017;574221.965;574237.077;-227.5074;-176.5825;-177.1381;
464077.519;529445.178;529341.328;153.9036;-215.3639;-215.1820;
473553.214;514013.831;513802.731;492.4893;-60.5257;-59.2880;
488075.592;583302.548;583263.997;485.6109;-73.8981;-75.1096;
452102.312;547342.443;547292.769;538.8345;147.1397;146.2089;
459315.319;541919.344;541888.382;575.7677;72.4956;72.4772;
472899.273;555707.570;555696.307;-768.0619;-17.8345;-16.3276;
450072.101;562035.030;561963.428;-243.8701;-256.3727;-257.2145;
460163.115;536907.851;536822.978;420.6323;-279.5980;-281.2611;
881636.850;175837.416;175864.393;37.0962;-42.2621;-42.2633;
641486.923;530283.303;530133.980;297.9127;89.5120;86.3601;
474492.875;563490.504;563507.658;-645.8556;-195.6872;-196.4835;
476746.168;524466.910;524468.556;-134.1449;92.7977;91.7784;
410200.879;522480.263;522097.496;-396.0252;-139.0782;-145.0233;
472163.459;552559.551;552552.629;-983.5973;414.4762;412.9230;
604435.035;520796.878;519767.518;-633.2666;158.1413;161.2627;
461736.065;576641.107;576625.499;294.4725;-170.2078;-170.4453;
515820.330;556357.512;556447.344;-8.3332;-622.5283;-622.5326;
456178.552;543491.551;543403.901;235.4173;-483.9639;-482.9222;
448490.942;567595.712;567547.441;517.8712;-48.3674;-47.3745;
183154.404;417413.574;417236.759;-108.2610;-61.0742;-61.0049;
468594.350;549341.304;549279.286;542.8331;300.8331;299.4764;
451383.906;564303.204;564374.244;11.6426;892.2510;897.0890;
398569.916;668648.987;668952.041;-107.5487;192.8381;192.8186;
459205.716;545182.798;545112.229;-1026.9919;-121.9896;-124.4015;
522582.200;550836.926;550897.653;90.1762;134.5799;134.6454;
792396.381;172479.670;172500.219;-37.7842;49.4606;49.4536;
468585.408;546488.783;546462.156;1167.1240;108.0025;108.1892;
841097.751;695915.698;694975.532;-58.8940;39.7251;38.8154;
520944.028;453560.577;453654.758;18.3036;208.2279;208.3660;
463154.561;566115.569;566161.059;584.8443;77.1549;78.1771;
465342.185;554053.975;554044.058;872.2776;555.4846;556.3046;
448984.845;532906.175;532840.074;-503.8774;-261.2473;-264.0547;
395052.936;588889.045;588962.429;466.1180;137.8675;139.2673;
408713.908;559350.421;559030.110;263.0319;-197.0611;-197.7844;
395178.183;496770.836;496380.092;105.1528;-326.1652;-328.2471;
482532.274;560008.523;559980.084;-808.7765;236.4346;234.1613;
777786.580;423789.890;423842.769;-127.7973;6.8865;7.5402;
442582.395;520777.076;520751.648;-276.6732;-180.3195;-179.3312;
983766.381;634752.414;634589.270;-2.0019;32.0243;31.8240;
457519.812;541477.075;541451.583;594.7261;106.1255;106.7726;
74055.603;447770.062;447611.759;-83.6606;77.4494;77.3905;
931956.207;314495.788;314621.147;163.7784;-29.4742;-29.3577;
476833.357;521518.828;521601.159;583.7526;-530.7818;-529.4440;
504604.359;486039.250;486118.129;381.6934;146.6197;146.9495;
454270.436;557148.789;557095.353;-544.7191;-99.8194;-96.3966;
125479.260;194136.772;193428.018;-81.7433;-151.2045;-151.4722;
501417.145;530369.284;530571.863;-1182.0370;-77.4634;-82.7041;
597763.177;555396.404;555171.228;-188.8268;-138.1398;-140.5011;
448438.058;566791.549;566767.621;308.5002;-30.0524;-27.1639;
310456.294;505499.889;505296.487;-220.9610;135.8727;136.3243;
463110.343;540449.266;540317.457;197.6948;794.0736;800.4721;
507508.679;588433.218;588653.609;1.5706;-169.0939;-169.9498;
719254.179;517908.713;517644.459;173.6605;-8.1485;-9.0817;
304464.143;520583.756;520460.548;-176.1521;320.0090;321.4560;
453748.710;524490.722;524435.068;-16.9369;-158.4879;-159.5508;
519303.108;616722.542;616762.716;-266.0695;-180.4195;-180.1109;
512673.383;546674.065;546695.490;44.9741;-178.9286;-178.9491;
411150.186;550578.527;550424.027;-699.5134;-201.6378;-205.8984;
459388.217;543716.261;543704.002;333.6258;308.2597;310.6633;
443744.154;554557.671;554527.405;355.1164;-314.4462;-314.3633;
462305.410;542585.486;542548.747;1332.6845;-152.2360;-151.4893;
763178.575;525955.857;525351.600;140.2441;-53.6975;-55.0100;
516562.760;527114.709;526979.207;-139.1353;-304.5143;-304.8570;
476843.200;533566.481;533508.768;-62.6994;314.9700;315.3100;
497600.867;551613.632;551643.323;-750.5157;-229.6710;-230.1835;
451003.487;555355.599;555361.809;561.4774;112.8125;114.6981;
448480.814;537922.667;537865.368;499.6791;-748.5410;-750.0076;
471507.236;563006.542;563017.427;-110.3558;127.4189;127.3316;
449194.904;549296.715;549236.484;33.4741;-387.8219;-386.4536;
473231.664;520451.910;520404.373;-1139.6554;-184.5732;-183.7308;
656781.409;615206.774;615017.148;-442.1696;35.2797;35.3828;
465949.847;558110.296;558081.570;103.2764;530.8588;531.0677;
462454.646;473095.388;472953.693;-258.5872;127.7501;127.2924;
549461.615;408689.389;408659.588;-275.0311;104.9537;104.8218;
498132.438;558622.501;558677.528;-464.6099;-498.3548;-501.8692;
372507.465;597030.842;597233.711;64.5094;-468.7928;-469.5499;
490030.585;512316.862;512181.063;-623.8111;-92.2774;-93.3438;
732000.530;607366.742;607264.355;50.0612;23.9380;23.5689;
448410.939;511628.474;511492.340;100.3162;222.4736;223.2869;
395255.818;403079.982;403057.620;-129.1788;184.5492;184.5200;
482566.375;524750.999;524661.935;-262.4487;86.1006;85.5861;
889926.697;466554.050;466530.528;21.6248;-6.0866;-6.0512;
448243.472;545119.620;545073.550;-377.8483;300.0390;300.4050;
447126.756;537125.964;537075.197;-151.5760;228.7144;229.7201;
481085.230;534269.288;534204.797;-379.2228;-388.4903;-388.8915;
392325.347;475124.164;474934.425;379.0519;283.7929;283.6440;
467906.854;470503.628;470281.107;22.2753;98.8650;99.8368;
271173.484;923331.711;923148.065;-95.5611;89.9349;89.8590;
453118.111;570019.433;569982.352;152.9925;84.4234;82.8557;
427362.557;550951.412;550842.910;-255.9247;173.1972;171.3098;
444117.840;557319.058;557264.548;-69.6156;-383.3526;-384.4066;
515421.588;554684.834;554708.461;93.7360;249.1406;248.3018;
474367.454;555737.458;555727.331;-397.8225;221.9260;221.9378;
404135.829;299946.820;299745.744;-2.9292;-85.3683;-85.8572;
469770.215;532470.411;532334.495;944.9571;-135.8349;-136.1500;
461138.362;557066.169;557036.267;-370.9466;643.3906;643.0814;
329732.862;492654.627;492723.058;-564.5802;-217.7571;-219.4211;
251542.421;326382.675;326298.537;-191.4472;64.3024;64.2345;
419637.257;504453.426;504100.892;-280.9413;120.9869;120.3238;
481139.212;513646.937;513587.291;582.3450;533.9765;534.1967;
437374.144;529147.150;529002.096;-148.2842;439.3882;439.2160;
732669.265;428383.875;429415.732;-261.7102;-126.8352;-124.6004;
587760.985;605264.328;605265.516;-129.2229;51.2219;51.6365;
497939.690;514268.666;514072.468;-562.2973;156.1149;156.2083;
469288.310;525707.796;525624.578;414.4688;-155.8837;-156.2515;
454531.015;551361.990;551367.842;-41.2805;-170.4805;-165.6872;
584875.261;436052.963;435724.877;20.4533;-271.3998;-273.1457;
447647.618;594387.942;594275.652;453.4326;-248.2386;-248.1118;
433355.483;520890.363;520748.042;115.1291;-411.6666;-412.4245;
469164.284;626939.564;627019.309;455.5646;12.1733;13.3445;
494268.007;575468.919;575536.013;223.3213;110.1568;108.4899;
430708.788;321579.093;321022.981;259.4077;160.5119;160.4067;
490445.499;526709.927;526594.080;610.8785;112.9691;114.9302;
480029.906;558176.724;558126.844;670.6887;-576.7545;-575.6960;
444463.075;602414.787;602534.525;-48.8130;220.6943;219.9628;
404297.597;454934.162;454918.531;-659.8950;86.0749;86.0312;
460410.968;553147.569;553112.653;144.1807;384.3045;385.8216;
434953.337;557451.926;557354.522;428.3608;-853.7242;-857.2279;
503993.255;566888.244;566950.183;-338.3423;-193.5712;-197.7351;
473865.161;563377.602;563353.892;-510.5359;-107.1825;-107.3795;
424432.203;529436.484;529276.753;-415.1002;-18.1321;-19.9757;
475468.691;543830.605;543736.061;1225.1011;269.8696;267.5365;
476540.795;451440.993;451215.553;-95.5874;-45.7523;-44.8669;
437269.944;537977.616;537872.297;160.1190;406.8155;408.3458;
442889.928;540981.639;540926.271;-155.6607;99.4631;100.0838;
490140.165;540916.113;540885.421;-190.3367;-117.5497;-117.7561;
475177.724;538806.748;538740.848;102.7236;185.4688;187.6070;
473736.206;558290.279;558232.168;-27.1651;747.1197;749.3490;
479246.211;594328.209;594304.639;-168.4758;100.4131;100.4811;
483991.399;525968.864;525967.658;1053.5718;-68.0403;-68.3274;
146651.734;61419.997;61425.007;-131.5840;-268.2046;-267.7946;
415775.049;569310.338;569217.905;184.9386;470.0990;469.8867;
465155.355;545352.098;545351.769;287.3663;-325.2064;-324.2609;
447755.194;554991.295;554958.491;382.5829;-154.9348;-154.5901;
171252.551;638365.095;638380.930;-290.7078;-43.3153;-43.7441;
468642.903;558045.228;558033.311;711.7389;67.3754;68.1434;
484381.099;588155.446;588220.264;-668.5591;117.2919;117.7480;
457763.538;542696.639;542706.198;-978.0521;17.0274;12.6798;
576354.254;530226.572;530103.855;106.0932;73.6427;73.7740;
464332.012;557409.299;557395.325;-730.4561;134.9858;134.1848;
455435.730;546269.261;546193.091;143.5639;396.1996;396.6018;
493290.801;566440.958;566499.893;-51.6462;194.2882;194.5039;
