# This file was created for the Modelling and Simulation course, RUG (September-November 2019).
#
# Project: Simulate colliding galaxies, using Barnes-Hut algorithm.
#
# Students:
#     Stefan Evanghelides (s2895323)
#     Hidde Folkertsma (s2759799)
#
#     X         Y         Z         DX        DY        DZ
463694.626;545999.891;545752.069;323.6585;-220.3128;-223.8872;
482698.753;536474.603;536072.707;-439.6155;-423.3554;-420.4315;
812231.032;724385.562;724295.881;24.8094;-121.2156;-121.4555;
446522.856;539042.769;538766.057;539.6544;292.9650;293.3764;
469159.110;550035.038;549989.608;432.4873;-505.8493;-509.2498;
550002.632;627549.531;626903.382;-91.1929;533.6674;531.5006;
426740.715;398740.006;396610.118;-346.7272;5.2859;3.7443;
593303.468;781259.852;779996.029;44.5869;246.0389;248.1951;
539954.647;509793.587;509532.875;229.7610;240.9353;241.1159;
198213.288;518438.901;516455.796;71.5838;-62.1315;-64.9107;
945277.658;593276.507;589614.682;391.0051;26.5136;21.0340;
464506.152;516452.311;516014.940;20.8152;-385.4101;-395.0724;
476017.188;535795.550;535390.329;-80.8266;343.4187;338.3883;
337927.168;443536.113;441927.825;418.0945;-55.4675;-56.9381;
65765.304;491543.388;490608.978;-323.6583;-28.0091;-31.1819;
483309.778;545497.736;545356.817;-393.7220;373.0980;382.8445;
478373.593;519847.351;519600.273;1062.4975;-612.3382;-605.0816;
235684.098;468399.099;467627.515;176.0101;41.0210;44.8150;
397625.329;569790.662;571805.378;-158.5321;84.7693;94.3426;
496771.297;534133.201;533980.024;-679.4342;211.0292;216.9245;
512708.463;582987.849;583129.662;-457.5148;369.9562;373.6136;
541498.963;539914.891;539599.807;570.4697;0.2013;-7.3079;
469518.682;555867.579;556007.507;172.3630;-166.9002;-171.9256;
666036.643;572483.152;568756.029;148.2659;-96.6778;-102.7511;
458120.473;523993.039;523621.191;-604.5264;251.2559;231.5529;
490410.245;527552.893;527058.181;287.2142;-214.1065;-216.5616;
484003.852;529141.846;528706.100;436.3106;313.7428;313.7096;
430128.233;536962.426;536732.523;464.5668;-446.6426;-459.4953;
465958.149;551447.549;551211.443;9.5902;-144.9427;-138.6314;
903560.626;136652.980;136664.264;-5.8590;-6.7917;-6.8151;
587776.758;435578.382;433164.121;16.7280;214.5564;219.6723;
471133.820;529995.833;529739.455;-80.7855;84.2697;81.6662;
444629.339;522979.424;522583.327;183.4829;377.4441;378.2224;
447824.472;569182.958;569674.379;120.9299;605.3341;603.7994;
473396.948;537748.556;537505.728;-51.7252;312.8969;318.5689;
458693.532;533438.465;533171.473;1401.5466;650.9663;637.8418;
493678.741;544129.124;544200.249;-340.6255;26.3858;25.0402;
482225.008;526805.194;526551.045;-91.8016;50.1484;58.7260;
493703.552;549125.555;549096.145;-402.0727;-207.4633;-210.8827;
474745.491;544726.265;544470.197;236.7459;-370.5307;-377.3462;
349019.314;549409.340;547736.534;550.5770;226.4232;229.6484;
481540.602;532260.369;531956.025;845.0143;445.6499;459.1995;
431550.548;557870.007;559908.250;64.6066;426.2071;468.7140;
418394.118;570568.929;570289.508;2.1285;-475.8828;-468.4347;
426478.874;529808.918;529630.648;-570.1418;77.8588;61.1501;
455739.738;525383.645;524952.879;385.1032;205.3348;198.1222;
609170.008;397348.537;397181.755;-256.7464;294.4162;293.6218;
456954.505;546824.491;546810.169;-723.2934;-526.7773;-539.4175;
631293.380;688426.380;687048.713;-205.0935;-73.5251;-72.6131;
572253.247;633406.813;630741.253;11.2029;76.1503;72.1107;
457112.121;507615.824;506923.112;-812.8977;136.8566;132.9297;
463383.546;547357.440;547241.752;-30.6145;-82.8863;-80.0770;
569300.838;553210.322;552323.720;331.0610;-274.7391;-298.2918;
188922.496;451229.321;451820.671;52.3131;146.2475;147.4135;
451663.438;522219.982;521591.117;273.0964;57.3226;72.9245;
500486.529;566981.350;566379.110;-409.4785;142.8800;144.4874;
486941.517;538299.082;538099.542;264.4767;729.0053;740.9472;
527437.885;680568.313;679228.434;92.7740;-37.8263;-42.3449;
473826.990;583553.284;583355.233;-408.3941;168.1796;172.3506;
867295.063;663382.570;662884.315;-158.7947;-3.8575;-4.2017;
471305.574;548459.974;548335.522;-540.4371;519.1431;517.0231;
42316.761;585432.028;585149.880;45.8058;79.9448;79.8108;
416858.352;539800.939;539637.919;-580.7916;72.1089;65.4235;
490540.731;569562.206;569558.038;-623.7339;-268.1932;-261.8879;
480726.349;547491.811;547370.126;833.1340;253.7505;260.1453;
55318.622;16058.711;15037.297;-13.2093;-72.2679;-72.4066;
488442.314;534320.322;534299.809;-150.5118;-309.0947;-325.8118;
456895.859;544457.581;544587.572;-671.2564;445.6199;471.3356;
463404.170;552983.720;553086.740;7.4917;-292.0808;-282.6801;
473932.189;498239.861;498536.000;-598.2504;85.6522;78.9189;
427153.567;297408.767;292484.084;-29.8356;-42.7447;-44.6746;
471382.660;520885.325;520458.916;634.3018;-56.0524;-65.2033;
822383.064;476084.315;473726.013;-20.0515;-28.4494;-26.6902;
345610.400;570311.470;569186.071;177.9837;296.3378;291.5176;
474498.342;535601.538;535890.781;923.7110;-674.6225;-669.8148;
647351.936;441877.734;440923.243;33.1799;70.9943;70.7741;
475467.887;517922.345;517728.028;-295.9935;-459.6279;-459.3716;
478130.311;460112.830;459766.991;-111.4697;82.5872;81.6824;
462845.831;545308.684;545089.675;386.1612;174.9155;177.3508;
480742.675;529738.220;529437.563;680.5236;197.9193;202.2192;
474654.897;495381.243;495088.388;329.6048;-119.8592;-120.7955;
354248.776;604543.417;604361.336;-270.4289;181.2462;180.7964;
417866.558;532660.840;531318.505;420.3082;235.5877;231.9987;
467952.186;531311.964;530973.255;316.7866;-73.2246;-68.8219;
378975.086;515934.843;513501.343;217.1362;-252.3170;-244.7741;
472294.465;543991.737;543669.514;-589.6482;-220.6246;-227.4586;
466901.400;523823.218;523454.480;-34.4635;774.3094;778.4270;
484679.165;543656.482;543513.355;68.5859;-588.8767;-587.4827;
450334.025;569643.868;569155.358;188.5730;-363.6587;-339.6651;
504297.361;548729.274;549219.139;592.6263;-490.9673;-483.6100;
619745.626;536262.481;536042.289;-376.4761;215.8827;216.9552;
472470.920;534261.000;533935.191;-1004.6304;-0.6865;-2.4550;
670654.384;665429.541;665276.251;135.5787;-15.4259;-16.4015;
853368.132;649951.565;649194.101;201.2646;-8.5648;-9.2620;
459315.596;523582.620;523247.618;117.5030;951.1561;923.0665;
552014.995;525972.555;525940.521;299.0079;506.9796;506.7344;
538655.125;525103.079;524467.949;-464.7241;-332.1355;-330.5565;
320982.119;489906.160;490030.403;-412.0500;-173.0172;-175.8330;
440204.776;488906.550;488443.324;-481.8510;-80.6592;-85.7465;
629048.565;452977.649;451893.179;-176.3930;-63.0627;-65.1975;
498233.389;514849.663;514775.274;-710.1902;-371.4757;-385.1103;
830244.869;474970.809;474630.086;-114.3078;24.1281;21.1066;
490759.081;560541.862;560564.191;-842.3948;80.2869;73.8975;
450611.766;532757.734;532321.297;-666.8672;326.5371;327.1237;
490674.345;565261.585;564707.135;406.2804;-405.0461;-395.3973;
870772.465;727251.230;725593.174;93.4887;35.4591;34.1632;
433634.068;539673.688;538702.282;159.5389;-113.4801;-116.5071;
472420.904;532463.219;531935.693;-129.4421;769.8577;766.9666;
494961.252;564809.267;564638.983;-360.5287;-252.5833;-254.0845;
460444.168;537249.414;536904.404;-95.3347;391.5599;395.3924;
475738.643;545598.180;545338.152;18.7295;-286.4538;-291.5265;
414354.090;527573.945;527016.248;99.6458;-92.7669;-95.7979;
416187.125;226622.664;225643.324;15.1289;-9.2286;-9.7162;
491642.838;541637.617;541637.251;434.4666;-732.8898;-719.9619;
506181.073;525658.733;525423.848;692.7857;-397.7945;-410.3555;
324478.450;477574.973;475833.056;498.3958;293.5216;288.8457;
264212.590;569796.893;569105.620;360.4705;125.2744;130.8259;
456391.415;541359.761;540964.103;-325.8010;246.3646;245.0954;
505176.756;517729.991;518070.723;416.5511;-240.9865;-223.7112;
454084.186;522296.129;522288.686;-228.5751;-154.7163;-160.1847;
538364.450;780718.231;782063.833;327.8711;160.5028;163.5003;
392283.445;549387.167;549013.217;-396.5445;-112.1099;-118.9607;
588415.444;503836.918;504741.540;376.1250;-256.8245;-254.0594;
487693.632;529308.710;529039.767;-835.7711;148.1529;144.4718;
453935.071;545348.831;545123.489;-770.1146;-123.4423;-117.1513;
489934.741;262982.292;261338.564;-93.5344;8.9039;8.5191;
472021.090;538270.311;537887.853;-290.3355;27.2104;26.0232;
459152.833;543202.500;543507.993;-284.6221;-516.3099;-515.4131;
552285.848;551620.017;551459.380;703.7548;-106.5198;-97.5127;
481918.408;543209.368;543105.952;-187.3676;-97.1141;-89.0271;
16716.486;484200.054;482802.849;-322.5462;-200.4104;-202.0011;
459662.735;506157.054;505624.628;-124.5726;207.6210;213.7484;
486524.439;542702.134;542471.542;-461.8843;128.3626;139.2631;
541219.440;564729.808;563971.554;646.6634;8.2743;4.4580;
402225.687;493027.560;495961.141;-650.6092;308.2304;330.6960;
462519.371;544705.101;544580.569;1052.4936;-21.3952;-13.6218;
512491.915;571220.924;570718.533;280.4288;251.1839;251.9817;
465870.494;527728.201;527288.331;427.6436;-106.0989;-96.6473;
493432.501;531458.973;531236.492;88.5773;-314.9230;-320.9415;
448736.070;543640.584;544070.138;-880.1244;557.5361;575.8295;
453089.371;536832.846;536612.990;-442.0860;-935.4338;-964.1892;
545912.646;485328.524;485309.527;254.9028;-328.4152;-332.3761;
471957.216;566618.105;566753.484;-457.4423;376.8202;372.0982;
465586.951;535525.959;535188.630;4.7918;266.4306;266.8557;
499129.031;530895.043;530641.026;680.3832;-363.8698;-364.1695;
458027.956;512005.397;511383.376;358.7119;-490.1030;-495.9067;
400238.163;582351.965;581875.042;-229.2562;-70.0831;-83.6311;
417861.985;516929.982;515542.939;579.0174;-2.0998;6.1405;
420571.902;529920.076;529145.142;561.2828;-449.4328;-439.7970;
832533.541;680483.084;680442.006;164.3170;-38.0558;-39.1741;
489457.142;525283.400;525278.129;54.2696;-209.8155;-212.6107;
482775.499;534497.623;534240.899;-997.6925;14.1926;3.7072;
517215.423;554676.235;554961.517;556.5056;638.9208;633.5425;
416171.213;532648.316;531366.619;-426.2637;-353.3843;-365.9052;
446547.373;543775.386;543854.852;-327.7518;-869.9212;-902.6675;
490385.812;538173.586;538078.948;563.5418;523.2340;532.0064;
596.367;316515.461;317522.694;-271.5898;-124.5060;-121.2361;
485909.120;520884.039;520463.967;257.5360;-114.7685;-118.8714;
467324.995;530668.993;530236.549;-208.5344;-709.1311;-719.3114;
452650.240;549477.364;549564.713;77.6216;38.3493;45.8626;
