# This file was created for the Modelling and Simulation course, RUG (September-November 2019).
#
# Project: Simulate colliding galaxies, using Barnes-Hut algorithm.
#
# Students:
#     Stefan Evanghelides (s2895323)
#     Hidde Folkertsma (s2759799)
#
#     X         Y         Z         DX        DY        DZ
456131.779;525407.623;524911.564;-87.3808;334.5782;333.3270;
467449.067;514472.646;514095.195;337.6117;-195.1534;-175.1591;
817744.683;685609.931;685423.056;10.7214;-136.0198;-136.4192;
454339.209;518751.877;518306.408;-115.5744;355.4511;368.3332;
469222.731;538245.864;538304.663;-48.2651;-131.0498;-129.4233;
508621.745;759184.040;757386.892;-153.0775;369.0067;364.8476;
333532.124;422966.675;420718.255;-254.5043;148.6366;149.3814;
597203.548;840485.960;841344.383;9.2605;141.4610;153.1697;
423584.695;501193.421;499769.029;331.7369;-469.6061;-479.3739;
254388.823;496246.709;494544.178;263.8400;-80.7632;-68.8374;
471914.015;524573.036;524483.911;736.9987;-555.1557;-559.4186;
475386.531;527493.362;527333.009;-276.4424;-110.5288;-103.4894;
493161.861;470141.880;468793.478;558.1547;340.6755;346.0654;
457482.119;528365.946;528010.264;-237.2337;-86.8628;-77.4725;
410802.167;520526.903;519879.361;-577.2954;-297.4812;-316.2798;
327280.921;490974.746;491244.377;473.6364;124.5607;126.6421;
495576.515;494961.666;496220.336;167.3309;-423.2357;-424.4621;
451331.757;548999.260;548759.467;362.6023;68.8162;78.9181;
364834.663;633448.963;633943.223;-451.0226;51.4763;50.4933;
610335.903;528508.539;526369.095;-51.2248;-61.7474;-59.9501;
478496.777;550451.321;550405.900;197.3124;-20.3232;-15.4965;
663468.731;536302.127;532195.321;-192.2754;-136.8035;-128.4183;
460441.117;515229.129;515054.286;-551.4821;-294.4547;-287.9797;
466549.763;539350.993;539379.768;572.6977;82.0404;86.2263;
491133.556;523829.945;523511.488;590.7278;-205.9192;-209.4179;
426609.535;513953.431;513517.912;313.1096;-235.7463;-226.4084;
476886.846;525234.415;524944.163;-29.1941;792.8556;795.2039;
900838.045;135495.535;135498.719;-12.1350;-0.8991;-0.9294;
521211.344;531768.425;532105.565;-870.7630;341.6107;339.3881;
456616.934;520986.715;520549.547;611.8353;-365.9064;-351.6611;
494354.548;536595.150;536677.899;1014.3603;-89.1501;-88.8928;
434314.759;496283.369;494892.600;-827.2312;-114.6586;-140.5481;
468907.422;523022.384;522768.740;-350.4870;-360.6636;-378.4014;
624373.516;600837.259;600898.115;206.2777;89.1246;87.6591;
467987.783;525683.731;525358.450;-454.2208;-25.9210;-34.3441;
442574.878;541333.436;540870.746;-333.2468;-71.6042;-81.2723;
494856.356;541659.760;541649.133;193.8492;73.9696;76.5190;
473424.055;534242.714;533965.371;-13.3204;-485.5810;-485.7552;
561857.634;506507.411;506803.690;208.8546;-460.3053;-476.1612;
435019.555;532924.903;532410.721;-170.5039;-603.9358;-615.6124;
424273.490;512502.537;512174.760;-148.7561;377.5980;343.5358;
578094.281;549254.480;550304.475;128.4725;180.0508;211.6526;
460385.146;514704.649;514117.289;-863.2796;407.7089;454.1387;
483012.500;560156.304;560394.591;-246.4407;-177.9750;-191.2149;
484656.189;537230.257;536687.524;-1251.7321;641.2333;662.2455;
506758.243;523766.058;523660.498;486.6665;495.2084;495.3249;
561845.708;658925.852;657847.104;-262.2668;-131.6804;-131.0321;
558253.660;642741.574;639642.462;-106.4774;-6.6042;-4.5377;
442651.515;538078.964;538020.802;-144.4692;709.7177;718.4209;
476903.014;542320.610;542392.506;172.3826;284.2853;285.8857;
429245.047;541524.923;540407.304;-626.9937;648.2582;632.5654;
237371.928;506037.227;506063.440;332.2570;212.0424;200.2087;
472089.463;541725.615;541931.189;-473.1901;219.9757;214.5590;
461025.555;544576.291;544922.424;-820.5172;400.1725;391.7977;
471095.413;533903.644;533669.243;-830.9890;409.6879;407.3782;
549924.777;646509.861;644446.782;54.3067;-196.4876;-198.1576;
390423.212;545471.227;545963.903;-3.2641;-312.5209;-317.7173;
815674.988;659458.100;658832.871;-179.5312;-15.4429;-15.7966;
486885.588;519463.048;519500.018;-253.8492;-158.7799;-165.7728;
59315.830;608971.487;608646.924;66.6313;75.9781;75.8337;
513545.561;514943.644;513657.551;-636.5965;-43.9227;-40.4784;
437905.660;563497.267;563185.081;-181.6942;199.6646;190.0800;
444030.596;522417.801;521847.685;-544.9689;262.3368;277.3511;
481744.829;518264.956;517818.308;373.0508;-113.5990;-112.8568;
481370.953;510741.311;509737.954;354.0719;-431.7188;-431.5563;
489385.324;512526.829;511975.730;-135.7055;313.4616;311.7391;
517833.187;531173.706;531226.734;-44.3759;-394.0207;-416.4304;
420705.402;292284.900;287032.932;-11.1694;7.4658;7.3688;
494212.163;533338.366;533105.783;-447.8268;213.7191;202.5879;
810183.850;469579.570;467953.250;-64.2750;-12.1178;-8.9003;
484681.844;595635.300;594967.782;600.7614;-234.9697;-226.1761;
523992.363;507006.316;506310.737;-386.6012;270.6681;284.0526;
643148.671;468949.604;468046.588;-68.1712;106.4807;107.5489;
472355.046;534604.873;534254.258;-314.6867;-599.7280;-614.3795;
451545.802;584007.945;585108.993;29.5842;40.2937;41.4639;
460424.582;516234.982;515742.002;122.9910;435.7759;447.4069;
482425.079;525032.205;524795.130;-379.9414;-92.7084;-99.8587;
429372.791;529089.743;528310.741;742.1689;-337.5313;-342.6623;
307715.287;634256.440;633865.959;-60.7667;36.8792;36.0562;
437367.053;538600.183;538953.355;-91.7275;365.6714;351.5195;
474673.681;526860.517;526643.312;1267.2929;-101.5105;-88.1324;
459910.741;568259.956;571467.798;-354.3628;-343.1067;-347.2235;
463898.184;530683.335;530256.869;-423.7412;202.1593;195.4007;
482429.857;551289.368;551399.998;156.7389;673.4198;672.7420;
460603.609;525127.029;524981.643;146.1134;-681.0036;-672.5846;
463451.075;568758.497;568260.371;239.4388;-14.4348;-0.9513;
494107.447;551892.063;551543.093;696.4719;-353.3569;-362.8288;
393998.699;524869.428;524815.314;-515.0534;-567.8752;-576.3432;
471638.094;530251.623;530121.393;236.3399;397.0196;414.5262;
707236.889;658251.214;657790.931;107.5996;-31.5336;-32.5686;
905218.848;650565.405;649693.074;139.9582;4.8391;4.6344;
437332.438;498654.466;499518.565;-230.0632;-257.0842;-230.1237;
490795.606;620114.617;618970.588;-384.6219;96.2151;81.3074;
396734.622;557792.230;556350.536;80.8390;322.1318;321.5871;
214722.415;446888.459;445817.413;-312.3582;-111.6216;-115.3501;
501676.764;539938.047;540191.846;751.6223;-401.0523;-399.8317;
543944.853;450870.965;449615.996;-367.4730;62.9370;64.7118;
449183.859;516800.974;516586.140;-208.3916;672.0036;678.2795;
792633.859;481986.114;480560.671;-133.0301;20.0922;15.8080;
441994.009;531330.123;530796.025;127.2762;-418.8350;-433.8960;
472112.542;560342.466;560326.951;526.9517;13.7847;17.3051;
393072.713;481653.905;478812.493;-380.2026;59.6249;45.7515;
893613.107;734667.715;732667.481;59.2248;14.6291;13.6298;
436563.121;529173.138;529104.549;-62.4927;44.3819;43.1945;
481783.663;512079.885;511585.643;634.1535;-74.2912;-79.5223;
489131.670;513785.855;513607.194;1110.9161;-113.7409;-102.1236;
458336.698;519630.760;519167.907;303.6897;-314.9901;-306.5215;
477956.137;517298.769;516990.343;227.1611;467.7601;485.0865;
501753.500;535285.502;535771.824;-104.4451;-9.3159;-15.3026;
421248.195;225859.665;224722.826;18.3352;4.2986;3.7391;
488532.464;562699.516;562678.960;43.8937;-174.3520;-181.7069;
410545.614;564857.561;564362.820;-24.4805;206.1597;204.1682;
609439.310;544465.306;546823.375;755.6028;-81.8072;-94.8832;
407055.505;594424.483;594554.265;591.5722;-3.3733;-11.1289;
471819.484;524365.864;524119.457;25.1035;139.9554;139.4993;
477945.317;493930.297;493856.686;-267.5666;-335.1804;-334.4762;
490212.229;513459.384;513630.777;478.3073;413.1961;411.7823;
640793.885;826717.685;827426.498;322.3916;157.1785;150.1463;
325417.161;512825.542;511515.270;-104.8258;-117.5168;-118.1925;
617381.645;453935.914;454034.549;-111.7547;-77.5193;-84.4076;
464592.245;557941.374;557771.178;425.4198;-29.5511;-24.7511;
457159.933;523628.511;523079.746;-997.6175;121.9055;134.2665;
460226.847;271620.930;269822.558;-103.8919;49.2087;48.4290;
476826.937;529374.591;528954.858;446.8185;-423.7157;-419.1947;
479153.149;529568.410;529167.552;480.5091;-568.1305;-593.3244;
630464.070;508853.132;506957.488;-37.8761;-102.4132;-111.2302;
473361.260;525825.887;525695.371;462.5356;-190.3351;-185.9865;
483761.529;537058.623;536966.244;227.2025;774.6480;775.4031;
462289.907;519132.787;518869.185;310.2475;87.2046;89.5476;
672428.179;537500.431;536356.937;318.9349;-125.2990;-130.6892;
379771.806;615163.477;611397.703;332.4306;295.1967;278.5309;
465827.286;508155.448;507476.017;-304.3863;8.2903;8.8407;
387214.508;496637.225;494367.012;-312.1585;-92.4589;-100.6057;
450434.724;525009.124;524389.526;-548.8943;-368.0647;-377.1248;
466463.566;510769.584;510082.255;99.9714;361.8181;364.2926;
497794.890;497791.490;496877.985;244.1648;-251.4892;-269.5557;
494171.338;513165.193;512932.016;1239.3922;151.3350;162.9556;
575783.515;439678.365;438174.455;-26.0257;4.5057;0.0371;
519523.379;518903.152;518554.830;39.8887;241.2445;246.6845;
471760.035;525598.039;525309.243;484.4159;262.4417;270.1459;
478961.365;504770.634;504791.750;-70.3293;182.1377;187.9395;
514806.268;517726.536;517446.399;-109.9877;238.4317;239.7586;
539398.772;518773.287;518464.842;-143.2735;179.8982;185.4447;
459741.312;553877.402;553832.955;-707.6044;-476.2297;-478.9868;
508786.027;561401.668;562170.258;-480.5087;5.1375;12.8825;
879182.330;664715.886;664231.948;142.0154;-63.6156;-65.3420;
467838.063;539917.395;539473.721;388.8038;46.0254;68.5346;
474474.983;550945.879;550821.436;556.4896;-129.7100;-120.8711;
502569.042;616531.970;615064.636;-326.1102;-187.9026;-174.1478;
444471.758;527866.944;527287.833;-291.5358;-859.3142;-902.9592;
422215.935;560207.617;559280.438;-209.3520;-413.9364;-410.5967;
493487.539;533622.008;533759.911;246.3201;40.4410;42.4025;
445075.297;537351.306;537249.549;85.5159;2.7745;11.8377;
465418.450;541009.639;540521.371;-380.5015;235.6270;236.4155;
450444.237;543230.889;542812.313;246.4559;263.8312;259.5989;
