# This file was created for the Modelling and Simulation course, RUG (September-November 2019).
#
# Project: Simulate colliding galaxies, using Barnes-Hut algorithm.
#
# Students:
#     Stefan Evanghelides (s2895323)
#     Hidde Folkertsma (s2759799)
#
#     X         Y         Z         DX        DY        DZ
471769.791;543823.117;542541.068;172.6845;341.1496;345.2420;
449995.700;532991.358;531790.200;-245.8900;-454.8884;-449.4630;
788280.925;556545.701;555845.987;-89.5127;-164.0035;-164.6703;
485214.377;544357.167;543051.942;337.3663;-529.6563;-491.1000;
448551.031;545658.992;544054.725;219.5227;79.3278;67.6249;
382362.825;622505.212;620308.481;403.9094;223.6472;215.2296;
600338.699;921059.398;930908.569;-5.9751;58.3985;67.9496;
311430.834;527656.602;527472.044;159.6326;-165.1111;-155.8126;
562375.945;594716.076;594789.704;-431.3434;-179.7266;-206.0371;
477945.588;563354.867;562273.320;-779.2378;-232.8974;-251.2183;
486624.734;549148.513;548413.188;-175.9579;52.2634;43.3421;
575173.638;533118.572;534801.232;510.5537;406.2052;400.2523;
502957.055;525044.266;524748.031;120.2458;171.4540;187.8062;
513938.302;517997.056;518576.931;-642.0281;-48.5972;-51.9289;
591387.975;646198.266;644009.552;-118.8773;-120.3609;-143.4656;
436565.518;468975.040;464010.546;-93.6969;10.4471;0.2764;
483835.114;530842.116;529305.136;-314.8060;-139.1972;-158.4632;
76125.472;614602.939;612434.499;-277.3127;-55.1580;-57.4703;
560581.848;505193.062;504476.697;117.0239;-89.9935;-93.5623;
526939.052;553146.825;553862.776;177.1413;-31.5543;-21.8295;
510509.532;551476.458;550453.383;-175.8294;-794.0952;-792.2092;
480561.473;545520.946;544651.071;-369.1039;212.5132;211.3230;
479008.479;539427.967;538435.992;-359.8430;16.3253;17.3519;
473912.959;514558.562;513146.339;-230.5797;-468.3304;-463.4864;
505534.746;549976.794;549475.569;-130.2068;289.6814;290.9643;
510843.368;531083.775;531381.844;-258.8699;9.6245;36.6299;
883117.997;141980.845;141945.567;-29.9027;16.6567;16.5859;
549545.926;592603.226;591206.243;-194.7472;-159.6093;-177.0976;
498341.461;539502.030;538964.658;-264.8173;26.9644;46.9232;
510060.189;540786.775;540906.354;75.8601;-472.2404;-479.1638;
719567.280;493139.951;492948.517;195.2141;12.2861;19.9302;
494836.002;538381.937;537565.317;-333.4499;779.1976;746.8956;
418199.735;442588.597;436106.466;-67.3195;-286.3319;-281.8888;
459213.329;532778.203;531999.921;-723.2241;283.6238;253.6163;
449534.152;518778.623;517584.693;-38.1418;-121.7686;-115.4383;
498519.924;543965.533;542906.199;363.3597;-460.8065;-457.6184;
482611.695;533096.708;532077.898;526.0549;-15.0984;3.9703;
459652.289;411540.952;406870.315;-178.9146;174.8576;180.0100;
506651.519;537458.106;536926.509;-520.5235;611.0171;663.2763;
473959.110;532943.825;531632.262;155.6054;305.6544;373.3953;
508299.936;528457.236;530420.418;-323.4974;472.9901;369.2404;
468711.005;561706.008;561572.534;347.4876;572.1192;581.3904;
438397.797;540829.663;538086.789;450.8766;-116.8474;-102.2472;
19225.031;603115.147;604954.665;-330.8721;36.9990;35.0885;
455475.226;523256.455;520954.099;-459.5592;-634.5587;-649.1768;
571897.052;431340.885;429651.132;304.4052;-97.7572;-88.5561;
580441.881;449303.742;448577.674;379.2017;-167.4324;-150.8858;
477800.354;545794.764;544411.492;682.0243;764.8017;797.3838;
496355.180;550226.429;549840.126;-1215.9105;447.0611;405.3685;
518630.187;535120.031;535586.026;-113.4148;-819.3001;-837.2633;
625473.907;324760.486;325310.461;103.7003;-345.1874;-353.0454;
443332.074;531027.542;529863.378;86.7247;-226.6531;-210.7632;
473069.153;558959.891;557005.016;675.6884;-386.3275;-365.1505;
428176.362;540551.026;537974.351;-163.7341;-226.8461;-226.6291;
357282.715;570263.821;566478.994;166.7053;136.7150;158.8681;
506336.166;640098.334;640408.344;-234.6576;195.2033;181.3622;
605613.860;615548.159;615706.758;-377.8838;-111.8923;-104.4984;
472357.709;515911.756;514109.020;8.3738;-258.7853;-237.7844;
140850.420;665970.189;665521.470;125.8857;54.6088;54.4269;
524855.184;553775.697;555254.655;323.3792;-395.1312;-403.8755;
492224.743;543072.798;542354.741;268.1422;-35.9019;-46.0384;
458242.959;551100.453;549640.391;-189.8270;478.2143;475.6210;
477257.753;541742.461;540661.719;326.6562;-182.5804;-154.8698;
464654.241;569332.954;567703.735;-324.3110;379.7566;368.2154;
464983.247;549917.431;548447.522;296.7012;591.6383;581.9624;
499442.821;561726.250;559609.478;613.3567;72.3406;80.9801;
429450.351;355211.636;355740.211;8.2041;180.1130;186.3125;
485543.942;553519.669;552759.638;1039.3660;-356.6893;-382.7285;
703578.064;483638.918;482518.438;-197.1402;70.6228;72.1258;
749473.553;475089.127;476274.614;488.5387;-297.0220;-326.4989;
411546.295;568976.332;566027.623;76.1064;-33.5118;-32.4571;
400644.377;500782.944;496315.910;-84.8606;-142.5156;-156.7675;
478225.630;537240.444;535366.644;485.6572;778.1706;880.7110;
507864.759;506179.674;506357.417;586.9794;-555.4172;-532.0823;
475995.663;537395.960;536045.969;-319.0938;-620.9365;-602.1757;
485430.140;546397.087;545204.654;-356.3492;379.1888;377.2759;
579622.735;417844.262;414801.642;422.2180;-26.9072;-14.1184;
525806.380;511171.041;513582.343;722.6106;-475.6889;-413.4891;
489217.389;534463.679;533234.729;247.0099;38.1588;24.6422;
490116.556;534884.508;534306.885;558.1045;195.9135;196.0416;
460547.038;530608.192;528255.501;926.2971;155.7446;43.3989;
475074.979;539688.163;538163.876;-330.2127;456.1126;432.9115;
477316.237;536781.738;535366.217;-1004.7169;217.3362;157.3486;
484525.408;525667.381;524884.960;24.7278;-286.5320;-298.6963;
513841.959;560872.175;559400.045;742.4298;537.5905;558.7506;
478258.642;570869.239;569800.117;190.4645;317.1035;284.1621;
383324.603;265351.961;253088.787;103.2816;-181.2848;-189.6440;
503660.599;536333.976;536170.497;-212.3735;498.3913;512.8128;
769345.026;622819.985;621636.321;35.5756;-51.7988;-52.4407;
946809.551;630259.114;628958.243;-1.8748;-57.1304;-58.1527;
562813.182;447988.970;447853.502;-17.8610;223.8619;183.2811;
511536.907;501044.872;502250.229;375.2364;548.3587;543.4790;
404375.645;563247.529;561449.668;163.2061;273.7548;268.5213;
2511.851;370457.853;366442.376;-212.9366;-77.5965;-80.8826;
481680.823;505743.215;504901.864;-562.7874;-385.8349;-405.3470;
690620.123;633881.749;636621.475;323.7218;-4.5931;-3.5466;
522896.169;536087.819;536693.039;302.2468;124.7564;134.5012;
629489.965;510718.911;510131.048;-300.2194;44.7206;68.4971;
486066.970;551012.411;550177.675;-325.4542;-186.3324;-217.3960;
438555.572;564782.449;563320.744;-2.8395;158.7106;182.3474;
569735.152;469794.135;471315.032;-54.5575;-325.9627;-298.3959;
910578.398;727919.193;725291.597;-17.5169;-28.9000;-29.4167;
467842.611;518780.486;517835.229;392.8015;202.8782;201.0005;
469520.248;536365.046;535011.942;-321.9564;29.5265;-5.9802;
458234.986;534250.268;533065.031;523.2282;-420.6214;-424.5456;
494014.434;510070.287;509208.535;565.1421;52.0244;67.4244;
443190.155;538601.404;536308.567;-454.1059;82.9446;57.4166;
466927.849;543273.566;542696.363;-117.7365;142.3357;130.2290;
439124.386;246069.714;244377.662;22.4469;43.7688;42.8369;
481242.058;543586.655;542242.662;-1286.6096;-53.0874;-120.0843;
426113.615;513959.996;511713.199;-567.8594;81.1758;32.4710;
893949.001;406132.055;389816.179;132.2336;-146.5025;-160.9203;
356757.171;438558.206;435838.233;-236.9558;70.9103;64.5877;
486212.580;531477.927;530358.383;-360.5473;426.9173;411.4779;
459505.905;531589.010;529621.894;-661.2751;600.9994;588.9689;
476650.058;529729.039;528196.591;-332.2215;-131.7809;-98.3554;
876128.350;921750.342;916806.422;247.1154;78.2670;71.9414;
392855.179;447608.525;448507.829;232.2522;-5.3629;-6.0050;
556957.785;554520.852;558771.663;-249.6042;-391.7232;-365.6172;
530782.029;488539.173;487597.990;-148.9486;-29.9451;-12.9462;
468424.206;526366.591;524873.319;135.7299;594.3185;609.6272;
378435.010;380941.735;373714.985;-37.0840;201.6811;196.2404;
477803.495;534214.788;533084.234;643.5679;-279.3684;-290.7677;
478847.536;553177.773;551598.059;-268.7744;36.9486;12.1610;
372160.171;625125.861;625024.308;10.3017;-51.2939;-58.4989;
473495.326;536735.164;535506.047;96.7873;-99.3807;-94.6376;
486293.870;518848.264;517942.491;948.3282;-243.0683;-220.0602;
491211.117;550116.387;548713.295;878.0501;-2.0690;-9.9529;
815623.611;469527.734;462954.475;75.6086;-63.6853;-68.4882;
513545.799;457542.238;455887.072;-596.9174;-63.4784;-163.8329;
478617.883;545492.995;544218.640;-116.2775;187.1303;196.5724;
551098.055;478282.321;480486.042;8.7815;74.9554;92.2327;
536334.533;526178.744;527003.330;561.1647;-134.5947;-83.7430;
483645.613;543976.526;543150.375;158.1308;-336.4397;-342.3567;
563518.980;489772.243;491926.273;-232.1334;177.8157;219.7321;
461349.114;578517.614;574949.734;-128.0411;-256.6806;-247.9315;
362646.783;613849.111;610665.120;123.0238;-67.5706;-32.8597;
492032.088;555962.450;555062.074;-290.3435;-229.9073;-238.4760;
480767.132;534639.237;533238.259;250.0095;-172.5006;-181.6870;
465442.816;529666.030;527661.245;400.1700;-80.9607;-48.4539;
477287.706;532521.918;531653.764;922.1085;-474.6652;-462.4519;
456022.693;561363.476;559599.983;533.5229;273.5680;271.6594;
504996.357;538729.605;538199.418;114.4266;661.7378;692.8814;
498728.831;517260.790;516017.889;682.9953;13.6840;-0.4753;
997408.407;620251.584;618581.314;105.9666;-36.0308;-36.9019;
528991.403;532245.813;533332.624;-621.7739;50.3394;46.2685;
469612.778;567871.413;565715.121;245.2961;-232.2831;-217.4069;
646011.315;546309.135;549662.029;-235.2649;194.2728;201.7585;
473247.175;544860.861;543553.998;-183.9263;-667.6326;-728.1191;
532571.499;486339.345;487721.417;730.6930;-155.2231;-170.5205;
489084.302;527708.779;526768.745;357.7182;245.6949;232.3144;
481416.349;545322.710;544573.975;-417.0675;-423.5200;-417.0283;
492964.107;511803.202;510229.027;-510.8386;232.9431;247.0218;
491308.054;545538.251;545132.813;-390.4519;-244.6269;-262.6094;
