# This file was created for the Modelling and Simulation course, RUG (September-November 2019).
#
# Project: Simulate colliding galaxies, using Barnes-Hut algorithm.
#
# Students:
#     Stefan Evanghelides (s2895323)
#     Hidde Folkertsma (s2759799)
#
#     X         Y         Z         DX        DY        DZ
473329.973;520293.518;519162.960;-220.8412;160.6082;149.8785;
504900.096;536073.755;536117.534;92.5523;347.2795;322.1099;
794939.762;569591.691;568945.569;-76.9402;-162.1142;-162.7870;
482545.159;525267.469;524563.725;-492.8887;291.8007;316.5643;
504974.078;534376.794;533749.158;-615.3443;-1.2153;-20.3132;
395852.486;993040.447;988571.116;-138.8655;265.2551;262.2548;
349885.132;604436.257;603169.317;370.1705;221.4881;214.5359;
600761.067;916139.874;925217.388;-4.4861;64.6639;74.4105;
303011.453;541114.347;540152.959;50.0934;-170.2055;-160.1161;
587063.046;603871.625;605600.434;-205.2674;-58.3847;-75.1227;
498301.431;532161.654;531869.666;823.9468;712.2832;725.8538;
471057.718;527112.761;526208.622;-168.9043;-222.7821;-248.0386;
518410.242;503369.936;504561.091;927.2692;268.2669;296.2160;
464864.166;549580.587;548535.418;110.7985;-255.8378;-268.5961;
513156.435;540002.430;539374.404;812.5713;-297.4502;-278.9534;
598893.077;653170.624;652871.300;-69.7293;-54.2772;-78.2174;
446842.546;472071.373;468168.189;-161.2351;-94.8289;-110.7500;
469742.571;540003.808;538622.161;109.7705;453.8958;472.9702;
98556.168;618913.411;616941.544;-283.7308;-52.4588;-55.0685;
536490.173;516600.694;516560.583;556.0744;-211.6037;-223.5058;
492176.549;548700.198;547956.624;733.2398;215.9062;239.1080;
502299.669;591888.966;591690.940;241.0717;-298.0446;-310.5398;
476759.035;532665.620;531913.605;219.9459;-355.8203;-367.3119;
473919.902;532800.421;532096.315;415.9672;50.5004;46.8129;
483463.162;565143.028;564907.910;123.6855;-114.7947;-120.7499;
463522.805;524320.525;523171.827;593.1813;-64.3502;-63.1227;
462399.141;534439.224;533465.974;1001.6275;-96.0696;-116.3768;
885442.278;140719.156;140689.238;-28.1839;14.8670;14.8037;
563178.933;600401.533;600839.244;-136.0289;-35.8885;-61.6865;
464814.623;534254.383;533473.036;4.0478;18.4284;9.4281;
463535.696;545113.671;543526.552;494.7869;660.1251;663.8269;
703164.448;491535.813;491182.493;185.3628;5.8498;-11.2877;
474049.839;535541.781;534198.591;153.9759;-840.5250;-831.9000;
426992.629;469535.801;463126.800;-174.4139;-399.1786;-407.5742;
520424.403;528665.406;527745.554;-487.6586;-99.7346;-88.6654;
497425.263;550683.635;550007.381;-724.4072;-291.9193;-323.2193;
460491.202;563959.252;563006.869;404.2139;-32.6062;-33.5730;
487490.483;540394.980;539949.103;-472.5411;281.2056;263.5643;
474401.274;399804.436;394803.952;-189.5266;119.0526;122.0982;
486727.351;516794.283;516336.858;891.9547;-384.2772;-405.3803;
484127.313;545048.073;545218.300;90.1859;-122.9639;-88.8396;
484281.360;526149.298;523188.929;964.6723;-439.0065;-375.2929;
492322.160;512689.602;511346.378;-673.7123;127.8971;81.0490;
416027.574;548869.263;545766.812;155.8490;-89.9731;-92.1972;
46470.992;600105.544;602083.070;-350.8667;38.1924;36.6640;
512896.970;556305.599;556706.358;-110.7554;137.2318;144.7184;
547026.944;440727.512;438622.551;304.8232;-130.6357;-133.0595;
547234.338;463505.210;461785.356;439.8908;-201.3195;-197.0206;
484442.400;521574.586;521158.846;-565.1590;-650.3162;-663.4700;
518366.466;506328.584;506023.032;366.2717;382.4240;397.2593;
474121.069;579523.418;578260.097;825.3272;-163.5620;-122.6984;
616550.774;353348.643;354515.825;120.6705;-370.9453;-378.4812;
498963.826;544607.944;544036.335;-951.6188;254.2629;207.7938;
445084.714;562251.373;560887.811;1.7990;238.8178;221.6634;
505700.493;536491.640;536517.680;-1047.0058;537.9477;512.4137;
348332.854;558451.066;553032.156;57.7445;157.5490;175.8763;
524764.005;622567.294;623948.099;-224.2698;245.7150;232.9452;
634231.360;623636.619;623195.435;-338.9747;-91.3059;-83.9175;
487785.910;559396.663;559656.089;-70.2081;-127.1339;-132.1569;
130977.100;661503.750;661069.029;120.9268;57.1205;56.9530;
463859.859;549186.312;547046.094;765.3360;763.9430;809.6494;
472000.658;532891.354;531740.941;-610.5207;71.6836;36.9835;
507470.243;523911.199;523595.062;-136.0168;-142.9620;-152.9941;
483605.278;529671.410;529141.024;153.8061;19.8099;37.8254;
491975.473;507712.441;507164.392;79.2985;493.6235;497.1834;
496379.108;520518.310;519870.474;-376.9590;-301.6507;-311.3686;
458898.583;524265.375;524166.434;-125.8645;580.0917;565.1423;
429056.599;341835.734;341834.760;1.8785;154.5383;161.5694;
428654.013;552189.546;550752.561;322.3784;203.1475;227.3080;
719251.288;479040.909;477916.692;-186.4336;42.8278;41.1784;
705621.659;499573.411;502517.476;637.4505;-293.4447;-294.0507;
415918.471;566100.907;563492.630;-201.3792;104.2370;95.2015;
410544.891;513395.917;510201.883;-170.4235;-173.2982;-191.0536;
459723.701;498697.283;496258.323;51.0057;234.6271;193.4914;
456749.793;566571.575;564644.001;328.3520;-506.7707;-503.4285;
491381.622;548738.014;548631.410;235.0129;474.4379;462.6885;
475122.648;535338.879;534290.936;95.8170;-503.4916;-496.5656;
544052.925;423625.888;419825.531;458.8824;-123.4246;-119.4072;
446391.481;557694.927;554398.745;787.8821;-407.1902;-408.0733;
477620.118;540705.614;539516.521;-482.6255;205.9478;195.3098;
480983.407;544215.220;543742.997;-841.8556;206.8172;160.8392;
482284.652;543912.745;542449.633;-1575.9349;-54.6656;96.8504;
484432.767;533764.866;532854.570;641.8488;-293.3103;-277.4822;
470393.666;533256.647;531814.281;1058.1130;-120.5758;-109.2521;
476847.871;538677.189;537965.104;-463.4692;640.8196;607.6376;
440714.020;508174.746;508116.208;482.7045;374.7781;364.1730;
483215.831;512084.591;510386.788;-446.9089;509.4455;520.8498;
375353.540;280398.850;268839.828;95.7323;-195.3612;-204.6175;
470003.932;535814.314;534649.243;471.9398;-663.4264;-654.9891;
766209.310;626858.436;625727.486;42.8806;-49.1034;-49.7783;
946661.068;634727.608;633507.810;5.5528;-54.4827;-55.4854;
561213.090;434867.187;437285.649;83.3904;103.6886;85.6138;
479801.298;477972.884;478340.150;387.0495;68.6746;87.5652;
399668.141;540573.243;539121.532;-45.3809;289.5873;285.3589;
19745.841;376733.133;372981.728;-218.0454;-79.3284;-82.6451;
500468.222;557998.726;557399.020;397.2534;-552.7564;-549.2080;
663606.145;633686.382;636315.516;353.6670;10.3828;12.2029;
451746.922;534745.326;532914.530;404.0459;-205.1236;-220.5388;
652307.877;507365.443;504899.234;-272.2589;39.0279;62.0116;
475019.945;530671.528;529350.945;560.7652;450.7251;473.0426;
481843.979;531611.691;530432.886;-1308.8334;656.0923;580.0174;
569102.758;498080.164;497381.702;75.1114;-368.3978;-340.8091;
911698.385;730078.110;727493.436;-10.3977;-25.0276;-25.5847;
455923.379;521552.323;520175.010;-185.3121;-228.7682;-226.1236;
478120.855;535111.806;534092.965;559.0168;19.5222;2.8224;
497082.833;533867.241;533290.243;-425.8888;584.0627;548.2752;
465984.213;540968.643;539857.560;-458.6697;-660.4657;-688.5421;
510056.548;536274.155;536043.851;-444.0709;6.9191;12.7458;
488341.531;530352.351;529097.458;-234.1684;106.3427;119.1114;
437312.015;242726.032;241100.886;22.7611;39.7883;39.0251;
538629.687;531956.404;533491.181;-223.1127;232.5543;231.0323;
497403.583;531325.936;531019.756;-889.5418;-784.9617;-722.2984;
882531.819;418132.407;403009.661;153.7868;-153.6280;-169.0578;
377443.571;434045.958;431860.441;-279.9951;39.2983;32.0389;
481212.172;535653.063;534836.315;543.2172;-399.9433;-385.2849;
512829.379;539217.701;539352.144;282.9167;-443.8148;-432.7509;
477847.580;542901.634;542805.513;297.3087;171.5670;173.7643;
856165.051;915287.711;910852.492;252.0798;83.4151;77.0220;
375413.570;448757.399;449586.872;204.3748;-22.3085;-20.1755;
562830.376;581525.111;582659.305;63.5783;-288.2348;-241.8653;
533859.410;498851.457;497596.392;98.4512;-243.7459;-252.3029;
489425.283;543951.460;543722.724;47.2409;-651.0251;-664.3722;
382059.769;365502.640;358757.965;-53.3216;184.5758;177.9816;
484226.116;536888.275;535878.250;-646.3608;447.7433;423.1565;
475993.673;523432.506;522122.780;148.7979;-378.2360;-376.4169;
373870.243;624332.712;623859.846;-32.9369;58.8634;71.3835;
477084.146;535545.964;534797.903;169.6031;121.4723;116.3592;
471221.638;561781.416;560779.230;-667.5442;-152.0011;-170.9405;
484485.180;527404.796;526285.967;-1001.4793;-310.7257;-324.1945;
808863.008;474747.604;468579.924;93.5025;-66.7976;-72.1041;
559782.321;470862.941;476658.823;-525.9400;-288.7243;-351.0210;
479657.076;530749.937;530032.191;41.1355;-179.4528;-172.7471;
542934.398;480908.492;481062.907;180.6528;-120.9030;-97.5170;
448836.956;539817.001;538604.452;860.4109;-193.3249;-222.9028;
477426.966;534105.979;532981.556;-128.0900;539.9407;529.4235;
571629.570;478497.693;477111.408;30.3847;103.0131;140.2153;
481985.459;563515.278;562237.506;-315.3642;714.2164;646.2238;
358665.136;618111.950;612905.319;-7.9517;-21.5105;-9.8083;
478218.870;533298.072;532492.721;673.7509;680.3988;694.7430;
472199.426;545002.741;544282.390;-115.8976;37.2899;36.1458;
495954.517;543704.411;543177.319;-98.6860;327.2950;351.2017;
486501.369;535829.920;535348.270;-986.6092;716.8619;671.7963;
495416.446;523891.439;523336.557;-1258.9700;66.5867;59.2205;
470061.315;518158.921;517338.652;364.6473;-416.6731;-430.4374;
463554.087;551171.630;549891.373;-357.7272;-575.2401;-553.8885;
988615.753;623120.490;621520.867;114.0983;-35.7441;-36.6415;
543038.872;529369.223;529466.517;206.8641;33.6757;53.5313;
463030.877;560289.047;558564.846;-129.6806;435.9683;411.8906;
659089.553;530300.362;532882.946;-95.0950;205.2152;216.9051;
494865.187;537982.946;536902.196;317.6818;793.2804;806.3799;
466591.644;521964.805;521858.042;669.1040;-1094.4570;-996.8943;
481419.023;550935.894;550066.442;-561.3330;149.8762;113.4335;
470707.160;529124.820;528409.612;461.4163;512.0213;505.8319;
502805.266;531431.201;531593.789;593.0574;-706.9893;-722.8366;
505897.360;555932.053;555692.846;34.6807;-9.1821;-2.0434;
