# This file was created for the Modelling and Simulation course, RUG (September-November 2019).
#
# Project: Simulate colliding galaxies, using Barnes-Hut algorithm.
#
# Students:
#     Stefan Evanghelides (s2895323)
#     Hidde Folkertsma (s2759799)
#
#     X         Y         Z         DX        DY        DZ
480752.178;522660.018;522663.015;501.9975;44.9033;44.9719;
456415.808;530315.285;530315.608;-304.4216;-5.2645;-5.3882;
422967.928;862359.986;862353.153;113.0561;61.4519;61.4499;
220687.782;302094.261;302099.669;46.7670;-0.8883;-0.8869;
783622.051;643168.878;643117.077;338.1144;291.1036;290.9881;
434200.008;509171.677;509176.303;-80.7090;161.1795;161.0395;
480060.262;533715.476;533719.013;-621.3540;-32.0345;-31.9765;
807656.573;596380.872;596360.613;94.3803;247.9903;247.9220;
747406.627;486398.947;486379.010;532.1948;-129.6698;-129.7233;
699521.274;536718.699;536704.354;95.1803;-184.7170;-184.6918;
402028.638;569435.196;569440.365;-535.0545;-325.9099;-325.7045;
437910.933;685867.306;685872.189;152.4736;42.3457;42.2751;
396619.581;535434.700;535437.471;-497.7066;-44.8734;-44.9686;
511635.378;478544.575;478537.614;251.9244;-84.4551;-84.5425;
705127.949;559131.387;559114.879;-17.0816;8.8582;8.8917;
571917.576;557928.996;557922.461;-556.3239;23.8980;23.8462;
747780.382;489178.610;489156.677;453.1412;29.5665;29.5231;
499187.657;515041.827;515047.022;88.5696;353.8025;353.7731;
716089.452;663078.575;663026.942;364.4497;-95.7078;-95.6244;
458083.215;514994.112;514997.985;-584.3935;-185.9136;-186.0532;
288987.325;148194.619;148185.867;106.7359;31.7547;31.7327;
537054.975;655219.861;655199.356;9.1470;153.9531;153.9280;
478325.994;524225.074;524228.280;955.2090;-115.4051;-115.4954;
484050.666;521204.732;521209.025;-718.8254;413.3341;413.4429;
476518.011;536668.071;536670.603;601.7646;482.8559;482.7809;
468212.427;474304.679;474307.564;-109.5373;-255.5354;-255.6079;
503623.480;527368.626;527371.267;128.9333;-150.6901;-150.5622;
754593.906;672958.660;672922.077;460.0284;285.0088;284.9572;
377921.695;465931.206;465930.057;-252.3001;-164.0771;-164.1015;
449794.610;508970.663;508974.859;-269.8703;227.6263;227.6573;
461806.243;523645.107;523649.244;-933.3343;115.8866;115.8751;
493903.759;528291.999;528295.834;-34.0822;-83.2120;-83.1863;
507380.703;520901.008;520905.273;1318.0317;176.1432;176.2591;
458006.410;509619.205;509622.815;-213.7696;-44.2171;-44.2485;
447881.230;516609.191;516615.634;-68.9180;287.0553;287.0547;
441919.317;507498.638;507503.740;69.2377;221.0570;221.0013;
490028.233;514862.357;514864.241;-139.6771;84.4293;84.4364;
625660.860;387518.601;387524.834;177.8894;-167.3863;-167.3599;
439500.339;483014.397;483020.184;-696.9268;-404.2783;-404.3478;
502342.891;519108.717;519112.143;335.3178;-269.3112;-269.3653;
446713.341;512013.128;512017.447;-83.2077;-306.2767;-306.3615;
561509.792;564455.457;564453.271;-580.5389;55.9159;55.8379;
434877.100;511529.004;511534.918;46.1320;-71.2354;-71.2739;
860922.778;498772.641;498744.764;719.7290;-37.3314;-37.4081;
692410.143;558660.131;558658.979;581.4388;122.6386;122.4510;
526064.922;453275.064;453278.797;-167.1012;-266.5168;-266.5575;
505525.509;523627.568;523631.802;817.3824;-363.6106;-363.7315;
392226.835;577294.436;577293.363;348.7281;3.1846;3.1733;
752473.610;762176.697;762150.790;-7.1665;243.7265;243.7084;
457218.847;543591.516;543582.696;6.0917;-793.3346;-792.9737;
733633.664;644235.324;644219.975;107.1315;119.6809;119.5973;
475480.840;519423.569;519425.382;-796.7900;376.0000;376.0325;
521591.058;577164.886;577165.687;131.0547;-248.9083;-248.9003;
410582.417;546457.478;546460.709;-493.4418;391.3992;391.3974;
402111.119;554267.072;554265.871;1.3666;79.2663;79.2560;
553447.693;536869.804;536870.742;-272.3528;28.6104;28.6099;
540327.291;565567.672;565571.220;317.1754;617.0708;617.0972;
651885.017;373228.655;373231.179;240.5984;-288.9622;-288.9429;
534626.284;541316.899;541313.930;-18.2425;-8.8839;-8.9714;
744254.936;616875.794;616842.243;461.4740;194.4681;194.3833;
761028.615;546214.404;546188.400;340.6152;-7.8740;-7.9120;
667036.612;497930.089;497916.041;292.4812;-6.2830;-6.3282;
625876.728;472904.783;472890.901;152.6261;-37.9856;-38.0416;
471824.533;517101.367;517106.688;-1414.5054;108.1232;108.2752;
517156.153;523149.890;523146.618;-673.1395;361.0603;361.2352;
717591.476;522112.590;522094.486;145.3640;-35.1871;-35.2278;
456071.527;517978.507;517981.009;877.3141;-226.7014;-226.7675;
460741.995;512143.288;512149.734;-869.2447;-235.7440;-235.5856;
436502.336;462222.409;462223.609;175.9467;-38.3580;-38.3841;
500522.965;529485.831;529489.524;-33.0488;-398.5713;-398.6106;
522659.971;396632.100;396642.016;-138.7754;-74.2944;-74.1866;
538324.873;493609.886;493610.164;-170.6435;119.6019;119.5255;
498780.158;512715.258;512722.807;910.2822;-254.8930;-254.7969;
782921.895;579263.104;579238.461;591.6730;111.7622;111.6919;
464034.850;539602.280;539609.715;-673.4525;51.9948;51.9623;
525989.666;515247.547;515244.581;12.4283;-445.3785;-445.5151;
689969.600;523347.997;523339.218;7.2951;161.6595;161.6829;
588254.287;608262.981;608248.369;-13.5647;139.3920;139.3263;
943667.396;609706.814;609656.187;844.1137;125.8483;125.7245;
691936.173;530982.231;530971.402;116.6330;-20.5294;-20.5693;
776830.461;524156.230;524133.329;465.2299;78.1342;78.0781;
761870.323;738639.320;738599.223;445.3503;427.5446;427.4379;
507073.240;553024.149;553021.312;-373.6462;229.1597;229.1039;
484512.515;527390.876;527394.565;938.7719;-290.6486;-290.7111;
736619.709;507595.731;507577.989;250.2354;-7.3560;-7.3933;
536817.496;513515.360;513509.088;-297.0152;-52.6466;-52.5841;
703082.703;529425.169;529411.324;76.2632;133.1832;133.2411;
893504.707;593703.291;593656.588;808.8971;143.0813;142.9922;
488852.572;521044.286;521047.787;-518.8180;221.3707;221.4462;
436201.429;543395.284;543397.187;-187.6050;8.0424;8.0027;
731395.723;468481.633;468466.587;431.6913;-58.1070;-58.1390;
476346.729;513295.716;513300.125;-344.9602;-368.6161;-368.5294;
694594.236;531883.043;531873.339;-126.0094;-144.0840;-144.0047;
414604.965;511895.735;511896.924;15.2090;-25.5005;-25.4572;
498563.994;426303.840;426287.127;-469.1815;120.6322;120.4713;
457913.011;510859.028;510863.789;103.8359;-658.1180;-658.0242;
377819.070;429005.007;429001.316;-238.0388;-227.4170;-227.4383;
394043.544;564980.713;564970.446;258.8731;-169.8690;-169.8894;
325299.303;305800.345;305808.858;223.0605;0.7332;0.7300;
331149.959;379063.348;379076.237;-364.7357;-232.9366;-232.9333;
480841.513;525700.772;525704.929;299.2990;-310.3462;-310.3726;
487136.840;531906.504;531908.719;1032.0795;10.6699;10.6463;
480459.800;524514.533;524519.410;118.7325;393.1257;393.0978;
23484.598;425914.411;425913.052;-898.9746;-149.7184;-149.7462;
481654.178;514277.065;514281.324;647.2516;-24.7467;-24.6724;
471877.446;519198.728;519202.979;-652.4858;621.6209;621.6156;
461818.730;523468.499;523470.665;415.3422;-500.8590;-501.0596;
198871.511;432530.405;432542.561;-404.2321;-121.7520;-121.7391;
314801.646;547022.110;547017.336;-99.9595;-72.0194;-72.0446;
549122.440;528161.315;528150.988;-424.3888;-174.8328;-174.7940;
464203.135;422756.515;422723.551;124.4745;-201.3106;-201.4076;
474510.126;532416.290;532418.278;-4.5026;435.2925;435.2016;
500797.256;542832.123;542830.837;-862.2428;241.8130;241.8723;
489106.916;529720.779;529723.556;687.6347;-600.1155;-600.0355;
458690.924;534417.796;534416.856;693.7083;-246.6439;-246.6736;
596542.778;531812.475;531815.216;-131.4686;-234.5573;-234.2941;
471086.926;522086.989;522091.865;-266.7339;271.6175;271.5971;
572963.835;606596.440;606577.242;270.0962;-149.4090;-149.4151;
553743.401;615846.019;615844.222;519.5426;298.0242;297.9846;
601878.637;404741.041;404738.636;415.3880;-95.5176;-95.5565;
478095.960;529514.682;529518.587;693.6730;-21.9002;-21.9332;
482052.292;424767.091;424771.520;-169.3345;147.1901;147.1724;
308183.149;432381.514;432377.062;-21.3281;269.4555;269.5990;
496384.718;529678.686;529680.711;238.5565;95.9628;95.9459;
275450.611;488353.205;488369.059;226.8344;-315.6773;-315.6657;
540544.086;502391.138;502390.968;-308.6712;-199.0453;-199.0534;
774039.428;607449.657;607447.829;-153.8151;0.8444;0.8225;
479053.745;515631.276;515631.930;-683.1152;833.5971;833.7716;
472418.087;578071.036;578072.596;415.9320;-152.3310;-152.3318;
496536.669;531057.647;531059.412;-311.1636;-543.1537;-543.2173;
405763.220;493338.891;493337.387;23.0742;70.7938;70.8181;
471331.365;532259.341;532262.264;895.5429;301.3832;301.2339;
385190.394;584420.900;584423.525;344.2838;144.5370;144.5780;
533611.990;527856.343;527855.765;-315.3895;153.2092;153.1957;
287392.432;418281.545;418284.626;-263.0419;-131.0181;-131.0263;
439067.464;439751.363;439747.186;57.1932;-21.3158;-21.3645;
318895.347;420174.548;420182.309;69.9733;-40.2382;-40.3351;
462920.373;513481.882;513486.924;11.8027;38.7519;38.8559;
467558.164;531897.046;531904.523;-909.1160;752.3199;752.4052;
355211.990;475925.008;475914.652;-125.4819;92.0998;92.0335;
432070.627;508536.840;508537.838;840.4497;131.9927;131.9936;
439076.647;510180.060;510180.178;332.2816;-76.8778;-76.8645;
693144.079;650590.062;650576.892;-104.5145;4.8940;4.8742;
424133.247;518471.290;518471.045;512.0992;262.0023;261.9763;
483595.627;547459.981;547461.521;122.3025;-29.6206;-29.6195;
484253.671;540847.201;540847.457;-241.2186;-585.7350;-585.7676;
266397.285;517076.773;517080.160;30.6614;219.6813;219.6962;
397770.758;630763.485;630771.002;-56.0506;248.0436;248.0402;
561916.605;528584.141;528586.683;-45.5774;129.4065;129.3149;
255013.670;439735.984;439735.164;-751.2667;-314.4512;-314.5020;
176973.599;690799.718;690807.970;-549.3947;283.9906;284.0096;
466366.584;535635.965;535643.040;-997.3765;-61.5998;-61.5056;
446255.954;509036.022;509042.004;-119.4423;311.6628;311.6550;
586420.117;559203.157;559187.505;409.6716;-295.6955;-295.7105;
383601.426;587864.209;587863.995;-207.2962;-86.6748;-86.6349;
500552.691;536814.905;536817.493;212.1245;84.8532;84.7983;
300132.095;404716.596;404725.875;-338.6507;-279.9372;-279.9515;
463284.217;542845.459;542847.750;-135.1730;-221.9241;-221.8935;
473693.315;520582.844;520585.341;386.8800;-348.6232;-348.6113;
326600.817;228793.578;228793.937;-123.5565;41.4575;41.4765;
508051.147;570834.333;570831.533;-366.7424;-114.7696;-114.8257;
476505.516;520483.150;520492.276;1516.0301;359.3560;359.5726;
445078.548;540087.458;540086.446;783.7865;480.1085;480.1906;
461252.340;518996.052;519000.391;-799.4179;201.1832;201.2035;
142097.180;491002.893;490990.556;-191.7342;-163.1980;-163.2037;
506842.086;491786.750;491794.464;472.2308;-464.7280;-464.7095;
475555.582;521935.925;521940.527;-665.3526;154.6376;154.7141;
535883.124;551089.727;551089.106;-12.3952;178.2428;178.1810;
328869.432;725006.791;725006.120;72.0053;236.5002;236.5239;
461762.139;518004.840;518007.145;1133.2392;331.8560;332.0996;
283385.934;521646.129;521648.416;-305.1513;-68.6293;-68.6350;
522160.028;518400.825;518400.747;279.3994;-123.9095;-124.0662;
466144.179;498209.585;498214.048;-38.3408;104.6469;104.6553;
475121.931;526276.557;526280.610;200.3257;-51.8659;-51.9158;
494351.275;524152.032;524154.223;577.5968;-327.6841;-327.6813;
255566.633;560792.816;560792.388;-406.3795;70.6901;70.6640;
941018.250;494729.486;494705.601;-122.4144;-61.5281;-61.5478;
427633.005;500296.420;500291.926;306.6292;399.4360;399.5603;
515637.432;528933.676;528938.126;186.2158;291.1235;291.0357;
473012.087;526870.648;526873.991;650.1841;349.8524;349.7929;
484590.144;542487.600;542489.944;-845.4173;-304.8348;-304.7908;
484813.185;535763.643;535766.578;-289.2963;607.4663;607.4685;
492761.205;503645.876;503653.985;-837.1764;545.6186;545.7637;
226794.517;130030.915;130017.805;-302.6948;-111.6757;-111.6803;
479135.381;539134.648;539136.156;-1232.3869;165.6017;165.7282;
901936.241;514007.131;513992.869;-126.4930;22.2871;22.2942;
509892.960;436273.716;436280.680;-298.6716;96.7274;96.7337;
488927.009;547017.354;547018.676;260.8733;-17.6392;-17.6060;
451550.622;501348.123;501354.647;596.1474;-269.9327;-269.8391;
554102.620;501175.764;501173.065;266.7831;504.8349;504.9506;
516720.950;517040.593;517042.734;807.8423;-27.0761;-27.3724;
494516.443;517867.579;517869.959;-217.3403;230.3023;230.2688;
508077.998;506865.157;506868.788;-164.1891;193.5100;193.4206;
493628.446;534727.049;534725.931;-672.7128;-24.4612;-24.4207;
474967.414;523494.975;523497.386;-219.4482;-159.8175;-159.9243;
464355.390;528349.724;528355.997;-1071.5375;-278.8154;-278.7669;
516542.282;537831.930;537834.555;-282.5210;-163.8283;-163.7352;
