# This file was created for the Modelling and Simulation course, RUG (September-November 2019).
#
# Project: Simulate colliding galaxies, using Barnes-Hut algorithm.
#
# Students:
#     Stefan Evanghelides (s2895323)
#     Hidde Folkertsma (s2759799)
#
#     X         Y         Z         DX        DY        DZ
462795.466;539958.376;539902.801;-234.5913;80.7541;81.5346;
467820.849;544744.520;544659.945;-4.9819;1034.7213;1042.4969;
735493.663;848890.759;848875.066;82.0396;-61.8553;-61.8645;
397391.180;746982.506;747475.828;-111.7484;274.7697;275.3229;
483358.369;537890.964;537763.931;-9.1702;-52.2459;-49.4439;
476141.270;539537.792;539512.189;852.1489;179.4524;177.3655;
449979.520;446267.671;445960.929;437.7551;151.0330;152.3439;
414982.904;660723.685;660548.581;413.3236;51.4558;53.4943;
575466.601;540047.377;539648.945;-542.2878;38.0347;38.8403;
391018.836;649035.070;649118.168;-152.1077;-181.3226;-182.3922;
644503.303;439339.291;439091.268;48.0320;88.7044;89.9986;
316352.031;460652.978;460586.173;-126.9618;-61.7017;-58.3221;
465478.091;533210.920;533159.884;1000.5852;-130.6091;-131.2522;
491026.260;533771.382;533657.365;907.8985;-381.8307;-391.5414;
159177.962;612022.905;611934.491;-137.0635;-31.6847;-32.0716;
525720.262;593363.220;593347.135;171.8677;71.8869;71.3811;
497841.247;524332.471;524235.309;120.9370;299.6914;302.7487;
494770.899;548084.616;548295.201;1246.8881;447.4621;451.1085;
618696.361;618087.434;618225.951;-37.4058;70.3262;69.2202;
349164.531;528154.889;527723.256;-270.9301;8.3561;6.0042;
480822.484;545902.813;545848.335;-593.2861;-220.0975;-226.3116;
280441.274;523705.355;523579.605;-47.1208;-202.3120;-203.1693;
483964.795;523424.027;523250.441;-16.8733;366.9598;366.0165;
452672.787;560642.759;560520.536;-476.8538;-230.3956;-229.9411;
404259.688;529579.699;529236.848;-19.1119;130.1939;129.5423;
459362.627;534259.312;534189.087;-444.4855;-320.7323;-321.7501;
466431.633;549819.943;549746.390;-176.3301;-452.9497;-454.9469;
480765.230;542950.174;542826.767;161.5208;407.1704;406.5173;
478978.752;539053.502;538986.518;-481.5491;306.2358;307.9363;
460146.500;549632.834;549604.808;-295.4834;-22.5368;-20.7010;
889985.685;165690.674;165717.168;27.7304;-36.0614;-36.0640;
664669.575;555823.809;554914.165;-73.3871;95.3848;93.0407;
456548.829;533299.907;533232.489;478.7783;293.3104;292.1951;
467494.186;546108.245;546053.495;-180.9173;852.8047;851.6270;
560125.346;541422.567;541045.503;453.5637;-219.9332;-218.6929;
475573.051;534657.240;534552.418;945.9374;663.5205;667.4787;
347796.722;537571.281;536835.692;-642.7093;-123.7434;-132.0188;
477176.490;552208.173;552205.271;288.0667;212.8648;214.0715;
396821.847;531638.743;531358.982;-77.2152;381.1485;382.6803;
458997.431;560433.104;560426.262;-225.8553;-22.9674;-21.1417;
479644.873;526999.293;526886.136;-324.8529;-60.5592;-61.4199;
165301.824;406037.872;405881.745;-30.6141;-27.0173;-26.9342;
469497.463;537814.768;537688.110;53.9222;859.6776;860.1128;
475480.279;533228.859;533196.463;-1152.9676;-884.4437;-883.3518;
387560.772;695953.799;696160.087;4.4067;24.3887;23.7329;
445927.384;545547.915;545489.272;-415.8124;63.7443;64.7524;
447139.046;529547.095;529508.307;-125.6208;-344.4897;-344.6970;
780803.298;187972.062;187990.279;-52.2141;70.2884;70.2771;
460236.751;531464.557;531375.254;31.0807;-648.0750;-647.5067;
823301.795;704997.064;703828.877;-78.4701;30.2530;29.4044;
496749.529;537012.640;536968.600;-505.6353;522.3374;519.2697;
467148.112;545428.595;545405.155;785.0494;53.2291;56.8683;
450176.267;534130.257;534033.189;-344.3528;208.5821;210.8370;
431531.906;539896.633;539832.101;-277.6484;364.9229;364.1061;
488500.713;483662.599;483519.912;-382.8710;-526.4600;-526.3448;
452578.717;536865.196;536913.880;-1073.4812;-334.9677;-332.7066;
465208.993;471673.031;471376.353;381.7526;158.7631;161.6884;
460606.175;525595.973;525491.464;60.8378;-590.7089;-589.4012;
734159.001;428870.975;429130.508;-208.3346;33.2936;34.1267;
501890.514;554647.397;554735.182;360.2826;-28.8517;-26.7279;
980629.071;642530.971;642316.137;-22.1108;27.9940;27.7952;
466215.774;549382.776;549314.886;-115.1595;-531.3865;-534.0803;
54970.304;468307.479;468134.426;-63.8304;80.9532;80.8979;
972357.975;307758.718;307913.414;148.5362;-22.7859;-22.6762;
419242.330;540318.064;540123.723;269.1391;-372.7460;-375.7618;
439779.681;564858.936;564869.407;-881.1598;-267.4854;-264.5462;
464411.493;544668.449;544527.473;-676.8736;-184.5290;-188.2866;
106442.521;157090.275;156317.022;-65.9288;-135.2708;-135.5031;
447966.790;572892.219;573042.566;619.3161;-358.9814;-361.2622;
409712.522;559544.090;559490.229;-531.5276;277.0135;271.2341;
476359.423;523631.444;523572.001;-297.1331;134.1325;133.7985;
285131.836;546178.981;546141.135;13.2929;157.1428;157.6921;
474352.522;622510.273;622467.457;-16.8731;5.5171;2.5242;
410812.186;494155.392;494044.327;-62.4972;-1.1543;-2.0095;
758598.606;516577.711;516064.898;135.6030;-3.3810;-4.4077;
307601.218;597487.846;597672.097;173.8650;253.8820;254.7335;
471940.125;543428.324;543356.039;-37.0172;-932.7866;-932.7066;
448596.063;527615.799;527532.355;80.3593;-537.6775;-540.3398;
473777.797;548592.957;548589.563;840.2586;-432.7279;-435.3658;
427575.566;511000.900;510684.161;687.7593;51.4962;55.8476;
472309.375;555642.496;555648.977;-175.1494;-279.4921;-283.0921;
473179.906;544390.039;544306.079;-1594.1045;-45.7462;-43.0031;
423483.609;536530.109;536414.162;154.9643;-51.6478;-52.9368;
785381.267;512501.472;511607.442;31.4667;-49.1080;-49.9880;
496466.483;553247.581;553310.921;-81.8306;-716.4866;-717.6624;
476696.439;549490.147;549441.517;47.0136;-703.3548;-706.5294;
466422.719;542836.800;542773.753;-1663.0012;-226.8683;-221.0855;
471834.446;540158.444;540062.356;-1033.8290;-105.7837;-109.0821;
489372.215;543053.182;542964.856;545.4198;634.6301;636.0230;
475137.248;548335.217;548302.986;125.9079;-247.9996;-248.1745;
477782.812;553930.211;553922.708;-1081.5633;110.3122;108.8687;
446416.682;582976.111;583016.239;697.9734;-61.2639;-55.5895;
508485.554;599679.075;599678.653;-730.3556;-237.2820;-235.8425;
468575.724;547179.552;547103.906;-239.6265;411.9445;412.0397;
409321.544;528630.309;528394.948;-93.3078;313.4308;313.1694;
471045.958;454337.031;454253.302;-336.5745;277.6530;277.2938;
512162.007;519849.916;519761.723;-263.7996;-172.8249;-175.2237;
562270.802;537257.403;537287.842;620.6521;472.7307;475.1576;
406343.729;591529.223;591502.856;99.2700;336.9992;336.9841;
736751.410;611209.901;611012.074;-12.4039;5.7663;5.4007;
468397.950;533009.754;532937.177;-518.0225;-840.9732;-844.0624;
372536.669;468858.859;468712.263;-21.1135;327.3030;326.4611;
465070.737;553551.551;553508.663;225.7310;483.5797;487.3220;
893253.946;465330.324;465315.583;4.1837;-3.3123;-3.2815;
482270.616;545617.993;545593.487;136.5878;-399.4504;-402.2999;
487232.180;557229.996;557267.389;295.0512;0.4493;-0.6993;
470257.880;562958.606;562939.203;708.8411;-37.7263;-36.3570;
545295.720;588293.744;588630.918;566.2901;261.4330;263.4315;
475454.412;566058.303;565977.643;76.6131;510.5395;510.3338;
247273.175;944956.678;944753.901;-89.1139;77.4107;77.3386;
470637.596;527283.434;527163.936;-322.2221;-61.0299;-60.6083;
487881.134;534493.741;534411.965;-175.8427;-22.6930;-19.4385;
480672.496;536373.610;536266.062;-70.2439;451.2291;452.1813;
434943.405;497875.137;497633.501;138.2737;-166.6741;-168.9588;
469436.650;529784.856;529723.598;567.4049;-76.0656;-75.3970;
404105.561;280022.764;279693.319;1.8377;-69.5747;-70.0673;
460269.270;530825.525;530784.713;994.6985;224.5715;221.4605;
477946.380;566458.718;566466.639;189.4562;83.0852;82.5665;
226486.219;453815.261;453381.289;-280.1092;-106.5434;-108.4473;
205784.567;346845.017;346742.392;-161.6494;93.5028;93.4276;
519391.535;549403.632;549326.407;528.5210;-402.8150;-407.6524;
406381.356;542295.592;542141.164;446.7788;-452.4363;-454.3573;
470598.351;520956.745;520826.304;-918.0899;135.9185;136.8630;
651742.047;403827.244;405242.782;-371.2036;-51.0734;-50.6821;
541016.935;607240.917;607327.898;-247.0729;-45.9699;-45.9196;
484561.697;625534.989;625390.495;284.5476;85.1870;85.3452;
500174.361;523577.486;523447.261;-43.6353;111.2608;109.0762;
469791.714;537532.663;537503.979;18.0177;-353.3582;-352.2241;
584845.547;375937.709;375202.339;-20.6748;-196.6784;-198.0487;
459966.456;552830.084;552859.814;1076.1026;306.0738;309.5243;
469351.626;537335.104;537288.049;779.1824;-1222.5541;-1224.7026;
550280.676;566114.408;566259.775;18.8873;-460.5084;-461.9916;
487739.669;555965.137;556043.733;456.7041;265.5769;267.6031;
498085.922;374434.106;373884.249;257.9226;256.1875;256.3633;
491045.953;546826.859;546714.744;285.3607;549.7265;550.0057;
452026.090;545957.739;545911.450;183.8207;834.5106;836.8447;
457767.613;605227.592;605049.523;151.3876;-163.8451;-164.8429;
284728.027;515824.459;515117.707;-248.7340;315.0931;311.5510;
465590.837;534176.720;534080.188;-274.7848;296.7853;295.4139;
557616.588;551768.979;551628.329;-324.6634;256.1259;250.7173;
487716.020;545963.551;545980.255;950.6178;435.8156;445.0154;
489263.436;564680.258;564665.674;-466.4914;-148.2787;-150.2117;
548170.561;539144.722;538859.532;229.3802;-41.8156;-46.4708;
469621.413;564951.487;564936.385;-852.2270;-61.6497;-60.1637;
447410.393;495894.240;495840.294;-93.4614;466.6547;465.8260;
443723.421;548825.374;548729.685;511.9652;91.3976;91.9340;
493141.164;524994.219;524972.248;-384.6464;-80.7695;-81.5633;
446293.594;552414.035;552374.532;170.8338;-72.1561;-72.6726;
480129.301;528916.076;528754.245;406.1729;-299.5295;-301.5476;
470436.096;529495.815;529447.968;1081.5264;-407.5674;-407.0116;
517440.233;496591.576;496408.197;324.8630;3.6530;4.4452;
507509.237;558781.474;558555.517;-761.9046;-25.5830;-22.1274;
501541.499;646389.664;646427.683;347.1123;171.1033;171.8658;
466582.703;550490.568;550421.939;-22.6268;-61.4586;-63.0620;
475122.204;540620.057;540546.471;-890.6780;88.4779;88.3775;
117612.680;619732.241;619633.954;-126.8393;-94.8900;-95.3324;
462507.475;536045.531;535965.984;822.1122;213.5363;213.0248;
539290.402;514818.653;514763.162;489.4135;308.6270;309.2265;
484447.403;532931.434;532805.188;-168.3066;-674.9991;-674.8679;
552854.537;552307.350;551864.327;-339.8504;33.7062;34.4816;
469087.943;543283.817;543199.229;-531.8679;223.1039;222.5039;
456177.342;536469.289;536360.744;-277.3531;192.2213;189.9370;
464177.038;517511.434;517456.938;283.3435;-129.8114;-129.8809;
