# This file was created for the Modelling and Simulation course, RUG (September-November 2019).
#
# Project: Simulate colliding galaxies, using Barnes-Hut algorithm.
#
# Students:
#     Stefan Evanghelides (s2895323)
#     Hidde Folkertsma (s2759799)
#
#     X         Y         Z         DX        DY        DZ
559315.521;540287.989;534273.853;257.7035;-243.2254;-252.2545;
524785.036;550549.240;547037.421;1233.4180;-514.6843;-449.1410;
499645.394;396399.508;404554.334;-332.3040;-33.9556;-24.9983;
525857.304;527871.428;524713.502;428.4839;-46.4744;-1.3342;
497469.676;557300.978;552238.120;250.8901;-84.4780;-82.5560;
620965.811;454517.700;460157.627;-291.7739;-179.2489;-170.5176;
581788.989;938307.780;957731.717;-23.6497;-29.5563;-23.7798;
521873.313;786087.373;793259.838;-107.9354;140.4019;117.9448;
546579.403;612910.335;618832.176;96.1086;-247.8434;-100.2855;
534893.636;590436.601;587548.359;-657.5008;-200.5630;-296.6700;
525036.725;548898.819;544345.308;-309.2212;-431.3348;-468.3803;
543778.597;718330.266;720166.604;-208.7170;-56.1966;-52.8652;
515013.172;545709.173;541505.412;-72.3587;308.0309;339.1142;
565555.596;495327.392;499510.036;-232.9075;178.8572;234.0910;
387393.529;367951.617;347606.003;173.1945;-60.5593;-13.7331;
559452.391;555603.160;556458.546;-585.7144;-145.0905;-162.0599;
528185.154;537907.393;534227.833;-109.5682;276.3262;258.1496;
538725.614;486243.844;498129.197;-15.0155;-370.1483;-297.5520;
461232.822;558515.284;547449.331;-430.3632;206.3412;101.1359;
513268.234;527686.562;526111.746;186.1561;-575.8781;-589.7712;
537925.896;540461.007;538142.199;-5.7537;140.8482;233.6666;
548539.725;552795.047;548004.503;144.7471;402.1072;427.1730;
505163.642;535046.832;531953.054;290.1083;128.2436;86.9659;
520006.146;553902.597;549977.453;555.5013;854.2381;868.6292;
533189.192;557816.249;552879.795;-460.6442;-467.4555;-395.3107;
829413.771;180776.144;180461.565;-58.5629;47.8548;47.4602;
654673.891;620993.812;649921.827;181.3385;-29.0613;103.0329;
514379.198;541570.849;537656.099;-1299.7802;204.0221;203.5891;
523766.288;537571.533;533468.045;-244.5337;-303.3434;-286.9604;
294745.695;522149.834;517896.292;-214.1431;-140.3001;-46.6750;
451463.801;530275.449;526815.814;-455.0779;-210.2113;-193.2721;
324643.038;575950.999;599591.480;-156.4568;-85.9424;-29.1968;
598327.594;642103.135;644460.560;333.2761;221.7192;265.5302;
460740.415;568028.162;560210.288;-176.6050;-137.2863;-146.5227;
526950.403;581671.013;573797.011;127.4550;-107.8310;-108.7500;
540193.597;547478.698;542444.016;499.6967;-284.9468;-297.3840;
540897.481;612607.123;610440.637;557.1698;206.4861;198.0702;
513967.045;552769.053;548630.113;-421.0651;229.8180;245.6227;
518178.495;561901.099;558136.394;516.0964;274.8741;244.7195;
519806.810;542144.872;539135.840;1440.8425;-190.0826;-260.0859;
515354.686;536024.526;533484.474;104.0782;350.9715;379.8249;
485082.185;523528.269;520544.835;458.7915;157.0479;192.4330;
408708.964;622024.530;618578.017;217.6716;-253.6798;-263.2882;
881396.101;442143.074;438220.897;165.1640;75.1988;67.6953;
845273.659;388094.240;375805.889;170.3913;-2.8577;-9.6155;
522386.632;547210.484;543636.314;706.1639;328.3347;305.8295;
514029.137;547966.088;544742.850;-672.4024;474.2010;459.5145;
546976.523;569069.389;562082.007;38.1880;-126.6160;-113.3496;
699094.219;9643.694;334.506;39.2083;-206.9660;-214.7924;
529952.733;511964.846;514204.706;254.7152;517.2022;507.0937;
525976.504;554325.529;551351.975;212.8043;-422.3251;-444.9623;
512650.823;539339.506;537435.668;1004.7521;366.8909;266.2886;
350997.449;352061.921;341619.903;-187.3676;22.6821;-106.3644;
315964.713;628335.004;616487.032;-5.4836;-142.2256;-141.5377;
691402.212;384528.049;405196.423;158.0501;-18.2697;-2.4427;
568563.331;623401.101;621652.096;334.1128;76.7974;175.3652;
350617.191;702769.882;701730.016;223.0019;-6.9013;-8.0497;
510795.375;545149.879;541424.210;1036.4169;-95.5587;-57.5616;
530862.044;548361.439;544832.059;273.3464;-763.8516;-689.5772;
544581.616;546536.244;542999.020;721.6470;-598.3671;-565.7031;
525030.815;532974.724;530059.046;620.6483;-611.5792;-516.9399;
501249.587;544349.691;540690.223;55.1638;-342.3387;-378.8444;
523713.686;548820.261;545969.945;692.9849;315.5812;256.8203;
624883.434;533703.880;534350.230;-86.8113;-105.7734;-146.7416;
472569.229;494084.138;490174.696;-387.6033;230.6530;279.2069;
509123.773;582458.606;576117.196;542.8052;-349.0175;-286.5243;
264209.284;627323.337;581827.002;-209.5587;72.1315;42.7510;
339217.256;539512.904;531012.989;-311.0910;78.9435;-70.3827;
431851.735;605497.116;598261.335;-129.6776;14.1640;28.9973;
518585.753;537163.389;534513.318;714.7698;-426.0282;-360.8201;
871359.505;434890.117;431991.614;116.0079;-18.6023;-35.8443;
512119.914;550845.591;547531.521;-332.5437;164.6567;166.3913;
493151.249;549332.216;545593.892;503.8846;-80.1392;-125.6913;
449540.312;488535.959;482588.455;241.0751;31.0643;32.3437;
874516.662;366839.227;374382.554;148.1097;18.4340;22.8656;
524619.080;544520.820;541524.190;32.1703;104.4545;76.4268;
540174.609;544722.817;540946.183;440.3809;-151.5274;-158.7723;
532037.355;586953.775;579425.516;-595.9718;566.1955;542.4356;
513674.452;540427.624;536543.793;944.9745;517.1568;582.1233;
508522.092;551282.698;546922.161;611.6126;-300.8077;-294.0857;
512324.617;541790.199;538413.337;-181.4832;-481.0544;-496.2631;
329369.337;348899.064;333719.039;9.1789;-44.2564;-2.4423;
539380.362;550796.890;546217.341;-335.9214;676.8050;551.8018;
541320.464;136859.860;120040.438;137.4498;-45.6200;-46.5617;
519991.669;545253.767;542775.999;215.6862;935.9045;875.3238;
736320.300;546094.005;545390.726;-102.9340;-71.5926;-70.8518;
834055.462;549435.419;547924.318;-201.4342;-65.6447;-63.7396;
529473.249;531464.444;524821.995;54.8136;-802.9712;-916.5445;
515460.277;517319.147;515169.603;1027.3225;-216.2566;-91.7321;
307182.041;528914.783;509435.193;-130.0217;156.3391;185.2589;
634247.839;475840.912;475097.051;-33.3296;-202.7125;-207.3387;
928454.588;562023.640;561396.896;89.7235;-91.3546;-97.3918;
529770.789;545413.715;541388.581;348.2718;-123.8044;-148.4689;
592432.294;523729.358;526715.404;108.9462;-66.3687;-17.8865;
511737.123;555423.702;552361.749;-20.6139;-268.5622;-324.1634;
502012.584;527247.599;524119.923;-790.1895;190.2731;205.7075;
360677.856;386940.809;400341.596;-161.4278;70.2555;85.2738;
809378.855;652622.158;649826.788;-167.4476;-101.1161;-100.7243;
553829.673;541757.320;538177.649;466.0102;24.1144;-19.2875;
514009.991;560942.695;558399.697;496.9028;-242.6849;-257.4392;
536727.557;544706.276;543448.624;-858.9749;1083.3552;937.0207;
505975.141;546354.398;541666.600;130.7820;-797.6965;-676.3117;
403207.616;620839.466;612895.546;82.1698;197.6208;208.6239;
484138.050;546289.684;540773.826;-85.7565;98.2551;104.3339;
460883.756;338223.732;325605.769;2.5088;116.8032;81.1251;
541044.093;544483.718;538229.286;6.4759;-220.1035;-277.8766;
468802.113;436853.380;448818.429;67.9609;212.3621;174.5493;
959366.877;310167.397;316146.223;-17.5143;-23.0722;11.8709;
587502.197;561672.236;560533.994;412.2474;-308.6437;-353.9964;
510205.142;539806.669;536478.501;-633.3605;422.0209;493.4315;
515790.095;546422.475;542574.608;-1142.7667;772.2355;655.0360;
526283.896;534896.457;531660.080;204.7370;-518.2712;-542.3439;
368833.700;552504.006;545991.084;-160.9649;-195.0218;-155.8938;
394370.299;399457.433;417419.435;-158.1225;110.2924;84.7395;
538397.159;581124.120;573844.118;-94.7686;-446.8231;-716.9161;
513276.687;537326.234;534185.043;-351.7191;193.0306;225.5573;
651818.575;476261.245;478196.677;-138.0010;-63.6844;-96.6254;
536661.612;542268.655;538630.896;126.2945;447.6897;375.7837;
509296.627;544162.503;540811.955;189.0418;505.0752;536.3854;
308683.696;504671.751;527112.813;-62.0351;2.3637;-77.5225;
520800.944;540314.530;537569.912;10.7603;83.8955;126.3300;
533801.225;542154.517;539859.183;-1323.8777;670.2559;448.5979;
517587.722;557388.011;553317.586;-154.1667;-404.1616;-290.7337;
759235.442;411378.544;413541.672;-141.3820;-13.3115;9.3114;
523680.400;428268.435;476188.638;-343.0015;125.1673;81.1381;
509554.227;553695.908;549245.392;-734.6659;60.9536;129.6030;
525095.880;576320.107;567892.825;-767.1671;-514.9460;-639.4531;
567704.001;540934.489;536038.183;-252.7138;591.6545;572.1505;
515987.406;550744.694;548412.665;150.7435;500.1325;525.5821;
537863.485;553486.151;547079.396;-613.0635;138.5111;244.3468;
506697.363;566571.565;559266.490;185.6605;-808.8739;-910.9330;
348142.601;536398.680;539274.597;-290.9039;-120.9999;-21.6820;
471527.209;521415.842;516679.724;-165.4528;-289.3383;-277.0190;
511084.840;543364.801;538721.915;-297.8342;58.0502;107.2676;
534331.541;545122.230;541230.296;-388.0001;221.3170;153.7521;
542365.841;547739.589;544424.265;-184.8892;284.7920;327.3672;
523700.383;552068.705;547466.978;-46.0282;400.5297;293.0561;
523938.784;529857.224;528103.941;-460.5951;143.1522;122.6412;
453502.704;523205.440;514450.538;507.1149;-135.0886;-54.3315;
501627.997;574301.607;567973.992;844.3477;113.2576;21.3712;
511297.353;593457.326;590836.127;325.3282;-175.5021;-100.7516;
491663.035;286599.339;276125.756;167.1397;-77.3152;-44.0804;
504622.165;544735.139;540078.080;-817.1508;-348.1878;-281.4266;
451403.026;539485.163;536304.895;-229.6674;-118.3956;-62.4650;
531453.603;549258.373;545449.835;-213.6576;171.4873;175.1731;
528381.967;558842.290;556241.180;723.8280;464.2179;569.2816;
520879.477;573063.740;569460.776;322.0125;25.1764;-57.0302;
513666.720;536687.343;532350.907;-460.7501;92.3235;68.3370;
