# This file was created for the Modelling and Simulation course, RUG (September-November 2019).
#
# Project: Simulate colliding galaxies, using Barnes-Hut algorithm.
#
# Students:
#     Stefan Evanghelides (s2895323)
#     Hidde Folkertsma (s2759799)
#
#     X         Y         Z         DX        DY        DZ
199996.889;512412.817;512412.890;-315.8129;306.4009;306.4174;
169731.944;591428.446;591431.725;-63.4221;178.1790;178.2020;
201758.319;478653.947;478654.069;268.9104;425.7824;425.7919;
215653.268;504270.227;504270.326;486.1760;-257.5396;-257.5543;
216126.033;555229.781;555230.050;-261.3246;382.0461;382.0427;
211007.296;485880.576;485881.180;-525.2685;0.0497;0.0460;
214729.875;525028.010;525028.044;328.4111;462.2946;462.2789;
204195.311;504442.422;504443.100;376.1140;524.4129;524.4072;
175800.499;503459.290;503460.437;-115.0230;260.0266;260.0333;
197049.771;443012.564;443013.934;-19.4266;57.9838;57.9795;
182054.568;457781.535;457781.331;-229.1045;166.8895;166.8987;
123299.896;495236.169;495237.286;164.6879;35.0178;35.0278;
216815.526;506733.740;506733.892;122.8155;257.4892;257.5052;
160937.058;496581.168;496581.598;293.8598;39.7247;39.7121;
205117.258;569168.130;569168.558;195.6437;26.8281;26.8326;
188554.600;544430.014;544430.582;-356.0566;-14.7558;-14.7435;
223084.510;466276.783;466276.723;8.6049;-3.0383;-3.0343;
196588.551;518853.682;518853.793;-461.9263;-408.0719;-408.0964;
257317.232;433928.897;433930.684;227.8009;-275.1421;-275.1274;
211049.174;496646.427;496646.782;-557.5066;-286.7789;-286.7768;
209501.929;399878.538;399876.787;-77.5744;-366.8841;-366.8916;
214512.619;480057.201;480057.129;131.5846;13.5135;13.5241;
197758.747;497793.759;497794.324;156.2379;181.3936;181.4089;
206774.489;483713.765;483714.109;545.0826;-708.4042;-708.3923;
202159.008;486185.014;486185.473;-644.2410;-345.4204;-345.3999;
251977.599;430616.544;430618.833;-110.5171;-273.9379;-273.9372;
216754.478;493778.951;493779.955;852.3436;4.9997;5.0084;
245969.139;409442.045;409438.504;-0.5858;163.9645;163.9619;
219198.176;542493.494;542494.152;261.7489;-54.4930;-54.4961;
199163.300;502719.422;502720.091;-923.4273;431.5857;431.5936;
220141.900;493685.938;493686.410;-48.7853;-135.9094;-135.9142;
205480.455;505237.004;505237.288;84.4448;207.8939;207.8871;
200490.954;466965.824;466966.416;387.6621;234.7464;234.7250;
188095.431;510984.750;510984.911;-433.0150;37.0672;37.0804;
202073.682;497053.441;497053.709;-319.6946;280.8278;280.8301;
195235.789;509138.837;509139.138;-3.9390;31.5095;31.5070;
211326.639;513622.477;513623.265;657.0591;136.7305;136.6932;
226173.257;468117.856;468118.106;-55.1416;-356.3296;-356.3072;
210641.880;488591.651;488591.635;-606.9081;502.9940;503.0197;
167808.030;489625.642;489627.626;-214.5196;-223.3641;-223.3609;
208467.605;497492.637;497493.298;-214.2944;-148.1842;-148.2224;
215442.496;524532.939;524533.403;543.2727;249.4471;249.4372;
207287.849;493145.660;493146.011;-382.4348;297.5511;297.5391;
223378.363;490602.695;490603.498;191.1875;26.0558;26.0633;
169054.295;588296.455;588299.634;-78.4770;231.7986;231.8158;
200731.670;540676.945;540677.796;206.7481;-140.4989;-140.5001;
201937.515;498771.183;498771.410;-511.3930;87.0683;87.0588;
209953.859;540418.005;540417.819;323.7321;347.0659;347.0619;
206777.823;512291.404;512291.852;-381.9021;317.3800;317.3749;
201759.054;492841.132;492841.477;75.1206;-220.0368;-220.0352;
193575.778;529868.384;529868.937;92.7863;-353.7575;-353.7687;
148472.831;529182.403;529182.342;-141.9693;-179.2965;-179.2943;
225120.290;489325.519;489326.732;-868.8277;185.2963;185.2710;
267973.858;480722.532;480722.836;178.6595;-109.5409;-109.5500;
201958.223;496878.680;496879.452;754.6480;-657.6012;-657.6356;
216760.341;491896.070;491896.659;-417.3424;-457.4106;-457.4088;
195847.799;482551.537;482552.164;264.9521;-338.0281;-338.0229;
170681.989;593919.807;593922.244;-0.1668;280.0078;280.0028;
207471.251;451250.602;451249.388;-285.8408;492.8270;492.8467;
195369.112;495276.971;495277.457;453.3430;-338.9179;-338.9042;
204348.661;482670.176;482669.576;458.2630;-403.5957;-403.5612;
198167.694;495435.957;495436.814;526.7520;-203.7028;-203.6942;
209257.668;497635.219;497635.774;143.7652;-138.5846;-138.5815;
181285.333;509201.993;509202.645;-4.1968;-241.7634;-241.7617;
212730.642;498501.850;498502.064;-645.6615;406.1715;406.1704;
237090.057;484590.868;484591.512;-345.4493;112.0421;112.0385;
158201.968;528074.858;528074.976;-491.3094;-25.7795;-25.7822;
220625.869;484750.065;484750.122;92.6384;323.4957;323.4928;
210492.802;532808.274;532809.459;-110.4335;164.8713;164.8749;
199336.449;497189.681;497190.438;166.6491;34.1252;34.1393;
193523.124;500458.120;500458.114;435.6943;-197.1284;-197.1306;
214075.648;547358.208;547358.883;98.2413;114.7366;114.7553;
210653.515;504425.338;504425.093;45.1592;446.9258;446.9255;
193491.957;489793.477;489794.162;328.1226;-572.7963;-572.8031;
218985.453;493479.884;493479.765;267.3892;77.8626;77.8541;
203138.065;453770.995;453769.993;218.1907;270.0653;270.0787;
147409.137;513867.443;513868.443;-186.5281;77.6549;77.6589;
204916.177;462450.677;462451.511;-181.3571;24.8853;24.8818;
202082.926;488278.710;488279.244;7.4845;31.3529;31.3480;
202936.064;485001.778;485001.694;-117.2638;488.2915;488.3144;
194750.809;497791.959;497792.341;-163.0178;-378.5627;-378.5516;
219141.044;485948.480;485948.969;-99.8418;148.9422;148.9418;
217957.372;517511.656;517511.895;183.7489;-245.9794;-245.9753;
198134.431;499125.610;499126.091;-3.7253;94.0356;94.0373;
208750.388;510942.866;510943.010;699.4637;548.5464;548.5268;
207637.364;489819.208;489819.673;-304.1041;-381.0352;-381.0376;
238916.854;494125.005;494125.446;575.0226;-405.9994;-406.0062;
202281.742;506340.051;506340.472;44.1473;279.0326;279.0281;
206723.088;494216.548;494217.099;-345.1591;-52.2177;-52.1930;
208554.854;495117.316;495117.939;656.0177;-641.8482;-641.8619;
229690.190;464367.641;464367.171;-85.8595;73.1312;73.1224;
207317.852;497589.541;497590.233;110.6978;-157.0672;-157.0597;
235939.781;526836.605;526838.245;324.6753;377.0332;377.0434;
212859.819;495217.271;495217.979;847.8140;-702.5208;-702.5210;
199236.195;482637.503;482637.247;280.4925;-334.2907;-334.2788;
220504.606;437592.702;437592.291;336.2215;-396.9192;-396.9504;
175832.752;483952.927;483953.759;-3.0318;-92.8436;-92.8546;
198753.349;549910.676;549910.995;-278.1653;227.4055;227.4024;
199161.539;483372.701;483373.672;282.3982;354.1420;354.1492;
245183.861;526335.382;526333.491;-195.5144;233.3547;233.3734;
820375.217;540872.190;540870.982;73.8489;15.3633;15.3676;
748170.485;481985.073;481984.857;-71.0190;265.7992;265.7866;
755502.847;442437.059;442437.635;-329.9317;-99.8551;-99.8540;
763610.271;502425.035;502424.549;316.4437;224.3451;224.3454;
784935.649;455339.296;455339.889;-197.5864;11.8468;11.8586;
794421.216;541075.793;541076.254;-39.8918;-83.7004;-83.7024;
763781.375;471905.164;471904.215;22.4051;-65.8192;-65.8398;
836980.426;569608.004;569606.895;-431.7146;180.5770;180.5763;
799456.605;498865.552;498865.426;341.4283;17.1783;17.1876;
741169.710;498297.765;498297.954;-17.0037;321.8382;321.8397;
836279.580;560033.509;560032.507;80.7019;185.0746;185.0698;
703277.535;470449.653;470450.795;-304.2629;-78.2921;-78.2924;
817498.569;526693.295;526692.565;-333.7630;209.2818;209.2712;
791945.387;502714.288;502714.189;-170.4090;111.9342;111.9515;
742277.091;441353.446;441353.785;143.4982;103.5332;103.5314;
775844.424;503113.735;503114.173;-564.6083;-34.1030;-34.1390;
793849.795;506397.684;506397.667;-515.6362;-643.9647;-643.9180;
779588.921;536919.831;536919.706;297.6758;-103.1519;-103.1495;
776923.201;466222.183;466222.366;-109.1535;-322.6410;-322.6519;
822340.617;549854.668;549855.289;31.1172;227.4127;227.4013;
811517.889;545355.200;545354.002;-676.5595;135.8483;135.8492;
814322.806;525250.179;525250.249;740.1954;264.0468;264.0316;
758920.818;477684.183;477682.713;-17.2839;87.2422;87.2232;
833719.784;554020.738;554020.739;-260.5356;-334.1429;-334.1687;
785852.026;499941.992;499942.017;-428.1042;229.7790;229.7753;
864341.243;440734.532;440734.928;231.8407;-293.7360;-293.7338;
741317.732;471877.940;471878.950;-264.4592;-210.8537;-210.8537;
819145.224;546703.187;546703.088;-328.5346;40.6992;40.6944;
726914.196;440859.746;440860.688;-294.9316;-166.2396;-166.2410;
842116.640;475647.846;475647.188;353.9590;-206.4944;-206.4936;
777307.783;506923.707;506923.641;-35.5317;-152.1245;-152.1145;
785626.420;504359.061;504358.391;-209.6068;-367.4917;-367.4775;
805093.884;498822.068;498821.994;-793.4587;-343.6944;-343.6986;
765894.680;472042.866;472043.242;107.3292;109.0074;109.0139;
790209.306;508371.820;508371.748;-172.8604;-251.0295;-251.0132;
785266.163;509791.286;509791.459;-111.8438;-337.3927;-337.3751;
707048.979;470908.680;470908.396;-62.3426;-51.0071;-51.0140;
757996.496;536073.328;536071.694;376.6439;-282.7443;-282.7348;
778968.348;504637.631;504637.790;-454.3061;-294.4731;-294.4608;
803089.347;533900.189;533900.332;16.8226;177.4815;177.4807;
735350.450;575516.742;575516.784;5.6682;-22.5171;-22.5179;
775567.143;499200.212;499200.284;-344.5120;-12.9547;-12.9572;
782371.539;526040.966;526040.882;-210.5087;194.6317;194.6292;
807251.631;525286.863;525286.245;-387.8136;-225.1961;-225.1865;
834473.112;575142.962;575141.271;7.0074;272.1665;272.1435;
808715.662;504359.478;504359.600;406.3785;317.8620;317.8510;
795717.903;527063.009;527062.567;99.7742;34.0564;34.0572;
832119.513;545981.625;545982.233;264.0698;291.1609;291.1643;
795486.972;547028.518;547027.845;204.8234;9.5317;9.5327;
760977.466;508698.632;508698.442;117.4800;386.8179;386.8197;
805823.388;483516.125;483516.622;258.5200;409.0176;409.0219;
722522.076;408742.583;408741.358;-246.5069;-322.9213;-322.9281;
799769.617;503764.207;503764.075;-230.3610;463.0769;463.0768;
774491.758;512094.373;512094.128;-595.4700;-259.5245;-259.5195;
737097.953;438389.079;438388.755;-467.8624;103.3842;103.3739;
816634.985;547698.401;547697.761;-181.7863;95.9590;95.9602;
768848.746;512151.206;512151.351;-300.0412;206.3542;206.3663;
818052.829;512628.083;512627.952;69.0528;-34.8124;-34.8043;
779934.741;487849.751;487850.104;-313.7910;-322.2773;-322.2796;
770762.430;505247.103;505246.917;404.3878;-21.7451;-21.7462;
729905.005;431904.207;431904.518;-216.2667;-350.1728;-350.1726;
788977.854;505474.602;505474.209;281.0642;267.2301;267.2238;
795651.112;502490.519;502490.010;-51.4489;800.4557;800.4694;
798931.621;503155.952;503155.911;440.1392;56.3423;56.3554;
792324.889;521929.456;521929.510;86.5066;332.9282;332.9135;
929837.395;511798.649;511801.768;307.4994;101.9163;101.9247;
782317.839;425437.256;425435.218;-47.6055;-259.2653;-259.2750;
787229.620;522253.461;522253.306;622.9792;336.5300;336.5294;
804158.299;490126.351;490126.862;-344.0368;81.9246;81.9234;
783953.864;503500.441;503500.464;-0.1577;10.8502;10.8515;
808007.440;513082.223;513082.311;10.6653;-540.8851;-540.8621;
782970.218;519235.660;519235.241;19.5266;-450.7494;-450.7289;
681222.992;449901.199;449902.435;-501.6250;-43.5722;-43.5672;
807940.313;500700.228;500700.599;-307.8505;-379.7845;-379.7745;
795399.841;519197.532;519197.470;477.4495;-82.5451;-82.5344;
844204.247;580859.108;580856.114;261.7483;259.7376;259.7287;
777861.793;505822.081;505822.153;112.7459;-368.1233;-368.1134;
853043.352;486014.093;486011.294;236.3893;-72.4484;-72.4556;
731898.957;569860.882;569859.982;-164.8009;257.5511;257.5475;
767988.842;494571.481;494570.949;632.8291;419.2874;419.2943;
795491.325;512788.917;512788.778;-354.4625;189.5988;189.5938;
779588.052;498503.520;498503.211;-469.2818;-51.0898;-51.1033;
822322.707;521392.057;521392.514;93.0268;-74.7153;-74.7170;
783427.942;498323.035;498322.689;-154.4690;39.4058;39.4208;
729997.923;499158.212;499156.893;-331.2817;-303.9493;-303.9470;
867185.115;583846.829;583846.077;136.9012;175.8963;175.8967;
776710.508;502571.050;502570.973;1004.8839;-21.8973;-21.8815;
731198.540;445914.536;445914.146;-172.8704;-69.0514;-69.0520;
839072.635;549181.215;549179.831;46.6012;72.3131;72.3096;
795221.608;508676.903;508676.967;-923.0569;-135.0439;-135.0495;
809438.673;536722.551;536721.097;538.9094;437.9317;437.8468;
839014.455;485440.994;485440.726;463.9818;-370.4465;-370.4423;
777484.859;494923.077;494923.312;432.3468;-124.8344;-124.8266;
774484.397;505351.951;505351.653;-262.6466;-111.0595;-111.0652;
804701.585;500363.143;500363.362;371.7531;475.5044;475.4910;
755726.439;401246.927;401250.550;16.4891;148.8401;148.8449;
783782.024;507418.364;507418.172;-314.2715;-207.3347;-207.3298;
783121.255;506125.773;506125.432;-225.9306;-56.9635;-56.9804;
766662.790;482429.998;482430.144;491.9489;235.9266;235.9123;
817691.880;547519.857;547520.634;-98.9034;36.1654;36.1766;
