# This file was created for the Modelling and Simulation course, RUG (September-November 2019).
#
# Project: Simulate colliding galaxies, using Barnes-Hut algorithm.
#
# Students:
#     Stefan Evanghelides (s2895323)
#     Hidde Folkertsma (s2759799)
#
#     X         Y         Z         DX        DY        DZ
543944.135;500927.011;510888.857;-177.8639;88.8270;111.4719;
525996.609;554315.589;548135.288;178.4758;432.2445;353.7076;
379564.482;396306.356;406499.856;-307.7775;26.8058;27.8226;
551977.349;559850.258;553634.595;-30.3508;562.9566;427.8351;
520634.080;531104.213;530738.552;1289.1204;15.7302;7.1206;
491889.361;442785.515;446629.300;-357.5611;125.4008;109.4321;
572131.282;922066.070;943305.183;-28.4198;-58.3556;-54.4446;
482834.025;822035.748;820438.181;-100.4150;57.7512;33.6184;
448674.483;466971.096;505026.632;-14.5014;-67.5843;99.9512;
648271.769;523836.258;526613.431;76.8798;298.1037;214.9232;
554457.362;555635.949;549390.950;509.9047;-18.8855;-74.6202;
467890.710;667269.681;669243.702;-179.9571;-234.9680;-240.1743;
531650.886;542615.660;540163.700;-25.1867;-528.2175;-375.0140;
541351.918;544287.029;539117.737;-301.6250;-1348.1989;-1141.1036;
459755.555;369000.054;368697.480;229.5033;89.4794;125.3516;
548657.437;543281.469;537416.927;1280.3132;64.8971;-142.0267;
534628.068;544877.530;541313.332;-580.3614;262.4897;156.1021;
515298.098;555271.611;549574.029;913.0552;717.5799;646.7812;
419730.150;597911.944;577706.547;79.2644;28.9661;58.0960;
527526.829;554130.695;547937.101;-1045.3602;-383.7513;-261.5228;
546688.710;545654.758;543785.414;-22.1010;130.3907;111.1861;
554843.792;515106.001;521050.875;206.7472;193.3028;134.4715;
523637.612;538645.887;536501.356;-758.3449;-601.4053;-512.7538;
510749.414;522962.106;522480.763;-386.3407;-265.7995;-303.1845;
531191.939;553541.108;547000.379;863.9672;-205.2857;-165.3056;
806024.468;200695.247;200229.871;-67.6729;59.7686;59.3565;
665199.527;590255.935;643868.017;-129.5641;-121.0102;-170.3279;
536112.612;525622.257;527286.414;-326.7513;-584.3855;-427.6944;
518400.569;549438.035;545371.329;820.4460;221.8947;203.5760;
326473.609;521321.299;521500.377;235.9599;176.8878;34.9894;
622383.091;602314.689;597157.530;136.7588;187.9779;253.1132;
324279.124;538609.664;558965.689;137.9488;-97.2391;-196.5398;
706713.417;705972.317;724127.153;264.2318;140.8667;181.5520;
597080.211;608496.135;596138.291;-2.2340;170.7914;59.1892;
548550.235;563329.391;554676.547;-1.8858;-262.6879;-283.5989;
531691.073;544659.121;542445.690;-705.6289;658.6446;538.0261;
679031.940;598633.846;620029.604;175.4447;-167.5696;-69.0160;
524248.520;538401.795;536486.043;433.0950;-457.2347;-296.0052;
527635.143;554945.173;548824.364;289.6489;115.4329;103.1774;
509150.071;550750.762;545073.310;-144.3596;51.5869;16.1035;
547004.550;559192.957;552359.949;432.4633;-54.2521;-64.5635;
596455.702;627158.371;604315.224;69.5414;115.6069;88.6394;
618944.511;565607.506;567472.273;-77.2814;194.5137;142.3438;
928184.121;462926.894;456602.876;101.2563;47.6454;41.0233;
910224.469;385645.250;377909.893;197.8453;-21.4449;41.7629;
538338.515;549323.175;545368.233;-646.3321;-32.9576;-114.7225;
521427.113;541634.431;538004.848;195.2196;-531.0474;-372.1538;
495385.068;522894.906;526439.214;-161.4336;-346.4879;-327.7922;
468075.177;606865.499;597226.009;82.1298;-205.0278;-162.5132;
537119.199;557960.326;551128.840;498.2213;169.5128;195.7414;
535057.336;542796.381;541130.064;-136.9216;-1150.4405;-944.9450;
291600.599;356053.270;318900.057;-105.5014;21.9153;-17.0391;
335510.685;560688.425;555245.484;106.0768;-230.3604;-183.6665;
740832.175;389326.710;412764.327;104.4905;44.1483;42.2303;
584242.346;562235.631;556971.662;-485.9147;-351.0102;-568.7750;
439537.837;693295.440;691747.908;258.1163;-47.6659;-49.2466;
514845.552;537867.883;534585.656;59.7535;-294.2203;-195.8938;
527239.777;533396.257;532341.549;-219.0136;221.9630;122.0117;
523377.628;538260.881;535667.152;-901.2490;473.4445;241.1220;
537401.589;557592.915;550923.377;-778.6124;-47.7352;-127.3382;
548986.329;532744.392;534167.325;-73.3599;502.4791;385.1263;
534971.254;546269.364;542975.421;477.8107;-566.3655;-393.6619;
503722.441;614687.635;594869.852;89.3311;411.6817;272.8594;
511484.091;618396.152;608475.221;461.9517;178.9449;90.2165;
486289.849;504904.211;518557.251;3.8501;488.1268;378.2163;
197481.142;649285.110;595862.027;-155.8421;48.7800;33.0273;
280646.297;516537.201;519975.311;22.3304;-126.9520;-72.4178;
413355.425;594046.981;593140.183;33.9953;-70.1446;-62.2930;
518485.778;547738.532;541910.922;261.4669;-114.0172;-117.0932;
907061.395;437482.039;428409.599;65.4651;19.4249;5.3904;
539793.306;547072.008;543281.048;953.0207;499.0141;374.8359;
543880.671;537341.342;535978.638;1352.6324;401.8643;369.3982;
578602.682;673417.331;636046.928;112.9048;458.6756;304.5853;
913803.001;383924.445;385996.018;45.9548;83.0267;17.1996;
534047.897;546019.505;542815.546;-495.6375;-154.7141;-93.4602;
512514.214;560045.745;551761.261;-660.8125;24.5987;-26.2870;
536489.886;523404.541;521427.951;1472.6931;227.9133;239.5332;
535207.102;526668.695;527096.985;40.6749;133.2822;134.8861;
545205.852;539292.130;539131.439;83.2181;183.1270;159.3455;
512599.922;529481.540;528302.447;249.9241;699.1032;475.8676;
357988.296;366243.857;348838.330;106.4507;109.4017;81.6675;
532805.765;545249.875;541897.700;463.1919;615.7453;415.5500;
591800.546;125633.109;108698.437;134.4323;-15.2797;-14.9552;
526715.365;543427.152;539721.847;-56.1665;779.5611;522.3496;
684135.338;520138.930;519617.447;-188.1824;-64.9970;-64.5599;
737537.131;525163.604;524335.063;-337.9021;-61.2587;-59.5000;
500130.038;524235.775;517752.275;-376.6578;36.5045;94.6012;
544660.768;567745.813;560744.401;-973.7604;444.8967;319.7444;
295660.166;565141.513;577420.048;67.7615;55.2596;155.7888;
571629.941;463762.313;460468.361;-313.8463;177.8296;147.0863;
951745.432;527360.129;524481.998;36.8238;-95.2640;-101.3026;
540620.398;538082.073;536586.872;313.1292;-389.0911;-277.2102;
522469.344;550720.827;544351.254;-678.3709;241.9879;216.0548;
544072.915;549363.709;543947.386;567.8740;444.8417;307.0708;
504737.543;519695.066;522877.192;-698.7767;491.1851;240.9543;
318700.791;424850.754;441035.560;-66.6619;133.6240;133.7660;
728627.546;608205.462;606023.223;-287.3317;-142.9176;-137.9757;
571027.701;525527.248;530440.066;78.5812;-32.8252;25.7136;
540943.747;533111.330;530784.742;-122.6539;-653.2757;-463.2314;
519853.724;514739.017;515870.393;390.8431;-208.8853;-124.7081;
573797.829;567970.481;566615.265;-5.7222;327.3507;294.6566;
490886.946;636572.698;637181.371;344.5437;-102.9332;-89.2471;
567362.106;524507.950;524919.184;-238.1545;-110.7424;-63.5662;
460320.482;385814.207;361893.709;-12.0792;128.7880;122.2512;
536247.712;528086.619;527382.211;-383.1124;-166.0778;-206.8695;
599521.788;616266.087;589632.069;454.2779;229.6306;296.4040;
941543.678;308521.111;326953.781;-78.2563;15.7859;47.1835;
580486.576;456665.479;451030.952;-264.8940;-196.3244;-159.8067;
510301.320;540652.780;537054.174;-24.9986;596.8163;423.8653;
550895.655;533907.476;534695.088;297.9423;-287.5639;-234.2959;
534562.570;557081.909;551908.774;253.1621;-557.5443;-416.5383;
322724.895;481296.851;490390.474;-95.7286;-172.4223;-133.1084;
368672.564;470674.383;472810.507;51.5956;276.9368;224.8374;
522994.062;537297.948;527835.270;340.5294;685.3276;1165.6937;
524601.758;551735.229;546417.935;468.0625;-216.7044;-133.1125;
549514.122;466791.444;459082.674;-326.1840;65.1151;61.2180;
522437.581;536798.488;535284.268;144.7605;-449.1083;-257.1975;
538546.417;548168.863;543979.569;-517.5227;-62.4392;-163.1920;
281274.845;530152.403;525756.462;-96.6971;-18.9804;50.2639;
526084.836;549731.317;545504.172;-155.0471;-106.5635;-147.5374;
497000.774;556097.122;546653.791;-522.7852;131.2832;-2.7152;
525438.967;555460.699;549396.834;-14.7881;-929.5716;-683.8218;
693583.992;412317.321;423708.897;-212.3003;21.5885;48.8204;
581894.409;573032.073;575951.721;880.1947;-349.7375;67.6011;
535769.920;544573.602;541795.673;1076.5900;53.0506;19.6216;
485955.880;541461.230;537751.445;-101.7381;-452.2743;-452.7549;
446302.387;487668.862;482716.889;256.7038;-204.5683;-128.6725;
538864.713;543628.805;541762.302;-218.0235;-268.5952;-321.4672;
512811.193;549275.135;547076.716;-451.2775;193.3801;188.9839;
546435.046;545851.567;542072.141;1264.8164;643.3125;655.4377;
288726.438;518106.809;499971.823;64.6993;13.7824;-35.7818;
547065.930;624362.516;598836.401;41.9747;376.5526;265.4463;
546576.752;541680.514;540428.555;81.7120;-156.0123;-5.7322;
543521.895;543972.369;541802.928;-666.2695;146.6997;-1.9487;
542805.211;545754.523;543532.146;-650.4083;-161.4464;-185.3197;
528205.573;534815.655;534363.001;86.7651;-363.1589;-205.1429;
540190.876;522173.440;525689.756;-705.0546;96.9223;80.0085;
476245.306;604958.654;587602.036;-297.4121;-126.2296;-21.8142;
456588.324;489942.592;503295.075;-160.2882;173.8954;215.7820;
553989.751;553316.336;544953.022;949.9661;-405.3233;-265.6492;
552323.751;277619.793;279728.307;158.2928;27.8339;61.4060;
521198.103;520616.701;525674.688;-118.5749;-111.2735;-151.3188;
534183.276;579649.271;562278.104;-435.7185;-491.1391;-453.0273;
520203.351;544092.585;540392.033;-946.3395;26.2205;-41.0140;
516664.117;539337.837;533758.507;-501.7507;-367.2251;-239.9734;
495506.720;523692.087;525081.552;237.4856;313.6054;202.8197;
497171.766;547724.091;544131.139;-55.4845;243.2113;152.4543;
