# This file was created for the Modelling and Simulation course, RUG (September-November 2019).
#
# Project: Simulate colliding galaxies, using Barnes-Hut algorithm.
#
# Students:
#     Stefan Evanghelides (s2895323)
#     Hidde Folkertsma (s2759799)
#
#     X         Y         Z         DX        DY        DZ
486162.532;539693.958;539391.934;-208.5068;-31.2447;-33.2480;
451263.660;534865.026;534902.910;-283.4169;-86.9178;-89.3825;
804674.278;753655.245;753605.799;34.9759;-108.0995;-108.1891;
468735.298;541343.232;541208.084;-1165.9148;-375.3527;-365.6484;
467933.297;542230.393;542105.757;-277.2681;896.0979;893.7386;
453035.755;489524.741;489471.559;720.7775;116.1236;113.1750;
517132.445;415041.131;413541.197;-350.3634;-135.4677;-138.7235;
577069.053;711261.818;709545.784;84.7416;309.4259;310.8325;
458049.266;599282.014;598914.816;-369.7319;-468.8583;-467.0911;
203815.462;535490.752;534253.710;-73.7963;-97.6607;-96.8579;
836639.877;586186.849;584005.563;466.2002;29.6667;23.5190;
496227.443;549177.486;548903.686;102.3835;541.9508;539.3122;
459090.242;544674.291;544456.299;-201.2132;171.8079;175.6943;
239299.819;471795.531;470884.330;352.8319;-139.1965;-142.5904;
151423.402;499179.831;499038.353;-353.9616;-33.0987;-36.0897;
447235.536;546208.795;546017.869;-156.5945;-509.5723;-517.6670;
500320.712;511189.081;511259.494;-11.1439;-59.5899;-66.6723;
211763.467;462901.817;461342.038;-0.6080;4.0483;6.0433;
556813.410;513175.687;514667.218;-381.7692;90.7740;97.4306;
478744.244;540185.672;539950.308;591.0086;-116.8087;-108.5997;
514235.067;476283.060;475551.072;301.5642;251.0174;252.8887;
383235.953;539843.371;539075.721;-64.9939;-70.5623;-76.1537;
485672.354;538193.867;538298.320;45.1990;-492.8219;-482.6626;
591447.238;587512.854;586082.463;480.1375;-5.1901;-18.2515;
463673.771;566838.222;566553.889;701.5439;143.3356;151.1407;
453197.050;541531.202;541547.107;-342.3709;174.6405;169.5218;
481488.561;546686.597;546430.060;310.9834;358.6114;359.9089;
493656.096;517700.728;517881.886;168.1873;136.4781;132.9889;
466850.993;531556.294;531566.068;128.1260;-84.5205;-93.3718;
904368.253;139019.741;139036.285;-0.4409;-11.7955;-11.8133;
567054.891;399989.885;396844.050;135.9105;68.3327;69.2750;
458836.022;554404.181;554144.027;340.9833;399.3238;398.2870;
467693.561;529255.040;529185.821;-407.9923;-200.1563;-204.3070;
535754.292;532320.278;532104.731;418.5671;-400.4929;-405.2735;
460084.629;540913.110;540849.479;-209.3256;180.9125;176.7099;
319302.397;463132.234;463041.898;306.5763;114.9817;117.0389;
463227.657;554240.900;553955.387;-701.6012;9.2124;15.5923;
457766.339;560560.151;560146.853;698.5960;-12.5276;0.6693;
442999.416;535369.322;535303.688;215.9261;-69.8079;-71.0825;
472546.268;532803.826;532761.559;-115.8129;556.1368;547.7253;
261145.475;494228.721;492533.351;210.0454;204.5024;202.7257;
477311.978;555091.632;554900.300;62.8928;409.2027;403.8872;
569765.884;566478.394;566622.324;-17.4347;-284.6977;-254.3035;
463504.164;590991.382;590737.564;-201.2642;351.0149;345.5900;
485892.077;537617.818;537554.230;1193.8709;155.5797;164.9851;
495249.170;562301.852;561981.040;-59.5012;-100.8700;-101.4606;
663474.154;334533.277;334477.137;-178.3783;209.6486;209.4196;
490599.075;532701.417;532711.675;515.3279;539.7921;536.9833;
679780.751;703496.481;701927.517;-175.4678;-46.2927;-45.6905;
555113.637;600458.423;599263.625;132.0489;191.1955;183.9532;
501145.052;551586.897;551230.769;-133.9732;-431.0591;-425.9699;
458850.725;547237.855;547131.046;330.6171;-221.8448;-221.6430;
422420.804;501406.122;500559.175;-126.1683;259.0862;244.4645;
193141.475;421762.006;421830.807;-86.8907;81.7971;84.7208;
454492.912;552018.300;551646.486;-816.4298;-493.8598;-465.9415;
426390.420;559730.304;559524.963;-486.3146;-212.4371;-221.6140;
466062.396;555013.671;554783.886;-315.7321;415.2169;406.1090;
499780.706;675735.334;675622.442;122.8379;79.0679;74.1298;
490437.980;498053.775;498153.056;251.4140;50.6899;51.2021;
902507.303;662811.031;662376.702;-121.4460;6.2692;6.0684;
462655.277;525673.711;525620.815;138.8483;32.8353;33.8374;
32992.793;564545.782;564294.093;26.5530;83.8585;83.7582;
440789.297;542882.565;542962.047;1280.9054;27.2843;19.3435;
476383.456;497459.502;497671.053;611.5277;175.1946;171.9338;
471945.127;524848.340;524748.762;-592.8255;108.9727;108.4590;
59631.480;35691.596;34707.038;-20.7306;-81.8409;-81.9914;
469572.945;548050.488;547720.994;-314.2814;-207.7308;-224.5749;
498721.539;530707.587;530284.167;-337.9077;136.8048;148.4880;
476144.099;567666.176;567609.656;-83.2815;344.7631;349.1927;
510932.449;573600.215;572840.537;463.6098;-238.7403;-242.8448;
436196.964;314346.164;310068.901;-40.7528;-91.2049;-94.3280;
462616.647;559003.058;558872.157;-204.4612;28.2786;22.9661;
826816.781;483131.480;480825.715;-9.7442;-27.8832;-29.0022;
374014.620;488690.806;488219.198;-394.0297;248.4707;249.5185;
433219.860;572647.255;572830.493;-331.0860;282.5637;268.0168;
631997.143;428021.755;427130.368;82.9148;39.0565;38.7712;
481600.295;542522.589;542451.533;4.1393;-339.0235;-339.8798;
493896.428;518795.803;518760.835;61.7199;-740.7058;-743.9474;
488797.784;537580.491;537403.220;-202.9213;62.9342;63.4019;
485496.331;546257.583;546047.088;451.2551;403.9187;397.1751;
444948.571;526189.850;525922.027;639.2695;169.2300;161.7973;
522867.324;528877.256;528939.040;-944.5322;105.2247;102.0955;
496509.466;573868.215;573455.287;208.2422;-144.0939;-151.5638;
447572.107;547009.785;546878.541;54.4756;153.3166;151.6255;
528832.417;519204.520;518001.609;-362.2027;501.8702;520.1506;
452109.581;538125.802;538067.526;542.1765;129.1560;128.2035;
466396.619;547761.061;547648.331;249.1859;-702.8702;-704.8349;
482645.128;529278.201;529227.884;-392.1459;-0.5402;-2.1623;
528188.990;512505.621;511426.163;-118.7822;-85.6723;-95.8234;
510922.871;553902.079;553208.731;201.6884;-575.3170;-569.1809;
674670.969;484808.592;484290.822;-86.8975;186.5852;187.7599;
444072.093;551811.292;551690.895;503.5419;-89.8637;-93.5526;
632857.384;667414.014;667486.782;160.8906;0.9281;0.1280;
798179.710;651964.611;651405.611;236.4429;-3.5360;-4.3454;
445672.512;572766.947;573151.033;921.8785;-66.0103;-67.1000;
381150.172;531296.665;530832.831;360.0163;-536.7071;-534.9841;
588052.682;602472.026;602290.240;-34.2742;-244.8865;-246.0310;
479677.138;551938.450;551569.884;-1027.5963;-352.1988;-348.5878;
434165.551;597005.824;596763.740;358.3074;-31.3185;-31.5964;
658595.840;475338.950;474848.932;-60.4175;-118.3561;-120.8321;
483268.665;528573.903;528346.606;-635.2226;-502.3503;-499.7054;
854007.393;470243.179;470190.809;-77.1390;14.0271;13.7338;
451453.472;546239.821;546214.149;509.3356;-721.9021;-721.5773;
467659.535;540819.244;540671.939;-998.6254;-212.9283;-205.2075;
405683.378;559674.645;559527.632;74.0751;282.2704;276.9210;
842577.658;715792.769;714510.588;128.1762;54.2437;52.6000;
534197.939;523989.371;523303.879;-68.6165;104.7751;96.7618;
471166.906;551433.196;551374.915;426.1356;-500.9507;-498.8110;
477797.575;554454.041;554385.660;-1374.6697;-65.2434;-64.5129;
486486.613;546905.878;546670.617;-371.0808;-115.9837;-108.9358;
467480.893;543808.153;543583.577;359.5240;489.4568;476.9193;
484034.290;549762.564;549609.812;-616.7644;59.3702;62.1798;
412662.555;230352.545;229493.026;12.5486;-19.9551;-20.4120;
521992.453;552580.356;552205.159;-239.0992;-439.0618;-439.9312;
513265.370;536882.891;536575.012;-150.1294;62.8965;63.7588;
234498.536;418218.368;417888.649;266.7869;169.2366;163.8517;
187329.806;532353.731;530427.358;208.7680;195.0104;195.3437;
463770.903;540050.941;539907.452;-1039.9052;174.1993;171.7525;
500535.909;538194.560;538518.993;584.3252;-223.0595;-205.8048;
466198.687;550614.547;550800.470;-337.7318;-538.4131;-539.7529;
455254.624;729831.986;730289.899;322.3211;246.6310;250.4583;
532293.112;530639.585;529846.831;-238.3809;278.4033;283.3969;
362353.324;542434.976;542745.733;555.3240;179.4888;176.5449;
485711.216;548957.452;548705.494;607.1326;122.6002;120.6792;
460133.487;531360.116;531328.524;528.8218;-168.8473;-173.5511;
512869.209;264727.247;263180.007;-86.5097;-22.4827;-22.8741;
457494.719;549033.276;548922.965;668.5377;-32.3141;-36.1947;
459935.527;527962.001;527388.946;873.8531;396.2634;391.8556;
414421.466;488221.904;488040.278;-136.2584;151.2386;165.8484;
451927.959;559918.194;559831.860;-500.4213;-246.1704;-245.9498;
108657.097;535643.423;534686.417;-404.8494;-200.6800;-202.5282;
491641.531;526890.258;526835.060;-231.2859;-206.9711;-202.5940;
459620.007;555990.128;555921.542;-892.3456;239.5791;244.0262;
414285.608;479440.626;478806.416;128.0756;293.8762;298.5378;
575302.705;547837.940;546035.528;-154.2203;-542.9408;-565.1475;
443294.512;536063.670;536045.735;-36.7278;22.5396;23.0141;
454156.055;531198.966;530969.423;-684.6002;-824.5890;-838.6232;
483944.118;549557.742;549238.064;-240.6715;150.2118;139.3226;
479286.491;555670.060;555325.209;784.8685;36.4725;37.4567;
475725.813;548444.303;548244.968;1408.2256;-189.0416;-159.6493;
473056.009;502734.247;503111.478;681.8569;-49.3689;-45.8782;
367026.482;580321.187;579726.542;453.5241;-78.1635;-76.8793;
471753.602;564776.939;564409.801;-930.8383;-356.6530;-338.2900;
462165.010;557834.647;557622.061;98.8068;212.4808;212.5260;
471467.289;541949.288;541802.658;-548.4433;-0.6518;-0.3447;
466107.671;555266.797;554952.217;-1232.0650;363.6349;358.4780;
511775.365;508953.618;509159.984;249.8508;-343.8325;-346.4191;
499462.402;544691.730;544367.653;-1116.3237;304.1535;320.4984;
460947.094;599415.162;599441.837;-519.3036;88.1292;90.2356;
788655.192;688378.630;688582.906;181.2353;-23.5822;-24.3921;
443047.538;552355.643;552232.285;340.0884;190.6757;194.2043;
494187.579;549712.224;549442.980;-711.0470;-1.4085;2.3241;
288391.310;530231.212;528805.391;518.6133;-87.2656;-93.0666;
510246.243;518335.174;518468.077;759.7649;-153.7974;-155.6229;
471894.977;505114.033;505811.370;862.8900;-0.7094;1.2885;
466897.413;554165.333;553866.709;-437.1808;330.9573;322.3203;
71890.692;349297.527;349464.402;-288.7607;-133.2805;-129.9610;
461341.979;538845.711;538761.460;-209.0739;402.0049;399.4256;
487940.001;540722.809;540665.959;320.8601;515.0174;512.2656;
468356.168;556920.483;556379.344;426.5062;-298.6496;-290.5255;
