# This file was created for the Modelling and Simulation course, RUG (September-November 2019).
#
# Project: Simulate colliding galaxies, using Barnes-Hut algorithm.
#
# Students:
#     Stefan Evanghelides (s2895323)
#     Hidde Folkertsma (s2759799)
#
#     X         Y         Z         DX        DY        DZ
192737.139;560238.997;560236.691;184.0274;-48.0855;-48.0923;
385149.940;462905.643;462901.359;330.3100;100.4871;100.5167;
291612.566;731744.048;731740.633;83.6781;141.7133;141.7098;
210166.945;343121.484;343125.145;-27.6421;-67.6495;-67.6480;
188267.837;667384.634;667409.026;129.9257;-37.7191;-37.7051;
307122.016;503614.474;503615.144;-242.1389;36.4256;36.4488;
230648.933;506015.594;506014.335;-354.2203;190.0985;190.0639;
333250.068;430921.737;430929.207;507.7786;-104.4809;-104.4649;
283977.838;534135.705;534135.813;112.4454;-3.7824;-3.7890;
298505.877;541229.106;541230.344;-202.5815;-7.0513;-7.0597;
379584.217;404881.451;404879.400;343.6320;-154.2042;-154.2177;
282461.373;437011.601;437015.207;169.3827;-174.3386;-174.3229;
282567.719;503758.203;503759.326;-513.0153;364.9699;364.9527;
256641.781;540791.204;540789.159;213.6179;-216.8448;-216.8121;
289918.548;472516.410;472518.313;243.0043;-73.9228;-73.9109;
221882.523;562397.634;562394.186;82.8170;-40.5668;-40.5778;
257767.843;493269.832;493271.627;159.2157;-105.3087;-105.3170;
299060.006;509729.672;509730.267;364.1281;-35.5071;-35.5314;
309674.912;384578.702;384564.342;55.4423;154.2324;154.2344;
283865.235;499573.764;499574.968;-136.4700;-277.5537;-277.5736;
193221.444;198814.294;198809.170;28.2017;-102.5272;-102.5286;
285817.008;493733.412;493733.634;-21.5252;345.4090;345.4051;
284795.972;514291.922;514293.012;-51.9008;27.8561;27.8412;
273116.963;510813.674;510814.978;-615.5438;-321.8362;-321.8071;
298734.076;519537.578;519538.916;710.7412;432.1614;432.1877;
333312.330;534399.107;534403.139;529.2159;-99.3119;-99.3726;
293931.954;511358.170;511358.812;-100.7154;33.6400;33.6294;
170907.225;571653.554;571655.034;103.7239;-43.4837;-43.4757;
273099.571;515197.243;515197.944;547.3948;-152.8112;-152.8013;
260381.610;502691.012;502691.861;553.1411;-367.6861;-367.7337;
273572.497;496872.165;496874.410;153.3409;21.5809;21.5737;
268676.418;515489.173;515490.252;572.2825;-75.9629;-75.9679;
252071.810;518798.200;518800.230;-584.0529;299.5028;299.5033;
273209.401;511072.817;511073.470;413.8676;-269.1475;-269.1583;
311678.295;507732.809;507733.835;-252.9848;-132.6879;-132.6660;
277577.205;515636.443;515637.988;147.7957;-352.4856;-352.4754;
267603.977;513884.069;513884.935;151.7270;-385.3851;-385.4072;
351477.473;509458.794;509459.006;182.9650;-192.0756;-192.0798;
266378.298;514103.218;514103.646;793.3770;535.0618;535.0628;
282355.460;485729.201;485731.084;412.7785;133.3348;133.3093;
265241.365;508575.870;508576.112;768.2096;-110.8991;-110.8946;
300455.533;521505.937;521506.343;506.6053;70.3180;70.2906;
305139.646;504819.732;504820.418;744.3649;-151.5586;-151.5682;
285240.773;514360.044;514360.322;-126.2389;250.8753;250.8583;
381686.221;463648.630;463651.467;198.3652;138.8013;138.8471;
268766.865;470512.333;470515.247;-77.6924;151.0913;151.0967;
297764.406;523325.727;523327.298;50.5587;539.9539;539.9655;
386028.812;594804.198;594804.450;81.3619;-116.1038;-116.0946;
347944.380;509910.743;509909.660;800.2514;-71.6799;-71.6723;
274907.179;511313.129;511313.772;-57.3503;658.5467;658.5918;
194544.674;537339.905;537339.183;-181.6203;172.0984;172.0838;
268454.335;505005.215;505005.267;57.4034;-665.9165;-665.9273;
323518.925;469776.547;469778.838;19.9119;-292.8513;-292.8186;
238181.299;501440.517;501443.361;-285.3602;-58.7700;-58.7248;
282951.207;508702.253;508702.964;242.8230;-108.5035;-108.4946;
220460.717;532238.598;532240.227;255.0414;-95.7266;-95.7401;
384383.450;457203.036;457197.283;176.4530;94.4722;94.3998;
355797.233;580282.005;580281.945;0.6449;-202.9034;-202.9108;
285345.461;508804.528;508805.033;647.3344;105.1210;105.1032;
313952.541;507240.069;507243.122;72.7753;253.4048;253.4159;
290384.826;511098.955;511099.983;266.1952;78.5955;78.6019;
263169.316;489417.464;489418.434;263.6391;1.5144;1.5238;
272928.827;524622.054;524622.950;-172.2260;164.0996;164.0928;
268193.157;517939.412;517940.187;303.3958;12.4566;12.4779;
312459.790;532711.890;532712.610;32.0158;378.8881;378.9084;
268227.987;494343.034;494344.044;1004.8939;92.7925;92.7970;
253172.786;517788.210;517788.941;418.0794;179.5158;179.5436;
269128.409;507290.521;507291.385;-193.4862;-102.2921;-102.3011;
284766.238;512573.017;512574.456;78.3319;148.5275;148.5216;
274270.128;513763.276;513763.693;-134.4502;274.5608;274.5324;
371279.467;516373.020;516372.921;396.1548;-137.5241;-137.5356;
176117.870;517084.072;517085.564;176.2498;3.8366;3.8303;
345270.183;482332.857;482333.370;-195.9193;137.7299;137.7218;
274515.619;510671.028;510671.194;208.4256;100.1193;100.1178;
169804.715;520542.393;520544.750;-193.5919;-22.0622;-22.0533;
262038.855;535478.299;535477.634;55.4781;322.1883;322.1448;
281296.665;504922.522;504923.128;-720.3857;196.4217;196.4428;
308432.899;500541.307;500542.925;22.3034;90.4568;90.4526;
243497.115;517141.383;517141.102;45.4316;20.8546;20.8380;
326023.743;511740.960;511741.882;126.8715;-104.1392;-104.1134;
266991.615;510176.490;510177.855;-162.6698;-37.1209;-37.1159;
338893.338;510973.439;510974.484;381.2935;378.8597;378.8538;
290522.370;509134.165;509135.365;-310.1865;-184.6109;-184.6259;
297965.780;507396.262;507397.983;-507.3292;262.7660;262.7112;
236378.116;500801.010;500802.846;-197.9091;-84.2872;-84.2914;
299394.442;546607.335;546606.733;811.7995;19.2538;19.2503;
293648.925;514265.073;514266.579;1121.9467;151.9652;151.9887;
252707.776;498290.969;498292.276;203.9228;113.4268;113.4345;
267776.584;514596.908;514598.057;-51.4547;-181.2343;-181.2228;
277380.061;513454.450;513456.264;-547.4945;-464.4108;-464.4062;
292225.678;506066.416;506068.233;-59.0954;92.1928;92.2159;
276162.094;509071.710;509072.386;-343.4010;72.6024;72.6631;
283910.764;509208.361;509209.022;524.2067;-68.6741;-68.6714;
256547.926;524262.605;524263.921;-182.7645;-8.5263;-8.4997;
397447.103;425620.079;425631.621;-11.0605;227.2508;227.2303;
267565.914;514972.591;514973.791;408.5152;-650.5912;-650.5339;
234164.979;509854.480;509854.790;362.9025;77.7180;77.7306;
254246.839;643555.862;643559.683;39.4751;29.5698;29.5760;
194498.574;447516.172;447519.383;-115.1466;-257.0273;-257.0155;
669251.866;481776.449;481777.282;2.8986;-13.7906;-13.7944;
705172.530;500828.089;500828.313;-576.9799;-317.5332;-317.5137;
737198.667;517580.517;517579.537;-403.3930;-343.5178;-343.5322;
721326.483;521690.372;521689.046;627.0573;-218.0960;-218.1366;
693008.100;509740.405;509740.753;549.0075;614.8991;614.8642;
715072.719;509912.260;509911.920;-493.7021;56.8391;56.8345;
697376.325;505064.900;505064.945;-1086.5293;-238.1991;-238.1819;
609007.389;498179.918;498181.769;-9.8771;-61.2648;-61.2547;
727467.401;511907.699;511906.728;97.8154;707.4075;707.3924;
671953.982;542647.403;542644.549;113.5601;180.7991;180.7812;
819724.451;627867.298;627868.239;-93.4575;-4.5878;-4.5793;
754021.811;537807.810;537806.753;-519.8719;359.5783;359.5751;
719158.542;499688.565;499689.176;-38.3095;442.5639;442.5275;
727747.985;517180.314;517179.219;-299.6581;-515.1106;-515.0668;
742563.662;527241.524;527241.355;31.1860;395.8055;395.8349;
705741.970;492105.793;492107.203;-522.4872;-47.5476;-47.5500;
647911.069;532511.379;532507.114;339.4810;-48.2463;-48.2543;
709093.485;515459.277;515458.928;-347.1760;-298.1403;-298.1051;
658965.202;537341.079;537339.660;-613.0072;393.4931;393.4686;
669662.581;405015.954;405022.180;-185.6301;-221.2485;-221.2207;
786003.677;522120.530;522118.756;-192.8240;337.4346;337.4137;
727008.453;518080.424;518079.676;-325.0414;-31.9326;-31.9960;
672539.189;411924.309;411926.009;-105.8826;-77.1130;-77.1159;
515820.242;327375.950;327360.724;-207.6445;-63.0600;-63.0751;
710897.683;518191.555;518190.832;-398.2003;-69.4841;-69.4676;
697398.265;539291.948;539290.454;-669.4118;726.9454;726.9041;
729202.529;564096.115;564091.982;-138.8686;-29.5839;-29.5844;
716523.742;511828.559;511828.421;799.1523;198.9187;198.8569;
714670.834;447157.704;447158.945;-22.1059;35.9399;35.9357;
730995.085;477098.156;477098.791;-423.0817;315.6392;315.6449;
734175.287;511078.759;511077.093;-208.4097;-301.2496;-301.2545;
655135.776;504323.619;504325.297;-260.8791;-15.7680;-15.7865;
707883.512;507115.176;507115.027;-114.3191;-197.1140;-197.0945;
766666.496;644939.684;644932.726;-162.5286;88.7128;88.7083;
714317.821;508301.526;508300.475;-273.3322;-443.5964;-443.5788;
689735.124;528155.467;528153.806;4.7833;-314.1976;-314.1655;
635837.748;578415.442;578408.805;-150.1181;-56.7412;-56.7396;
733404.599;521812.534;521810.336;-406.9007;-607.1068;-607.0315;
701578.573;516287.828;516287.464;-870.8483;351.9950;352.0517;
723882.324;523954.738;523953.572;874.6963;-15.2586;-15.3228;
750232.273;465201.662;465202.696;-169.9801;-142.8173;-142.8245;
718513.143;528063.392;528061.728;-38.9557;196.8855;196.9007;
686316.629;520047.442;520046.123;-124.3695;130.1936;130.1813;
739237.228;556203.621;556198.284;120.2355;228.4095;228.3664;
707709.242;534170.029;534168.163;743.2588;-195.5728;-195.5496;
705045.513;506278.918;506278.795;77.4196;-193.2619;-193.2315;
731440.756;511409.208;511408.639;140.8528;-228.6637;-228.6587;
634464.834;465217.893;465221.960;-483.9065;-209.1818;-209.1403;
725944.482;537461.181;537458.695;232.1241;-60.3104;-60.3145;
698777.767;502061.393;502060.738;-175.7118;-353.7243;-353.6933;
819270.220;444842.009;444846.579;53.6233;-60.6267;-60.6250;
625389.110;430768.168;430768.839;53.9110;302.3016;302.3018;
700432.032;520555.312;520555.001;-818.3142;-242.9901;-242.9796;
728225.417;515660.555;515660.028;-191.1506;315.1039;315.0585;
734753.485;548948.551;548945.843;118.6560;463.0344;462.9661;
640784.316;409865.544;409867.768;-138.1613;15.3410;15.3450;
693506.936;519337.308;519336.642;-336.0378;-406.5766;-406.5662;
700804.384;520169.031;520167.697;-433.6885;-91.2664;-91.2694;
707217.580;512538.811;512538.360;231.8421;469.3960;469.3422;
721831.035;517569.363;517568.262;-41.7773;408.8149;408.7884;
533067.960;249668.329;249661.172;-181.4299;-82.8001;-82.8071;
711875.419;515745.414;515745.419;-393.7737;473.8919;473.8898;
736646.045;535397.264;535394.543;30.4478;-214.6201;-214.5716;
680245.064;517477.037;517476.038;-46.0890;446.0102;445.9914;
724367.794;514911.741;514911.211;659.8783;235.0248;234.9971;
805995.038;563020.159;563016.627;0.5153;-12.4458;-12.4376;
802256.299;533634.680;533632.733;12.9048;-230.5754;-230.5815;
747089.553;538411.988;538409.028;-248.6825;422.9602;422.9399;
711459.649;506501.651;506501.047;-217.3576;115.5158;115.5121;
665594.570;541390.060;541388.915;-78.7922;-125.7123;-125.7415;
718629.801;519358.527;519357.692;-143.8454;-143.4944;-143.4799;
842058.513;487964.379;487965.707;239.1113;-175.5692;-175.5613;
708809.604;512796.250;512795.656;-22.3460;136.1110;136.1273;
714137.175;519747.688;519746.382;-43.4972;-239.1716;-239.1435;
749859.288;531364.191;531360.831;87.3478;49.4064;49.3498;
699641.567;501442.759;501442.330;29.9125;145.9915;146.0195;
735590.896;456664.794;456664.194;-327.3441;120.8593;120.8541;
728222.824;530968.340;530967.752;1058.2439;251.5533;251.6053;
705029.815;509212.066;509211.450;44.3290;-435.7756;-435.7876;
712922.353;508459.893;508458.869;-709.6360;-296.8435;-296.8456;
710745.909;509588.693;509588.641;-379.6949;153.5326;153.5332;
718003.480;511551.620;511551.552;139.8394;-235.1094;-235.0349;
730722.810;522836.952;522835.269;481.0682;47.7742;47.7483;
630358.152;496633.019;496634.305;-315.0421;-57.3122;-57.2760;
635378.403;382026.347;382031.031;-297.8435;-325.2874;-325.2899;
666711.634;567144.649;567139.739;-488.4461;27.9126;27.9015;
949755.538;532113.167;532102.118;118.8680;-30.7999;-30.8155;
653164.049;528381.028;528381.177;-352.8818;96.4422;96.4249;
722152.566;501373.113;501373.107;-345.2755;27.2390;27.2551;
642179.877;477085.080;477084.046;-339.5287;-21.3765;-21.3912;
653984.313;488466.718;488469.768;402.3106;-99.6260;-99.6396;
718228.701;511002.252;511001.702;-1512.7765;81.7371;81.6987;
734931.803;506662.525;506661.086;340.5913;-290.0936;-290.0827;
700697.036;529967.349;529966.078;-237.3668;170.3046;170.3388;
902127.512;694721.598;694716.553;134.9847;179.0351;179.0263;
717123.131;510415.257;510414.815;-146.9572;-154.4610;-154.4803;
704860.727;528046.754;528045.629;122.5513;352.8573;352.8816;
719257.533;518632.529;518631.271;-254.7880;-610.1756;-610.1591;
678853.734;520967.297;520968.284;-391.5176;74.3233;74.3306;
