# This file was created for the Modelling and Simulation course, RUG (September-November 2019).
#
# Project: Simulate colliding galaxies, using Barnes-Hut algorithm.
#
# Students:
#     Stefan Evanghelides (s2895323)
#     Hidde Folkertsma (s2759799)
#
#     X         Y         Z         DX        DY        DZ
137938.296;564905.206;564907.605;-3.8312;31.9570;31.9513;
181119.635;593317.562;593321.932;80.3267;-231.8663;-231.8462;
244973.619;630267.555;630266.720;75.7519;211.7992;211.7937;
235614.528;400222.380;400224.426;-50.3158;-136.1101;-136.1043;
144205.853;648792.936;648803.288;16.0818;107.6505;107.6825;
212746.324;509247.414;509248.827;-203.0243;520.7902;520.8028;
183271.107;515169.953;515171.050;21.1616;61.7782;61.7676;
233168.600;575886.250;575888.238;-105.9929;-15.7775;-15.7736;
241526.631;511093.409;511094.382;38.8763;-314.0582;-314.0538;
228430.971;474296.845;474298.011;318.8143;-228.1692;-228.1540;
156958.821;504934.434;504936.540;-233.6050;241.3679;241.3845;
207667.661;535488.486;535490.339;157.1732;378.1757;378.1931;
215034.040;497108.866;497109.934;810.3720;209.9536;209.9233;
215125.191;483194.660;483195.832;-543.3807;-65.6458;-65.6357;
250425.931;515226.682;515226.847;443.9267;1.0729;1.0613;
161580.938;494496.187;494498.789;77.3534;51.2137;51.2114;
234542.349;501531.802;501532.439;-200.8028;278.8937;278.9221;
227591.626;492014.505;492015.304;242.0330;-425.2120;-425.2553;
284002.117;360416.811;360410.273;39.9683;-60.3451;-60.3696;
213953.995;493527.609;493528.831;-727.7887;-90.4605;-90.4362;
189097.439;281243.487;281239.597;-16.5278;-182.6377;-182.6407;
218520.804;496818.150;496819.216;-208.7647;110.1556;110.1852;
226088.802;496150.725;496151.609;8.0764;-253.4295;-253.4451;
226472.576;520863.690;520864.643;118.2686;131.1152;131.1096;
267624.687;483621.174;483621.547;376.2340;203.2280;203.2157;
204297.201;393886.786;393879.608;-58.5852;68.6333;68.6182;
210480.090;534715.115;534717.207;-242.1803;58.7693;58.7589;
176725.831;546815.650;546814.161;-156.2427;155.5611;155.5531;
242825.697;506117.675;506118.298;544.8059;-45.6470;-45.6395;
237367.088;508639.471;508640.738;599.8050;-261.0751;-261.0838;
248395.981;492032.651;492033.077;72.0563;-93.4503;-93.4516;
239339.435;501340.000;501340.589;-37.8573;392.9993;393.0123;
288482.112;511190.134;511188.002;-289.3248;108.6924;108.6956;
224269.973;496915.784;496916.314;-155.9688;-270.0789;-270.0776;
222121.702;507245.388;507246.651;-411.1922;555.0250;555.0430;
228334.731;499289.574;499290.077;-175.0215;496.9519;496.9747;
211658.949;492617.822;492618.533;-104.3278;5.5357;5.5635;
192226.279;438254.402;438257.757;-7.7307;109.7838;109.7802;
194985.790;513992.014;513993.617;488.8780;-43.4803;-43.5023;
205503.895;461010.350;461012.948;310.2272;137.5717;137.5699;
232673.331;498498.971;498499.935;302.3552;442.5278;442.4999;
190486.622;525720.654;525722.670;8.6628;-89.5785;-89.5547;
219226.226;499380.444;499381.501;-472.5822;378.6728;378.6726;
254888.968;490770.818;490770.344;34.7509;-83.3681;-83.3794;
180722.989;594961.395;594963.100;61.6996;-118.3977;-118.4443;
174136.845;492799.722;492801.325;97.0512;242.8953;242.8963;
228656.795;495765.637;495766.196;72.0950;96.8559;96.8623;
302025.250;613697.898;613698.820;100.2449;61.6844;61.6802;
231255.030;504498.612;504499.998;-809.7634;-179.0145;-179.0007;
231319.585;502754.035;502754.850;299.2808;-294.0640;-294.0653;
164629.068;500616.840;500619.118;-8.8803;-161.9371;-161.9410;
239591.809;498730.904;498732.024;358.0633;-584.1355;-584.1631;
32487.891;581107.239;581108.873;-185.9537;146.7002;146.7083;
239540.641;478385.936;478386.389;-620.5675;-398.3607;-398.3673;
214288.972;504186.512;504186.783;567.5722;-524.7999;-524.8496;
235333.555;509149.567;509149.978;-33.3512;629.6388;629.6282;
276245.484;479450.975;479450.643;-127.9379;128.0172;128.0243;
182781.035;600838.970;600839.145;106.0521;-149.2655;-149.2798;
307304.684;610954.280;610953.142;239.5769;57.0882;57.0916;
226732.488;513394.849;513396.045;125.8601;475.7165;475.7264;
209641.331;516443.958;516443.932;322.2408;-242.3074;-242.3505;
233051.584;516546.730;516547.263;74.7443;-337.6062;-337.6050;
236672.682;502985.907;502986.913;149.6582;-49.3051;-49.3058;
213437.641;522410.836;522412.044;298.0548;-153.1077;-153.1150;
215489.304;506232.439;506233.186;-6.9578;-267.2348;-267.2293;
246906.320;501078.866;501079.232;629.1054;-243.5224;-243.5482;
279924.179;505582.080;505580.592;-368.4954;-142.6264;-142.6104;
221508.450;518259.395;518260.406;363.0301;-345.5889;-345.5860;
198506.987;515189.835;515191.197;244.0847;-53.9992;-54.0041;
230282.202;502272.127;502272.273;204.1739;430.5540;430.5673;
231811.005;507395.742;507396.395;314.7858;87.1146;87.1345;
159102.282;445962.294;445964.406;-74.9031;-26.1889;-26.1924;
266479.032;472071.180;472071.620;257.4285;83.4045;83.4005;
336550.504;434101.962;434102.035;146.8405;10.2266;10.2287;
248041.159;495842.519;495843.234;-81.3163;-74.7859;-74.7931;
161608.194;532083.798;532087.394;303.9269;-235.6701;-235.6657;
186992.710;520745.132;520745.450;394.6897;-93.5734;-93.5624;
218079.832;479879.408;479880.291;395.6514;-167.5926;-167.5867;
204529.577;486966.209;486967.258;324.2471;-52.6728;-52.6724;
260291.346;472656.845;472655.784;143.7110;303.0384;303.0522;
219157.289;504331.285;504331.845;410.4772;-587.0630;-587.0776;
239664.922;492263.409;492263.722;-247.1741;81.9473;81.9632;
255637.215;509789.644;509789.664;119.6722;276.1976;276.1814;
228478.994;503142.851;503143.604;-196.8702;203.3705;203.3970;
316797.485;478696.085;478696.945;307.6007;251.4650;251.4827;
260701.544;476742.508;476742.827;452.7774;-8.1740;-8.1822;
206559.211;482703.164;482703.714;-728.3360;-216.2590;-216.2443;
224255.795;501618.644;501619.664;205.0417;245.5889;245.5823;
253266.954;481830.972;481830.951;158.4356;58.7713;58.7901;
224070.249;512646.602;512647.391;-8.2455;143.3751;143.3522;
250104.299;467233.408;467233.177;58.3386;32.4571;32.4431;
228590.689;485706.530;485706.692;251.7754;35.9214;35.9311;
215044.634;483081.049;483083.818;595.8028;-410.8590;-410.8571;
184358.970;537334.191;537336.315;-10.1118;-111.1450;-111.1286;
207386.155;508444.451;508446.171;-205.7661;249.6010;249.6351;
342818.544;369324.846;369330.554;155.2526;-13.4935;-13.4710;
217487.444;494205.639;494206.646;-588.8270;-33.7941;-33.7897;
274753.695;462376.787;462375.501;-16.9850;236.4442;236.4563;
237109.956;598760.418;598760.436;28.6208;133.2178;133.2239;
308329.755;479901.161;479903.069;298.6333;63.0754;63.0699;
740425.153;505017.830;505018.312;144.0535;256.5267;256.5065;
717328.008;491282.340;491283.178;-276.4452;-342.1606;-342.1509;
816856.046;526734.219;526732.540;399.3165;129.8988;129.8731;
765134.149;498421.964;498421.834;-306.5735;97.6253;97.6366;
733878.198;493559.307;493558.682;217.7935;192.2161;192.2096;
763116.672;524642.026;524640.822;-553.4263;16.0193;15.9980;
768741.156;507297.984;507298.348;625.2931;569.1318;569.1369;
761412.205;468055.175;468055.932;416.5353;-136.0093;-136.0039;
737405.605;510481.983;510481.887;-591.8297;50.1317;50.1240;
701084.608;517138.524;517138.295;-34.3282;343.4787;343.4854;
851088.823;611995.189;611991.041;14.0044;57.9707;57.9718;
777181.166;525685.383;525685.048;-429.1762;768.7239;768.6688;
745754.447;497379.585;497380.001;210.8785;42.3222;42.3125;
768912.160;516354.425;516354.011;91.8675;-527.6453;-527.6496;
722271.462;496449.450;496450.479;-730.2337;-61.6798;-61.6820;
768363.604;522569.147;522568.625;628.4450;-244.1802;-244.1408;
766583.792;527973.605;527971.256;-317.4582;-736.2495;-736.2725;
765492.363;506917.617;506917.113;-600.3859;106.0367;106.0378;
875990.085;541712.181;541709.014;241.7983;-60.8223;-60.8249;
735256.015;503440.874;503441.116;541.1919;374.2543;374.2908;
834316.552;505745.465;505745.282;-171.7799;252.8017;252.8115;
756913.889;509309.068;509309.599;-669.2525;-584.5782;-584.5559;
770076.331;531245.044;531242.376;-362.4531;-213.9036;-213.8753;
651288.284;395284.079;395281.695;-274.4731;-165.8829;-165.9124;
759213.721;510367.923;510367.436;-559.4793;674.4271;674.4167;
881745.116;382651.788;382652.267;-91.8492;6.8696;6.8683;
683727.689;436339.154;436338.143;-5.0387;41.5537;41.5571;
800340.090;482876.505;482876.538;-95.7550;143.1204;143.1175;
802304.415;531663.843;531661.681;440.5780;48.3384;48.3153;
879344.881;422579.731;422579.024;-110.8350;-16.5930;-16.5942;
762545.035;524136.846;524136.257;316.5931;-321.6771;-321.6757;
791226.759;539565.856;539565.937;129.7942;119.9539;119.9533;
759851.236;517773.369;517772.405;-1235.1914;89.3483;89.3282;
701313.513;491549.950;491550.050;265.9653;-28.1384;-28.1507;
779249.123;512052.487;512052.236;-266.4747;122.1501;122.1247;
776219.341;520073.519;520072.474;-567.7255;63.6513;63.6529;
747390.886;470049.109;470049.819;253.7278;176.7291;176.7308;
755451.931;513294.240;513293.399;-299.7989;676.5185;676.5484;
763156.437;514868.049;514867.949;183.2382;-24.8467;-24.8262;
744630.860;512842.152;512842.230;-343.6594;-651.4063;-651.3690;
788435.596;456688.457;456690.017;-100.1251;-57.9667;-57.9714;
774891.305;496745.586;496745.745;-84.4117;101.1794;101.1713;
748321.827;480949.333;480949.589;-208.7464;8.2330;8.2353;
729128.631;449222.370;449222.143;-59.3719;-10.4874;-10.4879;
833944.506;575254.031;575250.465;-22.1002;-158.8980;-158.8848;
781835.626;503412.666;503413.064;232.3542;-152.0180;-152.0145;
733037.100;515559.292;515559.106;-267.7092;85.4697;85.4691;
831017.305;605667.595;605662.088;-31.1160;-27.9335;-27.9083;
744749.841;502675.515;502675.283;-410.5665;203.8197;203.8158;
764220.626;515898.604;515898.081;115.9254;259.2770;259.2563;
691584.889;574296.957;574294.910;-58.1047;-71.6349;-71.6326;
656826.298;353354.454;353354.526;-79.6686;-11.2891;-11.2825;
755548.841;507171.485;507170.942;-483.6367;-8.9555;-8.9449;
749266.132;511944.320;511943.659;41.9289;-375.0085;-374.9673;
794154.974;539488.970;539488.494;243.3708;345.4286;345.4085;
737433.035;448538.393;448538.919;-185.3781;-177.2481;-177.2418;
771599.801;505237.759;505237.574;287.8543;-278.4416;-278.4411;
755628.139;515888.470;515887.905;-222.2394;-482.7152;-482.6791;
741305.632;506328.006;506326.748;453.4564;360.1607;360.1941;
756253.272;520936.512;520936.053;166.1248;-326.3617;-326.3427;
640671.815;320291.720;320289.185;-185.8150;-162.4258;-162.4346;
747928.537;511900.640;511900.404;-229.3021;-289.5783;-289.5888;
718792.202;495535.083;495535.517;84.2157;-36.9139;-36.9475;
742534.088;517152.022;517151.512;177.5111;269.7608;269.7466;
755694.678;517080.946;517080.513;90.8152;-594.4658;-594.4238;
724214.092;401944.630;401944.001;-143.3267;110.0403;110.0473;
765171.186;544548.135;544546.281;-314.7765;-280.7136;-280.7123;
785308.618;515401.599;515400.901;-610.9942;-736.3967;-736.3581;
768181.596;511937.035;511936.664;-614.2160;-96.2817;-96.2803;
745014.656;515977.648;515977.610;-449.6822;762.5149;762.4947;
762501.422;515013.564;515012.868;190.4933;607.4834;607.4735;
588047.938;474424.811;474425.833;4.3977;110.7261;110.7225;
780435.986;511824.481;511823.903;-452.9469;-443.7587;-443.7400;
767424.217;507621.264;507620.971;-423.5282;-94.0083;-94.0036;
828364.444;594369.413;594365.952;-302.6180;-90.3557;-90.3783;
772798.087;518337.670;518336.553;241.4421;-93.4333;-93.4809;
873576.415;458442.053;458442.507;-71.3194;-44.2239;-44.2153;
745478.175;572332.714;572332.152;156.9926;-283.4477;-283.4472;
774061.051;536144.318;536143.946;333.7085;186.2770;186.2496;
756196.818;521226.273;521225.554;245.1323;-348.5048;-348.5068;
740838.715;507381.486;507380.742;552.3300;-85.4658;-85.4552;
765873.768;513123.789;513123.982;-309.5833;-879.5723;-879.5344;
765807.357;513917.310;513916.967;231.7065;-349.8461;-349.8247;
741209.601;472194.275;472195.554;135.8116;408.6103;408.5887;
848743.588;595809.553;595808.352;-194.9449;-89.3955;-89.3960;
780842.867;517189.073;517188.683;-473.7517;562.7610;562.7417;
751653.818;516939.042;516938.693;849.1868;468.3969;468.4100;
716863.969;484607.906;484607.730;-150.4133;19.1135;19.1018;
752484.738;534822.369;534821.126;-430.3449;52.7755;52.7619;
851371.761;622721.467;622721.012;-174.4871;-3.0140;-3.0212;
872158.690;444375.349;444374.987;-157.5621;64.9547;64.9567;
737190.812;519917.851;519917.434;-406.9527;334.7625;334.7273;
759021.344;515871.342;515871.023;397.8029;209.3143;209.3343;
761068.375;521522.957;521521.604;-585.8659;163.8342;163.7872;
790624.634;559274.600;559273.665;270.8163;348.1927;348.1978;
778025.324;520319.777;520319.477;-346.1729;31.1587;31.1459;
767739.075;513464.159;513463.447;19.7446;-265.2967;-265.3253;
773921.581;516160.935;516161.002;1057.8450;291.7117;291.6998;
708363.394;486578.007;486578.255;-155.8168;67.5581;67.5409;
