# This file was created for the Modelling and Simulation course, RUG (September-November 2019).
#
# Project: Simulate colliding galaxies, using Barnes-Hut algorithm.
#
# Students:
#     Stefan Evanghelides (s2895323)
#     Hidde Folkertsma (s2759799)
#
#     X         Y         Z         DX        DY        DZ
456286.864;543643.195;543629.673;-44.7458;-65.6246;-65.7860;
423068.293;530638.288;530601.967;130.4267;524.2145;522.4979;
614680.158;897663.024;897653.775;108.9398;-16.4890;-16.4914;
364031.103;389614.159;389597.659;130.1371;124.9879;124.9379;
448161.196;546961.059;546948.498;-448.1007;510.5255;510.8756;
431477.183;534853.620;534846.562;637.3857;-710.1389;-712.2285;
755213.593;940880.828;940736.671;-96.2478;167.4375;167.3887;
35683.593;554138.701;554100.367;-173.8996;12.0270;11.9468;
623234.736;500121.705;500074.069;-167.3254;320.3560;319.9222;
498129.901;474717.481;474676.273;-418.3477;-224.0952;-224.1021;
269811.536;538617.633;538579.437;94.5323;61.4342;61.5614;
566978.245;533194.927;533159.440;-350.9035;-13.3649;-13.5986;
588337.336;618919.403;618965.882;88.1300;243.6965;243.7432;
542656.239;580049.375;580174.096;703.4816;158.8990;159.8232;
476944.437;548047.311;548074.845;-999.4552;-381.0299;-380.5445;
496314.795;561925.183;561950.422;407.0372;262.7017;262.0241;
510188.202;411986.773;411916.747;153.7311;364.6430;364.4707;
483101.103;619948.989;619938.504;-91.3035;-249.4178;-249.3795;
467024.872;542631.704;542615.902;-183.1565;-333.7728;-334.7151;
474255.241;552362.982;552367.493;323.8112;-421.7618;-421.5037;
530475.893;540947.008;540904.036;546.5348;-31.4565;-32.1194;
514351.603;574639.467;574634.371;482.0131;361.0708;360.0910;
416432.499;538064.483;538058.920;17.2965;8.5712;8.3883;
526759.074;424829.776;424744.242;182.9887;168.8628;168.8755;
456420.465;553027.716;553025.530;292.5941;122.4514;123.1065;
519914.703;537360.546;537342.042;-162.4330;42.2444;41.7154;
442838.279;556331.928;556352.074;679.4848;-43.5755;-43.3815;
469632.903;549597.150;549593.102;-1205.0309;-343.6838;-344.5166;
440750.210;538514.635;538525.384;-543.0890;-229.2805;-227.9548;
459340.502;552019.283;552038.904;-127.7235;-272.8959;-273.9508;
457962.389;540908.970;540915.704;43.2391;-78.4992;-76.6328;
443931.608;536729.877;536736.414;48.6187;74.9007;75.6298;
825094.577;226591.877;226617.165;76.9812;-60.9306;-60.9259;
468202.280;566608.334;566624.976;-280.4150;862.9691;863.8152;
430424.550;539288.436;539345.694;-491.9581;-108.4379;-108.1663;
470975.578;532912.905;532926.752;1217.0453;-136.5032;-135.8071;
542714.020;592157.366;592303.650;369.1794;106.5145;107.1855;
461684.160;553633.711;553636.439;-54.4376;-103.4790;-103.6207;
917703.800;512652.713;513007.229;-127.9366;-61.0779;-61.1344;
335066.965;446519.202;446444.756;116.1381;130.9359;130.8183;
518448.127;611516.077;611405.268;274.0391;27.1058;26.7005;
527448.674;553579.712;553616.368;191.7400;-118.7861;-119.3558;
447378.112;530621.133;530614.402;-489.8583;-679.7707;-680.6537;
581227.928;626132.608;626142.338;-375.9582;-244.3700;-244.2945;
445421.871;537114.862;537113.296;-384.7332;-583.7259;-584.2175;
418951.789;551872.062;551861.858;-400.9072;634.3677;634.9237;
468632.999;358038.278;357994.144;-119.9809;18.6754;18.8787;
465326.156;526336.292;526306.333;773.2884;10.4266;10.5316;
479356.925;536423.872;536415.698;422.0352;11.0896;11.5314;
742895.422;968305.515;968199.744;68.5416;124.1742;124.1084;
806451.507;162856.660;162878.381;11.9984;-31.0133;-31.0094;
470676.844;548141.974;548144.215;1592.5960;-104.9944;-106.0277;
863409.317;639069.438;639011.228;14.0384;91.1959;91.0568;
427001.504;414904.083;414796.341;139.5025;-100.4492;-100.6246;
480509.041;548215.097;548190.047;-364.6567;176.0802;175.2189;
473741.304;532543.695;532507.103;86.7462;117.8864;119.0793;
410584.169;498787.386;498662.589;-609.2949;-104.2755;-104.6217;
479946.822;563405.405;563416.717;30.4734;158.6124;157.8637;
436357.889;562577.317;562613.060;-519.9410;-405.7872;-406.7894;
516361.541;679849.584;680013.000;-216.1192;-105.0890;-104.9818;
439181.615;539684.083;539686.537;-248.7044;-505.9202;-507.5146;
788283.540;475872.200;475715.278;87.1569;-102.3527;-102.2509;
460007.981;517039.791;516986.687;-202.7210;81.0508;80.0321;
944057.538;599176.819;599147.966;91.9152;37.9278;37.9331;
456665.815;547114.324;547111.901;-906.3971;203.6581;203.6918;
195948.928;382686.328;382594.320;-171.0463;55.9353;55.8511;
105731.985;633450.810;633466.436;-208.8410;75.7280;75.6759;
736182.621;363114.176;363111.832;243.1829;-78.3159;-78.1726;
441691.640;547468.957;547409.853;1314.8438;371.5359;378.5063;
409566.353;592014.881;591973.247;22.1329;-385.8947;-385.5936;
451435.178;528116.774;528060.877;54.8800;-274.2557;-272.4625;
259082.667;386293.789;385999.720;-218.0312;-262.8850;-263.6658;
447811.621;516679.393;516647.888;-1263.1843;378.6140;378.9864;
383389.644;459607.048;459485.868;-221.7699;-238.8442;-239.6149;
456750.005;535890.979;535881.829;-760.3600;-381.0066;-382.0005;
371912.360;550346.930;550346.525;-296.3489;287.1522;287.1463;
446490.050;563013.032;563022.216;-67.2935;345.6574;346.0788;
533116.702;557009.798;557015.697;-596.0638;-9.2650;-9.2107;
348579.736;547855.341;547767.137;201.4625;12.4781;12.5501;
471770.884;633037.673;633022.825;407.6754;-27.2246;-27.4627;
465356.714;524216.093;524198.299;-534.0268;43.0672;43.6855;
669372.723;661344.393;661218.107;-57.7885;30.5502;30.5311;
323095.782;694399.677;694500.575;-461.4038;109.9649;110.0437;
451561.806;527619.419;527597.989;-483.7514;49.3700;49.9035;
829112.729;626414.889;625758.738;426.5221;70.0425;68.8969;
462118.858;547409.795;547427.288;909.1822;-897.4126;-897.4822;
462633.881;540982.738;540985.521;-317.4761;-206.9954;-207.2553;
473107.468;536123.944;536110.210;16.7756;181.1167;180.9836;
445231.774;543512.119;543505.518;319.6116;492.0259;492.1157;
371266.186;481578.879;481594.880;1.2023;73.1380;73.2926;
487904.182;550427.185;550410.207;-259.3521;-684.4607;-685.1411;
471918.823;551043.744;551037.079;-132.6024;-72.6184;-72.5696;
445300.976;571696.996;571696.436;-214.0503;424.9271;426.5261;
483648.983;557077.050;557100.621;89.8555;483.0641;484.7961;
467951.102;551094.943;551081.867;495.3212;-877.2261;-878.0312;
442923.842;549207.600;549200.362;-810.2269;624.0109;621.6795;
409720.429;536634.146;536622.168;90.2246;-245.0527;-245.8356;
597445.373;546320.371;546340.791;134.5880;-280.9944;-280.7950;
867652.920;509242.980;509217.566;-51.8236;140.3010;140.3769;
475001.053;546493.015;546487.323;-954.0644;-86.7545;-85.7190;
630266.942;488166.161;487952.948;-61.1188;-98.7041;-98.6459;
711274.714;432023.307;431991.678;-49.5918;-107.3909;-107.3674;
441464.820;536082.678;536070.638;-591.8233;389.8013;389.8039;
524765.499;499237.879;499265.488;522.5747;400.5237;400.7730;
477227.689;491101.490;491098.550;-507.3821;28.4984;28.3171;
486312.814;550843.201;550845.809;945.1056;209.2264;208.7838;
403854.758;494566.538;494493.956;-290.9328;-130.5620;-130.6463;
533342.432;353929.920;353876.006;-96.3543;-72.3135;-72.2765;
448313.746;547649.354;547644.706;310.1901;-724.8808;-726.2905;
828669.411;481986.634;481952.074;105.1344;-32.1349;-32.1766;
433884.638;530448.010;530426.473;109.9501;-641.6632;-643.2170;
457816.286;533836.032;533826.910;-1013.0052;648.6688;648.9364;
448553.087;533331.225;533337.694;-24.5406;335.9704;336.3812;
187160.283;361353.323;361338.283;95.2202;40.7449;40.7149;
468747.365;505000.475;504932.575;-117.2421;373.2073;373.9491;
379243.132;803048.085;802951.524;-127.2026;165.5017;165.3947;
427253.663;551707.224;551751.771;-413.1298;-518.7193;-520.4475;
446059.362;551104.418;551069.578;1181.6077;-553.1827;-551.1251;
442921.132;532015.299;531992.660;888.5036;100.5588;101.2256;
376209.957;526458.437;526383.465;-150.4459;-197.9825;-199.3934;
474734.175;538153.645;538142.526;424.2066;93.8354;93.6812;
420597.896;422268.078;422102.317;-48.9692;-181.9245;-182.0539;
488779.025;569285.677;569259.600;23.4786;391.2821;389.5745;
437719.421;534974.398;534939.762;-799.8293;-399.9625;-401.1842;
448885.188;549135.048;549121.633;659.9251;1197.6096;1198.4718;
480625.805;325703.211;325627.705;-254.6707;-92.4741;-92.4749;
387136.452;917085.394;917081.913;14.2858;130.1377;130.1303;
495731.634;550341.512;550358.752;148.2551;-157.9796;-158.0273;
471311.317;539673.522;539671.081;-1317.3041;611.7953;612.5092;
427972.745;543038.815;543024.697;335.2076;-11.0016;-11.5225;
797547.881;563551.782;562948.623;104.1539;-114.6152;-115.1353;
410253.172;548995.322;548979.425;171.8648;-391.0195;-391.2936;
458949.493;550824.242;550816.215;-516.3982;582.2403;581.8808;
445501.645;543563.719;543560.153;-28.3292;242.8749;242.8389;
458938.846;532175.876;532173.437;1594.4677;-65.8653;-62.7742;
255471.635;460618.923;460612.544;130.7201;239.6395;239.5609;
400178.169;495044.743;494927.999;-526.4952;-301.5585;-302.3103;
462489.361;553264.106;553268.721;-1559.6240;646.9585;647.9287;
478204.658;500342.187;500321.991;-762.8682;143.7794;142.9829;
480423.225;545637.784;545615.202;354.3460;107.4413;107.8039;
201006.234;273182.927;273187.028;195.6908;-46.0722;-46.0674;
463085.596;544368.357;544381.836;1170.1282;627.3678;629.7057;
420524.371;542777.377;542768.786;523.6023;133.2075;133.2761;
445411.458;537080.371;537074.737;119.9221;-714.3491;-714.6911;
585525.815;760683.981;760701.897;137.8995;-191.4105;-191.4245;
472524.370;539974.901;539962.824;-159.6935;-250.6776;-251.5161;
368052.138;556773.779;556702.988;517.8092;-99.4131;-98.9484;
446698.249;527970.887;527938.150;-885.7530;4.7913;6.6661;
445302.457;532387.352;532363.693;-65.4324;67.6835;67.7988;
467874.590;545386.576;545377.350;-562.7510;-17.4535;-15.0696;
445378.498;552489.029;552513.617;151.5375;-626.2615;-627.6124;
312093.282;657575.348;657637.456;-8.7924;80.7702;80.6759;
437312.943;540681.314;540680.086;619.6121;-7.1374;-7.0832;
465615.501;543703.037;543692.059;1.5015;372.7393;372.8061;
460927.585;549296.717;549302.915;-260.8197;-280.9656;-280.1984;
447201.093;542248.411;542246.525;652.3438;-117.5314;-115.7635;
449745.430;531623.350;531596.934;175.0959;-232.7680;-234.2306;
411555.774;495309.199;495279.836;623.2617;-131.5558;-131.9694;
563169.722;470478.206;470458.334;72.2862;81.4719;81.5053;
299973.442;354496.944;354326.843;-198.8652;-345.8857;-346.3963;
668094.224;532316.610;532150.663;-47.2015;-111.5906;-111.6826;
465809.627;537853.268;537821.570;699.6156;131.3787;130.7947;
450224.847;552771.763;552771.421;-659.2481;305.7397;306.2963;
477688.133;352617.018;352578.874;192.8879;222.7631;222.7178;
469982.206;532678.437;532671.600;49.2149;471.6467;471.0569;
473666.425;544350.313;544353.033;-217.9899;914.1354;914.3787;
446615.206;533405.831;533408.929;434.0681;508.3663;505.9809;
462795.899;578451.103;578498.587;-229.7388;359.2503;359.7666;
464726.625;538994.026;538957.048;453.3866;336.8157;335.9600;
477082.869;543946.223;543956.600;496.9454;-384.4170;-385.4552;
484006.670;548596.797;548583.240;47.0325;99.4839;99.6560;
