# This file was created for the Modelling and Simulation course, RUG (September-November 2019).
#
# Project: Simulate colliding galaxies, using Barnes-Hut algorithm.
#
# Students:
#     Stefan Evanghelides (s2895323)
#     Hidde Folkertsma (s2759799)
#
#     X         Y         Z         DX        DY        DZ
488214.122;509454.465;509271.228;-78.9634;-132.8592;-131.3468;
463808.534;518450.974;518168.374;-423.9582;-301.4805;-318.3411;
815515.148;705543.550;705410.930;18.5223;-128.2868;-128.6108;
440447.213;525629.599;525132.619;-472.4222;313.7791;311.6824;
452592.118;548227.657;548055.461;6.4769;-200.2455;-204.1636;
531267.757;699680.992;698536.748;-144.6189;426.0748;421.5947;
376583.090;405405.196;403129.322;-313.0998;82.0819;81.6918;
597149.078;815890.971;815136.192;-2.5691;202.6432;209.3487;
503736.198;556280.705;556220.523;-794.3073;207.2518;216.4060;
218059.582;508589.515;506302.487;193.0314;-69.6619;-70.5863;
455303.272;536327.536;535978.350;2.6256;-650.1153;-666.1865;
465420.849;528531.284;528388.705;199.7927;-16.8737;-18.8093;
408903.750;443216.630;441510.834;522.3254;60.7155;61.0734;
17787.738;487367.887;485954.290;-311.2839;-27.0616;-30.2223;
462678.457;535819.622;535665.452;-632.7597;-84.3477;-90.6986;
539770.033;521694.189;521325.302;-154.2209;210.7391;203.4211;
270754.677;477287.312;477104.877;301.8903;66.9576;70.5590;
407527.799;567539.055;567257.764;335.2144;-153.7298;-183.9020;
482202.192;521367.999;521033.537;688.8444;-394.4862;-392.9102;
437066.018;619383.766;619853.539;-502.6102;146.6503;147.8593;
597362.155;537131.646;535539.656;217.8127;-42.5094;-50.1186;
452529.133;509845.495;509526.196;-239.8722;51.0444;53.4000;
677138.305;555867.840;551489.505;-0.4146;-120.9901;-123.4593;
457096.942;516898.817;516077.372;-846.4068;-158.7603;-160.5327;
448962.599;536741.583;536377.420;706.6618;-226.4469;-211.7909;
474007.984;518244.506;518037.507;335.5542;105.1306;121.5432;
497075.861;537125.356;537697.118;-435.4986;271.4084;273.2855;
455604.345;546290.747;546360.345;-191.3075;220.3096;223.1113;
902436.105;135852.102;135859.592;-9.0071;-3.8367;-3.8635;
580385.173;476071.078;474885.097;-141.7993;315.2493;327.3003;
455231.307;515192.172;514537.182;439.6463;-156.0220;-153.1143;
481281.351;536041.024;536280.201;-680.9942;-446.8737;-459.4660;
485187.115;585751.196;585443.115;234.8750;-274.2772;-277.1257;
465142.850;531039.740;530665.778;311.4221;-144.5318;-146.1012;
578055.063;580070.881;580263.669;439.3092;193.9973;194.1116;
443908.425;527022.802;526693.197;333.4065;-24.5619;-25.4229;
462990.092;518173.625;517790.429;523.9651;-455.0301;-464.8054;
430409.233;515069.716;514538.793;26.7837;-17.9740;-18.1152;
462828.805;539021.873;538964.636;141.8720;-310.5748;-310.1992;
469627.110;569501.829;569855.886;994.6245;-172.4403;-150.7047;
456362.092;507425.914;506913.639;940.0551;-91.9999;-90.6674;
487817.314;556014.069;554784.428;286.4726;-580.0789;-611.7478;
522610.344;520223.351;518820.408;762.9800;151.7297;146.3617;
461068.964;541264.024;541176.368;1178.6982;-161.3531;-106.7777;
497627.612;564029.090;564853.040;31.9731;119.7813;129.0999;
564506.764;450422.980;450043.859;-341.3270;436.8067;434.2426;
481359.928;545457.925;545743.085;-779.0213;338.0624;336.1222;
598684.272;675729.422;674501.239;-228.2169;-95.5222;-94.4643;
569185.182;641446.102;638387.467;-45.6245;30.4688;28.8950;
511776.469;541682.680;541999.014;365.2319;-375.2892;-377.0719;
447702.554;546659.032;546393.433;77.0943;57.0280;53.0480;
561227.247;516389.510;515362.085;-368.3231;-169.8053;-155.8030;
203675.156;475696.128;476378.852;145.5433;178.1873;178.0746;
454969.654;544557.917;544580.335;-481.8679;-608.2022;-599.6694;
456659.146;498317.791;497190.592;353.1110;-301.5493;-319.3335;
469017.822;535188.542;535044.375;-220.6940;371.9728;384.0383;
540469.012;668979.931;667121.264;77.1896;-107.4294;-109.2069;
416902.170;582564.041;583134.069;-312.6842;-147.9488;-144.2926;
841909.075;661568.235;661000.119;-170.5496;-13.2375;-13.6577;
478249.630;522501.108;522038.536;-526.2934;326.6928;337.2622;
50029.609;597349.249;597046.229;56.2815;77.9595;77.8188;
487765.167;529533.337;530008.301;1217.1352;-208.0792;-176.1037;
473889.864;495514.783;494559.050;200.2929;19.9695;21.2410;
433411.433;527187.249;526634.791;401.3202;192.6498;193.3369;
53645.040;5554.966;4513.087;-9.0156;-66.9386;-67.0711;
465789.177;520356.435;520012.523;-103.2640;-304.2981;-289.3761;
475667.647;512826.024;513002.186;-543.4134;235.3565;224.5771;
458037.621;543038.171;543132.528;-488.7115;387.7805;382.1208;
462639.989;560538.244;560682.737;570.3496;155.0619;185.6796;
423234.828;292956.307;287800.268;-21.7689;-16.7674;-17.8892;
434479.763;543733.397;543504.503;-332.7239;-467.7168;-487.3066;
818071.424;472068.059;469988.754;-38.7573;-22.6142;-20.2248;
397964.941;602894.766;601468.488;493.5022;109.9213;111.2784;
537350.241;495520.519;494135.009;118.2159;-58.5279;-61.4881;
649010.736;453988.007;453006.870;-10.8794;89.3814;89.3330;
457221.064;538065.672;537786.911;447.0322;530.8287;550.1354;
460642.194;509387.281;508807.226;-123.4547;842.2158;838.5557;
446573.745;539599.789;539329.377;282.0997;408.6072;418.4468;
474219.194;523661.014;523403.728;218.8674;132.3708;145.4533;
448475.752;553985.361;554089.118;-853.3303;272.0502;285.6566;
323345.299;624650.122;624373.087;-149.1192;93.8597;93.1353;
520398.294;528173.393;528650.315;-6.5361;-206.9495;-227.8729;
468722.843;516963.169;516585.936;893.3631;9.0557;23.3644;
479970.992;523981.322;523778.657;788.8514;891.6676;811.3436;
457966.062;534659.766;534565.960;-563.2151;-89.6258;-85.3473;
452765.036;510724.464;510073.019;-387.6521;-767.4731;-784.8415;
466444.995;540240.599;540160.178;-431.6035;-498.4891;-518.0123;
477001.870;493034.081;491492.937;-244.6005;40.5942;55.5812;
437769.538;500711.481;499481.946;-674.4351;323.5663;333.6333;
531524.644;564208.556;563925.717;-836.9226;124.7168;124.6130;
451262.605;522731.180;522382.957;-443.7873;73.3225;72.9491;
690000.657;662447.442;662142.714;120.9887;-23.8880;-24.9097;
881780.247;649907.187;649076.728;170.9720;3.8449;3.4940;
507341.700;574877.211;576669.932;51.6208;-183.9182;-182.0649;
548681.364;592850.836;592328.648;-259.9460;275.9829;276.1412;
431162.088;508546.811;508343.525;-637.3204;228.0001;217.5107;
264923.267;465338.039;464841.423;-356.7850;-138.0604;-142.0600;
399095.469;512211.812;511367.926;20.8788;346.1744;346.9494;
595069.242;446832.067;445467.496;-282.6141;-9.2889;-10.3363;
461563.674;555568.301;555808.636;755.3253;-83.5496;-78.2618;
812018.720;478780.307;477976.855;-125.5409;24.2332;20.6727;
469314.129;508317.232;507903.182;497.5628;116.0902;109.5062;
483668.445;513355.959;513013.745;-368.9546;-303.4246;-306.5276;
465816.117;490983.239;490791.603;-584.6970;-278.5363;-294.9524;
883481.909;731745.790;729905.617;75.3998;24.3185;23.1905;
499368.695;529487.786;529522.440;-17.7155;5.3635;-3.4541;
455647.346;513639.106;513295.374;90.0089;313.3793;331.7238;
463093.615;519586.379;519096.160;405.6536;698.2329;717.0013;
447957.259;519492.917;518971.149;56.6649;-80.9680;-79.4878;
458872.954;543095.187;542959.814;-13.4564;121.9584;132.7988;
464546.213;524986.397;524525.300;629.2519;107.4817;120.1357;
418595.826;225731.129;224675.800;16.7705;-2.5906;-3.1109;
450779.377;510093.712;509164.731;-296.8826;538.4541;553.6455;
501060.451;507464.046;507091.397;-519.4291;152.5362;156.7585;
435786.696;534127.045;532969.757;1434.1011;500.0475;534.5451;
326277.290;586891.707;587038.004;468.7958;96.5314;101.9908;
455870.518;523381.141;522980.032;-384.3042;135.1292;145.5412;
418875.969;547155.044;547525.440;-258.2891;227.4049;233.9667;
472562.078;547306.761;547897.570;-373.6094;-76.7284;-83.1031;
589229.702;802753.783;804351.553;354.8305;143.9767;142.1919;
348385.084;530847.503;529715.378;-208.0745;-123.0856;-124.7831;
620842.217;472757.985;473647.599;79.6769;-167.5850;-170.6318;
478170.990;514176.109;513655.299;-29.4356;-401.0615;-406.0013;
454615.179;531440.249;531343.147;-1175.6300;-4.9187;-21.6921;
475464.642;265789.604;264082.189;-98.1654;28.2942;27.8157;
462014.656;527618.246;527466.157;216.4123;-239.1587;-243.8157;
447765.947;534363.398;533512.283;519.2604;-140.1258;-116.8945;
618218.885;528396.529;527901.553;215.1878;-153.2322;-161.8690;
458010.817;531093.032;530714.295;-369.7293;-293.0765;-300.2282;
472393.835;552706.707;553078.544;-224.0563;-467.6267;-473.8094;
461855.706;527778.092;527377.681;-720.2640;-452.8650;-472.8398;
618533.367;555229.142;554308.695;409.3421;-104.3939;-103.8633;
353531.469;557889.159;558321.282;-22.0500;440.9099;406.3933;
440171.184;529958.870;529671.847;-493.3604;372.3177;369.8994;
504893.184;555296.227;555804.423;-443.5218;-443.4777;-437.3247;
437147.359;528627.457;528337.446;164.6137;-445.1560;-450.9479;
448558.791;547712.909;547505.010;324.2642;47.0346;45.0389;
419566.549;570555.322;570019.307;158.0058;-111.6111;-121.0158;
474889.052;558170.943;558437.816;-664.3158;416.1002;414.7118;
569202.948;450658.941;449929.925;104.4668;-160.7681;-166.1984;
429315.102;549683.675;549738.232;142.7825;-574.4548;-577.2907;
464386.068;534101.407;534061.502;-213.0203;-335.6080;-342.0662;
434702.949;552758.792;552562.636;-56.3319;346.8766;368.1263;
434616.990;552494.587;552432.412;-442.7562;-215.4370;-218.4855;
430397.993;536617.545;536448.378;1107.3238;-490.4659;-482.1976;
520981.402;560094.212;560697.137;62.5813;237.2984;233.3036;
531214.328;534798.189;534435.427;244.8489;305.5008;308.2031;
856897.111;673693.556;673457.609;155.7112;-54.2223;-55.7486;
452895.968;538970.843;538760.748;576.3041;-401.6935;-424.6708;
481950.974;521707.658;521335.223;-237.7180;-383.2622;-383.4897;
530081.606;614696.682;613365.545;-109.9993;198.7287;189.7202;
480265.217;529786.228;529593.878;795.5332;585.7862;568.2657;
497941.916;544909.996;545562.083;-349.9992;704.7152;705.3852;
475264.384;527535.632;527227.653;343.3677;221.8016;232.4863;
444352.894;533582.037;533086.674;720.6389;-412.4674;-413.0898;
465619.843;553672.450;554034.445;-258.1724;-266.3292;-271.3316;
476517.276;517690.629;517141.744;-226.3127;-197.4771;-193.1702;
