# This file was created for the Modelling and Simulation course, RUG (September-November 2019).
#
# Project: Simulate colliding galaxies, using Barnes-Hut algorithm.
#
# Students:
#     Stefan Evanghelides (s2895323)
#     Hidde Folkertsma (s2759799)
#
#     X         Y         Z         DX        DY        DZ
447352.170;508474.568;508475.952;429.9815;83.4280;83.3917;
418271.393;513385.817;513390.071;1404.1632;-111.7672;-111.7787;
346178.417;804282.209;804277.010;99.1317;101.9946;101.9920;
202695.292;313388.759;313393.127;2.1353;-33.4154;-33.4143;
318030.687;592019.002;592036.599;352.7526;-247.1769;-247.2319;
391879.933;510675.033;510676.150;1119.2212;-231.0220;-231.0754;
371776.416;518257.528;518260.056;-232.9062;400.8874;400.8585;
623213.702;435137.936;435144.781;459.2267;135.5167;135.4983;
406986.689;496821.127;496822.436;122.0720;-28.0369;-28.0624;
381017.780;523853.728;523854.798;453.0973;-452.2670;-452.3331;
569347.328;406503.215;406500.727;310.9004;173.7195;173.7326;
410691.422;503573.173;503567.279;45.6435;719.4497;719.6538;
373222.803;515785.162;515788.007;241.4812;298.8709;298.8957;
364955.254;522292.495;522294.873;-182.4051;-541.3958;-541.3484;
383412.546;497264.957;497267.474;521.8060;382.3878;382.3644;
381163.863;509016.030;509019.720;-526.2287;-571.3974;-571.3604;
401273.179;486069.885;486073.309;355.8508;117.9939;118.0018;
388884.755;518402.990;518403.804;-108.3194;148.5265;148.5349;
425526.669;615043.850;615011.496;421.7326;290.5388;290.4144;
404268.705;509297.849;509300.266;212.5043;-425.8334;-425.8511;
221781.290;154829.836;154824.185;66.8924;-45.8552;-45.8556;
444933.201;467633.785;467637.631;322.9442;29.4791;29.4802;
417246.973;511802.417;511802.757;90.7287;126.0670;126.0559;
390896.236;518672.570;518673.519;-152.4409;165.3080;165.3535;
430805.892;516847.966;516848.423;360.8278;109.7707;109.8166;
412960.846;549322.534;549324.129;739.7918;-43.3733;-43.3178;
396948.485;520832.748;520834.013;145.9009;160.9356;160.8792;
323744.813;503999.348;503997.559;513.9487;-151.7255;-151.7317;
387951.085;506125.615;506127.666;-53.6750;-115.1006;-115.0832;
407533.805;510562.108;510564.507;628.0586;66.7421;66.7221;
371905.894;500729.973;500732.595;241.3883;30.5043;30.4702;
413194.457;526120.358;526121.492;97.9068;-129.1067;-129.1010;
395706.336;529311.825;529312.184;-336.9374;74.6498;74.7734;
409591.300;516354.404;516354.977;-39.5135;255.3324;255.3287;
404286.197;511767.148;511768.734;-461.2318;376.7433;376.7789;
399928.195;522215.377;522216.405;351.6120;-291.5282;-291.5246;
407086.236;517733.229;517733.923;32.6712;272.5556;272.6003;
379681.707;547461.699;547464.231;499.9624;202.2668;202.2658;
400623.451;517950.054;517951.177;899.0392;-809.3784;-809.3265;
406888.881;527450.056;527450.706;743.4853;215.3695;215.3613;
412462.054;518196.736;518197.583;-76.7869;-101.5462;-101.5248;
401023.391;511360.255;511362.851;487.8315;699.7017;699.6235;
425070.959;525707.668;525709.719;632.4871;454.4156;454.3252;
369375.225;497764.556;497766.026;95.1199;-71.0846;-71.0769;
263332.735;501584.920;501582.411;52.6166;-32.4008;-32.3617;
360252.148;504226.909;504228.513;-264.3659;153.8170;153.8214;
374853.121;542163.494;542166.108;-98.4430;163.1544;163.1459;
315091.172;507617.564;507617.248;-165.1593;112.4305;112.4302;
697933.765;542688.127;542680.964;252.7010;394.2257;394.1591;
433196.110;569000.224;568996.917;182.1438;111.9300;111.8755;
350530.089;528649.809;528653.576;869.0057;-342.0223;-342.0303;
403422.657;524820.915;524822.516;-498.7818;-14.2033;-14.2063;
479073.263;563095.341;563100.752;514.9207;-61.1131;-61.1278;
341886.406;521386.434;521385.584;481.1748;-98.0527;-98.1116;
386295.234;515203.260;515205.358;546.0347;-116.5095;-116.5053;
359149.946;504606.523;504610.140;343.0793;84.2597;84.2290;
239017.539;502812.635;502816.178;-27.7354;-77.6056;-77.5866;
260926.556;550401.474;550399.540;316.9938;90.5189;90.5147;
370963.532;507072.892;507076.262;386.1706;-214.9582;-214.9320;
411682.347;505655.132;505656.383;653.7736;-48.1210;-48.2168;
388574.135;499854.991;499857.143;459.2254;-100.4733;-100.4906;
416856.261;526823.014;526823.906;408.6372;-74.3933;-74.4108;
414950.313;524412.786;524413.972;539.1180;-29.4597;-29.4865;
405744.860;519261.938;519262.498;123.8725;-209.4128;-209.3444;
388162.907;488852.806;488855.467;645.4692;105.7523;105.7446;
386025.502;504184.138;504185.345;1143.7173;-49.4649;-49.4531;
397207.070;525471.432;525472.517;-351.3758;-537.3166;-537.2915;
404847.289;515802.557;515803.503;-452.0678;-242.9102;-242.8725;
410348.489;520756.497;520757.600;-288.3007;359.4573;359.4421;
400548.688;519504.410;519505.547;800.1190;335.9280;335.8526;
363543.884;537679.260;537680.898;419.6782;473.5470;473.5453;
456081.580;509308.223;509309.385;91.0870;-13.9702;-13.9842;
244840.471;569146.123;569145.045;103.4051;27.0795;27.0674;
406511.328;514038.745;514039.964;44.0702;155.7059;155.7085;
472320.037;502936.379;502937.445;521.1522;-10.3011;-10.3235;
349036.931;611049.951;611038.330;192.1533;24.1776;24.1779;
433327.691;507202.375;507204.268;223.7924;172.5951;172.5884;
404895.083;508928.905;508930.676;826.1140;123.4068;123.3637;
419027.425;518167.936;518166.975;-275.5908;277.4625;277.4298;
365352.855;509212.240;509214.824;517.7104;133.6636;133.6414;
398042.078;508812.385;508813.539;266.3945;-30.8836;-30.8943;
384115.455;538131.075;538132.211;-680.1887;5.5823;5.5889;
359295.225;520479.237;520482.156;369.9881;232.8579;232.8778;
353904.257;535736.230;535739.034;183.7665;96.1116;96.0850;
317804.734;527781.885;527785.325;104.9314;-65.1880;-65.2237;
445217.387;555364.576;555358.323;709.9805;-121.8298;-121.8035;
372567.618;503237.701;503238.520;871.9632;122.6539;122.6380;
444965.429;509797.564;509797.712;88.0284;52.1102;52.1128;
397920.604;518328.797;518330.154;808.5062;-238.4021;-238.4053;
400432.336;492846.669;492850.312;449.4630;-391.0187;-390.9444;
379606.722;510319.234;510321.438;423.4807;-55.9416;-55.9682;
397465.263;505527.637;505530.609;-252.8515;-228.7035;-228.6670;
401039.334;512204.784;512206.872;946.3429;-133.2249;-133.2548;
356530.631;511885.225;511889.190;282.1201;102.5655;102.5820;
353694.007;496407.758;496398.492;845.8969;180.7655;180.8068;
402764.006;504541.878;504543.428;43.9593;-74.7275;-74.6774;
371889.270;513205.648;513209.127;-67.1961;121.5260;121.5319;
285610.349;636125.240;636136.146;75.8657;-58.8692;-58.8501;
205295.070;348370.539;348378.436;102.7012;-108.5370;-108.5320;
625685.277;589673.880;589665.451;-292.1096;-11.1762;-11.1908;
590040.144;514966.170;514965.620;-599.2893;207.6281;207.6563;
608074.960;524673.444;524671.681;-746.1611;-333.4456;-333.3767;
603904.335;505823.220;505823.265;-306.0290;25.8089;25.8435;
733984.234;554331.312;554327.260;-400.0278;-25.6231;-25.6185;
610890.544;514489.777;514487.890;84.3866;-43.4531;-43.4955;
584158.216;513529.394;513528.847;-896.4361;291.5800;291.5964;
573686.850;528232.151;528229.962;-876.7278;-112.1308;-112.0501;
560566.388;543321.919;543320.837;-144.2882;-240.0139;-240.0038;
566694.223;519409.824;519409.763;244.7911;457.2974;457.2898;
739698.401;607559.004;607561.607;-181.5454;-59.9203;-59.9363;
573434.169;503159.615;503159.245;492.1528;181.4994;181.4890;
609869.466;516193.172;516191.590;443.3293;381.9694;381.8801;
592321.165;509075.775;509074.955;-263.7074;-342.2440;-342.2248;
623710.447;540337.571;540334.847;-552.5962;151.6154;151.5759;
595021.341;519072.830;519071.032;-1099.6548;269.8468;269.8797;
598283.928;559035.704;559028.892;-36.8700;-437.1531;-437.0992;
610782.898;505414.660;505412.200;-446.7608;-235.7737;-235.7600;
606413.599;471311.013;471307.911;-378.3917;-376.0792;-376.1191;
550700.055;362261.927;362272.838;-220.5703;58.1195;58.1134;
639832.489;525384.476;525381.983;-250.6166;554.5268;554.4729;
603969.891;530416.019;530413.376;-186.5983;132.1757;132.2146;
599213.156;383047.637;383051.626;-139.8341;-10.1513;-10.1474;
394785.411;324162.018;324142.039;-187.3566;57.4539;57.4543;
623220.690;517405.281;517402.366;-28.8095;-218.9430;-218.9501;
397137.559;658188.133;658174.106;-449.7150;-31.5929;-31.5954;
515476.679;448738.765;448741.712;-293.2553;0.3423;0.3363;
820578.795;585671.037;585665.973;17.5631;54.1225;54.1311;
635890.924;535805.345;535800.119;-208.3961;415.5213;415.4536;
636170.400;556073.658;556070.446;-265.0271;-263.5240;-263.5222;
594202.362;517410.350;517410.597;-1302.3539;415.1275;415.1136;
665134.779;544402.104;544394.792;-176.4549;56.8939;56.8650;
594478.224;516647.392;516646.791;41.6631;-299.6851;-299.6839;
624694.364;607296.029;607290.386;-324.3064;-275.9006;-275.8936;
616087.782;516633.034;516630.328;-815.7269;-205.3768;-205.3547;
585185.516;510617.072;510617.442;586.6586;146.3076;146.2866;
682057.700;534083.048;534077.186;-203.7364;142.0500;142.0304;
415042.905;526340.211;526338.871;-817.6748;-19.8425;-19.7965;
612126.864;524410.765;524409.193;-62.1907;644.8409;644.9034;
598693.833;516171.634;516170.367;-909.8367;371.2895;371.2490;
660346.203;605280.515;605269.626;-138.1968;50.2711;50.2559;
557432.552;514802.408;514802.997;-581.1467;0.3490;0.3632;
584827.062;541761.347;541759.676;-147.0423;-133.3107;-133.3139;
747722.526;625850.183;625834.039;-38.1651;66.2634;66.2701;
648994.444;543912.978;543907.838;7.8672;-167.3970;-167.4199;
589494.754;522215.028;522214.105;53.9519;-213.1184;-213.1360;
588890.988;516886.007;516885.353;448.5991;61.4488;61.3549;
403663.850;409194.957;409207.702;-362.2014;19.7284;19.7217;
609166.845;457306.510;457310.110;-396.8679;3.0186;3.0163;
611979.496;536695.109;536691.631;-116.1577;-88.3086;-88.3370;
761794.142;469032.228;469033.046;-242.4174;108.4478;108.4360;
709465.042;476134.123;476133.161;-427.3397;-110.6384;-110.6114;
596191.644;535735.869;535733.453;-59.3833;-326.7211;-326.7185;
593278.930;524722.894;524720.761;-699.6222;-342.0962;-342.0308;
529560.342;436525.577;436525.873;-463.5052;-130.6322;-130.6477;
570621.457;462925.027;462928.277;-115.5171;202.1744;202.1670;
609636.060;520168.332;520166.162;-213.8427;3.0090;3.0031;
584235.221;528706.648;528704.711;-522.3416;-241.8626;-241.8249;
603199.001;530491.465;530490.292;217.7325;-323.5058;-323.5158;
609280.703;498980.798;498979.498;386.5661;15.2983;15.2549;
425025.763;220656.870;220646.207;-172.2419;-12.0304;-12.0335;
593519.113;518956.407;518955.027;375.3968;-477.4188;-477.3946;
582705.515;537237.082;537235.249;-531.2626;290.8165;290.8328;
646082.216;510205.588;510204.216;-539.7336;-335.2078;-335.1725;
610294.794;526327.949;526325.965;608.8908;-287.1158;-287.1254;
459284.677;575050.993;575054.998;-742.7982;189.9217;189.9129;
624398.663;582579.815;582569.298;7.0173;-89.2210;-89.2119;
595098.754;527082.787;527081.579;365.3946;431.1886;431.0723;
613759.102;515216.321;515214.854;-305.1719;-45.1045;-45.1260;
509225.327;499244.472;499251.082;-772.1804;-203.4405;-203.4431;
598404.445;520053.654;520052.762;-979.1834;502.1105;502.1456;
780530.439;437748.916;437751.474;-375.9797;18.0262;18.0225;
589065.717;519435.342;519435.144;-877.2305;-214.7354;-214.6945;
600181.020;507896.557;507896.381;-436.8915;-202.9498;-202.9082;
586967.486;510415.894;510415.051;263.6255;238.1157;238.0647;
588793.194;509095.570;509094.627;-16.6199;277.1114;277.0267;
669674.426;534661.909;534656.814;-210.8756;-129.6908;-129.6815;
929169.934;533538.247;533530.488;128.3056;-21.8426;-21.8587;
585852.407;523220.623;523221.128;-744.8042;-107.7736;-107.7557;
589349.574;514228.867;514227.533;-779.9071;117.2703;117.2618;
590356.210;528836.829;528835.201;-21.5191;-446.0966;-446.1061;
597727.596;523002.552;523000.717;-730.3517;-107.7621;-107.6681;
584459.743;510342.749;510342.164;-685.3412;-4.3931;-4.3764;
619079.559;535655.904;535651.882;-771.0400;-412.8406;-412.8339;
457776.507;232659.675;232661.412;-304.6657;-196.2004;-196.2085;
653957.551;539970.526;539964.278;-236.7907;192.6875;192.6624;
970087.615;511818.139;511800.329;-40.5975;-31.8946;-31.9012;
667099.147;458892.389;458894.211;-86.7850;-180.3521;-180.3592;
588704.551;519467.598;519467.230;78.4918;-243.7553;-243.7886;
640721.076;507498.093;507499.887;-791.1044;135.4572;135.4485;
602254.749;496198.450;496202.359;925.3892;-24.7379;-24.6416;
609956.792;511140.374;511138.688;-677.2092;294.1966;294.2147;
600287.708;524611.770;524610.703;347.9131;518.1413;518.0930;
585883.094;511566.576;511565.682;544.9582;-63.8436;-63.8918;
969528.557;791969.104;791959.030;94.8856;149.9977;149.9897;
601498.915;521851.471;521850.152;-19.4609;-42.9763;-42.9491;
601029.862;513368.549;513368.247;11.1312;441.3652;441.3387;
606443.151;504379.764;504378.571;-713.9594;56.6810;56.7277;
543984.557;531392.191;531393.665;-517.5778;60.2555;60.2910;
