# This file was created for the Modelling and Simulation course, RUG (September-November 2019).
#
# Project: Simulate colliding galaxies, using Barnes-Hut algorithm.
#
# Students:
#     Stefan Evanghelides (s2895323)
#     Hidde Folkertsma (s2759799)
#
#     X         Y         Z         DX        DY        DZ
469660.475;530182.870;530189.642;-79.0053;33.9125;33.9526;
446536.013;537175.619;537192.577;-463.5632;-771.2443;-770.5559;
537526.091;899135.703;899127.430;113.9986;13.2249;13.2239;
288379.961;327123.481;327128.517;90.0473;56.8310;56.8164;
461656.611;540446.264;540437.121;-51.0266;532.4225;531.6037;
478467.574;534259.042;534273.622;-20.5809;756.8565;757.4857;
806809.973;819634.242;819534.488;-52.8852;190.5684;190.4947;
222708.107;543415.968;543434.106;-408.8967;22.1095;22.0335;
580085.524;365128.508;365145.149;217.3388;62.3781;62.5383;
416956.695;502020.812;502030.837;-626.8650;285.0315;284.8284;
537215.212;549032.498;549042.287;-659.5901;-216.1905;-215.6627;
439577.640;566040.681;566038.277;583.0516;-35.1362;-34.7686;
323473.943;593457.857;593408.748;-170.1948;3.5565;3.3943;
295926.350;361868.406;361806.457;22.3307;129.5409;129.5136;
498894.990;538667.814;538712.929;745.7986;430.7091;431.7490;
989824.397;502117.065;501935.074;224.1425;-141.4890;-141.7853;
474076.599;532664.584;532663.277;-922.6487;-356.6127;-356.6449;
410865.164;238510.194;238482.650;136.2157;161.3847;161.3700;
521008.874;704501.097;704475.553;-36.4247;-38.8920;-38.8828;
457365.367;519405.005;519399.716;-832.8572;-99.9084;-100.0562;
477784.919;537706.382;537719.405;655.1416;217.8079;218.0099;
502321.866;573621.222;573630.941;11.5070;98.4006;98.0200;
500729.050;529407.871;529406.200;-1094.9939;-33.3399;-33.4249;
481635.779;532780.457;532786.863;1020.3745;124.6002;124.9551;
383235.723;373903.893;373859.363;145.0971;-5.0036;-5.0442;
452404.034;536380.433;536390.575;-344.3433;-133.0918;-133.1312;
427030.106;515059.119;515021.907;395.4775;176.0713;176.4061;
442420.937;536865.737;536866.772;71.9658;266.5960;266.5449;
487613.460;533767.572;533757.558;-426.9217;-70.7914;-70.6804;
471130.320;522173.613;522172.530;833.4317;427.2867;427.7440;
459339.597;538776.161;538773.546;-161.3129;109.3171;109.0127;
472732.375;522713.885;522713.409;1044.3391;-1.8029;-1.5034;
446682.749;518295.400;518289.004;166.1286;-95.3693;-96.0101;
762300.387;275113.721;275134.231;106.4816;-81.7208;-81.7117;
288860.675;402174.036;402171.341;195.9292;28.3760;28.3046;
515594.716;516312.752;516273.503;-40.0313;130.6682;130.0942;
479904.787;572881.918;572898.775;-245.9808;99.3199;99.2287;
304755.996;373282.259;373215.507;23.7817;29.2310;29.3264;
467829.808;523117.962;523114.753;76.2709;133.5009;133.2525;
936806.685;557180.397;557361.932;53.5805;-61.8207;-61.2748;
347208.843;394037.427;394014.834;-135.4581;61.6790;61.6457;
394197.565;542195.229;542149.063;-128.6805;251.3232;250.7626;
464107.770;424416.029;424421.811;-118.5563;57.6539;57.6443;
734410.014;956624.428;956574.033;-35.4267;162.9817;162.9588;
437617.614;504758.503;504740.414;460.6950;341.8586;342.1831;
733069.261;693031.751;692995.125;-110.4421;-10.6543;-10.5535;
468741.648;531113.724;531115.043;762.9866;63.1110;63.1741;
442943.928;532160.812;532154.742;-412.0240;777.4335;777.7786;
507029.218;398722.061;398695.954;13.8126;-234.3057;-234.4142;
460187.649;555683.114;555676.291;-792.4660;71.9485;72.3732;
443595.075;529210.784;529223.264;-531.7671;212.0018;211.5114;
689118.724;859553.295;859490.410;93.4958;189.9248;189.8585;
781272.892;205510.035;205526.868;64.4238;-94.9696;-94.9596;
485765.326;532163.475;532174.279;1201.0088;614.7390;615.8249;
970805.913;535550.631;535449.880;99.4062;-12.5295;-12.7821;
830441.012;571800.155;571774.609;75.9960;102.2483;102.2393;
507388.075;561213.533;561204.396;-601.5286;108.4934;108.5500;
446072.564;536423.125;536447.444;-612.1521;-517.5222;-517.3866;
461903.934;548321.432;548341.515;-164.7849;458.0864;459.1638;
432823.370;537204.598;537202.711;920.0944;-259.5105;-259.2584;
465619.895;515472.874;515469.130;471.4469;-65.4912;-65.4590;
487158.482;526345.082;526350.581;-76.4160;-511.0391;-511.2662;
596216.158;627574.973;627530.380;13.1570;281.1271;281.3781;
481710.658;527255.844;527267.174;869.9702;-10.8792;-10.3164;
651041.646;554922.911;554790.568;394.7395;-99.6338;-100.0306;
445259.725;544528.493;544527.594;776.6127;25.8973;26.9914;
851233.871;570467.106;570433.503;187.6189;45.8446;45.8276;
485779.879;505546.708;505522.217;-472.9161;248.2103;248.3451;
333389.286;362370.056;362348.102;-213.5684;-27.9716;-28.0420;
324173.454;560893.277;560927.048;-525.9947;151.4866;151.5619;
519961.987;452815.957;452800.376;411.2820;-239.4756;-239.5865;
524953.403;537567.789;537522.889;-414.7721;-79.9427;-79.8375;
386472.904;491497.033;491478.123;495.7627;-42.6885;-42.6410;
515119.702;527698.242;527641.657;-500.8912;50.9929;51.6502;
648435.124;544949.399;544921.896;-473.3612;23.8484;23.6546;
389162.737;473585.289;473514.143;400.4173;229.9918;230.8305;
345312.654;548177.697;548203.855;197.3931;-24.3876;-24.3683;
495706.842;520470.433;520453.393;-833.9481;-89.9500;-89.1595;
463150.320;501643.833;501639.302;-553.5692;405.9701;406.3562;
487447.137;536098.026;536104.963;-351.0776;-437.0646;-437.4928;
323810.909;541905.340;541925.333;124.4526;15.8488;15.6708;
467004.435;533551.857;533561.749;-829.3186;249.2217;249.7598;
585883.866;472278.793;472249.213;-380.6104;-131.9880;-131.7717;
471484.243;543372.143;543383.575;228.4667;120.5547;120.8551;
645345.459;586043.258;586005.588;741.7283;168.0164;167.5489;
673044.199;621192.703;621107.657;57.3016;95.0467;94.9684;
565454.317;463196.003;463147.854;128.3487;409.9188;409.8241;
487375.141;535345.843;535343.515;313.2047;73.5429;73.8166;
396090.385;471498.348;471455.811;228.4067;300.5944;299.8438;
463383.082;537576.492;537588.267;734.5519;834.7734;835.9853;
463647.893;524955.060;524963.078;-235.9153;17.9027;17.6715;
470285.820;518115.882;518120.933;-331.5530;-162.4409;-162.6302;
461972.152;533099.403;533107.284;102.1669;-577.9667;-578.3128;
555291.219;624038.152;624043.170;-83.0257;-6.6339;-6.1022;
89700.506;642867.366;642861.538;-356.0159;139.7272;139.6991;
481587.354;539985.779;539973.942;804.3332;124.0444;124.1097;
475460.602;525985.743;525986.608;495.3600;-154.3347;-154.4854;
431567.203;518779.871;518757.150;552.4669;586.0774;586.7214;
444678.752;504959.932;504975.120;30.2098;249.9179;249.0988;
457507.634;511452.991;511453.074;-204.6458;-513.5404;-512.0675;
507378.237;532841.669;532857.307;434.3498;596.2038;595.3250;
468150.119;521122.843;521122.297;998.6170;-140.2633;-140.5083;
558692.320;508119.187;508095.924;-222.7099;-409.2157;-409.3877;
936386.262;701581.493;701421.640;286.3698;3.4135;3.1810;
848538.232;427755.656;427729.448;109.2878;92.9499;92.9336;
445611.768;527976.523;527979.623;807.7961;-307.0604;-307.2577;
601127.858;565798.307;565754.755;167.9940;-102.5581;-102.9492;
664325.324;536710.308;536654.777;243.7456;-200.6837;-200.6193;
484383.248;533783.604;533793.188;181.3858;-263.4466;-263.8579;
440124.741;622318.719;622296.621;-546.5461;-4.6221;-4.6660;
563769.857;634887.504;634889.828;186.0398;-135.3955;-135.3676;
421806.829;513542.697;513551.948;-609.7815;-193.1753;-193.6817;
481593.248;613178.794;613024.968;98.6553;281.1309;281.0606;
554716.976;455177.591;455137.055;40.5135;-281.1019;-281.2725;
464594.247;534535.963;534539.017;1072.2933;-198.4601;-198.3319;
729279.148;510001.259;509974.022;192.6132;-49.3201;-49.3170;
456769.733;534702.395;534713.572;-593.2878;-62.0471;-61.5699;
481828.157;510718.879;510710.977;-888.7512;-18.9434;-18.2654;
458721.648;534725.697;534733.896;-532.2875;384.8555;384.9950;
163818.186;354922.211;354916.905;-24.1062;-15.2953;-15.3077;
455094.110;600346.706;600317.674;21.1194;-194.9555;-194.9515;
480050.866;645016.395;645006.676;-165.7732;342.3600;342.2296;
428003.384;535654.960;535637.513;524.2961;-588.9219;-589.7111;
450658.221;530392.245;530394.585;-771.3530;1046.5603;1047.1899;
502997.550;537855.530;537857.452;9.1765;-117.3377;-117.7085;
432487.698;569860.462;569857.132;140.5650;-71.8679;-72.1019;
464453.528;519726.632;519724.721;-547.9203;98.4849;98.5616;
535641.556;607204.622;607187.125;-234.3046;-135.3360;-135.2157;
424540.017;563638.320;563635.135;161.9230;-218.2403;-218.5290;
466916.957;526131.572;526132.864;-702.1091;449.5235;449.8564;
538572.567;569217.352;569190.370;-592.1133;-72.9287;-72.3132;
583920.998;476924.968;476895.792;65.2477;-358.4278;-358.5546;
380215.806;819039.855;819041.122;3.3859;155.8958;155.8891;
452779.016;533169.959;533173.832;443.9740;-140.1054;-140.2654;
431686.976;530637.801;530626.495;103.4370;468.8295;468.4062;
478901.992;520463.557;520457.913;538.5366;-43.3731;-43.1629;
604340.386;625514.739;625543.190;540.0869;-7.9373;-9.0185;
529065.398;562828.012;562820.854;-92.6765;304.7546;304.8947;
445830.289;521234.662;521227.702;-727.0712;93.8618;93.4768;
29005.617;171450.666;171455.878;-246.0269;-200.5511;-200.5442;
464486.130;532390.558;532391.956;603.8957;-708.6369;-708.6666;
454642.878;538593.383;538571.476;-1009.9170;-198.5793;-198.4576;
234698.953;322872.487;322887.489;-42.0238;157.0812;157.0806;
475762.103;546191.691;546204.568;-906.6708;-360.3690;-359.8897;
418514.735;523073.727;523046.858;-384.1220;-563.2885;-564.0576;
481558.616;500560.092;500539.625;-822.6790;-102.0982;-102.3803;
474613.604;522612.176;522616.072;-42.8522;54.5831;54.3999;
101966.258;335413.367;335409.998;77.8047;-131.1948;-131.1798;
525856.298;563003.265;563008.014;-448.1688;-159.4709;-159.5138;
501434.631;531652.262;531664.790;395.0497;-535.3791;-535.2194;
440299.907;538370.235;538383.178;159.1861;-443.1331;-443.6739;
470372.090;827465.105;827484.035;175.2081;-13.6243;-13.6136;
471024.867;532603.741;532604.498;291.3755;-345.3005;-345.4658;
575424.965;587214.238;587182.205;210.0001;-1.4889;-1.8424;
427777.364;537174.777;537149.234;-128.6499;378.2561;377.1650;
489612.783;530721.741;530733.643;92.7768;-242.9984;-243.2892;
519411.688;532031.522;532018.577;418.1581;21.5944;20.3226;
458640.300;514179.606;514168.061;21.2298;155.6712;155.7257;
621474.949;495167.055;495134.441;-629.2207;95.1977;95.2298;
489685.337;526312.642;526326.991;316.1346;-237.9008;-237.7523;
457890.781;527090.806;527095.636;309.2068;-360.2780;-360.5812;
464905.505;538572.865;538585.673;-128.4045;63.0017;62.2713;
503546.549;527359.218;527361.005;-122.8398;-124.7675;-126.4247;
479473.461;533578.835;533592.102;-443.7870;336.5286;336.0532;
411535.725;527213.879;527212.693;-297.4088;-294.4224;-295.3940;
517641.351;596991.688;597006.411;-248.5195;170.5783;170.8493;
622352.195;551114.587;551083.717;-493.8999;81.9548;81.7937;
599151.905;602870.029;602831.568;265.9141;-65.8110;-66.0735;
465944.514;521965.775;521975.361;-344.2541;297.5553;298.0172;
481515.815;543464.958;543480.585;-566.5383;486.5586;486.9361;
402759.616;395296.314;395240.278;94.4523;-301.5813;-301.6990;
441446.303;529479.105;529467.276;417.4290;255.8163;256.1912;
475851.052;532652.070;532659.430;-374.7901;-467.7250;-468.3186;
449679.221;521648.743;521638.921;825.0149;-197.2650;-198.3384;
499785.059;525203.648;525179.440;-453.1039;33.2796;34.0324;
444864.035;531876.454;531884.115;494.9153;-367.2435;-367.3991;
439537.173;534968.553;534980.943;-701.9588;-323.0941;-323.5529;
488019.930;531176.091;531176.312;145.5548;268.4267;268.2516;
