# This file was created for the Modelling and Simulation course, RUG (September-November 2019).
#
# Project: Simulate colliding galaxies, using Barnes-Hut algorithm.
#
# Students:
#     Stefan Evanghelides (s2895323)
#     Hidde Folkertsma (s2759799)
#
#     X         Y         Z         DX        DY        DZ
455586.970;540623.974;540612.800;-27.3744;-61.0236;-60.8214;
467200.684;555080.822;555103.903;1133.2035;47.0409;50.0716;
620329.104;896753.175;896743.794;108.3334;-18.4621;-18.4648;
370909.377;396279.691;396260.516;134.4482;131.4287;131.3758;
453221.066;544444.647;544448.800;325.3382;-613.3867;-613.9645;
478483.225;527473.330;527431.492;663.9888;352.1484;353.2212;
750133.022;949622.960;949476.425;-98.9632;168.9726;168.9301;
26932.811;554758.022;554715.538;-162.9539;11.7982;11.7188;
612745.985;517239.812;517169.584;-239.8447;340.5214;340.1157;
475333.896;465221.208;465180.723;-453.5358;-143.9766;-143.9472;
276123.665;541786.656;541755.223;147.8213;60.2448;60.3773;
543084.467;533629.493;533584.503;-576.2053;38.0111;37.9123;
588977.267;630755.430;630797.587;-38.3330;200.9758;200.8509;
574161.258;587998.347;588162.068;512.2134;151.1788;151.7696;
426038.942;531720.007;531664.090;-267.9397;-96.9735;-97.5878;
499913.385;566438.721;566418.190;-199.4177;-90.4258;-91.0956;
518023.863;432014.349;431935.659;148.8060;405.9497;405.7906;
478108.983;606007.312;605998.852;-101.1287;-290.5336;-290.4890;
444549.761;540588.729;540595.156;-399.6082;56.9981;57.0519;
447176.069;526793.361;526774.751;-1034.8996;-155.6245;-156.4160;
550385.230;539866.934;539802.909;245.2464;-33.3254;-33.4550;
535812.053;590871.254;590820.813;366.2120;278.2491;277.5187;
452294.705;539395.896;539380.940;1205.3802;-22.1583;-22.1899;
535587.423;433994.175;433909.946;154.0382;184.0274;184.0647;
460147.182;531922.713;531918.773;-350.7296;-570.3345;-571.3989;
505840.409;540707.396;540667.709;-408.2753;90.3290;90.2598;
478689.670;531199.217;531176.715;299.2884;-584.6735;-585.5014;
421003.314;528488.682;528474.094;-262.4682;-204.9720;-204.7624;
446713.113;535900.151;535867.091;646.7171;107.8124;106.2587;
453247.236;529408.728;529383.901;-214.1848;-119.5955;-118.4027;
456970.772;543490.603;543474.455;-219.7546;31.5000;29.9715;
464993.972;547067.180;547044.542;324.6831;122.2673;122.2565;
829045.737;223453.517;223479.042;75.0256;-59.8046;-59.8002;
451654.282;598692.149;598738.721;-320.2441;466.8033;467.2120;
443179.008;535656.680;535583.921;825.3696;6.5673;5.0507;
499490.781;543065.707;543058.410;41.0496;338.8672;338.4397;
558532.689;594166.492;594330.610;253.8415;-13.9626;-13.9671;
451597.641;527428.170;527411.758;-348.0454;-215.0422;-215.3245;
910471.672;509519.442;509868.858;-150.0428;-59.1934;-59.3339;
341759.811;453754.473;453674.041;142.3585;147.3677;147.2527;
531371.437;610728.740;610605.101;225.7834;-54.5328;-54.6066;
534055.583;546805.099;546807.083;68.5662;-139.9257;-140.6637;
435495.645;525842.463;525804.007;97.8025;439.4483;439.5081;
562118.851;611864.561;611885.036;-384.8804;-298.5174;-298.2469;
447022.839;533454.493;533429.945;246.5100;524.2861;524.7924;
416592.929;575222.456;575239.765;190.6103;279.6558;280.0367;
465059.654;358984.636;358951.574;-34.9540;30.3290;30.5368;
486630.413;548494.818;548516.506;-18.2309;561.7272;563.1005;
488749.449;541267.431;541280.204;24.4485;131.5234;131.9369;
746435.587;974580.802;974471.495;67.5239;117.1364;117.0660;
806989.493;161360.352;161382.265;8.7693;-26.6243;-26.6208;
504640.374;535558.780;535537.830;35.7694;-185.6673;-184.8621;
863893.265;643700.156;643631.577;4.2881;86.1623;85.8660;
434184.161;410248.762;410131.217;136.6554;-80.1470;-80.3424;
431634.279;533464.607;533483.879;-711.6146;-483.7304;-483.8316;
442836.410;551861.186;551875.695;-730.3628;-7.1011;-8.2593;
382560.578;495950.875;495829.304;-455.0668;-31.5901;-31.1140;
469069.136;555943.138;555922.159;-431.4242;-456.5765;-456.4258;
437808.655;529391.295;529348.402;613.3116;-676.6796;-677.6195;
504844.564;673405.572;673573.031;-226.3000;-143.0388;-142.9924;
458474.191;535275.426;535255.411;460.2640;451.3862;453.2280;
792533.391;470657.579;470506.292;76.5492;-98.2435;-98.1292;
447506.055;532597.388;532542.755;-249.5654;510.7008;512.1014;
948674.793;601122.907;601094.245;85.7799;36.9627;36.9644;
441447.877;539726.686;539719.378;304.8583;-391.0717;-391.3184;
187192.581;385601.201;385504.955;-165.6349;56.0960;56.0170;
95141.731;637308.571;637321.463;-198.7721;72.7299;72.6768;
748670.314;359155.698;359160.777;237.2805;-74.0663;-73.9241;
503111.011;543255.403;543358.423;692.4815;-309.4463;-312.3554;
415763.269;566959.582;566939.357;253.3500;-609.3408;-608.7412;
451402.120;545533.497;545554.842;-43.6017;607.9964;606.0452;
248136.302;372887.062;372553.509;-203.8975;-253.1393;-253.8767;
407947.161;555692.188;555697.623;-217.3561;829.3852;830.0887;
373441.704;449367.093;449209.924;-164.7513;-159.6713;-160.2912;
431835.704;537490.943;537478.751;75.5336;252.7981;253.5520;
361079.944;564349.860;564344.922;-130.3831;249.7243;249.5735;
447640.143;566358.754;566376.229;65.5195;-161.5440;-161.6125;
493031.018;554182.743;554191.176;-984.8149;-144.3746;-144.2035;
361042.655;548512.574;548430.753;276.4176;12.7958;12.9695;
492844.632;629178.830;629152.240;399.0029;-118.8722;-119.0816;
436662.034;546394.281;546389.985;-283.5693;561.6257;561.3483;
666174.582;662818.378;662691.250;-65.1069;26.2020;26.1887;
299454.479;699667.960;699772.581;-447.9972;93.4276;93.4926;
436345.242;543465.584;543472.305;55.3341;374.1423;374.1986;
850994.279;629964.292;629252.823;416.0682;67.5104;66.5642;
490290.733;515123.022;515095.272;255.0807;-348.9838;-349.6819;
447564.906;539712.635;539692.707;-220.0691;33.4232;33.6196;
441029.940;548144.127;548156.301;-630.3401;-285.9101;-286.3738;
470083.534;546876.026;546881.808;231.6286;-362.5877;-362.5505;
374488.795;486979.768;486993.046;131.8458;139.8331;139.4433;
436890.655;525195.222;525193.191;-1201.9148;-56.7546;-56.5642;
438670.762;529934.235;529925.320;-602.3843;-228.6737;-229.6876;
441606.091;576294.278;576360.359;31.5292;-193.1717;-192.5199;
474673.550;567981.418;568038.139;-326.2217;-2.4011;-2.7712;
456104.627;523031.546;523033.191;-783.7226;109.0377;108.8093;
437279.247;555623.379;555595.631;441.4691;-319.7722;-317.9006;
446804.615;532724.898;532700.214;1287.0522;196.0847;196.9140;
601065.666;531643.602;531672.718;10.7580;-283.1168;-282.9949;
864721.317;516569.975;516549.558;-60.6223;141.2350;141.3510;
430828.160;535016.301;534993.745;-127.1857;-244.4270;-245.4197;
626721.961;483236.554;483027.793;-74.4739;-91.7654;-91.6642;
708341.129;426621.024;426590.596;-62.9057;-100.4959;-100.4731;
453355.388;550158.207;550164.601;745.2916;-133.8261;-133.7594;
546710.528;523216.764;523252.387;317.5299;522.5093;522.4996;
449902.204;496006.595;495991.956;-541.3598;159.0874;158.8191;
524326.647;559043.837;559024.731;611.6428;126.0474;125.7068;
391703.006;490386.796;490312.528;-223.3466;-33.2206;-33.3994;
528010.210;350492.020;350440.109;-108.5455;-59.9140;-59.8740;
468532.076;526549.038;526537.266;38.7331;71.6620;72.2566;
834012.315;480353.976;480317.144;100.4742;-30.6884;-30.7337;
454483.241;517412.165;517357.326;478.8563;111.4296;111.7156;
422477.732;566990.065;566992.026;-375.0877;446.8006;446.9416;
453956.804;553265.455;553255.101;199.1450;233.1694;232.5726;
192397.077;363665.172;363648.161;106.0548;48.0698;48.0225;
459465.596;530965.744;530951.495;-305.1511;674.2935;675.5387;
372686.077;811491.591;811389.537;-125.0494;159.4395;159.3352;
444031.078;523382.503;523309.932;908.8834;-189.3851;-189.5136;
497097.172;523327.990;523374.794;491.6652;-314.7624;-315.0226;
482042.055;551769.154;551787.774;370.6522;379.4473;379.7332;
373689.000;517260.983;517119.535;44.1650;-157.6190;-158.7455;
487547.948;545979.648;545971.266;107.1697;152.1244;152.4170;
418302.353;412970.836;412799.905;-39.5938;-175.0940;-175.1705;
482627.515;579717.426;579637.145;-220.1337;50.3993;50.0508;
426334.510;528352.645;528336.122;336.7020;139.6135;140.6773;
486999.504;586702.089;586743.699;669.0399;465.7608;466.6216;
467369.053;321369.795;321294.532;-254.8007;-75.4024;-75.3937;
387889.933;923811.638;923807.773;14.6816;128.6016;128.5942;
479846.135;539484.692;539483.901;-675.8790;-220.8450;-221.2424;
413340.876;556846.165;556836.254;-705.4756;-0.3482;-0.8528;
469339.228;539031.172;539027.380;815.6058;-80.5837;-79.8783;
802479.722;557544.580;556916.116;86.0630;-116.4595;-116.9123;
429136.417;527930.267;527906.313;578.6260;-371.0278;-371.0884;
442037.928;547398.603;547399.535;7.9025;-554.0993;-553.8485;
465020.859;541265.266;541259.200;308.7295;-224.7870;-224.7224;
506795.629;551532.039;551566.223;328.6974;427.1255;426.2144;
262873.382;473275.834;473265.252;154.1929;247.1114;247.0285;
378687.924;483559.973;483424.126;-330.2928;-146.7940;-146.7282;
402202.928;554802.765;554804.141;-638.8387;-234.9607;-235.7091;
436447.234;517345.242;517288.762;-759.7969;588.0290;587.7252;
446225.100;540751.227;540766.093;-1266.8855;-250.1860;-250.8733;
211358.444;270978.843;270983.144;202.3528;-38.7607;-38.7580;
494606.326;560185.473;560203.736;221.6556;62.7906;62.0940;
482719.269;541354.121;541353.829;1122.6048;-85.2825;-84.9996;
453587.480;512211.383;512183.441;156.6061;-261.8739;-262.3195;
592448.959;750276.388;750293.524;128.3369;-208.7387;-208.7546;
443808.376;543192.313;543197.068;-590.2652;111.9846;112.3756;
405052.128;549792.739;549758.259;1006.7569;-164.7169;-163.6200;
425474.627;543489.572;543517.018;259.9089;313.4753;312.3813;
453682.726;546757.338;546764.914;250.5341;296.1149;296.6233;
439956.824;539695.381;539681.979;-256.4855;-202.2202;-204.7544;
467756.684;527464.875;527429.606;24.4261;53.8429;54.6052;
312391.094;661253.128;661310.035;19.1938;61.0855;60.9805;
478364.947;542447.617;542435.979;421.2760;91.3330;91.5779;
460058.661;556495.033;556498.565;-196.0607;86.0599;86.4709;
449754.976;533513.317;533488.802;-280.3818;55.2884;55.1651;
473680.560;543038.026;543017.596;-154.6199;112.0663;111.2987;
456903.995;551009.395;551035.353;-11.3765;516.3144;517.6968;
444531.636;493438.526;493378.856;665.1982;71.1227;70.5942;
565513.503;475735.914;475717.857;18.7385;119.8962;119.9318;
289795.544;336783.895;336587.399;-192.9427;-335.8182;-336.3229;
665044.658;526533.748;526363.671;-69.9618;-110.6763;-110.7428;
470429.904;550542.870;550576.391;-478.0863;62.2347;63.2229;
434815.599;548210.873;548217.982;86.5422;-385.3462;-385.7671;
485081.797;365500.659;365459.431;108.1937;260.2153;260.1576;
443706.423;558026.674;558038.649;-669.4599;-11.2624;-10.5242;
439888.609;562240.750;562236.472;-702.3712;-198.2650;-198.4120;
472097.044;556509.877;556515.069;228.7905;-45.7689;-43.2909;
450647.554;592550.052;592615.129;-232.6422;205.3838;205.6009;
456672.420;548078.763;548122.816;-663.4157;-256.6011;-256.6810;
449256.716;537041.622;537028.450;-1283.0397;111.1458;112.4789;
475366.990;550066.477;550071.071;-321.6728;-45.8229;-45.4264;
