# This file was created for the Modelling and Simulation course, RUG (September-November 2019).
#
# Project: Simulate colliding galaxies, using Barnes-Hut algorithm.
#
# Students:
#     Stefan Evanghelides (s2895323)
#     Hidde Folkertsma (s2759799)
#
#     X         Y         Z         DX        DY        DZ
478508.318;516264.601;516084.019;-86.4283;94.4246;81.9667;
517454.026;534892.095;535736.835;-814.0843;464.1352;347.0652;
738937.256;492312.555;491966.192;-200.2317;-169.4042;-159.7018;
504433.952;541609.397;541124.890;165.1624;-608.5440;-518.9053;
463301.207;539544.891;535873.602;-902.0928;-444.3922;-505.5520;
544107.014;650248.460;647464.488;428.9042;-70.9110;-69.9375;
596949.807;937697.668;950961.155;-11.8704;30.5855;39.1772;
525117.783;517716.691;515991.401;933.8237;515.3016;629.1329;
484146.982;525670.443;523967.510;634.0441;868.8322;944.9640;
498694.420;486896.953;487250.810;526.3409;184.4199;216.7273;
499923.422;551154.059;549758.454;262.1803;-190.0792;-152.3825;
645336.568;649650.558;650884.692;16.5223;222.9505;222.4493;
500898.561;547677.511;547040.919;-941.6572;-10.7485;-88.1598;
444086.729;501552.331;500387.014;-344.8368;26.4460;-14.3808;
444561.637;472885.625;469279.004;-385.8901;-468.9855;-529.0675;
545451.753;560260.279;559527.750;358.5892;117.1296;89.4553;
501845.649;535772.304;535299.333;-279.4944;-224.4865;-264.2282;
518501.061;599846.071;599834.525;341.7706;37.3988;106.4627;
414681.446;548037.597;542645.258;61.4352;62.7227;62.3241;
433463.266;542533.755;537135.322;634.4451;216.2391;240.4344;
487935.728;544146.861;542428.249;-688.4441;239.7864;205.3782;
484942.309;545022.006;542834.854;-429.9112;198.7748;174.2640;
495013.530;536323.141;535330.245;-69.5576;1027.3743;932.8019;
478537.509;536612.204;534471.646;607.7354;330.5964;297.2986;
489465.522;541782.839;539886.359;-1067.2808;157.0358;10.9147;
870333.221;149892.368;149820.102;-38.2006;25.5743;25.4384;
400791.140;457536.931;450817.442;-99.0710;-93.1176;-129.0509;
499733.768;543189.200;541085.641;607.7364;-277.3304;-224.7971;
467193.163;544132.452;540619.935;729.7644;463.6371;460.3258;
737383.197;504367.902;505793.156;-70.3562;43.0139;36.6815;
470430.380;533800.553;531682.950;-27.9234;-937.8715;-899.4979;
442756.289;394972.780;397448.078;160.8126;22.6526;59.4983;
474440.796;554610.997;554073.424;532.2332;-362.1448;-342.9884;
507215.443;510623.403;512005.048;213.5111;164.6795;170.5238;
524526.569;556676.310;555930.049;-35.2272;-158.9723;-146.1518;
494134.257;539524.500;537862.637;510.0661;88.0875;125.0306;
442206.907;559709.354;556859.477;466.5336;579.5619;573.0471;
476243.758;560607.467;558132.026;-530.7431;63.1478;-9.6271;
478472.140;533715.049;531301.218;-381.0226;-94.8119;-90.4721;
512691.412;542412.705;542434.811;225.0516;421.5618;319.1420;
514924.457;555324.206;555181.999;-141.0762;46.8889;-7.2083;
565444.803;557849.568;558566.645;-99.2085;29.9095;23.9062;
505873.484;505683.331;507076.966;371.3106;-701.1316;-594.1573;
690377.914;414046.905;415997.363;295.5351;-2.8548;3.9824;
690576.016;402582.968;405215.070;222.4213;-63.5341;-65.1351;
494095.525;530029.092;529382.425;-745.0895;93.9792;19.9532;
486972.133;555340.863;552789.928;-729.5521;400.8734;318.1206;
445051.949;585097.391;580689.921;631.0520;126.1013;141.0068;
656212.226;209818.208;207321.652;66.8089;-275.6467;-283.8283;
529829.883;532683.433;535298.425;-263.5045;459.3593;405.5331;
474515.204;525196.847;523741.425;-56.2946;411.1938;360.8020;
513733.154;508010.445;510494.824;-142.5997;272.8817;240.9156;
518139.080;558000.656;554834.199;511.4229;-585.2452;-622.4680;
419723.348;680365.286;675419.466;-210.9091;35.7581;22.5745;
487108.109;492889.477;490474.024;316.7606;-424.0251;-399.0010;
506039.687;570999.508;568957.937;228.5555;448.6274;432.4505;
192988.435;684346.802;683815.926;151.9709;42.7107;42.4472;
455354.977;539545.865;534959.541;-82.4186;721.7909;688.0602;
485551.363;538501.126;536674.315;27.9827;142.4925;135.5422;
457869.693;527351.049;524898.030;-207.4646;303.7984;265.5537;
502279.886;543899.042;543073.084;307.4574;-108.2314;-75.5838;
510560.467;527395.489;527445.742;-263.8607;101.2682;103.7226;
480562.112;559140.091;555927.361;504.2541;63.5399;72.3483;
450227.706;573877.040;572256.729;293.1522;89.8453;127.1100;
431914.088;458953.652;456427.247;21.3726;411.1653;385.5939;
537472.994;577816.489;577829.683;111.1314;-78.5751;-60.1723;
608815.264;515291.582;515234.796;-358.6254;88.1959;98.3125;
908010.039;375150.422;364343.304;383.0359;-250.0433;-284.9460;
618210.772;503132.086;507911.527;266.2815;5.6064;7.1053;
416429.570;471995.989;463595.385;141.6298;-20.2328;-20.1628;
484042.066;502376.484;503344.492;-86.8735;-362.4102;-361.4061;
675278.347;440024.279;441355.732;405.0464;-34.9974;-32.7340;
501886.274;528028.394;528073.677;546.5224;-290.4012;-278.9331;
491600.555;545005.444;543491.665;-735.2346;291.8797;281.6854;
668556.860;452773.164;456126.673;12.7036;121.7259;123.3797;
674688.965;414374.621;410179.573;306.7408;-155.8746;-168.2061;
490497.736;541238.656;539738.946;325.1446;26.0734;23.4375;
486788.021;538542.613;536683.267;392.5647;186.8570;202.4725;
504961.401;536858.608;537661.605;147.8082;842.7046;959.1412;
483311.195;542752.767;540773.929;208.4369;-712.3067;-657.1296;
510828.445;533915.701;533256.103;17.5045;-174.2489;-186.6443;
501370.125;547100.115;545676.941;168.6823;-510.1162;-483.1337;
529705.893;580759.290;577496.591;-503.2152;-384.8654;-396.0457;
489182.292;515377.252;516829.129;-159.7610;-224.2221;-202.0304;
427384.753;207792.005;193182.315;126.8471;-127.5181;-132.1199;
506263.502;548202.158;546984.445;-197.2798;428.7638;409.7458;
775630.014;601706.068;600411.126;-1.5342;-58.2588;-57.8782;
937201.799;607019.880;605335.388;-50.6298;-66.1489;-67.1522;
414166.943;568715.400;563562.181;173.2556;16.3099;73.2933;
429643.568;503825.037;495607.029;488.6433;-97.8632;-68.3287;
544591.993;552783.998;551967.576;126.0000;-425.0918;-407.8794;
548849.001;527758.465;530508.891;33.8684;-421.0234;-389.1496;
793731.884;623059.066;625711.487;231.5513;-48.4623;-50.0736;
454509.258;538038.096;534249.803;161.9115;-24.0154;-20.4095;
446574.094;555090.868;546528.349;-393.6929;185.1066;101.9869;
484126.147;535692.966;533761.400;182.1373;-576.4010;-569.5620;
524401.076;550542.042;552209.862;489.0231;-255.6725;-159.3894;
517402.246;391533.143;397487.809;-169.4775;-124.4238;-118.8556;
897411.727;713650.590;710863.102;-53.1147;-47.1859;-47.5134;
503511.658;510523.885;512096.495;24.8824;90.9139;95.1428;
476656.319;539747.233;537245.218;-815.6723;71.5005;7.1851;
474194.410;532407.632;531420.052;848.6828;-646.1149;-649.0934;
514119.950;510937.803;512676.460;254.3021;446.9461;449.1495;
508807.882;544501.906;543165.728;744.4559;-453.9531;-392.4739;
501215.136;547045.911;546227.299;116.6200;30.7276;37.5172;
446915.776;265530.418;263166.995;20.8133;59.0744;56.7443;
461793.577;545999.172;541544.557;-863.9857;148.2173;43.7863;
524433.090;525517.707;524794.298;84.9853;-739.1909;-769.6255;
926448.760;357534.863;336849.986;39.0023;-107.9168;-114.4798;
305698.978;483254.116;478455.468;-30.2252;158.5341;153.9474;
480504.722;551592.366;548700.568;7.9757;-25.1341;-31.6689;
459976.364;539035.876;535559.862;-646.3307;611.4536;525.9964;
481242.743;535709.754;533780.763;4.8196;-2.3573;33.7345;
964963.407;947166.699;939901.921;225.9602;57.8901;51.8680;
499456.701;476366.312;472208.081;294.1155;209.9430;195.3730;
421533.714;589695.390;589658.355;435.5251;36.8689;47.6887;
485514.060;572328.387;573826.405;262.8095;-499.6112;-455.9761;
510028.396;534236.319;534327.542;-251.8753;-298.6457;-271.2183;
391742.607;478926.644;471624.566;164.0373;333.3734;342.6947;
483341.271;542151.352;539989.277;-697.8805;-372.2336;-398.9621;
481394.737;539178.399;537494.690;-30.6239;-444.9653;-418.6488;
544789.116;518044.976;520255.081;627.6337;-253.4059;-150.9469;
502068.516;543338.152;542384.332;9.0500;81.1691;80.3246;
497816.897;566342.665;563779.387;-558.2372;532.7409;440.9902;
483419.479;522038.045;521888.608;-1075.0030;-112.8791;-160.1650;
827544.117;445701.705;438340.409;-3.1424;-60.7679;-61.3082;
371904.258;543150.826;538761.632;122.4758;377.0897;468.6210;
491000.381;537976.053;536138.303;-54.4321;413.5300;366.2675;
368061.724;581899.559;578231.413;-94.3009;-73.0230;-46.8933;
428529.810;578837.771;576721.441;-22.5656;21.4349;28.2614;
488170.583;534174.249;533026.763;-303.0105;20.5639;-19.3116;
420437.754;565965.958;564246.118;251.9292;-176.3024;-184.9407;
428568.247;568506.004;561834.393;-497.6940;99.9943;70.3144;
543486.988;515082.122;520673.441;840.0932;-256.3277;-63.6018;
474064.066;546493.290;543522.318;-28.4317;-679.1378;-654.9822;
490853.616;548304.749;546133.677;-476.8149;328.0820;250.0213;
483722.068;528994.462;527792.263;32.2015;-205.6281;-158.7188;
469910.773;537697.392;535132.049;-20.6755;-548.1231;-532.8243;
495356.478;533967.223;533616.747;-547.1855;-495.3369;-504.6503;
481123.754;531087.506;530045.365;729.6286;-282.5419;-281.1039;
517979.926;503264.735;506119.051;509.6628;280.1030;303.1628;
526973.179;517126.591;518941.632;454.0907;-497.7371;-413.7224;
498475.916;571620.775;568459.842;-67.8902;-362.6737;-323.6852;
404706.168;504416.455;499077.378;-263.2197;-556.0040;-570.4096;
490057.757;541212.211;539961.244;-482.3054;859.2765;797.3064;
573468.172;526299.153;528667.308;-544.6123;231.6941;232.5717;
476174.761;534191.461;532112.929;244.6762;30.3472;9.0671;
494993.385;547373.218;546082.454;101.5034;551.3129;610.0290;
532767.336;562051.558;562156.900;473.4329;240.5339;229.3447;
475759.511;535441.778;533996.604;-323.1537;171.7080;135.0876;
