# This file was created for the Modelling and Simulation course, RUG (September-November 2019).
#
# Project: Simulate colliding galaxies, using Barnes-Hut algorithm.
#
# Students:
#     Stefan Evanghelides (s2895323)
#     Hidde Folkertsma (s2759799)
#
#     X         Y         Z         DX        DY        DZ
505279.835;524510.439;524507.143;334.5828;76.8229;76.8233;
548231.028;522243.627;522242.879;1124.2160;211.4974;211.7562;
363519.603;820829.257;820823.628;103.6136;91.6701;91.6677;
203877.643;308493.409;308497.971;12.2254;-23.8111;-23.8098;
397644.867;536643.854;536648.248;652.1671;-426.4410;-426.5455;
436206.482;505311.383;505312.219;494.5404;-152.1839;-152.1368;
475697.286;498785.267;498786.475;569.5102;9.8543;9.8486;
693977.659;466982.947;466985.250;359.6612;218.2887;218.2562;
432115.098;531871.791;531873.564;418.3432;260.6334;260.6494;
434333.995;535036.788;535035.120;75.6664;124.3319;124.3046;
616140.421;451074.518;451074.557;204.5356;363.1717;363.1876;
388691.764;591281.273;591308.564;-46.7302;335.3516;335.4304;
464218.913;505515.567;505517.295;159.8563;200.1784;200.1969;
454962.650;478986.223;478985.934;808.5264;150.3835;150.3567;
448438.854;508799.772;508800.752;-401.8949;-70.0050;-70.0378;
402118.048;496174.861;496172.554;590.8127;253.8156;253.8324;
437920.903;536913.121;536911.888;200.0572;59.9801;59.9759;
442935.798;524049.814;524050.913;748.2932;-208.5985;-208.6588;
498917.650;653591.311;653542.321;434.9238;164.8060;164.7325;
469510.511;513503.684;513503.128;854.9342;239.5054;239.5194;
234189.952;148312.595;148306.894;78.2662;-30.3923;-30.3925;
495245.341;485279.314;485282.544;267.3925;192.5191;192.5103;
474243.124;527248.525;527249.793;531.7271;384.8066;384.8503;
447074.567;525307.177;525308.789;639.4806;-119.6179;-119.6703;
447987.508;517785.547;517787.828;1171.5962;398.2748;398.2718;
498322.368;503357.321;503357.989;290.5265;-278.9293;-278.9871;
454311.915;524475.959;524476.646;738.0870;-81.0787;-80.9792;
438945.401;490660.446;490661.090;809.0517;61.3976;61.4317;
463239.869;522271.357;522271.681;641.4882;-65.4842;-65.4751;
453570.459;516356.051;516355.778;928.3872;356.6393;356.6076;
464578.227;525636.181;525637.869;337.0287;-97.2400;-97.2518;
464435.382;526609.889;526610.104;1259.3980;62.5512;62.5431;
436104.825;529850.642;529853.445;60.4493;-99.8822;-99.9463;
463922.231;532922.661;532923.585;505.9330;276.0573;276.0984;
454407.521;532203.450;532204.175;350.0173;533.2462;533.2598;
456658.053;522395.486;522396.133;823.8068;-147.3977;-147.3650;
457410.739;533483.127;533484.435;368.0398;153.8227;153.8081;
468219.013;553905.806;553906.729;535.8160;-127.1309;-127.1562;
480190.435;477523.612;477527.462;341.5170;142.0858;142.0794;
441565.339;528837.689;528838.250;1015.6545;286.2192;286.2154;
469276.113;520156.630;520157.584;430.2047;116.0592;116.0757;
432770.344;503796.231;503796.754;69.0527;269.4772;269.4146;
420046.244;500840.099;500839.548;232.7410;145.8265;145.7392;
419704.147;510321.908;510323.877;536.0537;176.6802;176.6682;
291608.039;499771.693;499777.050;279.1147;7.1385;7.1848;
370377.621;536808.065;536809.134;241.4731;157.7906;157.7869;
429880.019;507075.198;507075.564;1085.4782;-363.8649;-363.8501;
303712.612;528326.609;528326.676;0.9678;119.5398;119.5437;
729204.029;603714.577;603699.604;125.5223;333.3183;333.2875;
461052.144;548556.342;548554.873;140.2820;-501.3631;-501.2842;
546752.997;517719.283;517717.480;1268.5048;430.9252;430.9678;
444833.528;516637.543;516638.900;276.0000;-210.9041;-210.8286;
569997.490;506383.538;506380.173;280.9451;-636.0238;-636.0336;
518760.839;517476.053;517477.420;1086.1730;145.3472;145.2418;
432782.399;515018.198;515018.645;346.9085;-181.6177;-181.6311;
469504.147;524695.053;524696.631;490.9803;0.7428;0.7821;
253876.549;491659.164;491664.673;184.4687;-52.1199;-52.1123;
336047.438;560116.970;560115.128;574.4835;18.8229;18.8282;
471376.049;527344.508;527346.925;-133.1124;-392.8630;-392.9298;
432161.746;526646.127;526649.203;113.9576;-219.1539;-219.1990;
443583.760;529823.435;529824.300;230.9862;-70.4463;-70.4394;
422090.178;511514.170;511516.366;16.3649;145.4250;145.4266;
422166.159;517060.385;517062.472;-16.3396;201.7143;201.7154;
459368.241;520353.481;520354.140;244.7252;259.5090;259.4932;
462499.417;545816.556;545816.394;406.7306;-275.5094;-275.4804;
433137.801;504796.133;504798.311;211.2332;-420.1444;-420.1105;
453645.402;536071.588;536071.984;431.1982;-58.1391;-58.1249;
453281.072;519219.031;519220.223;216.2478;79.0878;79.1184;
468002.298;520258.028;520258.002;844.5663;587.7567;587.7433;
458128.281;529044.983;529045.383;1050.9705;-25.6156;-25.5541;
460858.993;571314.937;571318.988;664.5428;-19.4428;-19.4281;
416240.681;523283.304;523285.012;-272.0096;144.1609;144.1916;
270526.202;570891.094;570888.079;193.5011;-2.8412;-2.8516;
424988.759;515338.283;515339.396;434.0285;-116.8481;-116.8568;
568329.763;527938.481;527936.843;537.4671;467.9843;467.9224;
384799.614;611356.164;611345.358;226.9473;-21.5790;-21.5689;
428045.849;509270.805;509272.575;638.8268;-194.0754;-194.0726;
441273.695;524637.294;524639.184;-124.5312;-251.1370;-251.1129;
410528.140;497086.913;497089.225;578.3006;-147.3018;-147.3776;
476656.658;530095.461;530097.564;-118.2395;-47.5713;-47.5898;
442202.851;523109.284;523110.424;398.5905;36.9081;36.8991;
385811.926;488657.482;488660.014;615.8154;-236.8513;-236.8724;
474763.903;500484.307;500485.166;291.5569;77.0844;77.1224;
482895.001;501151.911;501154.716;654.1016;113.6648;113.6729;
395382.684;509596.826;509595.408;863.7646;-135.7353;-135.7356;
573090.969;513913.318;513911.035;930.6504;56.5981;56.4248;
428087.307;512791.413;512794.047;-280.1424;-292.3432;-292.2707;
407818.988;517310.851;517311.564;185.0907;-121.4375;-121.4562;
450820.924;516503.782;516504.649;983.7427;70.1082;70.0996;
466435.051;490642.057;490646.120;410.2450;292.3275;292.2637;
455088.144;525506.398;525507.486;248.5542;132.8035;132.8207;
462585.768;517149.036;517150.890;464.7978;-240.6302;-240.6133;
430575.389;510874.963;510875.275;520.4862;-233.6026;-233.6366;
472162.737;518582.800;518581.621;662.5076;-47.3841;-47.3766;
530118.496;545686.476;545680.362;955.9733;-84.8920;-85.0656;
460917.747;511817.116;511818.927;898.1193;-5.0123;-4.9677;
455233.416;516157.891;516158.762;-163.7985;383.1351;383.0506;
301163.391;624217.081;624230.953;108.2587;-79.2174;-79.2033;
225825.128;331631.808;331640.412;136.5420;-87.7173;-87.7141;
572030.778;572401.701;572392.416;-360.9762;-197.4300;-197.4183;
554133.885;512961.898;512961.826;-689.3497;44.2218;44.2552;
561643.859;523956.063;523954.185;-881.2385;-226.6730;-226.6721;
548517.548;502929.192;502929.610;-441.9763;-160.5062;-160.5134;
632889.293;546282.999;546277.494;-850.9165;-74.8714;-74.8898;
551224.922;514819.693;514819.326;-305.1672;2.7668;2.7953;
523615.210;527372.131;527371.546;-567.7967;266.4761;266.4429;
572719.192;530562.873;530559.403;-630.9063;77.4984;77.5480;
595536.002;514752.380;514749.658;-356.0077;173.6487;173.6400;
600825.091;507862.471;507858.023;-376.0148;-229.1235;-229.1136;
706153.883;595745.648;595745.046;-207.6296;-79.3456;-79.3712;
607078.669;571275.123;571267.320;-225.9914;186.7526;186.7051;
554010.947;529029.070;529027.443;-608.9966;423.1286;423.1408;
532311.333;511038.047;511038.738;-498.4015;358.0732;358.0530;
548549.318;501841.177;501843.490;-132.8368;310.6229;310.5513;
520256.123;521586.994;521586.857;-1081.0783;-73.4397;-73.4536;
523705.950;465359.257;465363.255;-687.2643;-103.9476;-103.9567;
547342.248;516514.207;516513.735;-695.0563;-721.5834;-721.4281;
532900.936;443016.458;443011.311;-475.6962;32.3298;32.3437;
512183.107;380035.122;380044.311;-229.8589;154.9938;154.9796;
544094.934;580325.151;580317.023;-629.2309;55.0379;55.0356;
539070.761;535550.877;535548.014;-408.8620;-266.4598;-266.5189;
574143.771;383660.946;383665.499;-153.2994;17.4724;17.4752;
364408.663;337465.820;337446.378;-166.0871;98.4837;98.4895;
558813.181;515703.308;515702.742;-72.5812;-308.8224;-308.7893;
326614.881;641627.867;641614.554;-364.9441;-157.1039;-157.0914;
466271.288;457940.358;457941.533;-282.7764;137.8286;137.8158;
820008.290;593925.786;593922.224;-22.7585;43.0836;43.0924;
553987.368;556170.034;556165.952;-646.1041;-203.8732;-203.8184;
512129.960;503926.010;503928.184;-1015.3538;59.0692;59.1278;
577556.427;509333.483;509332.834;-318.6781;-37.5793;-37.6102;
617201.707;547211.453;547202.099;-360.3403;-9.0065;-9.0028;
534350.533;516044.716;516043.950;-289.3486;-286.2887;-286.2957;
558332.579;523943.961;523940.343;-793.1751;-923.4169;-923.2987;
525113.186;534068.666;534068.078;48.9779;60.8133;60.7515;
586080.459;547235.713;547229.659;-476.8744;77.5470;77.5509;
618196.445;553165.924;553158.342;-519.5306;77.0805;77.0770;
336829.867;486245.644;486255.622;-191.6958;-200.6562;-200.6235;
547485.750;502846.080;502848.910;-327.2520;407.3451;407.3352;
521845.244;523876.689;523876.654;-887.7890;50.3752;50.3939;
624020.107;600749.061;600737.248;-286.6687;-105.3731;-105.3688;
569260.790;525288.345;525286.188;304.0247;-98.7777;-98.7942;
567101.158;498725.579;498725.484;-218.0615;-111.0112;-110.9934;
739212.166;635826.994;635812.246;-60.7600;51.0971;51.1063;
556220.222;508183.395;508183.577;-1310.6202;13.0139;13.0900;
532280.784;520610.046;520608.817;-152.4131;-214.0539;-214.0480;
550385.755;523698.617;523697.740;62.3757;136.5507;136.5720;
345985.599;419908.810;419919.518;-303.4489;101.0469;101.0304;
537877.807;466364.991;466366.067;-456.6079;112.3740;112.3567;
546633.891;530444.292;530441.574;0.5185;382.9095;382.8480;
709093.468;489214.367;489213.115;-380.5951;125.7555;125.7437;
607128.181;469576.526;469579.676;-791.6334;60.9192;60.9344;
530734.158;547808.288;547805.846;-623.9773;148.5000;148.4996;
541672.610;535430.028;535428.137;-866.7786;-90.8169;-90.7725;
450754.751;434924.024;434922.297;-437.2824;127.6323;127.6253;
553363.589;517124.429;517124.295;-149.8274;556.1451;556.0906;
554304.498;519580.394;519579.206;-819.0232;-29.6467;-29.6353;
569790.020;516289.618;516287.949;-201.7665;308.9246;308.8815;
546381.605;537435.882;537432.401;-268.4828;-145.4368;-145.4771;
508055.034;515226.521;515225.535;-179.8567;-415.9006;-415.8789;
398456.414;219956.265;219946.511;-138.7287;-3.4482;-3.4324;
529523.275;521346.391;521346.038;-79.6329;-305.6795;-305.6821;
561279.340;522840.482;522839.318;-1200.1216;471.4085;471.4064;
528536.971;547664.471;547662.459;-18.9710;344.8668;344.8451;
553387.276;521970.269;521968.389;-23.4285;-471.6693;-471.6801;
338328.954;576599.988;576596.906;-606.2247;-113.5851;-113.6181;
585338.640;531956.737;531954.882;-712.5737;-567.6914;-567.6206;
552230.661;525826.017;525824.626;-353.4566;-401.8311;-401.7238;
548144.168;521290.649;521289.636;-186.0861;-133.3665;-133.4028;
370459.777;523692.689;523689.837;-476.1000;506.4878;506.4395;
571723.908;517645.886;517645.306;-508.0277;218.0973;218.0748;
701747.055;447733.181;447734.774;-559.2737;104.8214;104.8140;
538228.281;518768.972;518767.622;-1085.7449;-140.3842;-140.3758;
552414.708;521636.391;521635.592;-677.3545;-472.5910;-472.5705;
525661.928;514106.855;514106.962;-440.7247;316.9062;316.9064;
544635.790;528846.983;528846.053;-1.4801;210.4854;210.4172;
605653.243;514028.370;514025.497;-578.2464;-110.6142;-110.5972;
947404.725;528890.596;528879.857;87.5284;-34.5322;-34.5517;
529759.743;521358.468;521356.444;-1035.7904;-164.9574;-164.9913;
550664.495;527786.855;527786.040;27.2800;-205.5452;-205.5789;
531331.712;525639.190;525638.360;-11.4017;-549.6103;-549.5830;
528015.706;515182.342;515181.423;-479.9613;205.9975;205.9817;
520636.699;521402.338;521402.217;-281.2700;287.2983;287.2334;
500981.824;485374.081;485381.702;-499.4664;77.8437;77.8387;
403396.694;201432.676;201431.650;-330.5130;-162.7534;-162.7798;
550195.020;539395.725;539393.314;-999.6340;-378.8346;-378.7617;
959504.291;507179.108;507160.602;-82.8747;-19.9315;-19.9324;
645094.907;434282.125;434282.815;-165.9388;-109.1219;-109.1278;
530294.615;514824.308;514823.109;-213.2415;-248.9862;-248.9855;
487338.550;539619.356;539619.402;-582.5085;-43.7530;-43.6707;
624704.697;567803.845;567789.691;-409.7541;396.0595;395.9613;
566912.309;512293.566;512293.164;-724.5339;118.9580;118.9616;
550080.446;531226.133;531223.366;-297.5300;70.6925;70.6868;
545282.772;519872.582;519872.007;13.9101;638.0882;638.0251;
985076.707;817173.453;817162.018;87.1700;144.9413;144.9335;
536735.783;525501.509;525501.156;-485.4384;116.9311;116.9428;
538807.123;527577.329;527575.347;-320.1937;363.5838;363.6217;
550385.165;498217.045;498219.133;-604.4467;-141.6638;-141.6264;
465310.152;534243.160;534247.525;-510.4931;-80.7956;-80.8265;
