# This file was created for the Modelling and Simulation course, RUG (September-November 2019).
#
# Project: Simulate colliding galaxies, using Barnes-Hut algorithm.
#
# Students:
#     Stefan Evanghelides (s2895323)
#     Hidde Folkertsma (s2759799)
#
#     X         Y         Z         DX        DY        DZ
478732.477;536455.631;536371.266;187.4377;-78.6242;-79.7764;
474980.049;544753.827;544700.830;409.8870;276.2360;277.8137;
782186.248;800181.998;800155.591;58.3116;-86.6402;-86.6678;
327642.663;916287.471;917109.714;-102.0249;246.0527;246.5191;
483326.780;552793.305;552727.549;129.2366;317.4805;320.1106;
458037.206;562764.449;562760.673;-337.4101;124.4816;128.6999;
332178.380;582405.848;581931.732;-108.0547;-212.9625;-213.1198;
621676.378;541060.473;541325.748;20.4529;-366.8047;-370.2745;
416723.474;499960.428;500495.170;473.2988;157.9711;159.1837;
593090.446;603368.785;603129.900;-43.5436;260.9132;260.3316;
337642.114;558251.355;558714.931;-624.1821;-55.4899;-55.1530;
524833.915;558487.167;558984.085;1208.4043;214.0812;222.8649;
489488.901;509696.668;509512.582;106.0243;-323.2256;-326.1755;
459803.671;556570.280;556495.065;902.1425;-66.1857;-55.8335;
126348.708;540444.404;540050.533;129.0376;-152.2602;-152.7153;
348763.743;517611.524;518004.135;-500.0560;-51.0583;-50.7668;
467495.354;555942.194;555701.136;559.0457;-584.6688;-584.4102;
486063.791;515778.784;515521.893;261.7012;171.7359;170.5110;
315622.514;482804.115;482909.253;-435.3661;-137.0475;-142.6948;
409222.860;552338.382;552899.096;677.2430;-16.4188;1.7627;
466951.217;566356.177;566113.203;-412.2013;216.2413;212.9793;
362337.427;441229.952;440236.688;263.3777;-31.2121;-30.8252;
518850.514;526010.278;525773.178;777.2575;-189.3136;-192.5575;
476301.938;541207.420;540942.435;-641.0194;207.1905;206.4490;
470292.979;501965.702;502015.259;-362.8537;-395.5791;-397.6936;
476145.792;522918.472;522863.954;-558.7138;257.3688;256.0372;
469225.834;555133.073;555021.179;-132.5992;-306.7162;-306.1161;
465278.719;542388.205;542211.930;-64.1698;-294.9116;-299.9450;
474028.618;543386.559;543317.680;-624.3703;265.6033;269.5756;
491562.033;532937.667;532699.967;-56.3674;-24.3369;-25.5749;
902090.436;146955.847;146978.735;10.1019;-21.3701;-21.3792;
470951.916;439400.385;437554.668;239.1849;-273.3239;-279.9927;
521011.970;552487.112;552069.318;-451.4128;-360.7403;-357.6121;
490679.009;542146.094;541929.725;249.3004;-3.7156;-3.0545;
560825.322;544396.356;544189.921;-316.5089;75.3488;79.9027;
487103.020;557301.886;557103.882;711.2278;474.0238;473.6513;
229234.627;461425.510;460136.162;73.9416;-79.3053;-77.4084;
477436.710;526939.375;526858.599;133.3458;-188.6470;-190.0286;
424683.049;507392.948;507010.475;-175.0539;427.2950;432.8416;
439596.209;552750.514;552752.622;259.3742;-200.9272;-201.4076;
477308.946;543119.687;542976.755;581.4437;357.8936;357.6405;
188356.973;426980.579;426224.859;58.7309;87.4806;85.4473;
477884.524;531893.062;531720.825;-180.8801;210.6935;207.5211;
509172.608;487421.679;487042.741;-537.4948;13.6420;10.2339;
475703.565;546167.381;546030.379;469.8058;-1052.7147;-1047.8949;
427328.252;553521.917;553577.506;-299.3864;-117.4364;-117.3690;
492059.427;554984.301;554742.384;346.9135;103.3377;101.7145;
730064.530;253966.279;253966.870;-106.9463;133.8087;133.7531;
464958.550;533924.673;533934.597;-162.4159;-379.4540;-382.5110;
754087.519;715339.432;713697.586;-134.5225;-2.4761;-2.9601;
367061.725;538875.904;538519.428;163.1412;-105.5050;-106.4175;
462041.474;545458.985;545369.955;-75.3034;542.7941;544.9954;
462160.017;558968.574;558845.790;-71.6810;-219.0873;-219.1900;
525588.542;537659.913;537551.165;-218.7222;-43.9204;-42.0703;
275165.041;385384.498;385175.622;-218.3652;18.8554;18.6827;
480434.361;580402.949;579516.618;-326.7366;-201.4239;-201.1881;
518330.730;573318.347;572697.875;-549.4451;-27.2484;-25.5925;
466037.740;532623.152;532588.016;189.7827;-80.2177;-84.3614;
482275.454;516370.031;515691.616;-719.8448;547.2909;541.3820;
449608.489;529939.124;529973.889;296.8897;-158.9557;-156.6949;
949042.394;657254.515;656911.005;-74.7167;16.4775;16.2870;
462340.703;533130.061;533082.024;-404.1151;193.8035;194.6600;
29603.367;523546.871;523334.333;-12.6457;86.0402;85.9706;
527076.370;537506.235;537201.727;867.2370;64.0687;54.0915;
499429.815;584349.912;584070.849;-657.5329;331.4700;329.2607;
456870.734;551920.498;551888.300;519.3388;366.9622;361.1452;
73295.135;79635.031;78728.802;-36.7506;-101.7718;-101.9489;
466603.640;557889.688;557620.026;1341.3822;-279.0999;-275.1232;
510091.226;504971.446;504838.860;-469.5488;411.3185;428.9089;
506456.032;532765.909;532534.091;6.0352;-201.3626;-195.7967;
491123.844;558502.942;558353.907;605.8463;-662.4904;-653.3549;
459815.065;386309.541;384058.791;-56.9623;-226.6722;-232.1290;
504363.909;553367.273;553103.426;-320.7730;-174.3450;-179.5862;
819898.081;498080.833;496473.732;41.0545;-34.6257;-36.2992;
568349.540;586536.907;586342.591;269.7222;-433.5609;-435.5062;
428572.260;533963.186;533912.307;246.9643;128.6180;123.2033;
574619.470;424659.809;423948.610;153.1267;-30.6003;-31.1002;
465921.906;560803.330;560669.220;866.6767;-50.0632;-56.9297;
434507.902;545845.928;545680.046;15.2399;-156.8330;-156.2103;
467983.123;563781.148;563681.707;-97.6399;-133.8088;-135.7065;
472245.297;523500.824;523339.175;299.0556;-186.5024;-191.5330;
463101.515;563654.244;563593.689;-863.5611;319.7926;323.8663;
725461.819;506959.217;506237.013;-210.0915;20.2603;21.0587;
441184.474;562830.649;563157.727;-550.3692;427.0071;432.0445;
465783.750;555589.292;555490.231;-214.1723;-459.4296;-458.3217;
474696.383;630191.189;629429.218;-108.0945;2.4831;-2.8825;
494118.586;547051.403;546960.323;-25.5285;260.6425;262.0789;
498126.667;562202.393;562020.741;396.9377;-39.5260;-43.6831;
472316.524;548305.874;548193.271;917.0293;28.8564;26.1804;
520667.512;527298.884;527073.126;52.8112;132.2866;126.2721;
443203.026;531125.430;531370.496;-963.7453;142.0798;155.0623;
629663.220;428243.256;427464.248;230.3341;38.8322;38.9514;
458801.848;550135.210;550041.115;561.2710;448.3327;447.2610;
538751.317;652406.447;652662.151;235.2684;66.0933;66.4866;
657647.935;644287.069;644128.837;366.4167;49.2222;48.3734;
453990.383;549810.651;549946.064;-360.4912;907.6137;899.7830;
476438.653;680766.490;680663.328;-355.0029;-87.0484;-86.8862;
538415.029;668787.969;668687.309;185.3103;-34.0742;-34.1892;
670964.158;600083.065;599687.948;-204.6112;-42.4381;-42.5922;
549684.959;562726.716;562164.885;158.2101;-25.5814;-30.2650;
638646.931;545278.461;545425.652;210.3240;-160.2275;-160.2852;
474347.428;546350.920;546225.915;-681.3778;-86.2772;-86.6423;
881581.549;465841.749;465835.464;-39.6485;5.1694;5.1557;
483027.285;524283.528;524219.753;-342.6259;147.5542;142.9148;
457532.762;545081.888;544942.625;265.2719;-397.4391;-400.5347;
465965.264;562796.493;562663.904;559.5290;423.0516;420.2471;
762232.964;681277.952;680872.504;213.6671;89.3854;87.5050;
478379.429;552732.842;552721.691;-309.4599;624.3673;629.4766;
193650.488;986959.978;986712.370;-74.0508;51.3310;51.2669;
475669.236;561646.154;561515.679;-534.1841;183.2854;184.7054;
496748.078;529259.133;529183.148;-138.4724;-254.7848;-250.9811;
460357.448;534278.488;534220.951;321.5689;-359.2170;-358.5331;
471590.540;541473.034;541314.236;-384.8402;-469.7064;-465.3273;
468995.880;566331.350;566196.561;-257.5090;226.7611;223.3429;
407652.790;244571.985;243930.001;8.4179;-39.3476;-39.8055;
481603.165;533308.574;533104.144;-792.1583;68.2749;71.6248;
464737.785;524921.194;524927.075;535.4694;330.5463;327.7518;
151573.013;400717.767;400566.805;46.3431;-38.6900;-34.5380;
141518.262;442418.317;441607.913;11.3518;177.9794;174.5118;
479108.451;554508.729;554300.647;823.0039;78.7744;72.4576;
471010.433;557021.215;556874.088;-1640.9039;33.5091;32.4386;
488901.068;523814.226;523833.708;-216.9948;-403.9582;-403.0465;
365066.769;534494.216;533502.971;-180.5171;565.3586;563.2449;
513703.210;469058.008;468743.389;167.4433;-20.9998;-24.0371;
306330.420;482988.710;482685.933;-122.9659;90.2916;92.7606;
484880.992;563132.608;563031.251;88.5095;-252.3419;-251.2886;
479996.725;553631.893;553512.190;27.9468;-318.4133;-322.1189;
551133.699;289379.863;288064.268;-71.8647;-80.9003;-81.5013;
438675.344;550030.500;549837.702;677.0301;-268.6425;-271.3983;
490881.435;570508.879;570035.769;-75.7290;-433.3754;-440.5587;
367603.180;580644.402;580009.707;316.2388;203.7092;196.5712;
498850.908;526097.933;526086.003;171.9154;173.0800;170.7344;
374127.790;606451.678;606362.345;-768.7674;-27.5921;-29.0934;
447908.316;530114.329;530058.735;-57.3513;216.3186;215.0490;
516637.118;544200.709;543869.625;-71.5587;-372.8502;-372.9488;
408182.612;429396.161;427993.222;-55.0416;-22.4590;-23.0318;
384047.141;671023.001;670528.480;430.4456;64.7040;66.6604;
466513.263;542164.411;542096.424;14.4395;63.0036;65.5873;
481804.612;549301.667;549525.949;-1395.6166;158.7279;180.2513;
474905.905;535860.753;535593.897;117.6567;-627.6778;-645.6252;
513021.253;539674.305;539437.780;-272.0180;-361.8005;-360.3461;
565118.170;568205.427;567966.398;-66.1878;-19.0582;-13.7759;
503963.223;549132.711;548976.572;-356.0451;689.0975;691.2705;
324276.960;555014.927;554831.858;-267.4527;137.8786;132.0043;
454224.146;509031.478;509140.683;404.3593;32.7138;30.6812;
414053.545;549669.454;549883.870;18.4659;223.2862;222.0230;
468064.576;552305.313;552212.560;331.8059;772.4322;768.8188;
475988.375;544309.466;544151.238;-796.5344;679.5906;674.9646;
494777.251;527301.913;527218.416;280.6596;-219.8315;-220.6438;
479380.632;587172.232;586696.352;-287.0102;-252.5749;-250.7490;
391178.755;550267.048;550120.291;-52.1778;-362.6402;-356.8845;
689880.292;692082.611;692444.403;232.6106;10.4478;10.6961;
466208.010;575049.621;574937.116;-292.0042;-108.6613;-111.3752;
465183.371;538688.215;538575.992;284.7317;-422.1219;-424.2532;
143980.905;573632.407;573276.530;121.7878;-69.3187;-69.6944;
501035.486;526519.678;526349.454;132.4987;-10.4294;-12.6349;
541063.127;481124.279;480079.970;430.2981;250.3881;253.8452;
471055.210;521728.917;521657.586;411.7352;276.5714;267.4661;
224136.196;423543.897;422808.061;-336.6611;-187.2011;-188.1340;
467599.579;550400.907;550309.584;556.3309;7.6524;7.2369;
471916.433;544200.789;544116.710;-65.8004;-46.0515;-42.8124;
515517.292;526893.584;526971.951;263.8936;-72.9529;-75.5105;
