# This file was created for the Modelling and Simulation course, RUG (September-November 2019).
#
# Project: Simulate colliding galaxies, using Barnes-Hut algorithm.
#
# Students:
#     Stefan Evanghelides (s2895323)
#     Hidde Folkertsma (s2759799)
#
#     X         Y         Z         DX        DY        DZ
202823.540;557411.010;557408.374;203.2997;-60.8939;-60.8997;
400364.581;468851.847;468849.193;235.7051;112.6983;112.7190;
295993.837;739008.502;739004.907;84.8187;137.7931;137.7897;
208803.358;339699.586;339703.324;-24.8668;-64.0694;-64.0680;
195303.102;665092.006;665117.069;140.5239;-50.2820;-50.2702;
270962.576;512780.946;512782.234;-757.9449;130.5690;130.5486;
228028.202;514555.389;514554.831;189.7096;140.0659;140.1087;
359521.473;426228.939;426237.127;503.0358;-77.3115;-77.2997;
290201.015;531578.323;531578.294;121.8618;-93.5273;-93.5250;
288558.236;534344.722;534345.362;-178.7784;-256.9860;-256.9958;
397206.543;397805.706;397803.067;333.6820;-120.1331;-120.1430;
291619.071;429303.578;429307.929;182.5548;-124.6914;-124.6784;
264044.802;524696.058;524696.439;-122.2345;246.1785;246.1766;
273802.294;520294.291;520295.030;476.6243;-644.2143;-644.1385;
301162.276;475606.686;475608.993;186.1670;190.8133;190.8164;
228298.303;557945.289;557941.511;163.2503;-129.2489;-129.2505;
271032.374;492664.816;492665.889;345.3150;82.5603;82.5438;
289439.918;508504.046;508505.196;-735.6210;-79.4016;-79.3739;
312698.610;393299.318;393285.185;60.7446;181.2251;181.2320;
277510.854;509616.572;509617.228;139.6137;479.8659;479.8856;
194779.576;193625.544;193620.350;31.6533;-97.1672;-97.1685;
283102.994;516294.156;516294.862;-41.7711;418.2158;418.2378;
277385.278;504484.023;504484.791;111.3896;-269.9719;-269.9558;
271308.142;501144.747;501145.644;571.1032;65.9751;65.9483;
323531.479;531507.109;531509.036;309.3170;99.4238;99.4209;
356330.538;526786.543;526787.031;364.6189;-181.1153;-181.1870;
277450.918;508036.157;508037.216;-268.7854;-164.4015;-164.3792;
176876.305;569059.870;569061.745;125.5572;-56.2950;-56.2877;
300832.128;503542.681;503543.903;383.4245;-211.7086;-211.7015;
299764.637;502039.265;502039.615;676.7754;345.5790;345.6182;
284419.208;506885.417;506886.230;298.5845;310.2050;310.1674;
299989.463;504497.369;504498.090;359.7352;-226.8228;-226.8246;
237113.879;527171.118;527172.118;-75.3013;52.7496;52.7192;
295946.338;503609.652;503610.726;164.8205;69.0958;69.1180;
275880.722;507767.883;507769.025;-802.0443;77.8845;77.8574;
287181.480;499037.545;499038.027;189.0073;-53.3821;-53.4041;
293334.553;501743.610;501744.498;562.9820;107.5319;107.5638;
358603.650;499979.866;499979.925;103.4831;-173.3097;-173.3119;
310431.715;522548.975;522550.302;744.6004;-138.9461;-138.9261;
296016.668;508302.836;508303.173;-33.6992;741.7088;741.6970;
308007.801;508547.947;508549.576;458.4488;20.0519;20.0701;
310283.557;513158.550;513159.135;-139.7170;-354.4164;-354.3759;
319809.227;507348.033;507348.947;-143.3228;199.4848;199.5003;
277457.152;522565.888;522565.924;-143.0762;65.4771;65.4823;
390696.451;470309.503;470312.560;145.6937;127.3639;127.3425;
266132.583;480928.818;480931.831;-18.1817;254.0089;254.0065;
297867.756;542990.584;542992.085;3.1572;255.1088;255.0987;
389952.008;588400.412;588401.144;69.7839;-130.1135;-130.1043;
385989.573;506644.386;506643.995;688.9727;-58.1660;-58.1504;
281203.066;525241.383;525243.221;191.3805;-93.6319;-93.6458;
187709.951;545312.206;545310.811;-86.3387;137.1800;137.1686;
288074.880;497935.687;497937.473;537.3636;422.9490;422.9712;
322399.323;457679.794;457683.604;-53.9188;-176.6816;-176.6559;
231551.157;503544.183;503547.306;14.1610;108.7858;108.7671;
285489.374;507025.894;507027.070;58.7256;-1.7132;-1.7161;
235854.445;526309.615;526310.489;339.7821;-134.4554;-134.4705;
392129.114;464273.845;464266.796;147.0003;179.2845;179.3037;
354800.051;568286.610;568286.192;-41.4873;-260.9683;-260.9745;
290872.964;511031.498;511032.820;-415.3201;-225.7118;-225.6909;
308714.625;519255.060;519256.881;-246.2334;164.9446;164.8972;
295928.551;513094.419;513095.592;-35.0863;-41.2933;-41.2949;
280375.720;494968.857;494970.233;390.5657;225.8686;225.8734;
266741.395;525607.949;525608.501;-47.3780;-87.6185;-87.6227;
294906.078;500307.696;500308.795;361.3420;-261.4296;-261.4479;
306263.646;544370.614;544372.086;-212.5343;61.8318;61.8399;
310495.355;517178.755;517179.693;417.0919;513.6353;513.6346;
293153.843;513698.097;513699.612;869.7727;-413.5469;-413.5580;
283636.365;508289.209;508290.007;683.1852;57.9670;57.9798;
278383.764;510073.458;510073.847;-35.8783;-245.5909;-245.5959;
285484.237;507800.650;507801.996;504.1860;-405.6856;-405.6445;
388743.238;508836.253;508835.597;284.0537;-149.8448;-149.8547;
185969.971;517517.088;517518.309;205.2403;10.7122;10.7078;
333095.376;490612.368;490612.502;-279.3138;186.1733;186.1675;
287548.239;513757.193;513757.856;261.3016;-15.8872;-15.8672;
163719.699;519144.675;519147.335;-49.5999;-29.4247;-29.4214;
266008.395;550138.583;550135.851;92.3612;250.3905;250.3541;
255178.909;518840.447;518842.008;-204.3351;234.7469;234.7518;
301128.066;509448.116;509449.186;-337.8705;215.2444;215.2277;
255619.016;515626.059;515625.856;442.9523;-64.3785;-64.3585;
314378.789;507627.884;507629.862;-630.1977;12.2897;12.2904;
265299.368;508807.650;508808.874;108.8099;-24.1248;-24.1343;
349300.694;529253.078;529253.725;40.2815;322.3022;322.2961;
269925.252;506470.055;506470.692;-126.9163;110.3491;110.3563;
264244.244;515544.553;515544.378;-404.7029;-71.4610;-71.4339;
233814.670;500963.052;500963.840;85.4488;63.5103;63.4841;
336674.512;539210.419;539210.509;595.3117;-270.3477;-270.3205;
331298.661;514179.439;514180.677;377.1585;-101.9634;-101.9815;
276135.211;509319.754;509321.016;723.4394;285.0406;285.0287;
287607.924;504196.241;504197.087;718.8239;-112.6625;-112.6782;
263457.886;492246.519;492247.090;-6.1086;-278.7000;-278.7322;
285470.594;511629.955;511632.006;-177.5775;82.6167;82.6010;
272702.693;512588.874;512591.203;249.7346;-22.8446;-22.8650;
293136.767;508280.206;508281.376;-156.2247;-10.2891;-10.2824;
251144.356;521040.184;521042.507;-30.1865;-100.5487;-100.5378;
396020.275;438378.640;438388.751;-43.2216;265.4209;265.3865;
296623.768;488224.373;488226.530;562.3151;-259.5287;-259.5464;
269559.913;512382.300;512383.663;1127.1643;-7.0289;-7.0150;
256363.064;644910.283;644914.426;41.8739;22.6967;22.7029;
189566.903;434873.106;434876.902;-77.2681;-231.0204;-231.0097;
670402.438;482959.610;482960.295;55.7459;60.7479;60.7449;
682765.976;495079.412;495079.954;-291.8318;40.6564;40.6530;
692672.378;506499.255;506498.633;-868.4206;-67.9361;-67.8958;
733077.575;507482.025;507480.587;-144.5323;-141.5956;-141.5663;
737110.159;532258.866;532256.656;750.5055;189.3984;189.3627;
702677.124;514978.724;514977.986;67.2014;-35.8148;-35.8105;
669089.009;503469.149;503469.306;-128.7803;83.2834;83.2753;
612934.884;495228.984;495231.245;153.5621;-51.7324;-51.7268;
716816.215;540083.786;540082.442;-283.0714;307.1789;307.1731;
680464.146;548156.312;548153.059;210.0533;33.0581;33.0589;
814697.924;627494.184;627495.561;-99.7523;-9.6579;-9.6496;
719226.679;547202.880;547201.272;-731.1307;4.9569;4.9470;
704429.566;532469.664;532467.517;-291.8424;347.0042;346.9964;
692258.832;504916.675;504916.746;-514.9208;91.9783;91.9653;
731314.383;542129.797;542129.000;-401.9880;180.8591;180.8028;
691604.454;510849.938;510849.095;249.8321;633.8239;633.7632;
677693.905;529222.472;529219.880;827.4786;-166.3988;-166.3218;
708069.100;506228.250;506227.706;11.9306;107.6515;107.6234;
633667.584;553361.864;553358.752;-385.5228;258.9622;258.9292;
659984.049;394637.622;394645.032;-186.8893;-181.5641;-181.5445;
770728.861;539337.244;539334.521;-399.6778;310.7992;310.7855;
696182.117;507603.572;507603.021;-442.9785;-201.3540;-201.2851;
666860.087;407846.504;407848.227;-111.5057;-77.5806;-77.5784;
505027.075;324336.579;324320.590;-207.4809;-53.9841;-53.9983;
704913.791;506204.809;506204.492;30.1640;-189.0488;-189.0530;
665762.436;568532.647;568529.184;-578.5417;459.8668;459.8309;
722369.802;559689.923;559685.930;-119.2459;-139.6765;-139.6704;
748275.176;523107.587;523104.383;425.3095;213.8151;213.7683;
713375.087;451256.095;451257.049;-28.2512;122.8959;122.8889;
706668.222;498538.403;498539.064;-533.6060;577.3700;577.3575;
694723.460;510067.599;510067.764;-842.6697;153.8434;153.8811;
643247.110;503722.039;503722.682;-197.1742;-7.1828;-7.2038;
709180.501;511363.197;511362.874;-4.7504;253.7638;253.7393;
757893.136;648899.370;648892.212;-174.6458;64.1621;64.1589;
700164.505;496390.100;496390.413;-267.5652;-10.5482;-10.5239;
703508.414;506371.251;506371.648;485.2972;-461.9901;-461.9618;
628946.174;574595.641;574589.182;-112.6129;-91.4807;-91.4752;
699664.964;494232.009;494233.774;-776.0004;-330.9982;-330.9490;
685184.559;524206.998;524207.080;73.7042;-9.2022;-9.2464;
742820.639;515994.249;515992.054;-197.9302;-128.9868;-128.9656;
739127.204;459932.571;459933.131;-253.5687;-62.1397;-62.1502;
715641.276;523456.854;523456.552;-119.5350;-306.2639;-306.2448;
685036.294;525096.761;525095.142;49.1203;65.5745;65.5734;
744716.708;566791.217;566783.881;92.5043;184.4447;184.4096;
741301.562;512210.982;512210.657;354.1074;-504.0236;-504.0041;
715363.904;514184.960;514184.584;35.7559;358.6984;358.6565;
704278.738;513149.085;513148.267;-1019.2379;179.2723;179.2746;
610493.705;455311.304;455317.290;-438.9932;-178.6273;-178.5950;
737499.919;530810.686;530808.457;174.7564;-177.4022;-177.3896;
701332.748;498310.812;498311.550;165.5063;250.8876;250.8901;
821161.435;442304.422;442309.029;20.5424;-37.8640;-37.8642;
629197.749;447921.594;447922.310;89.7590;362.4042;362.4066;
694857.791;504289.782;504289.275;594.0817;-245.1737;-245.1754;
706633.590;523313.382;523311.525;-493.9877;-59.9410;-59.9280;
738457.932;565941.600;565935.918;11.7830;221.8856;221.8406;
633776.412;410966.430;410968.865;-131.5168;26.4791;26.4832;
704887.258;500979.193;500979.081;628.1843;-77.2911;-77.2896;
689602.255;512534.653;512533.948;-8.1871;-187.5750;-187.5521;
724384.158;525817.791;525816.241;235.4465;1.2471;1.2623;
707359.588;519649.167;519648.590;-375.8578;-290.9912;-290.9627;
523626.033;245517.865;245510.346;-181.7031;-76.9420;-76.9489;
702844.405;526546.635;526545.132;78.2058;-90.2640;-90.2889;
720994.145;512100.880;512100.886;-806.9257;-531.2490;-531.2281;
694102.040;535284.843;535283.532;466.9504;170.3105;170.3154;
729806.299;523920.359;523918.432;-364.1155;98.7814;98.7722;
803751.468;561162.868;561159.823;-86.0254;-57.0737;-57.0633;
797226.734;521110.481;521108.265;-198.6032;-241.4912;-241.4951;
724023.314;546934.793;546932.355;-528.6543;-73.7697;-73.7315;
704017.157;517041.149;517040.516;-47.1681;174.6499;174.6523;
667245.976;530229.256;530226.366;187.6238;-307.6026;-307.6264;
706026.771;505588.501;505588.217;-400.7177;-174.1857;-174.1833;
852155.936;479360.480;479362.182;154.4649;-156.3375;-156.3310;
715065.430;515517.570;515517.002;33.3097;-31.3645;-31.3881;
711686.546;503791.919;503792.343;-232.2792;-210.6983;-210.6857;
738832.492;531479.049;531475.390;-480.2365;-84.9879;-84.9414;
719746.050;523729.693;523728.939;384.8824;319.1292;319.0689;
718257.131;463931.043;463930.231;-339.0772;157.1110;157.1081;
772556.277;536417.098;536417.525;682.2797;44.5443;44.5436;
712532.264;504164.790;504164.413;0.7196;279.7361;279.7501;
681005.876;498056.044;498055.577;-494.1643;-112.3239;-112.3050;
708241.082;518631.504;518630.325;202.3350;16.0601;16.0485;
704563.917;514443.544;514442.200;-564.1295;112.4719;112.4358;
724103.401;516867.119;516866.206;-693.5202;-154.2130;-154.1835;
616363.851;494277.742;494280.753;-224.9979;-34.4338;-34.4048;
620012.392;365656.343;365660.883;-293.6345;-305.6348;-305.6379;
642835.642;566287.934;566282.663;-428.7319;-55.8394;-55.8419;
955463.614;530479.292;530467.457;101.2607;-31.9746;-31.9893;
638047.723;533403.753;533402.779;-236.0883;91.5414;91.5167;
698208.746;520349.605;520348.817;-323.9428;379.3928;379.3616;
626834.014;477674.794;477673.322;-258.3225;40.4242;40.4203;
681495.350;487703.236;487704.692;675.8544;130.2817;130.2319;
662619.397;520480.582;520479.543;-653.5259;194.7614;194.7718;
724491.535;507382.089;507381.834;-695.7467;280.9491;280.9697;
702145.595;519943.162;519943.159;347.1202;-543.5714;-543.5858;
909015.611;703928.435;703922.934;130.1043;175.2164;175.2077;
706693.492;508868.050;508866.730;-281.3594;53.5765;53.5749;
718400.019;524377.037;524376.611;222.5700;-442.9953;-443.0115;
702054.701;501402.321;501402.437;-394.5247;219.5571;219.5638;
663340.833;524482.632;524483.360;-217.4172;70.7772;70.7561;
