# This file was created for the Modelling and Simulation course, RUG (September-November 2019).
#
# Project: Simulate colliding galaxies, using Barnes-Hut algorithm.
#
# Students:
#     Stefan Evanghelides (s2895323)
#     Hidde Folkertsma (s2759799)
#
#     X         Y         Z         DX        DY        DZ
138032.921;566030.037;566032.214;8.4435;25.9669;25.9612;
185082.679;584747.773;584752.151;122.3095;-212.3296;-212.3464;
247915.498;638367.778;638366.735;75.2146;203.9387;203.9334;
233629.900;395050.305;395052.560;-51.4295;-129.3323;-129.3274;
145018.271;652735.536;652747.112;25.1942;95.0566;95.0874;
216490.041;521907.786;521908.923;330.8950;72.1114;72.0910;
193036.842;516805.570;516806.571;456.5815;15.1887;15.1942;
228867.727;574729.664;574731.793;-114.6060;-43.3756;-43.3724;
240399.114;498076.139;498077.156;-90.5576;-334.4734;-334.4757;
239812.016;469827.878;469829.485;265.8292;-11.4370;-11.4326;
152026.757;513549.035;513551.745;-37.2110;207.9916;208.0056;
214028.424;547485.702;547488.138;165.1075;244.6021;244.6146;
248591.222;507668.143;507668.185;724.5586;272.7806;272.7655;
199040.481;487231.517;487232.876;-286.5776;231.5395;231.5406;
257624.507;509689.650;509689.672;-46.7236;-259.3316;-259.3307;
169189.409;497647.005;497649.331;315.1141;106.2886;106.2774;
224187.034;511562.625;511564.236;-287.0225;238.0886;238.1071;
233400.583;488344.934;488344.848;74.2679;180.6713;180.6769;
285559.885;358332.167;358324.698;39.9070;-46.9746;-46.9978;
199662.511;494754.501;494756.061;-92.2750;87.0567;87.0555;
188521.266;274261.734;274257.733;-13.1241;-175.6459;-175.6487;
214442.230;502618.360;502620.271;-6.9236;176.8784;176.8880;
227002.619;496610.497;496610.991;104.1579;178.9195;178.9164;
227405.797;513465.468;513466.202;-106.7272;-461.6594;-461.6624;
275409.337;491928.305;491928.149;14.7097;217.6416;217.6282;
202221.553;396990.859;396983.142;-47.9760;90.0883;90.0757;
202207.961;532682.882;532684.429;-167.2562;-157.8363;-157.8521;
171253.492;552227.146;552225.450;-126.1186;125.9590;125.9555;
258038.549;503465.369;503466.128;269.5240;-82.7884;-82.7915;
248742.944;495606.397;495606.659;34.0810;-327.9527;-327.9854;
247657.500;490526.741;490527.143;-118.9997;-6.4061;-6.4072;
226862.935;514733.281;514734.355;-494.3063;246.9019;246.9099;
271012.342;513297.242;513295.648;-618.2649;-2.9642;-2.9381;
221351.320;493957.097;493958.094;67.4052;53.8725;53.8846;
218581.203;518164.264;518165.251;217.4270;33.9720;33.9500;
221149.533;517780.774;517782.218;-111.3413;380.8966;380.9114;
220460.656;498301.782;498303.275;463.4786;260.9201;260.9236;
192203.959;443040.070;443043.257;6.6403;135.1843;135.1793;
223421.204;510307.317;510307.881;989.1358;-135.1988;-135.2219;
219695.383;469979.830;469982.094;425.5589;328.1519;328.1354;
234927.648;514467.602;514467.679;-192.0914;308.9583;308.9541;
196381.108;518035.462;518037.910;321.5389;-276.0977;-276.0996;
219149.818;514495.132;514495.939;377.7341;358.3691;358.3648;
254408.036;488298.048;488297.323;-56.2144;-44.7343;-44.7361;
183571.953;589593.579;589593.470;84.4501;-156.8134;-156.8597;
178708.314;502772.344;502774.043;140.5310;256.7902;256.7938;
229380.180;505788.849;505789.874;-21.2073;331.4975;331.5061;
305905.291;615929.814;615930.558;106.4446;50.6378;50.6315;
202455.608;497359.990;497361.220;-589.8005;-161.0166;-161.0296;
235440.790;493737.273;493737.910;7.4694;-129.5676;-129.5768;
167819.991;495115.172;495117.186;175.9120;-122.0060;-122.0150;
238685.184;484782.018;484781.781;-193.2081;-162.3433;-162.3676;
25493.382;586745.494;586747.444;-173.2793;142.5982;142.6062;
214378.274;468257.802;468258.236;-608.0328;-141.5723;-141.5665;
241563.749;486447.173;486446.942;679.1906;-319.1220;-319.1067;
227081.911;523678.182;523678.777;-331.7128;107.3583;107.3753;
269446.729;484652.461;484652.441;-215.3628;143.4389;143.4475;
186904.086;593164.250;593164.553;106.3878;-241.6192;-241.6003;
316313.018;612812.993;612812.009;215.3458;41.2774;41.2833;
227175.292;515781.208;515782.188;-141.3371;-305.6269;-305.6461;
226540.396;504492.920;504492.405;520.2641;-329.5591;-329.5351;
233018.418;500363.442;500364.174;-71.8117;-433.8815;-433.8752;
238471.417;500847.583;500848.383;-36.1410;-54.5976;-54.6069;
227025.186;512754.072;512754.917;370.2562;-327.2204;-327.2318;
230373.411;495660.228;495661.168;625.9374;-164.5110;-164.5149;
254920.289;493907.590;493907.534;-83.8459;-128.7899;-128.7900;
258911.999;499993.202;499992.713;-769.4450;-162.9246;-162.8844;
233861.281;498147.871;498148.709;224.4176;-543.3427;-543.3570;
217172.837;510840.691;510841.663;753.2396;-143.4486;-143.4619;
231565.933;516757.534;516758.817;-125.0677;259.7550;259.7829;
231843.870;506430.718;506431.952;-244.0637;-59.4556;-59.4598;
157019.503;445548.148;445550.110;-33.2385;3.8777;3.8736;
275162.018;476447.031;476447.224;178.7708;145.7299;145.7224;
341993.148;434712.461;434712.618;132.8002;20.6974;20.6996;
242112.223;493867.713;493868.129;-213.0899;-38.3714;-38.3798;
177764.001;521413.998;521417.461;543.2460;-311.3716;-311.3851;
204429.529;516191.403;516192.265;501.4289;-137.9709;-137.9547;
234640.645;477516.335;477517.368;450.0311;41.8051;41.8044;
221254.448;488354.080;488355.120;510.0071;121.5757;121.5733;
263718.814;486531.719;486531.473;27.0454;401.7007;401.7274;
240158.648;486183.472;486184.119;497.3330;-268.5211;-268.5105;
228001.117;497233.534;497234.517;-310.2318;156.9733;156.9894;
248763.147;515121.340;515121.200;-441.9259;-12.8393;-12.8305;
221725.090;509089.944;509091.282;-11.5388;127.6554;127.6552;
326431.121;488789.577;488791.105;175.9424;254.8799;254.8968;
275374.800;479047.220;479047.171;286.6073;115.1515;115.1410;
186768.473;479618.699;479620.059;-334.2960;24.3089;24.3318;
229725.434;509650.557;509651.136;31.3438;155.0079;154.9997;
257535.294;485850.448;485851.170;37.5854;157.2553;157.2719;
226501.948;509478.764;509479.180;117.5573;-192.3032;-192.2958;
251579.274;471309.705;471309.073;-0.2479;174.1662;174.1627;
237601.624;489058.669;489059.351;214.3258;129.8824;129.8974;
239487.301;471759.672;471761.612;630.1082;-192.1588;-192.1960;
186460.742;530387.498;530390.140;125.5769;-246.1518;-246.1422;
203005.672;517293.626;517296.308;-30.8283;209.7719;209.7855;
348700.263;369070.891;369077.452;146.7196;0.0545;0.0758;
204299.944;497176.856;497177.806;-132.0736;132.6155;132.6131;
270561.427;475145.295;475144.772;-206.4236;418.9944;419.0204;
238162.628;603759.484;603759.745;25.5194;123.4414;123.4478;
318402.819;482764.218;482765.858;235.5040;90.9554;90.9469;
751707.174;515998.307;515997.710;429.2240;257.2496;257.2183;
708930.834;480401.498;480402.495;-162.3470;-219.7536;-219.7543;
827196.970;531168.612;531166.044;145.4617;97.4999;97.4801;
752530.423;514238.840;514238.727;-223.5759;522.4364;522.4220;
752332.177;508858.070;508857.791;859.9544;558.6591;558.6797;
748404.195;511801.325;511800.769;-85.5664;-544.3734;-544.3302;
773056.239;531722.140;531720.886;-271.5621;437.1214;437.0681;
776605.164;465330.289;465331.197;368.0746;-14.3293;-14.3268;
730134.630;512778.733;512778.206;161.7185;48.3277;48.3159;
703302.624;529748.671;529748.686;140.2615;300.4646;300.4701;
851409.565;614232.978;614228.942;1.7320;57.4215;57.4262;
754314.996;546057.971;546055.493;-620.8550;345.7009;345.6558;
760862.160;514223.770;514223.048;503.7484;602.7853;602.7591;
757007.401;503871.467;503871.028;-623.6336;-59.5433;-59.5275;
699486.731;494999.507;495000.067;-448.6628;-24.7463;-24.7647;
766960.548;502253.846;502253.846;-765.9328;-450.9076;-450.9263;
753018.853;492487.021;492488.173;-367.6397;-621.2489;-621.1291;
747469.793;516929.997;516929.709;-108.6686;171.1194;171.1231;
883903.977;539083.803;539080.568;166.8902;-73.0369;-73.0379;
766832.269;518436.718;518437.014;906.5208;222.1455;222.0962;
824655.364;516060.820;516060.972;-323.9135;276.2019;276.2085;
747538.333;501379.736;501379.145;236.1271;117.1111;117.0716;
754936.968;519960.014;519959.004;-407.8179;-352.2975;-352.2438;
640737.499;388988.358;388984.835;-266.8954;-157.4775;-157.5065;
747766.095;528721.319;528720.580;-91.4771;192.9607;192.9535;
877804.925;383302.449;383302.874;-109.8015;26.0588;26.0574;
683845.874;438283.354;438282.479;10.9292;57.8503;57.8539;
794988.296;489542.144;489542.054;-183.4102;198.3707;198.3673;
815663.606;532162.682;532159.944;278.0740;-16.5271;-16.5355;
874701.214;422215.578;422214.831;-126.8356;-2.6999;-2.7009;
767057.083;501618.684;501618.375;-270.6003;-539.5291;-539.5151;
795165.215;543272.186;543272.177;75.8015;74.3882;74.3843;
723100.958;516033.595;516032.795;-657.3535;-100.5120;-100.4966;
717486.509;491762.002;491761.715;541.0975;46.2323;46.2244;
759023.312;516825.299;516824.192;-681.9634;37.8965;37.8878;
747801.485;515806.413;515805.976;-677.1981;-260.5048;-260.4817;
757411.058;478774.540;478775.271;251.2245;280.1252;280.1241;
748851.293;535638.685;535638.993;-90.8117;460.0114;460.0327;
761921.436;511051.003;511050.571;-396.5190;-268.9947;-269.0123;
750850.032;496221.123;496221.357;547.9612;-114.2890;-114.3145;
783522.777;455868.455;455869.774;-153.1756;18.3053;18.2976;
763199.811;509450.986;509450.612;-566.3099;485.7630;485.7472;
740446.622;482336.165;482336.503;-187.5952;68.9369;68.9384;
726948.699;449152.877;449152.632;-52.5407;5.9018;5.9014;
832111.373;568575.623;568572.620;-73.3500;-184.4830;-184.4673;
775379.118;504799.962;504799.791;-594.1420;184.6334;184.6077;
742359.817;516203.589;516203.102;704.8040;-52.2748;-52.2898;
829695.297;603889.861;603885.454;-37.4535;-60.9107;-60.8802;
732820.194;512034.767;512034.403;-194.6108;250.8697;250.8662;
763740.138;519740.953;519740.045;-185.6133;-97.0010;-96.9967;
689999.752;570885.326;570883.387;-23.6758;-102.9940;-102.9908;
653784.435;353234.927;353235.250;-76.4861;4.9412;4.9475;
753906.838;513247.807;513247.698;449.5236;107.1412;107.1367;
759383.952;502885.992;502886.552;338.0545;-52.5006;-52.4997;
800116.419;549642.419;549641.085;83.7270;194.9637;194.9416;
730332.425;442079.158;442079.926;-179.4181;-155.3008;-155.2948;
764671.142;508343.542;508343.178;-636.4980;290.9699;290.9656;
751474.078;498555.044;498555.677;-1.4984;-360.1681;-360.1477;
771489.917;521163.245;521163.690;790.6168;212.1086;212.1318;
764540.507;502178.769;502178.585;-50.7029;-366.7076;-366.7085;
633462.169;314110.224;314107.348;-184.0371;-154.9130;-154.9216;
754030.100;505369.303;505368.703;497.0726;-63.0648;-63.0596;
730318.314;497092.443;497091.559;542.5151;134.8261;134.8001;
761502.906;518876.154;518875.406;566.1970;-205.1284;-205.1210;
763547.266;498744.795;498744.987;56.3607;-139.5124;-139.5266;
718675.408;406762.140;406761.788;-140.3942;136.6927;136.6998;
753244.513;524632.125;524630.939;-289.0059;-775.9669;-775.9283;
739830.703;497790.707;497791.109;-1200.3959;-81.5084;-81.5061;
745074.659;510269.102;510268.686;-443.4095;-50.0142;-50.0151;
744253.228;535429.928;535428.620;241.0982;241.7596;241.7272;
767413.471;529260.237;529259.528;-33.0373;104.2416;104.2465;
588826.547;478887.646;478888.521;35.0545;117.8771;117.8732;
747856.011;502679.207;502679.342;-862.3344;15.7169;15.7241;
749421.055;509831.667;509831.437;-288.9221;86.5394;86.5364;
816602.535;590337.671;590333.376;-301.5060;-118.5811;-118.6007;
759151.045;509280.065;509279.437;-807.7218;-311.3389;-311.2714;
870438.137;456595.039;456595.809;-90.6484;-51.8242;-51.8169;
752124.097;559368.677;559368.124;183.1801;-388.0904;-388.0907;
782635.873;537228.732;537227.192;108.8395;-100.7247;-100.7506;
766076.775;505193.950;505193.406;178.2711;-417.8406;-417.8286;
772995.906;510981.006;510981.066;607.0265;196.1203;196.1349;
748759.969;496522.560;496522.131;-345.2623;29.9048;29.8681;
759504.926;508068.437;508068.206;-617.8576;-33.6951;-33.6965;
748091.215;492349.969;492350.200;237.4596;694.8236;694.7898;
840171.550;592011.547;592010.240;-242.4865;-105.0390;-105.0439;
751747.433;531527.685;531526.600;-832.7050;163.8172;163.8046;
785709.955;528843.020;528842.896;767.6348;184.6708;184.6682;
712414.309;486964.338;486963.760;-76.7456;93.9149;93.9057;
741212.060;528654.547;528653.143;-130.5600;-346.3344;-346.3273;
844174.911;621881.899;621881.074;-192.5853;-39.4044;-39.4161;
865127.194;447566.217;447565.946;-201.2097;99.9941;99.9970;
737312.088;524997.014;524995.594;383.9241;-52.1797;-52.1875;
769648.892;515050.926;515050.499;-122.3292;-293.5086;-293.5265;
749492.147;512209.546;512209.099;102.8953;-510.6104;-510.5402;
800737.141;571993.822;571993.081;251.2762;309.1543;309.1590;
757628.126;517543.162;517542.279;-626.6248;-181.2156;-181.2254;
757589.024;509181.761;509181.459;-495.2787;-41.2130;-41.1631;
790891.645;522512.184;522511.201;19.6665;90.0707;90.0440;
703831.978;490020.851;490020.447;-77.6052;102.0739;102.0579;
