# This file was created for the Modelling and Simulation course, RUG (September-November 2019).
#
# Project: Simulate colliding galaxies, using Barnes-Hut algorithm.
#
# Students:
#     Stefan Evanghelides (s2895323)
#     Hidde Folkertsma (s2759799)
#
#     X         Y         Z         DX        DY        DZ
461481.701;512742.140;512427.296;-171.0276;130.8807;133.1285;
460470.330;526987.267;526020.498;123.6358;-703.6486;-694.4799;
814463.268;629124.850;628727.572;-29.0381;-152.5819;-153.2103;
498068.437;541810.759;542031.346;634.9722;-146.0099;-155.6304;
491861.544;514709.579;514516.019;339.7618;-16.7956;-8.6435;
449920.765;886774.492;883513.753;-147.6520;300.0562;296.6149;
281507.100;507218.538;505854.327;8.4349;262.4107;266.0041;
600765.151;885843.505;891052.644;4.9072;96.7017;107.4295;
383157.527;591897.841;588983.668;-512.5040;-11.4258;-13.8447;
511885.153;540596.284;539843.630;1060.8795;668.5824;698.3864;
494932.691;510563.985;510095.205;135.0642;137.1160;145.8489;
478958.245;531165.817;531032.347;-41.0929;-57.3474;-54.4333;
394420.574;576623.294;574044.021;-316.2568;-171.3759;-200.5320;
487098.166;513718.498;513213.195;-188.3275;132.3817;129.9113;
511017.607;540944.003;539994.242;1137.0186;225.1189;216.6871;
582249.970;616642.724;623332.253;205.4663;273.9349;275.5710;
473757.831;581168.807;580450.508;104.4132;218.4739;186.2622;
447931.125;514607.852;513615.508;-495.8669;311.1132;282.5947;
213878.826;634772.693;634040.117;-333.8673;-26.7268;-30.4932;
400753.892;547023.766;544503.000;-374.5651;145.3709;131.1728;
507540.734;546934.922;546835.081;11.6128;-149.5852;-154.7673;
447741.441;525369.041;523825.031;-719.8551;739.9603;732.7450;
487767.479;523540.517;523479.916;191.6913;-132.9165;-123.1137;
489920.520;532393.913;531928.224;-56.1097;-346.0775;-359.7544;
476280.514;533195.145;532834.835;-137.4012;333.8570;326.7594;
505424.009;535166.866;535399.542;-448.8479;520.4352;512.6486;
500479.026;512805.965;512416.067;170.6298;21.4542;11.0034;
894581.907;136635.286;136624.779;-20.1882;6.8228;6.7811;
441526.913;497262.565;496755.147;724.6770;253.2768;241.8407;
491807.664;524178.059;524107.159;578.5298;-48.6029;-59.5611;
509823.409;532979.842;533861.517;-379.8128;-698.7345;-708.0577;
474501.551;533665.820;532986.125;1960.3502;-43.7636;-50.1031;
481344.432;518039.002;517235.104;-748.4615;176.2458;176.9743;
627752.862;597778.289;597257.045;-213.1181;-104.2638;-104.3569;
435721.337;513560.574;511980.139;-240.8435;-49.7916;-63.7067;
489660.052;534292.557;534631.773;624.1513;513.0543;518.2211;
517816.164;525756.645;525928.921;118.4994;-190.8645;-189.8622;
472837.558;523647.125;523046.076;181.0456;-697.0974;-707.2879;
544387.552;399869.677;395637.899;-154.4292;-115.5848;-121.8856;
423260.108;497851.741;496476.212;686.7621;-327.7764;-319.4858;
471139.781;521562.041;520192.365;-422.1992;509.3133;476.3390;
456091.905;511096.831;510505.360;73.0479;-742.0587;-642.2401;
487213.135;549540.881;549860.125;628.8998;-67.1618;-98.3744;
502845.279;511682.667;510591.151;-123.2020;334.6605;340.7091;
201522.887;584522.547;586676.586;-484.4031;48.0301;48.7301;
436300.748;518035.525;517587.139;134.6903;-56.7154;-62.1223;
457374.367;563764.514;562685.552;-204.6768;-475.6227;-465.0169;
492339.754;607369.872;607026.289;-217.9780;-208.3302;-200.7109;
477273.351;520761.931;520234.355;-853.6631;-702.8728;-696.6720;
447624.140;541442.608;540471.183;-351.2121;-362.0362;-366.4956;
485516.569;502443.629;502222.941;-948.8326;-531.7360;-551.3811;
498217.701;547597.994;546986.218;1233.4490;-629.5913;-547.8896;
472493.886;505357.937;504794.343;592.5174;250.4419;272.4131;
458797.523;531743.585;531412.902;-826.7795;347.7931;332.0083;
495968.201;546329.471;546161.692;-164.1670;22.4709;12.5520;
463873.564;509356.382;508536.513;-1013.8621;-218.7246;-324.8784;
535011.710;497028.742;496085.402;421.5367;276.1863;289.3156;
737712.110;650266.020;649543.926;-233.0650;-45.7165;-46.0454;
465760.221;540405.289;539681.379;333.8834;-77.1326;-50.3356;
90239.175;637251.551;636869.680;93.3652;69.8037;69.6551;
433985.075;498999.529;495875.517;-329.0351;418.5319;439.3670;
445353.644;544336.991;543539.529;-201.8356;141.4998;127.2486;
478196.734;531643.177;531350.728;-1185.7087;356.8452;342.0080;
483159.185;532372.444;532147.742;452.0746;104.0811;122.1812;
482632.447;541112.535;540311.453;588.8040;-851.9939;-823.5062;
487266.976;526907.624;526609.183;-808.8391;-161.8273;-169.4504;
516431.880;536514.229;536910.583;-113.6377;-529.8206;-508.5930;
427707.508;302959.816;299520.593;26.6958;49.7557;60.8505;
449461.970;513716.271;513116.127;230.5796;307.7121;324.4375;
774096.597;468589.906;468087.918;-119.6586;14.1172;14.4596;
419879.866;496456.173;493767.206;-266.4119;435.1516;427.0632;
515323.805;509285.022;509360.596;562.8199;-320.6316;-334.6705;
582063.623;520904.704;520234.695;-284.3189;158.7404;159.2492;
478146.260;575098.451;576400.265;46.4486;84.0178;76.8651;
480871.370;524891.845;524359.689;-420.9711;981.1221;1027.7139;
484660.008;542125.574;542074.448;660.2090;-12.0602;-5.3829;
483022.109;533233.514;532901.605;262.1170;-324.8796;-326.2268;
527804.643;568630.044;567699.729;-625.0987;-18.5672;-20.5322;
323393.046;625737.135;625436.998;129.6920;-83.4151;-82.6850;
480058.696;525607.006;525521.018;-45.0512;678.3607;669.2783;
471963.544;539134.364;538588.453;-155.7420;840.3398;866.8278;
507726.861;521700.949;519430.103;840.2632;586.3740;617.4141;
461380.504;529279.638;528636.059;200.4436;-460.8739;-459.8560;
487298.190;528557.328;528046.190;-830.6802;407.9319;380.4309;
504366.906;525474.531;525204.445;-338.2033;39.8927;33.1353;
511486.901;569760.598;569746.670;240.1050;54.7232;78.6320;
536201.002;532916.258;532637.239;-141.2068;-312.9897;-332.9078;
351894.306;370375.577;363514.669;16.3726;-286.1491;-301.9363;
476070.053;517300.486;516716.204;221.7434;-282.7707;-279.3984;
743334.404;642936.702;642085.208;83.0138;-38.7078;-39.5653;
939602.130;650802.114;649888.193;33.3344;-19.7267;-20.0982;
479588.138;559308.763;558129.285;-336.6933;-692.4916;-714.1159;
542542.797;513794.332;512507.578;590.1623;293.9992;297.8836;
516429.023;569787.481;570433.676;191.4874;-347.6805;-352.2450;
107666.249;408580.080;406113.706;-249.7500;-90.0096;-93.5007;
524057.323;541604.155;541974.646;342.5791;-432.2539;-415.7679;
497812.240;594171.564;593973.700;520.0768;284.3337;290.5529;
458000.608;515404.797;514843.202;-359.5340;-12.4331;-21.4782;
733318.627;492037.592;488873.256;-170.7251;39.8248;34.3163;
514945.243;538676.322;539302.670;-223.1322;194.3611;201.5316;
496976.225;535755.267;535416.940;1280.8097;21.0293;-2.7766;
391911.650;554099.649;556670.572;382.1683;168.0178;183.8264;
909345.641;736089.336;733752.165;22.9467;-6.5777;-7.3338;
445345.357;515489.594;514693.450;268.0983;-101.1066;-102.5915;
497693.973;534151.307;533929.946;-147.9437;-57.5782;-70.9971;
467623.079;515915.459;515215.574;237.6975;-798.1269;-772.7709;
479743.265;522462.501;522202.040;987.8253;21.5590;42.7721;
473979.666;539203.112;539017.857;-443.7149;-19.8453;-27.9035;
497454.615;517522.768;517630.394;-77.8830;-164.0783;-155.9673;
428949.656;231028.225;229657.527;21.1641;22.2795;21.6397;
486564.874;505330.299;505305.870;740.1466;71.8713;76.4838;
483703.746;486364.329;484249.554;-254.5339;280.0618;272.4400;
799907.809;483003.643;474785.998;304.1428;-189.5831;-212.2076;
511393.392;467553.497;468292.199;-366.7578;-302.7756;-308.4965;
467018.242;530253.597;529609.005;245.6372;-391.5535;-387.3595;
419527.815;513979.627;513111.016;85.2579;172.6133;175.1243;
481753.479;533876.305;534110.581;471.6934;247.2001;235.2312;
756004.676;878485.915;876528.442;279.0020;113.0458;106.3272;
322707.314;470362.541;469899.301;74.8778;-89.0646;-85.1191;
464298.355;547635.875;548276.857;183.1085;929.6477;944.8721;
497998.405;522265.383;522290.320;-1182.2682;-310.2258;-317.7686;
469590.046;527832.462;527582.621;-963.8971;352.5973;324.5468;
412747.511;306631.589;303052.184;-118.1417;133.5222;123.4263;
467301.097;551587.929;551011.321;-287.0056;278.5541;274.4790;
478166.321;536863.803;536194.073;237.0255;371.9578;361.6027;
452191.241;533690.746;532941.252;-1042.7823;647.6677;559.5807;
476698.706;536191.552;535893.220;423.4309;-33.5542;-28.2995;
449078.224;529312.606;528558.425;918.5287;-306.5880;-291.4903;
464754.760;524406.210;523741.074;489.4666;124.4560;139.9708;
756617.721;501576.867;497778.378;185.7524;-70.8470;-78.0129;
550982.729;623194.013;619361.754;421.0095;-275.5885;-255.1910;
473496.653;537575.420;537193.557;183.7557;-301.0720;-310.0920;
526645.054;510779.686;511487.315;-507.2922;-74.2156;-62.0042;
473136.680;520852.905;519876.096;700.4986;-885.5848;-853.6075;
471641.051;535637.896;534987.114;-59.5985;176.4015;184.4627;
436167.143;580022.525;578065.769;102.4793;-213.7223;-204.1961;
504542.538;570412.501;570861.731;-97.5860;271.6705;261.2899;
482740.931;523332.180;523081.078;-1023.5105;906.3766;927.0030;
446909.276;515717.626;514875.048;-261.2127;-322.0331;-330.0163;
496309.758;525462.435;525395.714;-199.4491;-19.3003;-23.3738;
457684.411;527785.415;527436.837;126.3138;-349.0200;-325.8132;
493079.553;520578.028;520046.483;-922.5762;-198.8865;-209.9211;
449206.065;508401.831;507671.982;497.2469;102.5445;113.6425;
438958.266;546623.393;545552.878;-475.1920;-277.5134;-304.3402;
485524.052;546592.030;546297.614;-854.9294;192.0395;183.5085;
936416.530;638430.064;637245.611;161.4113;-55.8080;-57.3469;
466742.575;541537.969;541241.380;-245.1334;-529.3985;-549.6053;
456199.239;517569.435;517135.164;-719.7393;253.3170;225.4276;
595536.945;465856.721;464962.098;483.9954;42.4303;47.6370;
508332.525;519042.513;518591.862;182.8672;548.3751;535.2256;
588771.291;595705.587;597297.472;-133.5650;191.2864;204.5059;
478251.516;522141.720;521974.210;697.4157;377.2530;394.8735;
480041.212;526547.283;526056.548;-103.7112;-849.1265;-854.0587;
480857.777;525250.017;524469.063;1070.9680;-207.4176;-222.8276;
480993.937;542623.836;542436.056;146.9809;90.2216;82.0572;
