# This file was created for the Modelling and Simulation course, RUG (September-November 2019).
#
# Project: Simulate colliding galaxies, using Barnes-Hut algorithm.
#
# Students:
#     Stefan Evanghelides (s2895323)
#     Hidde Folkertsma (s2759799)
#
#     X         Y         Z         DX        DY        DZ
475227.232;538329.775;538337.099;1.1670;118.9388;118.9420;
479544.912;559913.310;559898.126;-275.3193;-391.4351;-392.4515;
561348.029;900891.885;900883.405;112.8709;3.6140;3.6130;
308464.237;341285.617;341286.212;101.2800;78.2265;78.1993;
468333.768;531561.254;531544.885;-30.8663;-825.8463;-826.8183;
461388.599;556347.508;556357.925;-803.6279;77.9955;78.7272;
794240.695;858518.005;858403.272;-66.5104;180.1367;180.0678;
148333.404;547468.206;547469.464;-308.5791;17.0385;16.9558;
618226.786;387224.349;387271.214;139.9539;147.8505;147.9675;
394378.462;575966.406;575913.712;250.8792;261.6087;261.6214;
347735.833;513888.967;513819.477;-540.5439;20.2502;20.0515;
457326.700;495226.846;495190.018;-327.0508;233.2862;233.6698;
320179.603;578347.519;578286.156;156.8636;-133.4522;-133.4100;
323085.091;402361.109;402317.672;203.8310;209.4771;209.7764;
486554.525;536926.143;536938.700;805.7151;-33.9213;-31.2153;
473435.634;540785.403;540789.060;-1202.3803;-444.5915;-444.9706;
439874.610;276775.915;276745.499;139.6672;205.4538;205.4411;
512452.070;692029.068;692005.819;-45.7015;-80.8316;-80.8194;
457767.525;537589.708;537595.772;423.5777;-180.2039;-180.4272;
476427.667;527937.994;527941.744;-575.1017;220.7115;220.5743;
410901.131;489239.304;489231.929;-579.3286;-137.0991;-138.0118;
356349.349;516641.968;516624.538;-190.8038;-21.3092;-21.5479;
487113.160;531744.035;531738.637;360.9240;17.5234;17.7792;
423453.726;378065.229;378004.990;221.2282;31.4460;31.3511;
458523.767;524697.260;524694.517;-93.6700;-322.8455;-322.8857;
501446.503;541666.258;541638.940;-398.0940;-83.9462;-83.8648;
451044.139;545194.795;545204.619;58.7216;-154.1848;-154.1593;
473519.863;535405.750;535398.266;-1182.1378;-331.4534;-331.5577;
430165.938;531244.932;531224.291;467.3224;-8.3395;-9.3377;
460956.587;529448.918;529444.130;-198.6688;314.9580;315.5130;
439440.506;521614.686;521607.988;214.2356;283.7212;282.8246;
430372.190;528961.266;528958.959;274.6881;86.9273;86.1515;
783591.258;258786.686;258808.969;96.5241;-74.0814;-74.0736;
342991.834;408351.342;408319.432;272.9415;28.6184;28.3998;
425782.895;518490.441;518423.646;623.6422;14.3114;15.0641;
490050.664;487998.514;487985.418;265.4386;-131.5184;-131.9714;
313290.967;387354.540;387315.326;117.9231;188.4957;188.6004;
461964.889;525422.093;525416.862;-343.9360;5.6373;5.7216;
943176.476;543449.845;543727.590;7.2261;-66.9352;-66.5710;
319017.859;409301.871;409271.180;-119.3470;60.3345;60.2546;
481289.897;539235.686;539265.468;847.4965;-704.7554;-704.0658;
440567.433;447200.555;447201.776;-100.1156;170.7992;170.7514;
726346.242;989686.735;989631.601;-41.1289;152.0432;152.0209;
473515.342;530580.846;530589.580;-1489.0748;-202.0110;-201.9069;
703763.897;686462.877;686447.492;-169.3830;-53.7606;-53.6630;
475297.610;536589.140;536594.108;-713.4346;35.4051;35.5458;
477286.197;498468.755;498451.992;-311.5785;-258.9117;-259.1494;
506070.827;363292.062;363245.949;-20.8907;-112.1752;-112.2586;
501708.990;539889.462;539897.805;-20.3969;567.9618;568.6583;
456647.249;543935.274;543941.709;565.0310;-204.1536;-203.4461;
707511.631;897246.755;897170.374;82.1960;169.7736;169.7111;
792840.302;187824.696;187843.451;46.2188;-73.9153;-73.9070;
403773.723;521052.610;521033.533;-34.9566;116.5787;115.1950;
988474.800;533396.987;533254.921;68.2984;-7.8198;-7.9536;
845254.459;592679.807;592652.243;61.8394;96.7746;96.7642;
398565.799;522330.452;522336.879;-180.3104;-378.4250;-378.6234;
457414.181;527677.741;527692.210;130.0862;546.4506;546.2326;
446681.309;548668.436;548669.956;-450.3808;-386.7832;-386.1642;
431128.244;524961.772;524954.453;-178.4914;-499.0710;-499.7683;
462433.269;540635.927;540636.288;568.8608;423.4452;423.6001;
488551.770;522810.234;522796.143;-276.8660;345.2281;345.8927;
590089.370;669393.923;669429.845;-76.6432;138.5931;138.9676;
469112.699;537659.540;537667.905;-870.7344;-374.6358;-375.5110;
715024.159;530595.662;530428.773;241.0384;-120.0770;-120.1539;
511203.581;498729.322;498637.078;-130.6926;-44.8413;-45.0069;
886404.527;579865.110;579830.088;151.1501;43.3557;43.3597;
465386.745;550943.855;550928.193;488.8898;-646.3797;-645.5042;
287293.136;362088.963;362045.322;-211.5810;22.8954;22.7778;
235154.182;588443.222;588479.407;-351.4850;117.3910;117.3655;
600625.235;414888.826;414844.179;337.5784;-141.2938;-141.4553;
472956.032;535306.710;535346.798;1538.0006;149.0168;149.7336;
496048.834;578425.084;578470.496;-100.4810;558.2323;558.4819;
500670.731;546899.224;546888.367;36.1716;30.7778;28.2793;
505170.325;550602.767;550545.910;-1150.3110;-32.7589;-31.9454;
543632.563;575352.462;575374.432;541.8528;130.5866;131.1695;
503599.080;528669.641;528676.160;1208.4692;95.1634;95.6963;
502008.788;524525.699;524528.379;438.1319;-28.7700;-29.4176;
479207.861;597971.541;597963.058;248.0510;137.4399;137.5092;
496784.472;539260.061;539261.147;492.3598;-324.7087;-324.9342;
409487.238;542738.493;542718.089;842.0050;-57.2620;-57.4037;
368132.748;548889.813;548866.054;-245.9471;11.7403;11.3772;
464223.979;478332.703;478321.847;-823.4080;256.5099;256.3990;
479720.454;553157.506;553154.932;124.0847;-152.0949;-152.5210;
778631.888;615560.168;615428.803;560.7203;123.5709;123.1481;
679950.924;638268.333;638168.505;12.4794;65.4652;65.3811;
554590.281;563795.019;563774.454;-331.6410;534.7714;535.1303;
474200.770;539127.220;539128.570;459.6115;-300.7538;-301.5270;
565999.273;569226.926;569258.687;886.8397;211.5625;209.8983;
532665.385;553544.403;553500.052;-185.1487;-249.5578;-249.8080;
466854.679;530267.042;530273.117;114.2126;-130.5152;-131.3197;
464531.539;534009.024;534002.804;102.4978;-623.3850;-624.1318;
462282.913;531844.653;531846.306;-270.3728;540.4860;540.8312;
527731.748;604548.588;604640.705;-212.7505;-203.7313;-203.5007;
16073.475;671850.546;671838.825;-345.8376;136.4935;136.4654;
465990.363;544016.449;544028.540;839.6726;-492.4865;-493.7349;
458557.001;533876.786;533878.878;-377.8794;-282.4707;-282.6908;
432575.866;544336.266;544351.716;-108.7818;429.6650;428.3425;
484855.466;528481.155;528452.411;-1084.8787;-42.9252;-42.5995;
446900.259;539852.541;539849.372;87.0405;758.9228;760.9376;
461595.355;537112.738;537122.483;592.8785;1037.7223;1040.4252;
472006.327;542888.048;542886.643;183.8409;223.8720;223.9582;
460484.413;470339.608;470319.913;-512.5392;171.8018;172.0986;
993547.075;701153.546;700946.273;258.8339;-6.9767;-7.1960;
866274.794;448984.404;448955.137;59.9599;108.8026;108.7902;
476593.337;536194.179;536188.945;522.7698;44.9161;44.3478;
626966.590;541379.349;541263.582;79.8829;-120.8245;-121.1309;
699347.151;498310.316;498265.371;110.8603;-168.2781;-168.2417;
448599.647;537467.595;537470.090;-822.4092;271.6752;271.3078;
353176.330;585491.161;585466.527;-243.0183;-322.2136;-322.1945;
592338.222;595433.201;595438.740;72.0647;-233.4777;-233.4830;
354194.034;496842.051;496732.416;-154.1897;-11.2318;-11.6617;
499926.978;642296.493;642202.790;70.5257;17.3745;17.8811;
553948.703;410784.516;410722.866;-20.7901;-158.6583;-158.6988;
469343.696;526892.368;526878.735;919.2772;393.3553;393.4216;
766047.985;500238.822;500212.112;159.4482;-43.8121;-43.8111;
491053.983;574639.587;574642.032;-339.5594;202.6119;202.2581;
470650.901;568252.985;568246.661;520.7384;-263.6672;-263.1681;
479155.859;523534.026;523541.010;560.5380;-17.8415;-17.9657;
162366.676;353122.853;353114.887;10.5836;-1.9910;-2.0035;
476287.839;508457.607;508472.944;168.3621;-446.4484;-446.5498;
446221.427;705921.178;705882.607;-154.1656;251.3811;251.2458;
465212.323;561146.313;561154.447;-723.6558;-420.5002;-419.5677;
473081.295;554484.877;554479.881;543.5583;-796.6861;-795.9400;
495282.510;529694.392;529702.681;325.9759;-271.2978;-271.1381;
528423.519;493451.846;493441.063;335.3228;-66.4440;-66.9582;
445426.611;547025.480;547027.139;352.7293;-41.6773;-41.6770;
477470.634;565216.994;565230.144;-334.8508;-333.2975;-333.1677;
525636.069;511367.269;511339.267;-29.2670;136.4203;135.9315;
482176.721;537983.833;537972.445;-909.4054;314.0736;314.5236;
427910.335;460759.994;460669.938;-104.4384;-303.5531;-304.0714;
573974.468;412259.388;412209.265;-111.3861;-274.4766;-274.5469;
381492.238;850808.891;850808.758;8.3743;146.8771;146.8704;
464549.811;527870.992;527870.621;578.2053;163.5433;163.3890;
441128.993;552958.632;552986.303;-326.4072;310.9132;310.7937;
472836.915;540174.863;540165.519;73.2222;233.5334;233.3064;
693757.296;614616.655;614398.749;352.1999;-81.1593;-82.2425;
486975.864;605427.967;605448.898;-260.0325;105.4885;105.5930;
444303.654;543569.364;543587.304;-315.8608;247.1004;247.0617;
469860.723;522966.841;522954.674;237.8067;361.5533;361.7679;
470364.574;565084.896;565123.025;-412.8617;-321.2026;-322.7837;
229583.109;358884.590;358897.907;-5.6692;184.9688;184.9534;
446707.896;491963.109;491896.652;261.8785;241.1896;241.7650;
479880.845;570557.778;570567.854;-360.9507;605.7258;605.7363;
467056.776;581432.186;581429.896;756.1710;86.3443;85.7956;
458377.316;526812.885;526805.102;-209.9928;-226.5949;-227.5151;
123234.721;310249.282;310248.857;123.1414;-107.6796;-107.6666;
419061.972;501641.510;501604.315;118.5506;137.0919;137.2264;
501531.551;531352.732;531355.677;70.4409;312.0740;312.7053;
464625.189;553429.572;553433.011;-637.9901;121.2371;120.9519;
507326.194;819665.285;819685.763;175.6863;-60.9301;-60.9263;
469137.587;537388.990;537391.097;-445.2163;327.4589;327.8721;
569171.351;564072.364;564001.409;-379.6932;-219.7418;-219.3964;
464259.693;527933.222;527922.740;-653.5700;796.6219;798.7160;
484658.014;531767.278;531762.354;-91.6360;123.8626;124.4411;
427365.214;524922.361;524864.831;410.6631;115.5643;116.0795;
476362.189;533410.813;533415.259;-114.2843;-694.8576;-694.9100;
420516.404;550561.410;550588.095;-794.2338;522.5529;523.2595;
485727.310;538944.420;538955.951;-462.7232;99.6208;100.2238;
456520.875;553662.387;553677.600;-304.0114;19.5226;19.3391;
459368.631;534628.542;534613.365;-165.1157;501.2666;500.9461;
453029.598;532860.384;532828.110;-986.4409;-284.1230;-284.5468;
451363.296;519196.212;519175.734;-335.5850;-242.5421;-243.4707;
506998.630;522610.962;522631.960;327.5933;659.4549;659.5955;
455442.982;591101.198;591127.875;-264.1806;-293.7352;-294.0079;
479612.182;558488.871;558470.551;-1117.1851;-138.9172;-137.6919;
643394.793;584679.174;584591.536;159.8111;-102.4527;-102.6644;
457072.335;538173.473;538185.157;-91.0865;-408.2980;-408.2663;
497585.060;533529.576;533530.063;330.2709;656.2359;655.7603;
417841.831;348997.135;348933.143;61.0477;-135.0182;-134.9963;
447456.212;527100.327;527085.513;834.4051;-318.5922;-318.6973;
454181.665;540693.471;540693.762;89.4768;63.7662;63.3603;
473144.668;540427.243;540399.247;907.0410;404.1191;403.2863;
452414.679;530983.446;530979.663;741.6747;-24.4206;-23.5056;
435486.350;522120.035;522123.793;170.5180;343.4162;342.8438;
456002.593;516994.460;517000.401;146.4122;-118.8735;-119.4638;
450092.501;528019.578;528011.900;-22.3479;144.9517;144.7556;
