# This file was created for the Modelling and Simulation course, RUG (September-November 2019).
#
# Project: Simulate colliding galaxies, using Barnes-Hut algorithm.
#
# Students:
#     Stefan Evanghelides (s2895323)
#     Hidde Folkertsma (s2759799)
#
#     X         Y         Z         DX        DY        DZ
470389.574;530262.457;530240.214;-293.7908;-43.9721;-44.2030;
473078.561;534830.729;534861.604;-180.8005;-1034.3207;-1035.2050;
658513.451;887712.597;887701.927;102.6893;-31.6760;-31.6804;
425014.987;455922.610;455874.511;165.2608;213.1248;213.0216;
442943.650;543116.515;543108.078;-536.8908;561.5921;561.1656;
464449.304;534987.622;534936.112;194.9380;-513.0089;-512.0136;
395845.768;590945.198;591032.678;-660.9814;-221.0322;-220.8967;
326990.768;491490.449;491402.665;-335.9515;218.8452;217.7654;
449711.651;543925.106;543904.075;1532.0086;-271.6071;-271.3835;
350199.269;518625.304;518352.887;202.9942;-92.0168;-92.0694;
509197.120;630021.003;629981.674;-404.2140;-190.3474;-190.4111;
624395.469;613414.963;613481.030;-108.8882;21.3583;20.3702;
461497.581;545567.947;545526.332;558.7838;235.2003;235.2975;
506848.539;516502.301;516383.969;-113.3084;-303.3550;-306.3491;
443821.029;611647.128;611740.183;-723.2627;245.8630;246.8206;
422196.815;472518.156;472346.954;-83.3411;-126.5382;-127.3639;
431367.085;536147.010;536155.257;82.2276;637.5276;639.0557;
472568.557;536307.788;536308.836;-567.1193;-630.6292;-630.8495;
337545.748;546935.291;546827.600;-374.6103;26.4044;25.9633;
588493.232;644983.393;645002.730;51.5010;59.0696;59.2456;
439742.123;551288.684;551297.749;347.9788;-563.7304;-565.5285;
545288.813;539599.978;539560.624;-166.5346;415.2717;415.6015;
477666.856;538265.379;538264.477;121.1603;308.3189;309.6962;
412733.130;519196.598;519048.913;443.1858;6.5708;8.2286;
448825.646;524094.013;524074.354;-1011.8936;-161.1690;-160.1790;
441329.015;543177.916;543184.591;-371.8029;-296.7735;-298.2785;
441399.669;547029.443;547029.923;472.9634;442.6325;443.9615;
456658.667;537148.760;537110.946;957.6079;560.7024;561.4813;
462808.872;555573.283;555568.857;134.1851;-93.5806;-93.5947;
457353.598;559299.742;559335.928;-212.5085;-41.9977;-42.8858;
853660.737;203139.829;203166.540;61.2247;-53.0321;-53.0299;
386355.327;633287.350;633349.887;-33.9334;-143.2481;-143.4730;
440692.793;537143.907;537081.166;253.8184;831.8439;835.7788;
447645.906;541431.963;541458.569;-106.3861;-943.9164;-942.7063;
407099.275;516628.557;516605.638;-613.7567;-298.5193;-301.9965;
456147.364;537087.059;537066.477;1016.2257;634.6267;637.0353;
828854.736;493303.139;493471.574;-302.0532;-26.2522;-27.4097;
453785.955;554611.366;554615.769;923.1260;211.6171;212.7425;
518038.805;521307.631;521357.632;-585.9997;-305.6896;-307.4208;
410696.384;548453.673;548449.311;-141.9668;120.6484;120.2071;
467733.838;541510.513;541514.625;309.4775;557.8770;558.3319;
313371.922;481214.883;481040.865;-432.1529;-195.5168;-195.7420;
465696.740;553838.864;553876.451;-470.7671;39.3558;40.1882;
475861.198;562437.936;562435.147;-109.5041;-218.8145;-219.9237;
463567.913;408534.703;408521.382;26.0357;254.1814;253.7980;
459972.547;529406.347;529368.343;-96.2806;84.0122;84.8062;
474058.241;537417.309;537412.331;-115.9925;327.6251;328.2498;
806400.481;157232.202;157254.715;-11.3154;3.6031;3.6030;
437370.741;532009.108;531982.748;728.8931;-498.3567;-500.0563;
862169.271;667861.184;667466.521;-14.8922;58.7625;57.7645;
482636.809;397793.766;397664.448;99.4670;5.4272;5.8491;
436323.565;537260.640;537223.623;84.9044;12.6037;9.6481;
447524.997;533693.598;533670.506;-93.8875;415.6320;415.8180;
503546.761;550848.569;550966.094;444.2210;160.2143;161.6022;
443456.839;532469.868;532465.431;-1036.4002;653.0831;656.4333;
431502.599;512023.399;511858.708;597.4929;131.8171;132.3850;
438648.330;531267.616;531221.457;724.5525;-884.3699;-884.6638;
465478.082;554058.679;554064.714;678.4796;513.0508;512.4357;
807446.671;441046.067;440947.869;7.7369;-64.5376;-64.3595;
444738.230;532839.602;532849.340;305.6115;-37.5012;-35.9669;
971812.231;614221.274;614171.608;44.5882;38.6536;38.4844;
440375.036;542554.809;542543.915;706.5633;457.3639;457.3802;
134432.241;407061.436;406939.209;-129.2438;64.3099;64.2415;
34489.428;660357.138;660350.168;-139.9005;56.3659;56.3099;
827904.621;336859.641;336914.394;203.6316;-51.2298;-51.0971;
487255.747;506601.976;506436.215;-74.7540;71.1474;68.9218;
569786.104;541767.363;541704.096;-40.5267;289.4513;290.9496;
469936.105;553063.138;553039.049;-122.7382;136.0788;138.3492;
186120.761;292549.262;292024.780;-139.5478;-198.5343;-198.9337;
523690.119;648080.731;648179.182;392.7157;-62.2476;-62.8884;
374760.571;468037.409;467854.984;186.0574;279.9598;280.5582;
443205.501;542042.511;542010.780;172.3903;435.1460;434.9291;
433036.487;598509.342;598499.203;469.1804;-155.6188;-155.0769;
477667.291;555592.560;555566.047;-503.1759;-415.5264;-415.6078;
338097.324;467138.464;467059.078;31.7712;-53.1855;-52.4697;
568303.545;527642.742;527654.932;413.2676;-46.5293;-46.8286;
565358.537;499138.358;499031.282;-308.8336;-372.7119;-374.6101;
472239.030;531404.490;531387.226;320.4580;-153.4580;-153.2483;
631381.654;666171.377;666055.651;-141.2015;-14.1843;-14.0298;
153084.022;720665.451;720782.744;-370.0269;33.7950;33.8094;
424509.377;520735.585;520675.144;-522.9082;298.1677;298.8492;
983852.480;653103.062;652329.905;327.6541;50.4820;50.6015;
405409.906;560094.761;560083.544;266.2251;-252.7894;-254.0125;
460070.780;548749.380;548782.858;-275.9392;-9.0108;-9.8649;
468705.334;547636.570;547638.559;630.2449;431.6858;431.8689;
468960.353;534205.516;534187.665;225.4639;548.0536;549.0807;
592054.491;555692.022;555904.579;557.8446;-44.5694;-45.6670;
450557.014;534679.369;534643.814;-796.2189;861.8072;866.0735;
463391.352;538461.633;538456.829;468.3714;990.3845;991.3091;
459892.256;562007.263;562031.005;-122.0673;-823.3680;-824.3992;
455010.735;539601.447;539569.133;219.0867;-728.2300;-729.5701;
472669.349;528465.512;528475.599;-409.4139;-700.7399;-700.4144;
460485.556;540757.091;540755.940;-943.7377;-141.2981;-144.8167;
452024.562;541814.506;541785.187;-240.2997;-570.3882;-571.1569;
461336.310;491058.548;490968.991;-775.4213;314.4158;314.4408;
823699.830;564473.189;564426.380;-175.0051;116.8645;116.4889;
458895.173;543765.618;543754.139;704.2967;196.5192;195.8142;
584101.020;457995.706;457850.748;-159.1328;-45.2116;-44.9753;
670030.786;399766.465;399743.451;-147.4743;-46.4171;-46.3987;
408045.856;539808.741;539822.481;215.3065;29.7573;29.8008;
493911.175;672049.724;672028.045;-274.5950;157.1317;157.8649;
464804.913;605833.660;605883.695;402.7768;59.2328;60.0381;
656470.450;584754.052;584700.763;232.6144;56.8655;56.8811;
469331.078;540235.555;540221.017;1262.6985;144.1986;144.4064;
479763.974;345440.535;345405.540;-148.5289;30.1149;30.1636;
472701.774;529173.905;529162.808;-51.4650;608.2469;608.7373;
865112.476;471791.433;471748.054;69.8201;-14.1827;-14.1401;
466261.579;547263.602;547276.661;472.1244;-367.2591;-369.2553;
472859.181;516611.143;516563.711;155.7470;-375.7397;-376.8840;
467438.357;532668.762;532631.647;-725.8383;-90.5921;-91.5156;
244709.468;387091.562;387013.759;180.3711;84.2752;84.0616;
421574.634;589972.018;589966.369;149.9401;-126.6533;-126.7540;
329994.569;862602.823;862465.916;-111.8829;125.9209;125.8310;
468809.376;531510.279;531462.959;-78.6568;-53.3359;-49.8484;
439127.412;554708.137;554664.288;-69.9477;48.7376;51.7206;
443861.066;543049.615;543007.655;-595.8869;-80.4011;-80.7635;
451392.761;581067.693;581049.083;-413.1537;-69.4598;-69.2106;
465682.426;516434.863;516398.027;249.3843;168.9920;169.6806;
409443.716;359428.527;359252.354;-14.3629;-126.1365;-126.1119;
457111.502;572291.574;572235.614;-205.4524;-192.0410;-194.7216;
442931.886;532780.157;532781.234;-41.5601;94.3734;95.4501;
626587.654;635555.420;635369.268;143.3017;-4.9174;-4.9360;
377305.497;308432.776;308364.989;-242.6937;-2.9451;-2.9194;
393578.537;968467.123;968460.433;16.6147;119.1291;119.1208;
502216.029;523340.622;523266.032;-297.8348;19.2275;19.0628;
434515.691;571761.179;571749.945;-341.8134;-604.4990;-604.8675;
448360.069;553739.719;553735.548;-323.6420;-192.0455;-193.4895;
817852.554;513827.610;513247.284;7.3829;-125.7190;-124.6322;
580485.528;543553.233;543443.071;187.6369;132.0798;131.9480;
460527.195;533718.740;533695.665;-973.2594;353.3196;352.7777;
455903.019;554346.040;554359.304;-791.5731;360.1418;360.3391;
459255.897;539243.928;539229.435;669.6891;-843.9848;-841.4308;
376234.052;567863.557;567808.355;591.1426;221.3727;221.1831;
460935.073;549426.007;549403.372;1606.2224;220.8472;222.6524;
475164.758;516916.141;516829.384;407.8062;541.3807;542.2620;
543730.142;563040.543;563049.169;80.2900;-331.3534;-332.3531;
457101.198;560972.814;560996.781;49.5741;496.5244;497.7847;
290639.339;269905.952;269763.796;223.9168;29.3669;28.4346;
499720.600;533242.211;533296.894;709.4512;-0.3586;-1.7050;
465116.388;520235.113;520255.672;-285.5341;-318.5326;-320.8267;
435142.587;570879.827;570864.684;64.6048;-216.6711;-218.0008;
618600.809;645641.427;645636.276;-10.4812;-411.0527;-411.4797;
470525.389;548097.904;548115.017;3.9905;-284.8546;-285.5460;
548226.020;544447.808;544478.691;-417.2963;18.8965;21.3594;
422172.391;530845.683;530902.895;335.9338;-5.6162;-7.0794;
419034.072;508983.930;508906.629;-237.9124;12.9383;13.1651;
436091.196;531460.534;531420.849;294.6875;349.9835;351.6008;
468945.944;549624.239;549669.110;-1281.5835;249.4556;249.0175;
353716.060;654167.659;654176.353;224.2580;-118.0105;-118.1607;
428638.788;506517.500;506466.570;27.8905;32.5615;32.0094;
459430.751;550033.266;550031.029;-183.4626;-129.4351;-129.8716;
449459.765;533218.240;533175.097;128.7381;687.1885;688.0645;
459067.553;541490.497;541468.748;-182.9407;-104.4835;-107.4954;
446341.396;547728.846;547740.136;-917.9707;-362.6816;-363.7857;
427646.327;514911.742;514836.542;518.4949;-402.5150;-402.6761;
417692.733;550099.740;550152.497;-664.9596;-167.5957;-166.7355;
226300.628;222008.315;221776.389;-151.7521;-301.2173;-300.7974;
609359.754;491382.447;491222.708;-245.3183;-73.4615;-73.3283;
445748.634;540687.760;540673.676;241.9174;929.8121;933.2432;
462305.027;541914.579;541921.046;-53.2284;156.3588;156.1470;
483412.795;527892.912;527843.842;-574.7796;1029.4422;1029.9361;
447135.593;558116.041;558137.419;-187.4558;-337.6262;-338.9818;
389933.446;537752.568;537670.556;48.1822;-431.1228;-432.5278;
471961.888;540513.614;540531.055;-329.9714;514.3007;513.0287;
389306.618;601101.108;601084.019;-31.3156;-139.1577;-139.5657;
448973.150;552155.319;552141.277;-604.9539;-629.4005;-631.7536;
454645.816;545283.463;545260.186;305.0955;-391.2122;-393.8132;
486210.788;544269.737;544300.955;-142.6719;66.6478;66.2997;
