# This file was created for the Modelling and Simulation course, RUG (September-November 2019).
#
# Project: Simulate colliding galaxies, using Barnes-Hut algorithm.
#
# Students:
#     Stefan Evanghelides (s2895323)
#     Hidde Folkertsma (s2759799)
#
#     X         Y         Z         DX        DY        DZ
321175.028;515465.107;515465.439;653.1110;-199.1150;-199.0662;
299817.408;510621.840;510625.276;-192.2854;-6.9230;-6.9328;
327463.067;783336.595;783331.918;93.7628;114.0572;114.0544;
203190.012;320855.494;320859.664;-7.2203;-43.5612;-43.5602;
261063.638;629967.781;629992.691;246.5254;-154.0181;-154.0397;
356374.330;519815.825;519817.367;1118.5145;-340.3498;-340.2812;
343752.461;516346.873;516349.020;1192.9676;576.6463;576.6766;
530979.673;420294.334;420303.221;475.8997;30.0126;30.0089;
344649.677;528392.332;528392.768;463.7819;28.9189;28.9374;
357687.137;500046.561;500046.350;178.8028;538.3035;538.2829;
508530.218;385635.495;385631.402;310.9877;50.8310;50.8345;
369747.211;435396.945;435390.219;232.4204;177.9204;177.8763;
348342.896;515647.507;515648.246;543.9343;423.8212;423.8522;
426018.667;524878.992;524877.312;-82.5837;300.4490;300.4556;
382064.129;516155.111;516156.945;418.9921;441.4964;441.5036;
433029.083;525509.550;525504.935;198.1275;104.4272;104.3977;
338970.524;521945.896;521946.648;91.8017;-493.7299;-493.7522;
344491.841;518548.393;518549.562;-769.9445;-29.0778;-29.0404;
346114.299;533230.707;533232.262;374.8112;719.2093;718.9579;
333608.454;523615.899;523616.094;-327.9637;-588.3887;-588.3404;
210011.890;165409.322;165403.779;54.4322;-63.3544;-63.3551;
372760.142;478015.576;478017.378;439.2389;-150.0904;-150.0693;
357076.007;522372.621;522373.716;527.1849;-135.8029;-135.7623;
330567.573;518988.481;518990.046;-490.8774;-127.2705;-127.2683;
377108.065;516893.975;516895.353;-310.0073;-4.6516;-4.6949;
318680.069;490635.389;490640.164;-147.4938;298.2406;298.1723;
343064.690;516199.800;516200.447;-563.5886;24.6144;24.6572;
247847.279;533607.257;533607.505;298.7850;-130.7669;-130.7774;
363796.603;508103.067;508104.580;697.8670;194.6393;194.6366;
348880.987;519720.226;519720.436;516.3998;-283.8318;-283.8298;
366641.005;517504.083;517504.915;290.2805;143.9147;143.8606;
346587.697;519931.779;519932.601;-21.0583;319.0661;319.0591;
315932.496;527045.243;527045.126;182.1607;204.1980;204.1192;
347542.716;519108.738;519110.035;-127.5085;-94.2821;-94.2371;
364704.699;521367.921;521369.792;-187.2325;-188.2046;-188.2201;
336431.726;524465.335;524466.620;176.9475;7.5084;7.5135;
347845.370;518918.154;518919.901;-96.4575;-32.5527;-32.5127;
347584.135;484460.520;484461.476;-155.1104;155.6396;155.6476;
307843.540;559642.659;559644.324;236.9472;89.4376;89.4276;
363538.254;523677.863;523679.509;46.8924;288.6730;288.6567;
352972.595;515022.619;515024.208;226.6637;111.9072;111.9277;
356389.221;504933.248;504933.465;488.1359;-192.3138;-192.2960;
377722.447;508410.889;508410.244;-491.5278;408.1460;408.1988;
370546.805;524167.135;524168.668;122.5768;37.6277;37.6424;
288142.550;516307.825;516306.819;-492.9268;-71.4951;-71.5980;
391958.534;534856.757;534857.528;271.0818;-206.3884;-206.3721;
371605.440;473147.307;473148.705;294.1288;97.9500;97.9325;
388203.796;518798.243;518801.229;-250.5217;-311.9562;-311.9693;
592810.438;486934.071;486937.495;660.7697;10.8436;10.8404;
334601.386;494122.217;494124.088;934.9249;40.2850;40.2895;
243990.420;561543.409;561544.277;393.4524;-71.2757;-71.2563;
355817.318;507398.645;507400.718;126.5257;-97.4625;-97.4696;
355672.848;542770.770;542771.660;807.9408;442.4319;442.4877;
382967.320;503076.282;503072.896;-490.3868;118.7717;118.8083;
338425.240;518967.001;518968.079;327.4107;37.5620;37.5752;
368208.676;520808.533;520808.345;-187.5241;-135.6675;-135.6710;
289554.151;517481.864;517477.375;-605.5624;-39.7878;-39.7775;
228340.544;527286.950;527286.613;-14.8027;141.7120;141.7002;
330216.459;524620.068;524620.915;286.6241;-186.9390;-186.9542;
351283.234;506119.909;506122.597;-270.5726;56.6535;56.5923;
357881.513;507907.626;507909.120;119.0355;212.3089;212.2858;
334991.779;496932.895;496934.379;218.6764;-89.1901;-89.1883;
349950.780;514953.724;514955.084;-21.8761;-388.0870;-388.0924;
344820.708;510696.117;510697.160;-199.6045;-146.9997;-146.9334;
358814.681;498722.305;498723.623;761.0194;36.6719;36.6989;
372681.936;502331.113;502331.695;-37.1622;-30.1783;-30.1934;
339959.408;507185.874;507188.094;1078.5200;-385.9557;-385.9446;
330840.921;520514.817;520515.666;-390.1560;-320.4822;-320.4655;
348564.457;511155.136;511156.420;-247.8699;-201.8629;-201.8451;
341622.954;515232.544;515233.160;71.1572;-420.5680;-420.5633;
388644.372;470421.279;470422.958;-274.0028;59.9054;59.9176;
381196.159;514773.218;514774.778;823.7702;-31.3274;-31.3108;
235785.060;558599.848;558601.185;-32.8370;82.7802;82.7677;
332449.215;515430.060;515431.867;487.2319;-114.3261;-114.3164;
271433.652;514156.705;514157.802;785.1295;30.9736;30.9647;
314442.074;601489.365;601478.884;165.2786;75.5357;75.5242;
321252.543;514719.583;514721.704;-90.6505;63.9363;63.9603;
346037.830;515520.779;515522.217;-347.7725;165.3381;165.3141;
313939.921;520864.920;520865.324;97.9003;16.2159;16.1736;
338286.489;514276.580;514277.443;992.8241;-247.0579;-247.0312;
343127.459;508835.539;508836.360;267.3482;47.0852;47.0906;
363283.355;459703.249;459705.030;577.1020;94.7402;94.7384;
370807.874;530570.314;530571.413;567.2334;56.9616;56.9853;
378869.356;520523.285;520525.398;859.1131;-255.5882;-255.6035;
380918.618;498159.893;498158.817;-231.8123;203.6569;203.6674;
325286.127;499876.863;499880.663;-168.1863;692.4861;692.5824;
378742.995;504204.562;504206.473;669.8522;-33.0607;-33.0964;
329097.858;516326.824;516328.212;891.5130;-96.3688;-96.3443;
346668.611;521457.318;521459.062;599.5803;13.6916;13.6899;
349521.432;557916.609;557918.496;175.0419;-19.7227;-19.7404;
357438.243;512594.323;512594.505;1.0370;32.0073;32.0047;
359193.858;517810.397;517812.645;681.2188;533.5296;533.4921;
369516.586;515955.202;515956.369;515.2414;-205.8258;-205.7941;
375073.003;519139.181;519140.945;-49.3584;-167.1423;-167.1719;
280516.145;507722.606;507728.721;-33.4554;-291.4697;-291.5096;
322962.741;500200.204;500200.111;361.2498;-73.6674;-73.6534;
329307.390;511897.159;511897.412;938.5439;-10.9454;-10.9148;
273486.715;644722.200;644729.373;52.1189;-27.0614;-27.0448;
189566.106;372144.260;372151.034;57.6770;-138.0947;-138.0880;
671764.792;577327.223;577321.419;-202.7265;129.2114;129.1929;
618409.258;513463.785;513463.577;-37.6580;207.5372;207.5268;
667575.115;524670.540;524668.683;-486.7811;34.2281;34.1918;
654235.321;507285.004;507284.014;-97.4447;-220.3615;-220.3927;
787317.027;553521.753;553517.183;-160.7175;31.2350;31.2358;
641171.669;507692.330;507691.856;-110.1776;68.9273;68.9250;
649413.657;515519.430;515518.224;-1260.4978;-277.3555;-277.2858;
652326.970;495095.024;495095.395;394.3176;-327.2819;-327.2377;
651061.913;516632.195;516630.800;-655.8511;792.7313;792.6704;
610140.164;466563.457;466563.353;-417.8126;80.9227;80.9148;
771659.224;617919.858;617923.740;-145.7057;-45.0001;-44.9953;
615995.977;525475.233;525475.159;-1041.5532;-72.2430;-72.2114;
637591.642;503075.111;503074.911;208.7150;218.5486;218.4933;
657092.407;527338.667;527336.636;-290.3150;121.4735;121.4740;
611109.471;526130.040;526130.819;-436.3853;-298.4746;-298.4933;
662018.197;511897.468;511896.444;81.4211;-284.7361;-284.7109;
624271.074;576039.923;576032.965;-206.4154;268.9638;268.9123;
649027.623;516518.325;516517.235;249.6058;-36.2248;-36.1886;
601580.000;572686.978;572679.540;152.3269;-207.6831;-207.6362;
591944.849;359733.527;359744.621;-202.9503;-28.5230;-28.5194;
596051.823;500663.598;500663.446;89.8325;-314.9276;-314.9161;
652296.219;519502.774;519502.348;0.6075;614.3673;614.3111;
624887.718;387610.373;387613.531;-126.0654;-36.0131;-36.0086;
432517.260;317160.439;317140.918;-200.2624;15.2267;15.2216;
654265.072;520076.216;520075.129;362.4057;-1.3928;-1.3902;
486955.935;650716.731;650704.482;-469.4843;102.7427;102.7273;
580134.800;457788.296;457791.417;-376.8027;-101.4957;-101.4923;
811618.281;573443.437;573436.806;80.0878;74.8134;74.8206;
589118.996;525559.406;525557.387;-201.4430;-234.6540;-234.6502;
667680.077;582827.094;582822.709;-91.9219;-44.6974;-44.6867;
621971.989;519271.819;519271.293;-666.2206;276.7319;276.7821;
670480.326;522883.419;522883.340;214.1990;181.1826;181.1550;
642203.570;519560.832;519559.955;-353.7429;-52.1487;-52.1501;
681580.979;642244.300;642237.367;-261.0728;-107.3665;-107.3619;
637483.713;515605.455;515604.183;362.1619;295.1822;295.1701;
582641.626;516121.850;516120.565;-388.1077;-106.0481;-106.0417;
676963.736;505821.117;505820.707;375.6777;97.9841;97.9571;
508596.432;505359.408;505359.070;-408.7272;117.4145;117.4020;
680631.376;519942.199;519938.059;-522.9175;279.9435;279.9038;
663802.479;504990.739;504989.145;-97.1248;-86.8848;-86.8922;
667549.777;576351.605;576346.284;74.7908;284.4144;284.3697;
663328.801;525230.963;525228.318;447.0274;138.8722;138.8254;
636588.122;526201.399;526200.075;-401.6344;326.4615;326.4578;
752792.802;610562.101;610546.625;-16.2415;90.5982;90.5823;
631607.331;488591.631;488590.996;-505.9778;487.8633;487.8654;
633970.568;524396.563;524395.798;-311.7685;-130.7077;-130.6897;
625302.942;510486.136;510485.562;-389.1324;-68.1914;-68.1566;
475117.140;414284.731;414297.571;-369.7479;-66.0394;-66.0335;
681423.411;466804.339;466807.407;-339.8733;-102.0207;-102.0134;
655405.171;524333.824;524333.048;-540.1798;-543.8247;-543.8294;
797818.284;450974.459;450977.315;-139.3225;75.1151;75.1062;
757003.658;507482.983;507477.401;-37.8897;-201.1608;-201.1432;
638377.612;528660.464;528659.373;-210.2249;238.9501;238.9575;
638353.135;526173.011;526171.840;-565.4274;-266.1530;-266.1597;
625008.609;491120.957;491123.356;-596.4373;-568.6983;-568.6745;
592135.624;433482.634;433486.275;-106.9294;108.4439;108.4455;
645332.112;504809.803;504809.721;-118.3557;187.3873;187.3849;
646471.269;501306.484;501306.362;153.7320;20.9465;20.9413;
640522.242;525560.094;525558.182;466.6204;-82.6351;-82.6467;
642989.683;496457.936;496459.081;-54.0442;-109.6494;-109.6471;
459474.271;225431.172;225421.419;-180.5817;-36.6321;-36.6377;
646242.126;516460.591;516460.013;-114.6933;-430.8755;-430.8984;
625596.392;530667.355;530665.076;515.9197;-308.6208;-308.6057;
642289.765;550554.906;550551.126;319.8644;127.0274;127.0025;
661116.356;531039.346;531037.281;134.2481;-150.3957;-150.4096;
613647.866;514401.830;514403.361;-1224.9557;385.1473;385.2477;
608328.205;563251.217;563246.446;120.7773;269.1177;269.0752;
636539.271;505771.298;505770.357;-593.0182;436.8387;436.7993;
653513.356;513083.243;513082.778;-669.3078;193.7326;193.7252;
714558.159;518819.061;518813.181;-594.5338;136.7933;136.7511;
628916.913;523748.774;523747.533;-468.1573;436.9538;436.9369;
837309.592;441797.748;441800.602;-208.7097;-56.6884;-56.6880;
640473.630;518349.790;518348.667;-854.8847;165.7117;165.7002;
650513.012;511023.771;511022.318;-640.4761;-183.0063;-183.0095;
637517.671;508675.226;508675.865;322.3548;306.6865;306.6366;
653766.495;520923.200;520920.978;-566.3252;-211.4230;-211.4400;
681733.597;550693.308;550688.851;70.7834;-19.6578;-19.6793;
897843.930;537011.461;537006.774;201.4383;-13.8735;-13.8894;
628881.126;522441.191;522439.087;-654.0364;67.9049;67.9055;
672224.834;523127.060;523124.169;89.3167;-57.2806;-57.2722;
632473.574;522873.474;522872.416;-363.9323;274.8683;274.8791;
649510.299;498678.256;498678.250;10.8868;128.7032;128.7306;
655825.058;520010.927;520009.243;-970.2190;-191.1141;-191.0441;
693375.991;549696.025;549694.744;-59.2619;153.8839;153.8795;
516201.673;273360.460;273363.457;-298.6719;-225.3584;-225.3640;
588471.545;514993.371;514992.433;314.7037;-200.8475;-200.8242;
973476.533;518398.349;518382.167;5.8057;-35.0423;-35.0522;
662244.798;510055.886;510056.970;353.1094;-437.0053;-436.9517;
627493.693;522528.894;522527.878;-304.4066;-67.9797;-67.9590;
705170.773;510341.590;510337.783;72.3319;-123.5630;-123.5257;
586204.077;572218.206;572212.392;-389.3950;-242.2092;-242.2394;
654342.316;508015.829;508015.913;262.2370;-267.1397;-267.1314;
656203.991;533589.930;533587.381;-101.7144;418.1502;418.1353;
618782.571;519235.195;519235.493;-16.4465;-221.6341;-221.5937;
950170.783;762230.989;762222.495;105.0269;156.8718;156.8635;
655178.341;516967.582;516965.686;-272.4815;71.0817;71.0932;
655700.315;503720.493;503720.877;-532.5538;-220.1301;-220.1593;
656534.890;516133.775;516133.278;172.7689;-350.4808;-350.4769;
676293.860;509159.377;509159.046;-373.7960;80.1394;80.1037;
