# This file was created for the Modelling and Simulation course, RUG (September-November 2019).
#
# Project: Simulate colliding galaxies, using Barnes-Hut algorithm.
#
# Students:
#     Stefan Evanghelides (s2895323)
#     Hidde Folkertsma (s2759799)
#
#     X         Y         Z         DX        DY        DZ
462473.696;536245.770;536249.382;109.6977;34.4551;34.3559;
471897.859;566159.529;566239.087;110.1948;516.0291;517.5881;
587024.737;900560.056;900551.290;111.2985;-6.3886;-6.3901;
333177.294;361612.664;361606.183;115.1321;98.8204;98.7869;
439889.079;548750.652;548745.678;411.2528;259.3506;260.4317;
447282.817;552765.433;552747.366;-841.9171;-513.8895;-514.9944;
777395.656;898668.289;898538.452;-80.4889;170.9603;170.8976;
86614.482;550948.848;550931.044;-234.6859;13.6552;13.5721;
637231.199;431492.487;431516.323;31.0057;226.8115;226.5699;
500411.866;575974.882;575988.230;542.1723;-323.4097;-323.0440;
276596.770;523975.256;523909.921;-152.6757;53.5294;53.6118;
562511.011;555733.283;555752.382;359.3731;-170.1651;-170.1243;
467971.710;527635.995;527628.705;1796.6397;191.2434;190.6540;
375732.145;455980.136;455979.720;234.2352;289.0151;288.8846;
494832.479;548709.247;548755.159;-473.5650;70.7513;71.9068;
501467.156;549317.282;549321.410;-455.2255;-279.7124;-279.9322;
471155.832;332220.842;332186.593;125.1585;287.7624;287.7308;
500841.143;667071.290;667051.911;-56.8119;-140.3920;-140.3667;
446986.474;543691.480;543675.061;-361.9233;-341.5532;-341.1016;
438819.269;523091.088;523076.427;357.1084;-277.8352;-278.3499;
358880.951;509432.585;509333.350;30.5673;262.5280;262.9284;
356632.865;516759.340;516663.330;235.6904;-3.0384;-3.2544;
465855.832;540308.339;540308.024;-789.7007;-375.5067;-375.7505;
474437.827;392002.012;391923.674;221.4194;92.9039;92.8435;
452567.413;540962.570;540954.212;338.5881;-190.7470;-191.2080;
426803.646;541977.026;541942.324;430.9759;15.5036;15.4720;
446305.579;519935.303;519932.443;-371.7844;166.4616;166.4983;
489557.255;553224.731;553226.939;-705.2534;-313.0680;-313.7878;
464745.771;540296.733;540270.556;415.8407;469.9237;468.6306;
449009.967;538184.572;538169.118;-309.6253;175.7280;174.9039;
465867.221;537258.877;537238.977;221.6739;82.6841;81.0470;
471723.764;541521.975;541498.600;227.7754;136.1200;135.5814;
804558.668;242639.183;242663.082;86.8016;-67.1762;-67.1699;
398584.486;432655.417;432590.360;259.1568;223.9829;223.9487;
441569.402;518059.226;518072.943;-695.8556;-281.5379;-282.6673;
423754.352;567813.073;567859.445;-601.7749;200.4902;200.4677;
374987.450;463046.236;463041.144;479.0245;476.9159;477.1087;
460364.041;535772.488;535767.067;-516.7355;279.7207;279.8128;
938898.028;528352.427;528689.276;-45.6423;-64.1103;-63.9507;
315294.327;420923.950;420875.129;43.6155;71.4393;71.3819;
460782.471;508919.622;508871.444;-434.3575;489.4555;491.3402;
421456.969;508833.477;508767.638;35.2646;401.0538;400.8577;
489518.874;541940.080;541933.699;-808.9391;58.4487;58.8600;
656596.942;667352.035;667355.424;-244.2670;-117.1136;-117.0601;
451667.542;537633.871;537623.037;876.8274;311.1991;311.3687;
516621.849;561018.485;561020.378;622.0191;-140.8978;-141.0148;
497226.993;349149.829;349087.312;-57.2471;-16.0021;-16.0584;
471107.740;506460.433;506446.675;333.8029;312.2630;312.4438;
470339.421;533748.284;533733.783;-581.6714;294.1919;295.2814;
725215.954;933802.391;933712.054;73.1487;149.4412;149.3812;
801378.877;173349.325;173369.753;28.8254;-52.8419;-52.8356;
519963.725;567037.676;566990.616;-390.4532;-59.1451;-59.2735;
856421.626;614983.774;614948.459;38.7862;99.3445;99.2745;
398755.278;455006.760;454944.297;62.7228;-222.4035;-222.6693;
450201.354;530542.914;530521.987;-884.6526;99.0821;101.2433;
462824.098;523130.964;523137.921;20.0047;467.5821;468.2392;
491714.448;597663.050;597649.551;-130.0317;114.1606;113.5047;
496182.740;536135.491;536118.334;-72.2773;33.3447;32.9370;
467541.743;553612.454;553586.875;-816.4300;193.8937;193.8466;
563155.166;688503.485;688615.717;-153.7383;29.0840;29.3663;
443283.100;539465.258;539443.765;727.3344;147.0653;147.4171;
759050.066;503423.044;503250.412;150.5719;-115.5998;-115.5805;
447992.141;556363.476;556350.975;-85.5071;371.9106;370.7071;
917475.236;589339.133;589307.154;120.6692;39.8920;39.9098;
480622.116;554157.235;554180.742;645.1922;80.8275;80.5322;
241400.964;369845.536;369776.870;-191.1745;43.6920;43.5917;
165147.685;612369.448;612397.266;-268.1846;93.3733;93.3294;
670992.218;385860.948;385822.342;278.7558;-105.0536;-104.9100;
466054.402;533882.545;533899.860;1348.0253;316.5022;322.0390;
442928.380;631652.038;631620.032;-208.5115;29.6841;29.3329;
486944.131;534946.529;534952.008;-544.6248;180.5968;177.6660;
329600.035;460351.635;460286.867;-386.0241;-335.0693;-336.1391;
595493.106;565276.726;565312.407;-78.6646;-156.8956;-157.1382;
534212.665;567379.348;567366.136;-593.0835;39.8640;39.6251;
476774.885;536409.526;536403.093;689.1128;383.6234;384.9670;
511571.618;576274.911;576311.711;-52.7804;-340.8375;-340.9305;
441679.560;566128.700;566146.730;239.2171;36.1794;36.2691;
582022.696;541962.825;541971.554;204.2594;105.1506;104.9519;
332536.629;549012.952;548933.376;-68.4978;-16.8803;-17.0006;
384577.311;586754.368;586755.782;179.1978;402.3228;402.4592;
485736.802;527652.547;527650.429;-28.2602;-291.3366;-292.0734;
897114.317;639910.303;639692.611;479.9995;88.4628;88.1449;
679367.440;651170.132;651052.328;-19.3494;49.5398;49.4813;
446745.136;652667.378;652736.208;-522.8049;247.1724;247.3870;
469204.516;526752.636;526753.298;9.0541;-442.7435;-442.6212;
711556.396;603808.713;603476.674;519.6879;116.0199;114.6143;
384536.200;564410.858;564375.893;-137.5968;260.4445;260.0398;
448258.771;528992.603;528967.878;159.8339;-90.9766;-91.1971;
456270.281;529780.195;529774.980;169.5178;-349.0005;-349.3900;
459456.558;540409.486;540406.448;5.2310;-647.9216;-647.9959;
425473.475;498620.316;498559.361;-431.9629;-274.2342;-274.0584;
462912.655;550716.319;550718.414;282.7284;-616.9077;-615.9178;
459282.144;536333.464;536320.786;-215.5626;-25.5974;-25.3473;
446250.727;562930.521;562997.268;-62.2574;405.5395;406.1685;
502460.579;532121.426;532145.714;473.1110;25.1467;25.1042;
471070.171;524849.394;524863.547;-768.3233;-160.4175;-160.9369;
489956.619;530886.517;530911.453;213.4062;-398.6261;-398.5282;
432110.243;537964.814;537958.206;-390.5853;201.3505;201.3254;
475706.190;584149.266;584140.058;842.8512;155.8987;155.7250;
873808.609;475761.943;475730.672;5.7482;125.0221;125.0192;
441510.336;527633.371;527627.073;391.1712;108.5616;108.7877;
636802.548;514574.047;514396.954;8.6716;-111.5525;-111.7780;
714586.265;463085.729;463047.723;26.6056;-139.7538;-139.7271;
466340.312;530167.563;530153.247;563.1202;574.5637;574.6715;
365061.359;504234.601;504159.791;409.9180;-344.4201;-344.8906;
580861.398;534104.053;534096.254;-216.5174;-267.7431;-267.7452;
347992.772;505242.176;505101.888;155.5592;89.1816;89.5841;
504508.048;614850.333;614899.406;-62.6804;-280.2374;-279.5967;
549944.864;379091.627;379030.014;-33.9710;-125.4001;-125.3771;
460123.407;553535.037;553520.427;-88.0879;507.5631;507.4801;
799195.954;490835.640;490807.953;130.9855;-38.2838;-38.2963;
464046.822;517377.271;517364.288;916.5034;-179.9273;-180.3181;
434779.990;541681.272;541672.466;710.9471;501.9259;502.9972;
457527.274;522542.215;522518.137;226.9829;-17.9899;-18.5158;
169253.729;354580.589;354569.815;49.1075;15.2761;15.2637;
486274.933;466713.834;466642.861;-19.4861;-4.1242;-4.4655;
412632.977;757259.996;757192.027;-139.6120;201.5631;201.4417;
477955.572;536528.612;536546.963;-747.8578;842.0772;841.6235;
481545.892;557929.350;557965.885;811.6521;114.5815;114.7118;
464186.466;529331.472;529318.424;956.2616;-403.8353;-404.7478;
538828.646;514779.958;514683.046;-243.4712;232.4529;232.4162;
470487.293;537134.683;537134.223;-503.2779;190.3045;190.4702;
434930.771;475855.355;475763.422;-62.1704;-261.9711;-262.4736;
392296.104;543442.552;543436.489;-203.9742;-194.8890;-196.0297;
477976.945;549032.201;549030.346;-575.2278;-262.8712;-264.0438;
428143.638;439985.728;439906.733;28.8909;79.6885;79.9987;
537176.756;360602.927;360536.852;-190.4233;-178.4131;-178.4765;
383835.745;883429.794;883428.099;11.8316;138.2754;138.2685;
479829.846;552087.175;552095.219;-144.9874;28.5944;28.2549;
430698.292;557190.730;557196.751;-565.7337;277.8493;278.3258;
450491.074;531449.775;531422.987;-579.2509;-37.5466;-38.0293;
758753.363;591982.925;591546.283;217.2868;-112.2413;-113.0605;
434125.078;603980.731;604003.010;-190.0339;-94.6486;-94.7146;
456353.614;533936.287;533939.558;702.9700;-622.0472;-622.4013;
462801.429;552148.916;552144.620;-132.4372;-340.9860;-340.8577;
483427.295;514627.870;514572.823;-141.5895;682.4463;682.4043;
233991.864;404175.189;404182.762;46.1433;209.9781;209.9426;
482706.084;596911.023;596869.761;139.4812;23.9815;24.0821;
476533.546;508269.908;508282.962;606.8097;-570.4670;-570.5193;
561703.763;528810.769;528830.059;37.2179;-292.9943;-292.6076;
464463.513;533985.231;533984.335;-321.6408;-50.3547;-49.9041;
156051.014;288893.995;288896.197;161.5389;-78.8512;-78.8413;
519448.167;557460.291;557467.446;-206.4500;-269.1347;-269.5725;
448355.573;531101.686;531095.566;-972.2806;-545.8868;-546.0206;
496315.250;548727.409;548734.213;54.8839;455.5471;455.7846;
546763.304;799286.944;799307.289;166.7792;-118.1820;-118.1871;
445664.651;525308.466;525302.267;115.4152;219.1933;219.2912;
361247.229;548032.724;547971.059;-431.3287;134.0016;133.5646;
468703.787;504452.399;504489.887;-245.1911;-192.7470;-193.3202;
461747.147;543874.105;543857.931;-677.2859;-164.1355;-164.0665;
449540.083;531763.272;531737.481;625.9852;354.8014;354.0087;
460919.811;535575.893;535559.465;736.4817;-449.4499;-450.1320;
335286.398;622987.693;623061.370;-192.4052;206.1236;206.1467;
448571.297;532047.796;532042.194;-766.5863;-253.7303;-253.5540;
479780.206;540344.232;540352.652;-122.9898;366.5373;366.6806;
448658.542;535711.160;535720.484;-439.9029;247.5423;247.5435;
467695.712;546356.585;546389.392;282.8843;241.5363;242.3735;
472175.585;534759.026;534742.361;1074.9644;-126.4245;-125.7556;
388465.584;569120.589;569093.605;-420.3149;-271.7334;-271.5227;
510262.211;479557.311;479533.852;368.4398;-193.4228;-193.4401;
356084.534;450477.828;450441.043;-268.0959;-438.6395;-439.1962;
667292.813;560104.916;559973.314;54.0497;-108.0784;-108.2554;
445040.568;539362.387;539359.500;-330.8151;403.4293;402.7605;
476705.235;516712.441;516678.290;187.2352;235.3429;235.6475;
436227.615;333119.792;333066.216;112.3632;-11.2265;-11.1558;
460730.944;553443.449;553444.300;-540.4482;26.6656;27.3218;
445800.988;545307.910;545297.673;-402.4279;182.2958;182.8825;
487002.416;540749.511;540719.861;-704.4621;-75.8766;-74.1570;
438679.071;525194.339;525197.602;-108.3728;-414.6161;-415.2165;
476988.641;536516.572;536489.354;-98.9784;24.5694;25.3641;
461163.186;538003.150;537979.025;77.3223;-681.6344;-682.4084;
460764.545;532412.165;532403.340;-554.0443;-126.0025;-126.1520;
