# This file was created for the Modelling and Simulation course, RUG (September-November 2019).
#
# Project: Simulate colliding galaxies, using Barnes-Hut algorithm.
#
# Students:
#     Stefan Evanghelides (s2895323)
#     Hidde Folkertsma (s2759799)
#
#     X         Y         Z         DX        DY        DZ
472518.511;550527.092;550518.893;-181.2673;3.9310;4.4150;
465019.322;550027.628;549909.001;-331.8848;-143.6989;-138.9450;
792488.513;782882.570;782849.890;49.4599;-94.5477;-94.5865;
308284.515;962889.903;963799.907;-100.7744;242.1040;242.5568;
454122.899;547799.177;547764.754;-434.7893;-93.2304;-86.5128;
456763.237;563264.299;563057.238;186.8262;164.0759;164.9902;
333470.379;532998.913;532693.646;129.6445;-261.7334;-260.4270;
602925.707;476965.766;476500.612;-204.8086;-293.6116;-297.5331;
533292.627;599013.743;597708.507;299.5538;514.5666;506.2864;
560638.640;636075.900;635760.936;-272.1769;89.2751;89.1037;
255621.008;551396.497;550896.956;-274.7331;-24.8261;-31.4543;
681682.664;575719.410;575412.726;636.2673;48.9338;42.1933;
454482.440;573395.825;573077.268;-180.2427;-399.5741;-399.5355;
475535.661;563361.016;562884.821;42.5244;-25.6734;-25.0819;
158450.158;512363.687;511886.181;209.5503;-143.1676;-143.6091;
262253.041;509811.826;510159.932;-415.3345;-38.8953;-39.5557;
462811.915;539205.160;538981.476;-56.2198;-395.6090;-390.7813;
497653.367;532445.311;532329.483;461.9301;-140.5232;-150.6629;
251967.988;471495.352;470491.527;-257.4189;-23.1897;-28.5679;
563062.093;522492.057;520150.248;325.9792;-139.5416;-131.8023;
471643.663;546143.631;546065.430;-1089.7555;59.5427;65.6749;
418883.619;440985.604;440063.548;320.5042;25.9135;25.8482;
561465.346;533484.503;532903.915;-204.9624;147.9882;142.4471;
481265.813;549160.229;548864.791;336.5363;-320.3291;-324.2307;
432832.326;493662.459;493200.047;-9.1778;234.4759;233.8988;
450208.150;520751.627;520821.171;-376.1011;254.6574;259.6534;
459885.241;547479.652;547337.445;300.9408;-213.0530;-216.0258;
485507.044;537046.437;536827.538;144.4654;205.3074;203.4661;
491576.731;520909.610;520819.406;-371.9251;158.5532;157.0406;
470817.903;529534.641;529478.000;-97.9276;145.9980;143.0402;
903601.103;143248.387;143269.248;5.7775;-17.4939;-17.5061;
514969.464;404770.214;401992.953;214.5139;-106.0032;-109.3405;
488160.318;561767.871;561610.540;442.6328;-37.4727;-37.7693;
474517.972;538715.595;538536.585;-549.2055;178.1971;178.7001;
398026.709;524878.603;525020.908;-343.8601;-74.2420;-71.0635;
485360.906;554453.832;554166.707;-132.3632;330.4791;326.3189;
253570.272;450134.474;449318.385;178.5411;-23.8630;-20.9347;
460563.936;565460.254;565416.778;-350.3908;49.1366;47.5761;
492907.390;587826.307;587226.964;559.1549;-19.4785;-30.8841;
529852.768;540129.996;539838.051;74.0181;44.2625;44.1835;
473564.753;551168.552;550924.284;-133.9924;566.5764;561.5393;
206975.714;445573.439;444474.485;140.4859;110.1782;108.6963;
461567.067;549986.652;549852.757;144.6868;509.0041;501.6643;
473884.803;581764.984;581793.287;655.3244;517.8796;502.5424;
495616.594;473358.215;472984.452;-0.1044;-32.0111;-34.0868;
530828.114;537494.040;537210.263;250.5114;-48.7855;-51.5871;
456791.820;523374.660;523406.118;-119.6695;-149.7431;-148.9282;
707499.562;281835.797;281822.428;-130.0204;158.6607;158.5669;
485607.903;541392.479;541331.433;67.3169;847.6014;829.6198;
726737.288;713271.897;711579.532;-151.7085;-20.3467;-20.2644;
430956.786;526236.650;525947.732;581.2616;6.5597;9.5491;
456213.432;533813.239;533824.299;371.9389;709.6239;698.7483;
464651.574;552267.605;552048.228;600.5996;-266.3787;-267.4132;
452792.928;576928.813;576811.498;782.6168;17.9878;9.9264;
237665.109;394820.543;394563.920;-176.0876;79.5122;79.1921;
507970.643;547073.655;546553.621;-369.7107;508.0174;526.7582;
475511.710;491273.010;491190.515;303.4983;-117.2497;-122.4077;
474569.576;543325.784;543262.205;-76.6673;489.9642;480.1023;
464220.170;624579.387;625632.650;104.3981;309.4222;307.6402;
496239.630;568666.886;568410.425;-356.8526;91.9537;95.1817;
933160.936;660040.621;659661.078;-91.7031;12.6879;12.5008;
471425.728;543946.690;543853.110;507.7646;505.9583;500.9712;
28708.049;539975.621;539749.015;3.1388;85.8232;85.7456;
531581.772;557568.558;557449.969;-654.7814;-41.4540;-36.0921;
386529.545;566465.301;566023.250;-259.6296;-347.0909;-345.3519;
443636.966;551873.395;551813.249;554.0013;317.1048;314.4578;
66933.652;60998.815;60059.871;-29.9923;-93.4897;-93.6552;
471653.542;569005.280;568740.715;348.0778;-64.1295;-79.8141;
462308.234;558126.080;558334.768;442.5712;-627.2065;-636.3334;
461686.541;580162.404;580008.330;273.0518;-214.4205;-215.3459;
448241.965;501863.365;501376.221;-367.2662;128.6978;128.6496;
449456.710;349961.381;346771.973;-51.1146;-159.2246;-163.6472;
488392.955;540223.891;540137.616;-645.2432;-115.1769;-107.4620;
825605.522;491739.066;489825.789;19.2190;-31.8301;-33.3573;
542967.274;494855.466;494510.058;-503.4371;-373.3208;-374.8937;
550568.057;535616.446;535432.674;173.3764;-184.9499;-190.0957;
601439.196;421935.003;421139.359;127.6831;0.7412;0.3533;
451100.128;546260.039;546226.049;62.6540;385.0929;381.3339;
516560.240;540565.774;540108.082;-453.0704;-133.4040;-126.7531;
449272.291;556711.629;556562.178;-285.7420;-2.7676;-4.0100;
491854.114;532410.235;532292.392;52.7813;233.8634;226.4365;
527575.670;529850.125;529733.536;344.4766;132.7361;129.2402;
674559.000;512630.509;512096.480;-341.2094;43.0177;44.6222;
482167.647;546330.846;546190.020;614.1570;-806.1278;-791.9261;
458888.678;547952.666;547796.774;654.1840;-248.4916;-250.8168;
457478.211;569027.147;568660.952;130.2141;-1001.6621;-971.1280;
491785.966;544564.974;544292.474;-523.0313;389.2064;386.2026;
502391.809;553112.334;552876.531;-292.1252;-207.4227;-204.7134;
484720.939;542693.019;542522.432;-844.5457;-163.3404;-158.2682;
398183.720;564744.270;564674.871;-126.8028;101.4691;94.8338;
471744.912;568722.696;568274.942;1106.3184;-171.8341;-153.6695;
663969.666;442180.078;441456.568;128.7689;104.4571;104.9076;
494434.108;545094.533;544830.948;462.7531;79.5447;76.8718;
580934.418;662776.464;663034.625;202.7382;37.4481;37.0369;
721076.574;650285.104;649965.571;302.2138;17.9348;17.0949;
476238.080;521622.257;521840.692;-987.1180;-552.2486;-548.1927;
408628.114;649303.625;649087.656;-317.3548;-239.5576;-240.9444;
570066.324;653903.096;653823.090;146.6717;-118.2320;-117.9041;
623317.794;589198.764;588798.980;-296.9389;-76.4782;-76.3199;
494841.109;536001.418;535992.405;-1209.5662;-180.1680;-183.3510;
662391.094;514663.108;514753.394;67.5686;-157.7239;-158.6940;
460691.495;542333.380;542286.280;-590.6305;474.7514;473.1438;
872717.650;467106.895;467094.649;-53.2539;8.1179;8.0641;
474920.917;522910.180;522770.451;-234.1998;-167.7148;-163.0265;
456409.758;545746.619;545747.288;396.9956;-30.5337;-35.0116;
509901.005;534195.476;533946.437;-324.1308;-424.4418;-421.3003;
799189.268;697051.344;696283.262;174.4257;75.6093;73.7285;
435250.752;574096.059;573599.243;99.6960;-197.6539;-196.3529;
179920.224;996123.708;995864.131;-69.7368;44.7149;44.6540;
465340.390;541702.891;541542.408;-1162.2523;-233.6174;-228.2115;
470123.532;521351.173;521381.661;-18.7742;-44.2320;-34.5399;
447610.826;545176.271;545087.665;168.8774;-180.5333;-183.9569;
478974.574;558409.395;558290.855;-611.0669;-206.8283;-206.8035;
453391.656;555145.408;554999.440;236.6345;-264.2003;-258.1857;
409411.431;237803.667;237074.887;9.9907;-31.5948;-32.0465;
488088.626;523639.887;523611.679;-549.2516;-337.2267;-332.3578;
478444.258;521673.870;521599.733;348.9614;219.8899;220.0329;
170219.436;398216.623;398676.105;151.5044;4.8861;4.9899;
148924.628;476818.323;475371.977;66.3653;183.9309;180.7912;
489234.470;542043.191;541989.302;348.0148;194.2466;189.2468;
482760.533;543988.718;543887.354;1536.4172;174.0212;188.4895;
487959.512;574208.576;574129.284;-196.7168;-3.6704;-10.3562;
372270.780;634228.441;633556.906;192.8834;443.6477;447.0041;
539356.617;476100.985;475243.744;94.5697;89.7894;87.4218;
296970.981;499597.024;499764.742;24.6667;106.3166;108.3205;
461133.116;558654.470;558434.790;-604.0257;-128.5302;-125.2149;
459565.956;532739.787;532729.274;218.7327;42.4478;37.2429;
536742.507;276225.402;274805.043;-78.5196;-57.1850;-57.6844;
457685.662;542557.488;542593.359;-916.9730;113.5688;122.5800;
459600.502;571072.574;571086.639;-593.1633;-114.2867;-124.6025;
470916.749;584114.057;583408.618;772.8243;-435.4567;-416.3186;
489380.303;530267.507;530202.173;-178.6015;-174.4441;-170.7552;
248122.498;587761.593;587334.408;-570.9230;-142.1082;-143.9428;
442649.278;533550.229;533701.701;-95.0951;278.3559;277.6343;
476785.455;567494.607;567328.480;33.8570;-489.2215;-485.7901;
401061.596;433773.273;432405.792;-11.7771;76.1436;77.5482;
476863.579;661902.876;661913.704;504.5471;-185.7439;-182.4188;
479465.620;541444.763;541269.306;340.8586;293.4430;290.5408;
463175.836;535709.008;536039.788;1463.1467;76.1750;67.2232;
453544.710;554953.292;554964.604;-278.2807;-450.4123;-436.2911;
475190.497;571881.471;571660.926;478.8597;97.6281;93.4009;
450902.434;530015.432;529761.156;-1033.5373;-151.8422;-146.1048;
497105.972;534680.029;534611.496;979.2040;689.7084;679.4999;
306324.067;576183.630;575569.266;23.7497;73.9944;73.2606;
444283.563;576429.459;576319.910;-465.8670;-230.4539;-234.0950;
479234.338;568205.484;567869.350;543.6018;-113.1955;-113.3041;
482576.231;553275.642;553020.637;354.6999;441.5758;435.6220;
491923.946;517558.299;517729.806;-99.8603;10.1823;13.3784;
478029.043;531922.771;531860.462;616.1887;-570.6684;-565.9638;
524639.355;496650.075;496379.695;380.1703;-35.9209;-40.0210;
446480.878;501544.148;502004.403;610.0326;-48.3383;-51.2956;
732261.863;692414.018;692791.447;211.8278;-4.7049;-4.9417;
485547.686;550146.336;549831.166;-980.9890;308.5364;305.8247;
456088.307;545845.067;545726.840;293.1203;-240.8868;-241.6937;
177667.674;557356.054;556932.242;239.3048;-99.8167;-100.1446;
484732.842;530341.895;530275.125;233.2747;-559.2043;-557.6571;
552855.474;561877.845;561949.818;-479.6468;453.2301;457.6590;
478761.337;546836.233;546698.063;-284.6562;663.0777;650.0401;
160021.833;390284.106;389502.063;-333.7872;-157.8567;-155.2891;
474698.595;539589.726;539497.271;-365.6252;-96.9479;-92.5036;
482400.103;540141.908;540083.500;256.3782;236.8720;234.7979;
493643.335;541415.753;540984.465;-622.3007;180.3318;187.9292;
