# This file was created for the Modelling and Simulation course, RUG (September-November 2019).
#
# Project: Simulate colliding galaxies, using Barnes-Hut algorithm.
#
# Students:
#     Stefan Evanghelides (s2895323)
#     Hidde Folkertsma (s2759799)
#
#     X         Y         Z         DX        DY        DZ
524072.207;526607.184;526604.952;415.3871;-3.6447;-3.5985;
580929.319;529551.279;529554.910;310.6651;90.2632;90.1758;
368522.342;825159.902;825154.157;104.8015;88.8369;88.8345;
204548.628;307414.447;307419.075;15.6966;-21.2333;-21.2319;
436210.614;513611.350;513610.351;1021.2801;-533.5694;-533.6798;
465983.743;510778.358;510780.435;802.7027;389.1254;389.1044;
504042.202;510547.574;510548.801;665.4719;609.6638;609.6487;
710445.595;477592.592;477593.301;325.7273;224.5625;224.5288;
455548.280;542254.807;542257.142;543.2627;172.0397;172.0460;
449318.336;533431.875;533430.884;536.2339;-173.0942;-173.0512;
623925.265;469973.552;469974.370;118.3666;419.1124;419.1283;
387441.081;606540.445;606570.534;-4.8459;304.4455;304.4712;
475190.176;525498.683;525499.974;457.5976;536.1454;536.1045;
497053.355;493562.564;493562.030;933.8284;503.4230;503.4475;
436070.867;513317.564;513317.898;33.1469;134.4094;134.4098;
443954.713;513372.446;513372.645;1212.2749;453.4110;453.4946;
452826.895;535656.396;535655.848;417.9940;-100.9404;-100.9152;
499496.708;518188.997;518189.671;1376.0543;124.9689;125.0119;
519788.557;660692.169;660639.963;434.0524;131.9344;131.8735;
492858.803;530691.580;530693.620;263.5923;137.1640;137.1699;
238027.509;146962.122;146956.415;81.5738;-25.9635;-25.9636;
507492.752;497318.238;497320.723;246.1781;329.9641;329.9383;
483158.581;530597.828;530598.952;178.0269;-380.3171;-380.3686;
494615.094;520713.810;520713.800;1184.6495;65.6484;65.6760;
505996.504;534654.659;534654.351;1132.0194;34.0953;34.0254;
511064.658;497180.070;497178.997;253.2906;83.9320;83.9305;
492484.296;523337.749;523340.042;854.5385;58.9310;58.8339;
478705.466;496798.310;496800.552;855.3004;197.0584;197.0887;
490272.207;520597.572;520598.731;550.1561;27.1207;27.1368;
496432.391;533764.746;533765.918;818.9633;112.4178;112.4731;
479912.994;521342.870;521343.457;410.7129;-71.2233;-71.2482;
512216.215;523678.866;523679.426;844.1511;-184.6671;-184.6796;
461312.819;517680.917;517679.469;929.7160;-384.1078;-384.1435;
486105.634;528211.740;528213.212;584.4789;-480.5353;-480.5695;
483988.519;536104.192;536105.467;945.8478;-423.7316;-423.7321;
495189.888;520884.074;520885.614;793.9243;81.6658;81.6455;
486449.713;522684.166;522684.669;986.0674;-530.3646;-530.3606;
493720.114;543563.554;543563.224;546.2611;-321.8811;-321.9047;
497026.802;491774.437;491777.298;362.0134;491.5253;491.4853;
503609.633;527426.182;527427.254;1377.0282;-425.0863;-425.0851;
480279.876;527947.366;527948.448;410.9680;52.8984;52.8810;
446993.666;520669.032;520668.576;619.2508;304.1546;304.1809;
450703.231;515207.002;515206.794;1025.0823;336.7400;336.8190;
449742.028;518138.958;518139.870;704.1938;149.7645;149.7354;
306678.435;500318.708;500326.214;347.5962;15.1426;15.1858;
383242.821;543656.748;543657.457;290.7833;133.0956;133.0856;
484149.014;498656.987;498658.491;1184.9270;27.0631;27.0882;
304457.057;533992.508;533992.773;29.0828;116.8661;116.8703;
734707.177;619503.551;619487.160;105.2221;325.2112;325.1826;
476182.208;510427.984;510430.917;617.8351;-853.4362;-853.4108;
593713.215;538033.707;538033.801;733.8805;386.6649;386.6815;
470794.092;516225.972;516227.031;839.6950;160.3446;160.2706;
573390.812;484527.059;484524.906;-67.5820;-354.2577;-354.2161;
568664.352;527127.635;527123.108;767.1381;187.1912;187.1041;
461527.354;509411.351;509412.448;760.4305;43.2225;43.2368;
488902.852;524125.383;524127.732;401.9932;-18.9563;-18.9765;
263906.067;489344.565;489350.415;231.9623;-44.5040;-44.4973;
365573.294;560386.489;560384.920;654.2210;-15.9228;-15.9171;
463779.479;513047.910;513047.113;152.6688;-63.1522;-63.1319;
446178.606;513478.064;513477.873;447.2009;-307.8797;-307.9562;
464139.219;523283.117;523284.230;626.4496;-191.0854;-191.0823;
429010.569;517279.950;517281.377;276.5994;93.8489;93.8180;
427225.855;525156.257;525157.938;215.1442;129.3139;129.2971;
483363.229;530270.409;530271.586;897.3432;-116.1350;-116.1131;
486501.196;513008.662;513010.523;751.3997;-781.7017;-781.6923;
449829.584;498993.947;498995.022;520.4253;174.3424;174.2793;
488870.641;519650.378;519651.850;1098.5578;-463.7891;-463.7834;
477584.451;525432.507;525433.868;908.7977;103.1575;103.1172;
494444.820;540570.676;540571.747;436.3109;100.4608;100.4918;
499243.681;521508.214;521509.626;750.8955;-125.3568;-125.4424;
493787.240;567000.893;567005.309;709.0307;-167.0124;-167.0139;
408423.794;528444.556;528447.490;-73.9333;81.7732;81.7935;
280418.179;570609.789;570606.286;219.0218;-8.7031;-8.7130;
449458.391;509314.516;509315.188;581.5483;-121.0194;-121.0293;
576427.399;540994.169;540990.715;-44.1180;124.5397;124.5264;
395919.770;609857.185;609847.442;233.9197;-42.2853;-42.2377;
462237.165;503856.087;503857.290;769.4460;-0.2747;-0.3009;
444502.740;510265.774;510267.582;224.4609;-311.5840;-311.6093;
445042.932;496170.552;496168.861;831.6678;119.8750;119.8055;
464849.279;519751.730;519751.439;96.3637;-310.2765;-310.2928;
466525.806;523878.432;523879.206;618.2477;-7.5242;-7.5309;
422051.125;480929.389;480930.581;885.4216;-82.6541;-82.6856;
489489.695;513444.105;513446.452;413.0606;561.8515;561.8329;
513149.710;515408.281;515408.732;637.1918;572.2147;572.0935;
448950.638;505168.324;505168.021;1384.7397;20.3578;20.4106;
598294.524;520055.905;520047.903;240.9037;164.0503;163.9782;
432893.600;500726.540;500728.613;455.5063;-124.1294;-124.2091;
425315.409;510472.111;510472.047;567.7906;-145.9156;-145.9286;
500201.392;527127.860;527128.626;1014.8287;241.5596;241.5421;
489021.477;511298.423;511298.487;546.4160;613.8418;613.7564;
470984.890;530194.121;530195.771;439.0844;44.2231;44.2273;
484197.962;517254.276;517255.244;587.6858;240.1696;240.1298;
461294.657;504318.574;504318.689;720.9180;8.2129;8.2309;
499098.081;519280.939;519281.659;527.7926;65.9372;65.9922;
570093.503;527882.161;527875.371;625.7432;-555.6665;-555.5243;
499202.966;523574.945;523576.186;766.4138;393.2115;393.1441;
465369.252;533817.544;533817.336;665.4471;163.4124;163.4542;
306677.475;620353.261;620367.629;121.4299;-80.4244;-80.4206;
232593.153;327561.511;327570.255;145.2279;-81.9710;-81.9684;
553647.832;561337.013;561328.585;-407.7902;-267.1342;-267.1091;
516847.571;522261.824;522261.579;-818.4718;261.0622;261.0189;
507489.888;516082.638;516082.728;-1142.5012;40.3342;40.3957;
523713.390;511763.333;511762.786;-642.7929;533.7191;533.6977;
586212.105;541844.366;541838.095;-1117.9302;-131.0378;-131.0379;
524714.589;522870.072;522869.247;-926.5107;199.9651;199.9215;
514239.628;523186.756;523185.483;-2.8795;-394.6316;-394.5750;
520531.961;524003.427;524003.628;-1565.1834;-322.4528;-322.4069;
565821.590;524007.238;524004.868;-848.0851;233.8074;233.8420;
575744.105;500053.936;500050.642;-647.9695;-106.4830;-106.4489;
695970.083;591851.685;591849.827;-216.9702;-82.9274;-82.9538;
595834.370;578103.323;578092.368;-250.8088;106.0734;105.9933;
513914.440;525971.582;525970.496;-941.7309;-537.7853;-537.7622;
522379.851;532875.841;532873.566;-51.3321;140.5589;140.5250;
530483.153;529201.449;529198.412;-837.2043;620.3455;620.2606;
484276.858;519071.443;519071.568;-592.9162;117.6964;117.7860;
490310.067;466139.108;466142.029;-693.0046;147.7124;147.6776;
513322.911;503783.550;503785.530;-726.1374;186.8450;186.7874;
509180.953;447932.212;447928.129;-511.7407;176.0857;176.1159;
501116.844;388342.077;388350.518;-230.9222;191.3372;191.3203;
513245.013;579421.474;579413.697;-654.3795;-95.3489;-95.3308;
527339.868;509980.673;509981.557;-374.6459;-417.0935;-416.9531;
566682.961;384705.349;384710.029;-157.5126;25.9522;25.9547;
356630.511;342482.178;342463.056;-158.0088;110.2824;110.2899;
525772.034;518742.561;518741.973;-1336.3926;358.7877;358.7600;
309868.016;633295.503;633283.044;-333.0832;-190.1815;-190.1559;
453439.947;466411.486;466412.038;-246.6938;215.4802;215.4671;
818666.059;595930.918;595927.780;-32.9005;40.5483;40.5571;
518913.555;537539.731;537538.571;-819.2863;-647.1189;-647.0524;
464632.319;512219.534;512222.761;-936.6108;302.5585;302.5283;
543012.085;516043.495;516041.385;-1217.2964;286.8679;286.8635;
598778.058;546503.158;546494.244;-417.1699;-22.5494;-22.5339;
527800.601;513212.341;513212.100;-169.5194;168.9479;168.9745;
511499.471;490146.477;490150.759;-1074.1048;-411.8805;-411.7400;
531581.281;528531.635;528528.421;79.8166;-309.9644;-309.9768;
559041.255;547581.447;547576.223;-641.8125;-69.6908;-69.6597;
591546.848;555737.474;555729.873;-596.4564;23.2847;23.2887;
328714.771;476988.067;476999.487;-150.3939;-185.8000;-185.7720;
523786.025;535018.842;535015.150;-786.2108;497.8790;497.7440;
499008.227;521515.092;521514.709;-304.3163;-44.8769;-44.8624;
608907.146;594213.998;594202.499;-348.6226;-172.5795;-172.5730;
568076.569;518898.843;518896.832;-258.9911;-110.4021;-110.3888;
554499.629;495718.940;495719.542;-302.5955;-25.4501;-25.4389;
736149.583;638174.929;638160.630;-66.6619;46.6492;46.6587;
495311.602;522866.163;522866.597;-1152.3204;486.9629;486.9015;
530607.938;517826.834;517826.496;-142.0052;114.2030;114.2135;
532084.301;522446.528;522445.277;-1016.4608;-212.8855;-212.9004;
331985.963;425181.056;425190.922;-280.1303;117.7884;117.7699;
515223.827;472771.457;472771.745;-484.7464;158.6305;158.6144;
537964.012;533106.903;533104.542;-476.4384;-238.3726;-238.3145;
689665.452;495262.332;495260.532;-428.0071;126.1591;126.1482;
565623.388;475435.866;475439.350;-943.8702;204.4072;204.4010;
504694.770;540327.920;540326.118;-517.3747;-537.4117;-537.3604;
506423.215;520032.534;520032.565;-644.7046;-443.1228;-443.0872;
430926.012;443253.317;443251.338;-384.3392;218.2852;218.2818;
541840.662;541945.716;541942.747;-338.2560;439.3745;439.3173;
509132.552;522668.824;522668.438;-934.1173;102.3417;102.3647;
551081.494;531314.050;531311.004;-535.8032;290.4071;290.3897;
525167.543;515358.096;515357.549;-768.2077;-561.3265;-561.1718;
508105.014;506408.782;506409.834;115.4040;155.0323;155.0702;
391845.731;219799.179;219790.236;-137.0716;-2.6493;-2.6317;
532002.482;514775.541;514774.707;-22.9621;78.2907;78.2854;
495447.392;528930.164;528929.248;-1288.4208;-367.5801;-367.5096;
528468.678;554848.635;554845.709;-37.4110;-38.6801;-38.6911;
529647.961;510661.529;510661.909;-1090.4754;153.8305;153.8892;
310821.931;570268.292;570263.730;-543.7243;-144.0786;-144.1079;
526203.372;505484.848;505485.284;-1786.3573;-286.6674;-286.6558;
520602.106;513025.585;513025.455;-860.2918;49.7286;49.6603;
532503.453;517479.273;517477.530;-546.1053;-31.2873;-31.2645;
352314.734;547810.137;547805.415;-302.9730;498.8045;498.7727;
520243.536;526318.288;526316.589;-1577.1875;25.7224;25.7337;
673292.613;453644.975;453646.190;-626.6436;140.3303;140.3218;
495983.903;519053.822;519054.096;-760.5389;151.2612;151.3224;
515771.607;505425.204;505425.321;-773.0092;-82.0685;-82.0501;
512713.488;531859.424;531858.363;-191.9513;170.6220;170.6000;
529616.870;519826.814;519825.150;-922.4891;-417.9571;-417.8709;
573991.256;509116.204;509114.057;-729.3730;-84.9575;-84.9444;
951352.488;527076.521;527064.802;76.9938;-41.2121;-41.2335;
492271.703;515543.892;515543.736;-643.8921;7.8554;7.9837;
545138.442;515684.500;515682.305;-321.6980;-250.6010;-250.6133;
536075.614;506986.660;506986.657;-167.8676;30.0542;30.0593;
515776.943;528510.986;528510.414;-90.0165;61.5472;61.5708;
529473.813;524311.158;524309.307;224.7621;-225.7671;-225.7085;
476761.891;496040.256;496044.795;-449.8570;400.5241;400.3909;
387551.206;193880.824;193878.484;-329.3847;-152.6476;-152.6756;
504228.111;511672.834;511673.509;-868.6727;-540.0360;-539.9965;
955260.146;506381.315;506362.831;-93.4480;-13.1353;-13.1335;
636646.573;429479.059;429479.460;-185.0218;-91.5246;-91.5307;
527206.063;515061.598;515061.795;-83.1289;259.1726;259.2075;
458171.194;525603.414;525606.261;-396.4037;-554.1326;-554.1379;
599395.867;584439.945;584423.065;-620.1352;300.5825;300.5644;
510669.539;528255.691;528254.384;-1302.4649;296.9249;296.9184;
521023.557;516863.574;516863.869;-981.2355;-402.6022;-402.5316;
532913.238;536782.493;536779.521;-664.4732;-119.1786;-119.1685;
989211.548;824098.638;824086.826;85.1681;143.6429;143.6351;
518419.755;526127.835;526126.851;-296.6594;-96.7319;-96.7541;
528092.235;525941.829;525941.288;-455.9860;-442.9984;-443.0163;
517956.596;510671.026;510671.824;-708.0977;744.3388;744.2232;
444842.599;526343.144;526343.917;-311.4463;-222.0473;-222.1456;
