# This file was created for the Modelling and Simulation course, RUG (September-November 2019).
#
# Project: Simulate colliding galaxies, using Barnes-Hut algorithm.
#
# Students:
#     Stefan Evanghelides (s2895323)
#     Hidde Folkertsma (s2759799)
#
#     X         Y         Z         DX        DY        DZ
140233.283;567797.886;567799.502;38.7226;11.9355;11.9292;
200480.526;563263.037;563262.916;207.6703;-273.5827;-273.6568;
254911.748;656573.153;656571.642;75.5283;188.4938;188.4890;
228797.579;383756.146;383758.778;-51.6781;-114.0573;-114.0539;
148275.312;660315.805;660330.126;44.1229;69.0120;69.0403;
245562.543;486348.025;486349.029;293.9143;-72.0436;-72.0394;
260069.723;485201.636;485201.599;209.6422;-482.9462;-482.9702;
216786.759;566868.622;566870.944;-150.1701;-133.6586;-133.6589;
233125.403;474768.363;474768.686;-40.5755;-138.3448;-138.3523;
254749.532;502773.650;502773.630;-219.0022;654.1873;654.1737;
164688.733;529578.548;529582.080;287.1716;129.9471;129.9504;
229631.617;561900.292;561903.409;148.8168;94.8834;94.8850;
281825.103;517797.863;517797.640;74.4291;-28.1785;-28.1729;
217153.953;517564.426;517565.845;860.9285;144.8677;144.8702;
223240.960;499496.455;499497.984;135.1338;479.9110;479.9131;
246470.860;507304.240;507304.896;1307.6089;-99.7216;-99.7287;
213106.399;519201.705;519202.909;27.0940;-104.5289;-104.5433;
231524.396;504085.792;504086.441;-116.2135;-434.0356;-434.0421;
289267.386;355406.925;355397.441;39.8338;-16.4773;-16.4974;
243771.219;510284.082;510284.972;943.9642;-205.2352;-205.2455;
187668.314;258657.392;258653.146;-5.3988;-160.4011;-160.4036;
235926.641;515142.434;515142.739;333.1408;-88.1071;-88.1284;
233034.456;501604.795;501605.722;-103.9717;-459.4947;-459.4953;
252151.092;500942.395;500943.028;344.0995;341.8303;341.8230;
215213.233;503111.172;503112.994;-738.4004;43.6730;43.7168;
199019.972;407881.912;407873.338;-20.6974;144.8256;144.8199;
226861.562;491942.367;491943.601;950.9141;-424.0803;-424.0704;
162366.152;562293.577;562291.790;-65.3751;94.2036;94.2049;
249283.531;492541.860;492542.077;-499.4936;-53.1243;-53.1150;
232445.464;500580.656;500582.219;16.5100;674.0319;674.0592;
231729.300;502595.177;502596.052;-24.5559;316.1576;316.1751;
221292.979;500642.780;500644.057;607.5660;-446.4225;-446.4221;
187489.721;497771.321;497774.584;-474.0400;-97.8484;-97.8340;
244576.415;503792.964;503793.442;-282.6142;-228.1321;-228.1098;
249329.794;490966.071;490967.014;267.1473;153.3625;153.3511;
229768.140;499294.300;499295.025;398.1668;-712.9727;-712.9745;
237677.001;502816.157;502816.808;-397.0421;-583.6578;-583.6080;
194742.454;459028.086;459030.606;49.1819;212.2307;212.2213;
253234.315;488114.872;488115.693;-465.0797;-84.8781;-84.8699;
253911.539;521425.758;521425.356;-193.0835;357.5259;357.5375;
218471.388;494139.193;494141.051;358.5360;-378.7736;-378.7913;
266741.491;494099.763;494099.558;293.9763;-190.5431;-190.5151;
236720.888;488259.388;488260.141;33.4324;-174.3789;-174.3824;
238625.813;492854.696;492855.570;-216.2851;211.5185;211.5500;
195669.103;568432.754;568429.656;194.0399;-318.4320;-318.4369;
208744.418;521791.930;521793.800;526.5071;104.9049;104.9011;
225829.904;504764.558;504765.533;207.8390;-523.3656;-523.3605;
318199.158;619044.521;619044.373;152.8909;18.4877;18.4769;
165729.163;488572.500;488573.100;-217.6273;-44.2216;-44.2210;
240490.286;509472.044;509473.279;-141.3332;132.8136;132.8289;
210866.985;492269.216;492270.350;807.7052;169.4022;169.4005;
240386.704;515962.997;515964.223;-113.6337;31.1982;31.1645;
10623.869;599586.827;599589.525;-147.7413;133.8628;133.8708;
170982.044;470500.282;470501.677;-332.7442;139.2168;139.2287;
268700.403;490072.646;490074.026;-233.3451;350.5602;350.5451;
224434.722;490779.114;490780.404;537.4739;-358.2994;-358.3178;
232680.881;503759.732;503760.658;-537.2405;280.4612;280.4742;
198756.402;563052.429;563056.017;166.9016;-381.8674;-381.8316;
332130.312;615386.728;615386.632;131.6622;13.0677;13.0788;
249781.576;502039.749;502040.695;182.0812;67.6996;67.6793;
260278.436;486890.819;486892.722;116.0113;53.0155;52.9942;
236895.805;478018.398;478019.157;150.6186;-5.3710;-5.3739;
231671.979;501907.617;501908.312;42.5789;107.4043;107.4247;
250801.032;487136.426;487136.900;129.3581;-72.0907;-72.0834;
234958.524;503621.520;503622.474;-816.4377;314.0393;314.0886;
232487.802;511097.748;511098.789;367.4426;390.1263;390.1118;
199892.947;509919.514;509921.264;76.9440;348.1265;348.1148;
255974.318;490187.384;490187.858;30.9832;499.2159;499.2335;
245546.450;491753.822;491754.581;-457.9547;-96.6756;-96.6587;
226998.175;495513.846;495514.473;517.1286;-321.1615;-321.1671;
243788.056;500810.361;500811.707;180.7430;-284.8773;-284.8810;
158639.083;449243.640;449245.156;69.0217;76.4459;76.4405;
274356.862;495639.417;495639.266;-261.4045;239.1413;239.1468;
352857.369;437721.139;437721.514;101.4129;43.4351;43.4375;
226970.939;498458.802;498459.330;-14.7423;188.5533;188.5725;
274791.884;492381.273;492380.347;918.6964;-216.1568;-216.1658;
258467.977;497524.200;497525.384;467.4224;-281.8758;-281.9003;
260439.864;505109.572;505109.660;-207.5497;374.8182;374.8159;
262760.373;506821.308;506821.372;44.4109;102.5490;102.5440;
222093.141;510544.825;510545.952;-681.0097;-149.5754;-149.5855;
231345.012;511655.987;511656.793;-794.6699;369.6638;369.6978;
213678.590;515257.765;515259.292;16.1450;142.7521;142.7492;
205201.228;500257.207;500259.277;334.4357;-57.0549;-57.0706;
240665.615;497351.613;497352.355;282.5690;-381.5880;-381.5740;
328736.432;509046.865;509049.570;-105.2600;181.8289;181.8357;
267483.410;499166.835;499166.757;-601.7755;258.7521;258.7725;
185675.757;498834.680;498837.181;394.2374;326.3014;326.2968;
240415.687;494577.008;494578.025;501.3186;-136.3306;-136.3521;
228081.439;506865.246;506865.672;-440.8337;212.2190;212.2235;
242409.956;499654.497;499655.100;52.6990;47.0081;46.9964;
233796.164;513789.952;513791.585;-380.3714;507.0769;507.1035;
248292.284;505094.305;505095.309;-75.7349;169.3947;169.3841;
288115.539;474585.690;474583.727;383.1312;184.8177;184.7833;
237406.986;492729.127;492729.673;1054.2821;-306.9650;-307.0169;
213469.384;527467.929;527470.097;203.6813;-12.4013;-12.4196;
361473.733;370557.408;370565.811;128.5316;31.4891;31.5075;
228912.812;512764.054;512765.477;695.6522;-41.1757;-41.1755;
206415.753;515502.032;515503.220;-661.3137;51.2594;51.2605;
240335.741;614206.220;614207.085;22.4481;102.1356;102.1422;
334429.922;495914.511;495915.434;93.8951;178.5581;178.5527;
780424.820;523242.339;523240.924;111.3800;-0.6009;-0.5899;
702849.068;468141.395;468141.900;9.1757;-62.0925;-62.1000;
818653.637;535889.379;535886.325;-287.8967;-8.0851;-8.0706;
757884.445;513584.248;513583.253;-38.1722;-440.4982;-440.4671;
792132.068;534259.808;534258.400;68.0607;32.3013;32.2743;
753861.632;505153.417;505152.898;-250.9359;468.2302;468.2026;
741054.389;525791.037;525789.726;-200.7499;-670.3962;-670.3371;
800869.948;472246.339;472247.215;142.2810;161.5026;161.4991;
781627.063;502933.022;502933.192;185.2832;-80.5020;-80.4907;
731454.183;549362.953;549362.905;415.2970;106.0478;106.0381;
849797.612;619242.482;619239.143;-32.3272;47.3593;47.3680;
707134.243;558473.480;558470.013;-413.7329;-9.1507;-9.1413;
755163.664;515973.733;515973.082;-705.3165;-539.4117;-539.4077;
751440.432;513248.998;513248.119;211.9682;57.8141;57.8096;
680589.491;496626.747;496625.389;17.2593;68.5105;68.4917;
755910.058;515343.568;515343.324;638.2809;-88.9743;-88.9910;
738657.759;502262.161;502262.073;168.7665;758.9830;758.8543;
747073.930;496622.597;496622.599;-291.2424;100.1825;100.1933;
891586.855;531394.405;531391.239;2.3280;-89.9597;-89.9575;
804271.091;527348.607;527345.271;49.3022;90.0511;90.0450;
773694.433;539811.519;539810.395;-745.8846;111.2046;111.1767;
745439.021;515620.320;515619.530;-367.3373;-167.4527;-167.4959;
727966.914;484880.693;484883.158;-196.9942;-298.9905;-298.9748;
616732.392;375068.900;375062.779;-249.1751;-143.0118;-143.0384;
757886.151;501860.479;501860.172;-256.2838;-340.3470;-340.3213;
865534.004;387929.599;387929.867;-154.0401;73.4725;73.4706;
686934.313;445671.820;445671.311;57.3046;102.1390;102.1433;
757936.202;515400.336;515399.865;-710.2718;336.4610;336.4546;
823965.317;527944.349;527942.442;-111.8636;-10.4146;-10.3981;
861164.995;423338.317;423337.509;-163.6564;25.8445;25.8441;
732470.083;521522.230;521521.537;366.6085;463.1667;463.1359;
799025.439;547502.256;547501.353;10.0212;19.6531;19.6383;
699902.977;501331.959;501332.509;89.1883;-149.6010;-149.5968;
781864.829;528195.184;528195.022;357.1221;579.8643;579.8565;
727046.262;497931.698;497932.338;74.3345;-205.5413;-205.5276;
748142.878;499340.831;499340.472;333.8959;172.1368;172.1226;
760380.202;524120.894;524120.254;-319.5489;543.8021;543.7673;
745294.727;564716.317;564716.153;-14.7618;214.2163;214.2001;
742027.298;515333.722;515333.584;260.5649;390.2666;390.2482;
746810.578;528885.554;528885.061;-288.0355;-48.1186;-48.1054;
765663.192;469056.685;469057.016;-240.6866;261.6974;261.6858;
726530.255;514912.457;514911.855;91.6537;-278.0120;-278.0048;
729751.497;499228.406;499228.652;-22.0187;298.0410;298.0348;
722771.461;451312.877;451312.642;-38.2943;42.4661;42.4665;
816525.497;546538.697;546537.319;-285.3032;-310.5991;-310.5824;
707542.135;510262.994;510262.902;-189.5569;-117.0798;-117.0661;
770852.095;500050.984;500051.102;-472.4443;26.8168;26.8247;
824535.967;595032.255;595030.982;-81.4777;-127.1697;-127.1346;
733239.269;528367.562;528366.829;142.9078;63.6877;63.6838;
731403.984;495978.772;495978.830;-101.6647;65.7356;65.7281;
692729.743;557212.798;557211.234;100.4405;-195.2919;-195.2881;
646895.219;355668.528;355669.357;-73.1174;47.5605;47.5649;
728756.000;504307.407;504307.612;-269.7061;105.1041;105.1133;
735904.371;516213.813;516213.160;-228.3186;46.6287;46.6569;
798035.442;555152.073;555149.309;-104.1892;-72.6953;-72.7013;
714009.354;429667.081;429668.321;-175.2984;-119.3087;-119.3047;
742851.747;501140.467;501140.242;444.8967;-89.1740;-89.1691;
752729.721;490391.485;490391.751;-31.4111;123.3005;123.2853;
788339.754;526984.001;526982.258;-298.9161;31.3083;31.2827;
732596.694;517510.640;517510.184;411.8927;-18.6449;-18.6519;
616485.157;300439.523;300435.867;-181.4251;-139.7463;-139.7545;
742480.827;515874.289;515873.414;-512.9685;120.8885;120.8531;
783087.329;536153.668;536153.511;33.9289;304.9760;304.9368;
743185.333;500048.170;500048.038;-646.7661;186.0449;186.0304;
739026.726;518525.592;518525.244;319.1191;-91.5502;-91.5468;
706338.937;422986.001;422986.311;-119.5194;218.3995;218.4069;
746365.138;465839.786;465841.874;-35.4278;-273.5651;-273.5471;
704859.265;510314.921;510313.757;262.1848;180.0737;180.0651;
749206.841;505392.135;505391.816;225.6310;55.2417;55.2419;
768033.424;509468.125;509467.935;-237.9240;-681.4536;-681.4040;
746728.862;503980.653;503979.979;-365.5366;-329.5402;-329.5286;
595983.382;490596.941;490597.411;122.3933;133.6111;133.6063;
760154.760;513548.676;513547.912;388.5609;40.1010;40.1150;
753868.689;506342.823;506342.460;-28.8361;50.4529;50.4578;
788007.479;573718.569;573713.487;-313.5359;-248.2138;-248.2108;
752776.918;517617.015;517615.315;284.3552;276.3583;276.3616;
857500.630;451224.453;451225.515;-185.3832;-46.8966;-46.8964;
760139.176;497219.480;497218.634;-283.2808;-745.7164;-745.6897;
753258.085;506319.340;506319.496;-983.7064;-299.9366;-299.9009;
758691.853;482825.744;482826.477;-203.3264;-98.9400;-98.9281;
740219.442;517446.132;517444.808;-612.1725;-364.7436;-364.7164;
762119.036;521697.005;521696.475;-75.3998;-187.8850;-187.9190;
748592.658;510671.844;510671.662;241.8800;205.3336;205.3360;
768622.558;550139.905;550138.048;145.9789;308.0087;308.0016;
812443.744;580302.022;580299.992;-349.2090;-148.3020;-148.3104;
696163.643;524931.497;524930.213;-363.4320;-198.8079;-198.8019;
839837.154;537793.426;537791.767;448.9430;36.5965;36.5701;
717522.883;503292.531;503291.735;212.8591;265.7832;265.7901;
760602.529;484470.661;484471.703;158.8511;-164.3895;-164.3802;
825009.885;614446.854;614444.623;-221.3442;-118.9750;-118.9912;
842940.856;461177.737;461178.075;-285.7101;180.8534;180.8622;
770399.967;489355.065;489356.062;-223.8017;-207.5004;-207.4983;
720013.305;507818.443;507818.694;78.0198;272.5660;272.5528;
741251.789;518583.436;518582.336;-324.2338;474.2070;474.2222;
823571.012;598380.581;598379.725;238.8421;257.2404;257.2338;
725657.132;492957.254;492957.572;-60.5630;-127.6505;-127.6304;
744963.860;508546.436;508545.461;242.8190;205.0879;205.1095;
735369.504;510910.984;510910.907;-782.7850;-470.7854;-470.7611;
705663.881;502940.775;502939.323;138.5029;191.7198;191.7161;
