# This file was created for the Modelling and Simulation course, RUG (September-November 2019).
#
# Project: Simulate colliding galaxies, using Barnes-Hut algorithm.
#
# Students:
#     Stefan Evanghelides (s2895323)
#     Hidde Folkertsma (s2759799)
#
#     X         Y         Z         DX        DY        DZ
277668.632;530335.028;530332.727;411.3683;-152.2819;-152.2647;
359783.427;519310.573;519310.271;-740.9998;113.9037;113.8291;
319681.998;773534.190;773529.753;91.4811;119.4100;119.4070;
203964.986;324699.091;324703.171;-11.2989;-48.0384;-48.0373;
241823.824;641761.205;641787.312;211.9351;-126.5714;-126.5789;
305859.026;511449.331;511450.897;-264.0277;247.7528;247.7049;
289268.553;502383.034;502381.607;137.9305;-138.2294;-138.2316;
490694.263;418690.942;418700.057;480.0169;8.3070;8.3039;
313820.900;514021.585;514021.964;208.5371;244.5059;244.4871;
337087.625;475486.717;475489.364;281.9290;165.0487;165.0299;
482433.216;383194.290;383190.103;310.0953;7.5056;7.5045;
350112.828;424046.198;424043.565;234.0316;95.0821;95.0304;
324247.198;517171.610;517173.189;-88.0053;-379.6756;-379.6867;
420954.673;500377.270;500375.295;211.0941;260.7526;260.7528;
307182.452;507164.611;507165.191;934.6825;-465.1739;-465.1955;
406061.123;513234.178;513233.175;460.6356;197.8274;197.7725;
337706.485;543107.236;543109.459;14.8595;-83.8386;-83.8486;
330446.416;515769.011;515770.581;1066.8180;-40.9993;-40.9983;
329299.360;473507.444;473509.925;77.6986;514.3563;514.4713;
348644.025;504619.166;504621.328;562.9345;389.7077;389.7158;
205661.120;171051.763;171046.285;49.0854;-71.1187;-71.1195;
332953.446;495889.740;495889.859;505.8284;-296.4614;-296.4490;
329514.947;513511.042;513512.581;-224.5388;-186.1889;-186.1886;
361068.721;513474.788;513475.487;481.9439;72.2109;72.1914;
335809.997;515299.435;515300.219;1282.5638;-41.8574;-41.8119;
342615.150;480625.787;480630.887;-357.4817;-11.4309;-11.3652;
337830.787;517552.292;517554.072;860.1313;143.5265;143.5402;
225076.567;543793.692;543794.840;240.7695;-114.1709;-114.1818;
307802.528;515934.740;515935.418;442.1196;-308.1876;-308.1735;
331361.900;510230.781;510231.884;-212.3661;231.6162;231.6327;
321396.844;514208.233;514209.743;512.7603;-134.1217;-134.0674;
332529.416;519451.119;519451.997;342.7922;-214.0468;-214.0364;
355701.616;514894.250;514893.974;-545.6567;-307.0188;-306.9655;
334772.790;515042.759;515044.562;438.2921;-0.3435;-0.3587;
311385.092;511447.987;511448.382;711.8276;56.3873;56.3502;
345077.318;511411.398;511412.370;69.1746;-114.7950;-114.8185;
331980.076;516035.147;516036.753;360.3581;81.2351;81.2064;
359000.918;477575.388;477575.927;-73.5019;33.9851;33.9861;
296675.521;541891.494;541893.654;-16.5237;383.5273;383.5335;
314753.505;516509.928;516510.131;412.5004;-357.9497;-357.9785;
326245.404;519070.917;519072.343;149.2517;130.8442;130.8210;
324168.319;522538.804;522540.146;76.2808;483.3632;483.3892;
378432.396;494257.691;494257.912;271.5976;-15.4675;-15.4914;
343581.246;514832.374;514832.759;548.2523;146.5513;146.5519;
367759.339;516595.815;516595.991;-835.2781;136.2652;136.4262;
362193.829;546272.958;546272.564;424.3390;-63.8338;-63.8235;
341426.113;475965.093;475967.345;430.7919;-177.2946;-177.2896;
397780.347;541416.403;541419.393;-40.7285;-235.3708;-235.3650;
542036.112;489004.599;489007.760;571.4404;-50.9464;-50.9380;
283708.675;513710.301;513710.963;146.2371;-370.5071;-370.4768;
215818.424;564690.889;564690.292;276.8835;-4.8079;-4.7928;
325788.121;515487.714;515489.000;208.4549;514.2499;514.1937;
311004.784;485861.751;485864.023;148.8971;475.7344;475.6751;
394540.971;499301.106;499300.706;153.9478;19.4841;19.4148;
341943.832;516977.924;516979.254;101.2157;-1.3936;-1.4091;
366978.372;524259.233;524260.761;216.5146;62.8945;62.8683;
369512.119;517012.133;517017.565;-771.7688;68.4282;68.3339;
238621.381;514611.482;514612.440;-218.7377;165.2469;165.2262;
347374.892;511365.290;511366.226;95.9544;-206.5964;-206.6107;
352965.445;521492.087;521492.410;359.8778;-214.0758;-214.0115;
335322.000;511815.185;511816.565;384.2150;-339.7036;-339.6781;
324641.663;517877.432;517878.423;-19.5789;-384.4724;-384.4638;
343316.030;531866.659;531867.565;202.5441;44.6472;44.6582;
332077.044;513383.388;513385.217;554.7825;522.7860;522.7923;
320886.687;536635.713;536637.027;47.9145;-172.9240;-172.9389;
327808.896;524145.590;524146.933;1100.1708;3.4784;3.4760;
296245.972;538955.045;538954.246;111.1764;-115.2206;-115.2189;
359645.377;510070.935;510072.329;303.8061;281.1112;281.0944;
335475.663;518469.542;518470.647;612.8424;418.5556;418.5361;
337545.658;509380.315;509381.528;371.6995;119.3944;119.3821;
406455.924;470349.681;470350.213;-158.0580;-49.8539;-49.8393;
298173.569;519235.509;519235.928;838.8615;-33.3200;-33.3167;
240688.564;550873.690;550875.920;-84.4960;104.4367;104.4283;
307881.090;524197.422;524197.638;112.4083;-49.4492;-49.4339;
219538.156;512940.130;512942.213;481.2065;-11.7052;-11.7119;
301015.548;594064.699;594055.363;154.1043;102.1127;102.0969;
350088.624;519268.822;519269.341;-191.5377;9.6221;9.5876;
355627.757;513923.619;513924.623;289.5601;-101.5497;-101.5268;
342822.070;514289.780;514290.867;-626.3160;33.9994;34.0529;
333927.874;514009.874;514011.367;-644.6333;429.2248;429.2221;
329905.191;517749.474;517750.525;48.3502;-200.2250;-200.2329;
317737.586;464859.019;464860.589;463.9108;-237.3193;-237.3130;
307069.169;503415.395;503416.584;539.1369;123.0953;123.0826;
295740.667;507458.099;507457.350;390.9465;288.6348;288.6289;
382334.892;497606.033;497605.656;122.1760;-117.0295;-117.0434;
351390.113;467572.465;467569.603;-302.8231;111.3126;111.3155;
300261.151;533068.179;533067.458;673.3659;-245.6224;-245.6109;
288165.939;523328.023;523327.993;138.4484;-36.1893;-36.1854;
334225.054;514647.466;514648.164;-344.3797;-78.0092;-78.0497;
334443.637;549754.077;549757.063;189.2062;233.0670;233.0615;
342605.445;517271.911;517273.526;340.9490;-93.9589;-93.9771;
305604.801;498514.828;498514.982;432.4021;-89.3889;-89.3470;
307545.862;515103.324;515104.472;352.5602;205.3993;205.3820;
360656.499;526525.188;526527.933;371.2960;27.4429;27.4545;
313716.312;531781.316;531783.204;-833.0517;-131.1294;-130.9715;
325731.373;522789.897;522791.702;-568.2416;-274.3298;-274.3416;
320900.078;522933.306;522935.138;-725.9987;41.2575;41.2584;
269156.544;646341.265;646347.333;51.4989;-12.2081;-12.1980;
185668.233;384385.392;384391.580;34.3078;-153.9647;-153.9573;
685701.666;563785.368;563781.479;-130.1568;202.9997;202.9733;
661553.145;509409.789;509409.131;-926.2013;-237.9316;-237.9103;
638184.693;508654.514;508653.533;324.4876;66.0848;66.1078;
652768.197;523161.067;523159.471;-344.2642;171.5899;171.6172;
796774.758;550020.692;550016.110;-61.5388;51.3114;51.3112;
664231.405;528309.647;528307.992;-141.4304;-89.5356;-89.5220;
659722.195;514088.840;514088.350;782.2061;371.2697;371.2472;
656836.699;540837.111;540835.364;-585.9531;-247.4679;-247.4682;
670863.526;480368.115;480370.299;-46.0915;142.8483;142.8316;
647612.135;466099.654;466100.144;-474.0999;-75.0593;-75.0649;
783376.971;621328.881;621332.272;-133.5509;-36.1499;-36.1434;
700880.837;502243.312;502241.666;-400.5984;296.6230;296.5994;
674643.687;531340.699;531337.896;-470.8171;-375.7968;-375.7566;
648121.770;513676.147;513675.700;-429.1998;-254.6420;-254.6030;
676912.652;516750.558;516747.766;-658.4897;632.5307;632.5427;
658515.404;512430.200;512429.615;-870.7521;247.7396;247.7589;
642856.394;538648.228;538646.896;-356.3795;742.3827;742.3039;
667353.039;517800.559;517799.919;-466.2712;15.3772;15.4059;
593940.018;582867.523;582858.303;5.6255;-54.4695;-54.4709;
608705.877;363465.565;363476.230;-196.3927;-60.5458;-60.5392;
606810.667;532737.297;532735.850;-393.0578;-407.5518;-407.5336;
659633.647;523053.607;523052.239;-494.2141;-543.7850;-543.8065;
635310.065;391060.185;391062.966;-122.2016;-46.2150;-46.2105;
449493.847;316603.665;316584.678;-203.8312;-2.1519;-2.1595;
666355.291;514747.113;514746.559;-670.1291;-114.9294;-114.9187;
526646.089;639998.302;639987.528;-476.8047;153.0366;153.0168;
613795.521;468820.670;468823.300;-429.3034;-165.2128;-165.2041;
803312.510;566417.167;566410.019;119.5133;94.9647;94.9695;
624650.261;538604.372;538602.722;-651.6012;-22.9780;-22.9911;
673779.305;581355.191;581349.981;-54.3948;70.7191;70.7262;
687416.637;515566.363;515566.140;45.3299;-129.8485;-129.8603;
639435.763;508088.882;508088.105;307.5368;108.5021;108.5330;
661707.757;511163.102;511162.247;-104.9633;86.5848;86.5676;
702538.266;649337.640;649330.404;-238.1492;-62.1243;-62.1217;
642246.424;503431.429;503431.776;-448.4485;-56.2389;-56.2464;
628828.637;525835.340;525833.778;-771.4560;-122.5344;-122.5358;
629767.559;517445.927;517445.233;355.9270;-321.8808;-321.8484;
544227.165;495873.699;495874.413;-448.4160;112.5246;112.5103;
665080.768;509340.679;509341.276;842.0438;-346.8333;-346.8030;
643124.375;527862.028;527860.595;-330.3109;32.3273;32.3706;
658556.659;545091.729;545090.484;134.0171;559.3894;559.3408;
642547.563;505347.749;505348.240;-363.4582;51.0356;51.0624;
673048.003;501754.222;501753.712;-389.4742;122.2816;122.2688;
753644.476;602522.296;602508.293;-3.3624;101.4330;101.4141;
676045.920;465174.250;465173.867;-506.7808;133.5701;133.5654;
671318.920;506257.687;506257.096;-106.9817;45.2156;45.1932;
680086.360;518197.075;518196.277;66.3100;203.0908;203.0873;
506562.130;420843.366;420855.366;-374.1856;-89.1003;-89.0850;
708115.826;477378.085;477380.353;-290.9590;-150.8182;-150.8063;
676784.768;535048.401;535046.516;35.7045;212.2421;212.2610;
808184.508;445470.546;445474.085;-107.2311;54.8769;54.8697;
748835.191;524500.481;524494.145;255.9314;-180.3583;-180.3648;
666985.962;514978.420;514978.023;-124.0819;-566.4310;-566.4083;
670619.487;505824.656;505823.629;79.2143;260.0088;260.0020;
688694.598;547077.731;547071.712;-515.5725;-394.3477;-394.2805;
601321.276;425455.656;425459.108;-111.9749;83.6237;83.6265;
660386.911;532098.108;532096.236;-153.2611;-218.8177;-218.8019;
646193.078;517986.832;517986.058;-276.3020;-343.7532;-343.7308;
670096.570;509793.237;509792.658;-1046.0306;73.5036;73.5351;
666464.502;536934.959;536932.140;-398.8218;-92.0949;-92.1064;
474690.583;228917.577;228908.312;-181.5882;-46.4521;-46.4581;
658650.142;509389.642;509388.458;-190.0171;371.1477;371.1111;
624085.101;528083.632;528083.037;-434.1169;174.6556;174.6451;
624018.871;521382.377;521382.037;-64.8325;509.0794;509.0365;
648300.282;499114.254;499114.068;-200.5047;116.9987;117.0027;
713701.204;513147.197;513143.729;-726.4457;-229.7635;-229.7748;
609657.973;531960.664;531959.743;-283.3137;520.1393;520.0888;
663756.249;529697.584;529695.244;249.6640;-458.0998;-458.0301;
676152.556;512900.700;512899.306;168.4009;-180.0460;-180.0348;
748923.865;507817.129;507815.456;-261.2791;97.9830;97.9361;
684129.737;511252.847;511251.931;-196.6665;-348.9431;-348.9125;
851765.699;447635.951;447638.709;-134.1693;-81.9449;-81.9431;
666751.577;515675.529;515674.364;400.9533;-38.9490;-38.9509;
661333.650;524178.364;524177.302;251.9422;159.7582;159.7755;
665303.565;517852.347;517850.229;-790.7618;-455.1177;-455.0913;
643653.226;510094.524;510092.843;-203.1769;35.6524;35.6821;
672636.582;547349.328;547347.299;157.5903;124.5218;124.4902;
879067.727;538004.401;538001.053;248.4101;-9.5505;-9.5666;
676520.373;510143.834;510143.584;77.5102;-74.9411;-74.9074;
643393.329;516615.326;516615.216;338.5151;213.5761;213.5223;
674237.276;516775.322;516774.496;135.8844;-308.5137;-308.4973;
660059.469;537078.526;537077.400;-434.1907;-236.8851;-236.8745;
642431.944;510681.250;510681.667;460.8070;156.5387;156.5319;
678494.557;526270.972;526269.461;615.1277;489.8998;489.9118;
541189.456;292927.856;292931.298;-296.1511;-240.9071;-240.9121;
576939.352;531929.714;531926.989;-7.5444;-192.0831;-192.0650;
972142.899;521348.791;521333.492;26.2981;-35.1226;-35.1337;
631360.486;536994.777;536990.410;228.4980;-130.0958;-130.0705;
679376.173;508358.342;508357.874;-293.2961;57.2862;57.2777;
667491.681;519750.445;519748.299;1054.1739;18.4340;18.2699;
625254.860;584451.602;584447.872;-473.2220;-46.5497;-46.5668;
662899.625;517517.794;517517.014;-731.6748;446.9252;446.8778;
643844.383;498355.071;498356.306;-6.1860;-196.1769;-196.1669;
683326.335;508604.681;508604.628;-473.5745;499.1340;499.0545;
941143.520;748910.513;748902.716;110.0487;160.3914;160.3830;
655456.629;515495.212;515495.170;78.4492;-31.1964;-31.2169;
639762.469;524339.890;524337.533;124.2050;230.0495;230.0124;
660961.481;509458.330;509457.640;-625.6130;170.9789;170.9476;
692142.737;507837.914;507838.974;26.7958;-58.1994;-58.1889;
