# This file was created for the Modelling and Simulation course, RUG (September-November 2019).
#
# Project: Simulate colliding galaxies, using Barnes-Hut algorithm.
#
# Students:
#     Stefan Evanghelides (s2895323)
#     Hidde Folkertsma (s2759799)
#
#     X         Y         Z         DX        DY        DZ
553125.162;498549.320;506344.417;-138.1698;-0.9318;47.9539;
538017.944;536488.082;535674.606;-85.9516;-474.7130;-369.8575;
397598.584;394958.978;405053.550;-314.1459;19.4312;21.8409;
507070.978;533580.039;531964.623;741.1454;-189.3997;-109.8204;
494054.762;543288.293;538865.867;-304.0596;-191.4401;-153.4463;
512970.238;436978.834;441665.250;-367.8655;74.2290;61.3036;
573758.123;925316.739;946319.386;-27.6639;-53.6681;-49.4223;
488717.443;818360.445;818162.000;-102.4384;69.2419;45.1392;
453558.767;475879.274;500026.371;-166.4917;-242.8521;70.5400;
638919.397;507939.798;515190.833;248.2348;245.1474;175.7135;
508045.189;532832.878;531512.847;191.8378;297.8940;324.5724;
478801.036;679872.323;682065.534;-195.0043;-199.3759;-201.8137;
531935.221;542289.648;540019.912;39.1294;452.9157;297.9873;
534899.063;590742.159;582016.992;199.9958;-455.9272;-403.4054;
446749.884;364909.962;362004.735;217.4990;52.4705;105.0465;
484081.871;542899.598;545400.683;659.1161;-3.6486;-14.6611;
527044.995;547511.635;543337.006;509.2507;-269.0465;-157.2938;
502114.163;511607.870;512535.951;-167.7805;579.7796;456.6350;
416376.896;595619.133;574155.872;35.1258;50.0747;64.7499;
561494.094;540841.134;540419.474;158.0852;453.8771;290.4992;
514559.316;545520.185;541149.056;114.5534;-5.0736;-80.3058;
529074.120;526856.131;528365.425;621.4268;-737.2008;-485.8395;
541216.813;554764.260;549094.741;602.3835;410.7814;333.5390;
543728.443;558427.908;552936.708;-437.4828;-613.2399;-463.5131;
530295.415;535548.244;534636.600;-763.7184;96.5294;119.3246;
809906.735;197285.102;196843.616;-66.1780;57.7958;57.3843;
671298.799;597055.150;651893.725;-79.3457;-113.1157;-106.8568;
527233.382;570732.569;561020.905;351.9657;-281.3893;-226.5538;
528150.477;535366.604;533109.398;-828.6679;-131.1480;-169.7438;
313562.362;511474.414;519674.894;212.9166;159.0732;30.0774;
607984.828;588846.528;579806.518;393.1619;298.6967;336.9994;
317579.312;544416.653;569571.770;93.9757;-103.2155;-169.4802;
691193.324;697613.083;713385.269;271.1739;147.6845;189.1636;
594877.102;597058.632;588550.194;82.1332;253.4882;197.0871;
540198.275;567016.335;561759.025;288.0708;118.7787;57.7613;
536165.630;541092.151;538161.199;538.1639;-623.3978;-546.8629;
667100.874;607634.060;623618.289;234.8431;-141.1679;-54.1272;
541724.877;548670.182;545320.008;-226.8288;499.5149;328.8451;
535998.937;536719.974;535641.005;-158.0102;-205.4958;-155.9492;
552202.738;540279.885;538624.423;-573.5480;47.6888;9.7333;
518009.259;531671.907;531085.903;109.5146;394.6240;364.2632;
591814.775;619023.809;598167.411;92.8323;164.9226;122.6894;
614364.002;553836.646;557784.251;245.8617;204.4381;186.9678;
922126.543;460123.525;454181.502;107.7959;49.1071;42.5606;
899131.034;386662.542;376188.431;183.3315;-12.6198;18.3377;
517817.636;542444.770;538326.526;461.5332;81.0594;65.6453;
544384.195;543162.210;541236.286;97.8046;470.6228;401.6816;
545075.751;553817.266;546413.789;-1204.0719;-449.3628;-304.1633;
467076.641;616198.283;603791.099;-43.4004;-114.6602;-70.0437;
524653.004;529695.553;530786.236;-122.8683;122.0188;59.1959;
532100.308;560484.778;552181.461;108.5490;735.7755;530.3167;
298032.645;354975.053;320151.821;-116.7258;15.1061;-26.4253;
329762.546;573518.049;565789.035;91.5739;-212.4416;-179.6608;
734489.789;386984.716;410481.168;114.5140;36.2551;36.2915;
601907.366;580144.889;586925.375;-190.4275;-295.9000;-447.7525;
424751.799;695818.929;694362.108;251.6573;-39.4487;-40.9852;
550986.684;548767.217;546287.326;-210.5991;144.4006;121.3429;
536980.476;554884.207;549301.430;122.8408;-498.4743;-361.2751;
549736.108;550405.401;546556.034;492.9058;-484.9980;-299.6048;
528634.876;536099.460;534483.699;1080.4196;-8.4071;121.4720;
518814.661;546058.454;540995.010;458.2387;-873.5698;-686.9023;
530218.979;543061.551;540235.465;-396.2218;481.8882;309.3386;
499951.398;587807.265;577089.788;21.7494;526.4218;357.0155;
485444.633;605240.257;599865.565;424.9111;272.0620;214.1119;
492007.614;484124.804;500333.951;-162.0239;246.2618;254.2293;
206703.421;646378.911;593907.158;-162.3625;51.5248;34.4195;
281181.741;525645.400;524083.967;-39.0402;-167.6672;-63.3569;
412139.328;597857.089;596275.433;7.9200;-60.6804;-45.9826;
535808.800;543729.927;541927.788;-615.2798;139.7349;106.2693;
902971.504;436415.533;428187.129;75.7520;17.2028;2.1249;
503760.153;534359.357;532554.357;80.1934;-130.2754;-76.4345;
488745.813;546305.200;541416.740;168.4941;-193.4797;-169.4572;
571387.464;644603.298;616838.098;138.5643;542.4735;363.5136;
910418.998;379523.479;384485.930;72.2633;67.5748;34.0055;
528641.337;545308.671;541718.456;452.5090;197.1052;100.8230;
551510.370;527838.229;529549.131;48.7294;282.1315;239.1417;
468204.761;536275.144;534952.890;673.5623;-435.3301;-445.4853;
527161.791;554009.912;548745.106;-41.1450;-714.9955;-587.4371;
520169.088;552274.684;546736.183;-338.2931;95.8710;-16.5526;
519849.448;521370.021;522849.415;-316.3745;-478.7347;-346.5893;
352224.458;360367.445;344619.792;92.3345;93.1127;63.8484;
527805.974;546018.536;541277.149;-391.2334;-497.8507;-388.5462;
583986.975;126650.855;109703.038;135.0043;-19.9018;-19.7763;
535960.365;551500.855;546078.749;273.4952;-781.9649;-547.0931;
694505.174;523993.271;523450.918;-169.7642;-67.6804;-67.3710;
756235.297;528802.836;527871.403;-307.2997;-64.0081;-62.2222;
540776.741;546082.262;546570.608;-621.4021;-1076.1548;-1000.0742;
558302.779;525375.480;526394.686;528.6503;593.6116;494.5774;
292476.947;561651.408;568070.538;40.4442;65.7963;166.2865;
588854.788;455348.639;453473.484;-277.9920;100.2691;84.5214;
949381.518;532869.524;530342.267;44.8372;-94.7056;-100.7667;
525173.025;550435.680;545698.582;-363.7215;372.6287;289.6030;
558462.992;534531.321;533368.345;-442.1545;225.6481;113.9648;
509658.106;537637.923;536461.528;100.6222;-189.3557;-101.9391;
547703.122;515710.980;521351.845;-650.7011;-322.4626;-202.2597;
322983.654;417374.715;433486.608;-81.2155;123.9660;126.3897;
744440.696;616234.358;613825.583;-258.6693;-134.0831;-131.0089;
554994.826;532827.733;532227.312;513.2366;-264.4890;-128.3269;
519791.162;562863.733;557203.016;170.7161;139.8734;141.2460;
520036.203;555944.585;550684.773;-822.2848;-747.0113;-709.3081;
559034.464;544723.495;543332.667;737.2724;473.6438;524.9379;
471670.540;641053.390;640663.446;316.8715;-51.6744;-31.4109;
576036.527;532862.791;530413.133;-50.4531;-175.3516;-126.9087;
460946.488;378126.948;355125.195;-8.1415;135.2939;111.3447;
528768.572;561987.108;555541.984;475.1564;-403.9829;-227.7013;
571016.909;597587.916;572512.636;551.1814;423.3339;319.0934;
945814.213;307798.803;324384.304;-68.8432;9.0506;41.3405;
594205.290;469283.946;461873.222;-207.3957;-225.8943;-203.5844;
535534.330;526212.867;527747.893;-519.4085;-291.3015;-237.3300;
510051.163;557158.509;549343.427;26.0113;127.4155;75.3249;
527690.661;551872.457;545695.353;-139.1049;719.5955;546.3055;
328609.997;491543.827;498282.283;-106.6661;-181.3817;-139.6305;
367080.919;455422.673;460562.299;3.7102;248.4739;197.3642;
508460.956;504338.184;498153.173;198.1254;410.0946;147.0836;
540897.518;537866.356;536741.215;-327.8047;-62.8445;-71.6432;
568486.466;464308.688;457079.976;-327.3416;21.5854;8.9637;
541869.722;552936.923;548506.290;-306.6213;256.1088;88.5103;
517129.532;542573.141;538346.537;251.2082;134.6111;134.2319;
288059.116;529204.429;521910.752;-140.9180;38.9635;78.7528;
535372.193;541344.717;537921.367;307.5403;-146.4681;-103.5174;
562595.210;536056.678;536836.388;-898.5931;206.3807;190.2544;
540162.479;549225.140;545215.037;-66.5619;1075.0650;759.9863;
705577.655;411331.892;421124.702;-201.3207;12.6090;40.3636;
522092.735;581758.171;561186.667;1083.2836;194.1524;453.1328;
513123.673;541370.691;537482.257;-430.4925;68.6432;46.7460;
528466.944;557146.615;553209.350;-1424.7164;173.0226;252.6164;
435055.368;500550.662;492937.849;126.4029;-236.9362;-216.1719;
527022.836;551164.339;545014.540;376.5857;172.6265;234.9559;
554109.420;540496.909;536640.116;-148.7006;-58.5802;-140.9086;
485916.836;533725.731;533252.852;418.6006;-177.5497;-216.6905;
286080.679;517713.469;503806.718;22.5514;-3.6981;-100.1098;
543945.792;596900.693;579649.728;74.7720;623.8803;424.9933;
525850.397;550857.035;542875.103;457.8848;-66.7911;-80.4832;
518532.125;547338.954;541740.706;700.4150;-109.7675;-22.4271;
514889.140;543795.976;539296.031;602.6049;218.4220;126.8180;
537029.423;552445.552;548561.223;140.1503;425.9117;255.9960;
557645.577;539950.255;537280.247;245.6719;-614.8171;-444.0615;
495966.253;609328.446;587784.376;-385.2675;-6.6209;21.5559;
468733.006;482126.991;492897.587;-250.3977;89.6175;127.2460;
496138.417;540413.450;541893.389;496.4046;565.7658;357.4245;
543080.635;276473.297;276624.764;160.4047;11.4530;45.3511;
536178.337;564188.979;553888.434;-318.7039;-488.8856;-493.3591;
556320.052;587564.359;576349.621;-252.5637;122.3069;-65.6296;
543662.570;547510.700;543582.145;845.6410;21.4163;64.0047;
549160.978;551611.419;550979.644;290.9607;115.4229;172.9615;
510874.233;522771.148;523879.784;-682.4630;-388.2970;-263.1112;
512196.628;533602.593;533961.139;-473.2158;183.3538;161.1647;
