# This file was created for the Modelling and Simulation course, RUG (September-November 2019).
#
# Project: Simulate colliding galaxies, using Barnes-Hut algorithm.
#
# Students:
#     Stefan Evanghelides (s2895323)
#     Hidde Folkertsma (s2759799)
#
#     X         Y         Z         DX        DY        DZ
462209.055;539469.592;539459.944;-234.6524;-66.7346;-66.9816;
438808.529;507677.948;507696.317;-195.4485;-249.3516;-249.7526;
570920.608;901036.972;901028.397;112.3540;-0.1475;-0.1487;
317269.240;348284.773;348282.907;105.9410;86.2156;86.1852;
461519.748;552253.173;552244.509;622.0946;401.0699;400.6006;
463881.227;520121.173;520087.976;944.1502;-162.0843;-162.6933;
788361.139;873670.910;873550.409;-71.7592;176.4866;176.4198;
123433.239;548853.488;548847.681;-278.3312;15.5950;15.5116;
628090.811;401634.255;401685.593;90.7577;193.2105;193.1478;
423426.453;591741.773;591700.187;424.7120;104.0880;104.3333;
311390.079;516772.149;516698.805;-344.4413;42.3478;42.3634;
452752.970;547978.052;547979.178;763.7635;876.4976;876.4842;
344699.735;564166.537;564120.510;419.6486;-232.3789;-231.9807;
341315.517;421576.537;421560.016;234.3407;227.1253;227.4107;
440412.194;541122.979;541105.494;-827.3998;58.6581;60.7652;
442015.264;523063.351;523046.573;525.2061;312.5714;313.0093;
451757.008;295230.299;295198.794;139.5816;229.3680;229.3548;
508407.823;684329.158;684307.024;-49.3275;-100.4976;-100.4833;
453737.782;545812.025;545819.866;-457.9250;196.0195;195.8466;
462297.708;536112.757;536111.621;933.7564;-386.4374;-386.0942;
374483.068;486819.306;486736.728;-299.4313;54.4236;53.6483;
345398.289;515293.536;515245.249;-59.0205;-7.7089;-8.1045;
445625.089;538937.418;538925.085;-337.6039;-138.8422;-138.9560;
442342.108;381588.914;381521.054;222.9286;51.9622;51.8782;
467436.266;551769.660;551769.469;348.8800;84.5840;85.0789;
438961.703;534376.630;534391.777;-651.1594;27.5405;27.5271;
473085.033;533945.404;533935.644;-28.5959;483.9304;484.6360;
459646.854;538352.261;538340.030;1220.4303;351.6211;351.8160;
494328.306;547081.571;547113.815;14.3482;295.0737;294.8098;
468401.902;535158.975;535153.520;-110.9651;-53.5870;-53.0106;
486165.839;546360.853;546393.851;95.4675;-56.8729;-56.3578;
491629.123;545463.049;545485.572;61.2206;137.6108;137.8759;
791634.625;252607.132;252630.053;92.8023;-71.3798;-71.3726;
364328.363;412275.856;412226.131;234.9124;72.0677;71.8866;
494065.017;560583.821;560603.264;228.4827;402.6003;401.5341;
501535.445;492859.098;492810.676;-5.8979;252.6865;252.3672;
327128.408;407821.725;407791.860;203.0457;295.1576;295.2710;
473321.178;536078.977;536077.060;179.2674;-397.0455;-397.0111;
942982.996;537772.225;538077.464;-11.6313;-66.5343;-66.2501;
313004.579;413100.306;413061.200;-29.7319;39.1180;39.0287;
505098.933;500077.648;500027.227;-40.3370;-254.9155;-256.1796;
431000.809;464605.813;464586.802;-115.5118;232.6610;232.2961;
421338.681;539088.320;539059.420;328.9961;120.9988;121.3249;
688263.006;681021.256;681013.829;-195.5120;-74.3957;-74.3065;
467141.004;540222.537;540222.005;774.8306;324.2411;324.7247;
446774.333;501764.158;501741.532;-273.2225;365.1107;365.3322;
503731.280;355434.737;355381.896;-33.9484;-73.8080;-73.8832;
453814.860;547004.885;546998.429;-628.4440;-661.8074;-662.6735;
494261.012;524114.957;524112.148;171.4695;-105.2348;-105.9776;
714331.174;911360.531;911278.900;78.3717;162.3765;162.3154;
796476.808;181887.312;181906.740;39.4869;-65.9243;-65.9167;
465263.868;539540.234;539535.669;1854.9202;352.1809;356.2668;
993734.895;532782.962;532631.696;55.7209;-6.7764;-6.8607;
850086.224;600853.140;600824.446;51.5299;95.9844;95.9656;
392396.851;492846.283;492829.082;1.3886;-317.5774;-317.9024;
460589.129;530707.496;530721.225;-611.4476;-312.6477;-313.0624;
486441.949;532969.702;532947.616;264.2780;635.7028;636.6481;
467587.692;524837.941;524819.685;756.2052;675.6444;676.8062;
459554.223;532830.747;532824.013;-806.5542;37.1039;36.9283;
437828.826;547058.322;547035.244;-72.7309;-271.6035;-272.3717;
582174.011;679403.537;679470.197;-108.4995;97.6719;98.0194;
466287.499;543229.879;543238.335;687.2660;548.8359;549.1051;
733818.488;520395.249;520223.653;202.6867;-119.6333;-119.6692;
492827.079;501471.294;501396.597;-292.1530;119.8358;120.5231;
898755.875;583483.326;583449.008;139.6409;41.7672;41.7795;
461412.392;503843.178;503831.954;-360.2186;-60.8633;-61.8061;
269734.538;364416.952;364363.544;-202.3953;31.3601;31.2482;
206929.575;597975.039;598008.605;-314.7399;107.2552;107.2202;
628382.470;403071.888;403017.939;319.7227;-140.5804;-140.5862;
504177.352;541816.484;541731.792;-605.4852;-0.7102;0.5311;
477869.353;612164.328;612193.882;-254.1112;274.3279;273.9101;
436391.294;534858.812;534901.764;-586.8462;218.9164;218.3682;
404979.166;516559.683;516607.655;-740.2255;-474.8197;-474.9610;
578531.492;578829.568;578877.980;294.5961;-15.3358;-15.2070;
554993.120;544676.748;544695.586;254.9668;213.1852;213.0616;
479052.575;543049.280;543038.613;-1134.0781;287.1747;287.9590;
498454.042;601524.165;601532.639;187.2903;-39.2086;-38.9190;
489270.136;520372.862;520363.135;-568.3444;21.3588;21.1682;
514734.669;532897.708;532916.542;892.2457;-13.6316;-13.4360;
350965.828;549471.535;549418.227;-169.3203;7.7446;7.4231;
402695.459;512374.998;512351.965;-520.2314;539.3391;539.3428;
451259.092;526033.540;526034.049;-468.6302;125.8182;125.7023;
824713.750;625573.841;625407.483;526.1478;111.8688;111.4707;
680563.160;643484.376;643377.271;1.8484;57.9181;57.8336;
520798.142;605190.614;605207.699;-469.4510;424.0120;424.5043;
466401.444;530946.421;530945.101;-451.4120;388.9830;389.4146;
629058.755;584395.280;584278.979;645.3037;161.9928;160.3731;
481489.890;528369.266;528357.165;-1239.5329;-201.9454;-200.6571;
462534.259;541030.988;541037.140;212.8001;-178.0921;-178.2334;
463701.212;548984.126;548976.512;171.1777;-87.6788;-87.7819;
469757.277;529805.608;529795.962;165.3460;-502.8429;-502.7864;
504212.687;580705.419;580794.750;-351.6561;-377.1197;-377.6074;
480659.113;513885.318;513871.906;-307.6517;100.8855;101.4530;
470415.474;545395.867;545403.135;84.8935;-13.8268;-13.7522;
488843.311;524376.499;524403.865;353.5255;-589.3795;-588.5187;
414213.881;545454.691;545467.078;-171.1461;89.0399;88.3732;
469444.509;522690.918;522654.411;-399.7750;-360.3104;-359.8056;
488055.221;547603.697;547578.900;-390.5183;-599.5657;-599.7462;
452369.648;535000.613;534984.592;10.2723;401.4851;401.6824;
420518.434;503957.536;503959.365;-344.2933;611.3279;611.4915;
870517.076;458492.545;458462.322;40.0579;114.8153;114.8052;
453681.236;539497.646;539485.410;366.6102;-31.4638;-31.6609;
632518.828;531191.349;531050.709;51.6795;-118.6278;-118.9068;
707267.011;484472.656;484430.559;76.6462;-157.4876;-157.4566;
488831.533;535007.080;535011.656;518.9123;40.1420;40.2329;
338185.463;555135.745;555105.729;-88.6500;-355.2845;-355.5041;
595453.958;573461.734;573462.024;0.7862;-276.8232;-276.9485;
344701.931;497614.482;497475.399;-70.6183;26.5094;26.2487;
504941.396;639794.038;639747.572;45.6615;-76.3047;-75.7077;
552562.662;398357.434;398293.878;-10.3176;-138.6161;-138.6202;
477810.228;556713.038;556730.066;-463.0829;-216.1948;-216.9913;
779116.165;496601.914;496575.174;148.3028;-41.7948;-41.7968;
450729.371;577789.316;577779.675;-480.6605;-129.9451;-129.9443;
476834.013;518435.793;518428.344;-631.8446;-426.3377;-427.4942;
489416.132;544988.918;544977.261;-348.0373;322.2255;322.1026;
163892.240;353206.045;353197.031;25.1140;3.9783;3.9661;
484310.314;481061.306;481048.829;56.1606;-219.6014;-220.0366;
433367.394;726317.788;726267.933;-148.4705;229.6782;229.5480;
466410.381;503827.500;503763.184;478.6059;-318.7338;-319.5025;
463185.286;498514.420;498497.729;-464.7721;-149.4118;-150.2044;
465421.937;538119.144;538105.961;-1004.1171;453.6329;453.2283;
547098.908;493837.426;493783.602;116.2323;62.0485;61.5815;
481468.027;533165.517;533160.594;305.8062;-181.2356;-181.3958;
450090.804;525217.672;525213.511;-206.7593;-487.8975;-488.6036;
493350.994;534855.625;534822.155;-943.4395;445.3982;446.3923;
432735.640;530332.445;530316.526;258.1215;-186.7882;-187.4989;
424571.528;442986.872;442880.981;2.6462;-126.7465;-126.7008;
562637.399;390231.748;390175.707;-155.9796;-240.6587;-240.7303;
382268.732;863148.194;863147.487;9.8367;143.5306;143.5238;
460798.555;542162.219;542164.646;-558.1254;-322.4207;-322.4899;
485419.229;522189.414;522179.964;750.8692;-435.1805;-434.7140;
457536.773;533843.818;533835.718;60.0490;117.8504;117.2896;
721455.514;607083.527;606777.553;300.9054;-95.4031;-96.3938;
465102.111;610059.110;610084.451;-240.6286;11.5668;11.5977;
486813.938;528402.922;528395.355;458.6306;-248.8144;-248.3291;
457490.662;539608.909;539596.662;50.8308;-687.3335;-687.8765;
457804.831;499618.217;499635.120;171.7680;-496.2750;-495.2865;
229841.799;375036.075;375047.811;11.9662;194.7819;194.7599;
470466.121;542301.594;542317.298;100.1005;1085.7719;1086.0024;
453411.021;590912.672;590908.600;-233.0158;-49.9691;-50.2061;
525070.629;573014.865;572991.372;530.4792;-227.8760;-227.8216;
472639.768;544485.614;544489.168;109.7922;-246.3542;-247.1779;
134382.024;301552.050;301552.683;138.6749;-97.0496;-97.0377;
467754.804;542270.885;542270.066;1117.9898;956.4251;956.9958;
437428.683;531889.112;531866.091;-102.8414;-348.3496;-348.5955;
433702.973;536104.976;536095.507;86.6453;-417.4018;-417.4881;
522185.709;813620.423;813641.088;173.7337;-81.2214;-81.2208;
469172.691;535508.431;535497.454;507.6783;206.0324;206.4968;
515730.412;543433.817;543428.991;-1029.4022;-313.3134;-312.4311;
446325.662;567561.061;567574.861;111.8405;41.0963;40.2058;
446266.373;540484.625;540464.324;-6.2476;-124.0047;-124.3350;
493851.671;549846.244;549864.612;265.0289;255.8471;254.8455;
463152.317;551205.541;551209.754;780.9085;28.0078;28.6344;
375321.583;585132.588;585192.387;-390.6401;336.3731;336.5841;
440687.757;530332.666;530306.524;319.1959;-13.8342;-13.5188;
448391.724;535439.082;535425.052;239.4374;-372.2154;-372.5027;
468945.145;530754.841;530733.081;-167.2237;-87.8326;-88.6593;
487516.948;549442.632;549418.388;461.4510;358.6433;358.0742;
489284.817;553217.554;553233.121;536.6073;-88.3982;-88.8106;
478077.087;574512.668;574494.789;-739.0522;323.1611;322.6711;
443621.754;549769.698;549764.212;139.7530;-780.1754;-780.6428;
405493.760;519921.827;519961.174;-471.6540;-554.1608;-554.4315;
655250.772;575627.306;575522.664;118.0804;-109.5226;-109.7112;
465031.631;546304.115;546308.441;-117.0219;515.6614;516.8486;
473806.067;564136.462;564135.460;-585.0421;-34.8299;-34.5095;
423497.726;339817.671;339756.314;72.2220;-83.3409;-83.3017;
475325.027;553025.656;553024.662;-689.2445;92.7652;92.4365;
461962.721;542338.227;542337.125;-525.6526;488.5077;488.4135;
447926.027;534687.782;534656.557;-957.5037;86.6669;84.2463;
499850.126;541419.723;541417.468;112.5473;194.1113;193.3931;
489796.720;541310.829;541337.828;-34.8614;-214.9677;-214.9887;
470929.167;553408.362;553431.744;181.1952;-263.1071;-262.6691;
468898.551;544052.048;544050.523;306.2909;93.0981;93.3193;
