# This file was created for the Modelling and Simulation course, RUG (September-November 2019).
#
# Project: Simulate colliding galaxies, using Barnes-Hut algorithm.
#
# Students:
#     Stefan Evanghelides (s2895323)
#     Hidde Folkertsma (s2759799)
#
#     X         Y         Z         DX        DY        DZ
471437.805;530992.383;530993.422;120.0085;122.3304;122.5284;
483817.903;565736.979;565779.625;-21.4408;160.4598;159.8282;
555471.408;900644.432;900636.006;113.1568;5.9538;5.9527;
303266.999;337354.746;337356.682;98.5354;72.7971;72.7729;
466946.621;552561.320;552591.253;-72.1240;243.5611;244.0799;
493048.676;532929.615;532922.367;-9.7045;693.9439;693.4490;
797616.729;849090.269;848979.152;-63.2653;182.5350;182.4649;
164896.851;546557.163;546562.706;-329.1500;18.0416;17.9596;
610346.329;380088.999;380129.270;162.9427;126.3477;126.4827;
384519.618;560584.458;560534.112;121.5337;330.5978;330.4847;
379331.606;513307.788;513250.767;-682.6699;-6.8706;-7.2076;
474979.362;490878.411;490833.089;-348.6922;-101.5870;-101.8142;
314602.461;584594.120;584531.893;60.1513;-106.1961;-106.2033;
313493.997;392382.067;392326.103;163.6501;182.8993;183.0839;
438215.975;530385.254;530398.864;352.9949;248.7051;246.2249;
507410.141;546152.388;546157.107;-132.8928;105.3369;105.4439;
432625.584;266416.604;266386.860;139.0750;192.9592;192.9461;
514764.661;695947.374;695923.508;-43.1526;-69.7571;-69.7455;
471435.595;531228.699;531226.519;-844.0345;318.0200;318.0881;
475449.958;538191.025;538186.616;655.9206;-352.3902;-352.7019;
446079.971;503512.722;503532.536;-788.1607;-451.9644;-451.9193;
369732.610;518161.063;518155.561;-338.2654;-35.1778;-35.3534;
449394.053;535981.339;535987.471;503.5221;-18.6474;-19.0464;
412005.665;376666.575;376611.386;218.5926;23.1885;23.0899;
471287.308;547254.719;547257.927;-386.7403;-177.7343;-178.0904;
511021.086;543623.103;543607.754;30.1480;-1.9229;-2.4814;
471195.270;534763.133;534758.616;-724.9976;469.5977;469.7804;
500359.401;542525.068;542534.722;177.5709;41.6534;41.3863;
430389.423;530170.586;530189.862;-483.2293;80.5014;80.3399;
469973.219;537855.001;537863.159;-166.9644;-437.6296;-438.2516;
443589.400;520451.538;520467.848;-373.7139;-250.8065;-250.6231;
444148.310;527070.204;527081.204;-788.1649;-53.5662;-53.0052;
778512.214;262683.046;262704.916;98.8799;-75.8252;-75.8170;
328002.950;406959.158;406937.711;296.5729;26.8611;26.6823;
409492.965;523927.628;523884.594;-36.8973;-180.8619;-182.1475;
472160.958;502299.572;502304.536;410.8322;-461.3221;-461.3990;
308452.900;379129.877;379085.122;68.6043;125.4149;125.5270;
473933.667;542145.121;542151.751;-58.5213;-59.1473;-59.5163;
942509.592;546925.983;547183.530;18.6508;-66.6659;-66.2526;
326048.735;405449.412;405421.319;-143.5486;80.8461;80.8142;
435700.367;558918.947;558878.705;690.6335;-137.0138;-135.9587;
445950.078;439308.488;439311.446;-107.4978;134.3453;134.3187;
728452.439;981712.839;981658.865;-39.8401;154.7017;154.6793;
519235.369;544693.464;544680.944;-319.4566;-269.8133;-269.6589;
712185.606;688955.153;688934.605;-154.2804;-41.9554;-41.8546;
474303.647;533223.840;533221.765;741.2744;-7.4725;-7.8116;
486636.901;523958.535;523957.301;160.8111;-807.0592;-807.3479;
506950.217;369775.510;369733.868;-12.8069;-138.0501;-138.1389;
473626.000;514828.179;514804.955;925.5167;171.7507;171.8350;
434449.017;548958.317;548931.762;298.2970;-12.2452;-11.7778;
703173.508;888300.324;888227.210;84.7321;174.4388;174.3755;
790328.095;191795.863;191814.176;50.5100;-78.9370;-78.9283;
425163.274;519885.616;519917.414;-839.0540;-129.9877;-130.0823;
984721.542;533829.003;533694.719;76.2276;-8.8643;-9.0305;
841905.573;587617.608;587590.559;66.9329;97.9900;97.9804;
413130.710;541629.325;541642.037;-392.8858;-347.7541;-347.7826;
468775.799;534638.910;534622.616;-487.6320;-625.8213;-626.1942;
485053.786;539802.460;539806.151;-515.6508;766.8369;765.8715;
473716.860;545265.388;545275.145;-1378.0024;-3.4714;-3.1781;
459137.506;520256.979;520253.822;-328.6214;64.8065;64.6810;
486184.271;522255.708;522242.746;481.3940;-289.1729;-289.7741;
593528.270;661519.783;661535.898;-54.9499;165.0625;165.4496;
485155.940;538695.247;538686.673;468.7602;277.7413;278.3575;
701813.124;536824.684;536662.573;268.1958;-119.3208;-119.4293;
515400.655;503463.519;503393.799;-16.3030;-141.1859;-141.8624;
878359.229;577589.008;577553.922;158.5070;44.1820;44.1804;
449453.885;568284.634;568271.903;150.8623;-117.6583;-118.2241;
298490.760;361086.333;361048.868;-219.4786;14.7618;14.6423;
254133.621;582166.150;582203.430;-380.0281;124.1986;124.1831;
582301.496;422523.736;422487.511;368.4653;-153.8071;-153.9672;
419027.644;525527.563;525458.590;416.9644;184.6034;185.2936;
490904.512;541012.401;541020.819;410.5320;935.3700;936.6351;
468927.579;533455.650;533482.812;1127.7855;433.4478;436.7062;
554492.318;549979.052;549908.728;-793.8799;20.3583;20.2169;
509961.475;563015.905;563006.639;808.4734;402.3468;402.7139;
426627.552;535839.622;535834.739;1158.6189;-186.5766;-187.0905;
455648.760;538261.536;538261.316;914.3054;-371.1596;-370.3142;
465553.281;587451.587;587444.041;274.0991;272.4063;272.2926;
456864.482;544540.753;544549.294;722.0056;184.5996;184.5583;
374035.558;544006.174;543996.218;559.4007;-2.8521;-3.0673;
382790.429;547915.627;547910.855;-321.3945;26.3169;25.9570;
503863.920;468358.977;468349.347;-683.0836;124.0172;124.0681;
467100.516;548684.767;548700.680;241.0051;442.3981;442.3297;
748768.640;608959.261;608850.176;589.6064;130.5287;130.0943;
679134.566;634679.755;634584.013;19.5751;73.4423;73.3718;
568225.660;536710.323;536676.866;-175.6860;513.5809;513.7902;
451531.038;541076.645;541087.416;139.8797;214.5316;215.0252;
513058.242;555507.672;555587.475;1226.3640;320.0098;320.3135;
535176.161;564787.258;564766.454;111.0712;-161.9104;-162.5719;
464779.396;538797.818;538793.109;-201.7383;17.6158;18.1826;
468712.246;539603.756;539611.509;-293.3333;514.0560;514.6326;
471617.750;527906.847;527899.614;-47.3036;-318.3823;-318.6785;
537396.908;613375.363;613452.124;-160.4432;-137.9943;-137.6428;
34112.699;664734.869;664724.606;-348.0478;137.2067;137.1786;
439834.519;548614.509;548629.009;127.5927;198.2252;198.9130;
479162.329;537034.263;537036.222;43.5801;173.2661;173.1669;
477616.924;521151.844;521140.689;-1358.5439;98.5673;100.7565;
514570.176;537698.679;537703.716;-127.4272;-254.4894;-255.4119;
481273.245;519024.701;519029.741;-773.9825;-325.8432;-327.3630;
450559.099;507970.102;507923.314;-34.4544;57.6826;56.7068;
456937.336;523300.625;523302.649;35.8780;161.5204;161.5885;
488339.031;467575.378;467544.160;-555.1683;-51.8811;-51.7523;
979924.106;701457.364;701261.575;265.2865;-4.6422;-4.8647;
862847.231;443422.566;443393.973;72.1050;105.0298;105.0162;
449687.384;527629.502;527632.872;56.8498;120.0954;120.5243;
622330.674;547674.759;547575.327;99.1381;-121.1400;-121.4620;
692988.701;507234.726;507187.765;134.6581;-175.1484;-175.1069;
491072.942;527828.841;527822.804;-104.5770;-56.1383;-55.7710;
368343.621;600604.572;600579.077;-340.2947;-256.4022;-256.3920;
587581.705;606990.291;606995.791;109.8076;-210.6305;-210.6229;
363748.879;498203.830;498119.087;-217.3177;-41.8746;-42.4007;
495986.456;639947.260;639829.159;80.7931;74.2629;74.6895;
554986.099;419569.562;419510.525;-18.0510;-180.3390;-180.3997;
437810.067;529407.447;529414.639;96.3376;-260.8273;-261.1121;
757572.485;502549.642;502522.850;166.7530;-45.1007;-45.0986;
499449.862;556268.987;556286.066;16.4322;491.5330;491.3954;
448051.361;571076.578;571058.839;374.1840;104.9663;104.9363;
447068.414;536138.996;536135.402;455.2906;-320.7845;-320.5174;
162043.338;353312.580;353305.269;1.7047;-5.3328;-5.3455;
463628.707;541772.569;541770.558;198.7666;-738.2620;-737.6085;
454335.230;692447.121;692415.662;-157.9946;267.5914;267.4533;
502178.258;566736.593;566707.914;-574.0801;160.4357;160.2907;
450681.692;580160.039;580147.941;349.0119;-225.4610;-225.6218;
459081.292;541794.297;541789.874;719.1079;-13.3292;-13.4415;
506269.092;500493.588;500505.218;525.9578;-222.8687;-223.2074;
433005.003;545621.235;545624.112;136.8052;82.2489;82.2251;
493761.381;579792.907;579797.651;-296.9728;-229.6217;-229.4683;
518849.269;507055.405;507053.757;304.7579;25.0542;24.5739;
500279.363;523703.512;523701.320;209.8485;145.4265;144.9993;
435797.423;480804.100;480747.507;-210.9841;-498.0082;-498.7672;
579397.043;426903.681;426857.501;-96.3485;-288.8344;-288.9172;
381082.586;843117.142;843117.357;7.3421;149.0123;149.0056;
452845.311;534563.718;534563.152;-262.9288;-215.2665;-215.2244;
484665.741;520267.416;520244.354;-910.5323;487.1059;488.0710;
461633.021;525614.153;525624.264;161.4947;99.5529;99.5946;
674580.376;618592.442;618432.444;386.1545;-71.5617;-72.7085;
499968.485;598640.874;598655.623;-238.8972;155.1372;155.2650;
484107.762;523736.861;523719.660;-708.0630;191.3182;191.6227;
452573.243;533926.366;533933.231;39.0292;-548.0510;-548.5274;
489220.360;564429.366;564470.805;-313.6609;299.4940;300.6070;
230129.429;349429.135;349443.157;-15.4279;178.5267;178.5150;
435886.513;485218.700;485140.725;163.0011;22.9959;22.8406;
476394.807;522748.948;522747.438;703.5681;979.0512;979.4146;
433479.120;568844.683;568865.826;471.2862;386.5465;386.3828;
474290.396;542972.602;542978.009;-268.1385;36.6636;37.2285;
117093.889;316010.393;316009.279;112.7366;-113.9842;-113.9706;
421667.125;499373.846;499346.770;-243.0499;-69.3047;-69.7761;
459938.673;530243.073;530236.268;1100.3477;-399.3477;-400.4228;
492036.795;537718.493;537730.672;-273.7373;429.8463;429.9149;
498175.627;822525.959;822546.191;176.1872;-48.9103;-48.9047;
471850.365;526026.589;526022.559;237.8036;-122.0702;-122.3878;
582035.689;574147.137;574075.234;-147.6618;-165.0987;-165.2146;
489490.783;509810.484;509766.746;-268.4974;6.3675;5.6791;
469172.872;533806.165;533803.448;587.4406;-182.2274;-182.9626;
425145.807;524201.615;524191.830;-334.6028;-100.1928;-102.1854;
465144.525;544103.818;544104.262;174.7435;458.5831;458.2697;
484966.098;519605.174;519586.671;-1455.2048;420.3430;420.8641;
478162.809;529993.888;529981.367;718.6872;69.7561;69.0898;
474907.914;545180.544;545193.728;-366.6949;327.4033;327.6778;
471194.711;530652.443;530662.061;-181.3162;-392.9345;-392.4862;
494121.864;538637.463;538673.865;-33.2735;75.9438;76.4842;
481715.000;548548.922;548564.779;-365.0003;-231.0971;-230.4482;
476010.859;499365.342;499355.615;757.5611;230.1253;231.0599;
471024.332;601883.382;601917.919;-319.4281;-122.6210;-122.6427;
528198.414;561338.692;561287.991;-789.5470;7.9143;7.9995;
634473.028;589855.441;589779.108;183.9482;-96.2503;-96.4732;
475430.158;538355.648;538346.787;-382.7240;376.1945;376.1718;
461689.042;514527.615;514529.062;789.2157;-22.0828;-21.5353;
414821.955;356964.934;356900.155;55.2751;-173.4091;-173.4019;
438822.921;542324.944;542338.589;-432.5902;-78.2125;-78.4944;
477377.754;526781.094;526779.868;-503.2067;80.3305;80.5879;
444551.996;520837.334;520861.630;-87.2880;20.0004;20.7698;
430737.147;533076.682;533047.884;165.9148;-14.2053;-14.2177;
444175.519;521232.369;521227.292;-547.9203;-344.4786;-344.0349;
471777.151;546328.020;546321.742;-713.5513;-434.4719;-434.2590;
460274.431;526238.372;526242.625;-342.4524;-79.9402;-80.1245;
