# This file was created for the Modelling and Simulation course, RUG (September-November 2019).
#
# Project: Simulate colliding galaxies, using Barnes-Hut algorithm.
#
# Students:
#     Stefan Evanghelides (s2895323)
#     Hidde Folkertsma (s2759799)
#
#     X         Y         Z         DX        DY        DZ
486692.760;515374.578;515491.649;-188.4622;-65.3122;-61.9520;
526949.436;517549.359;520330.466;381.7921;59.2611;96.1363;
750081.263;502905.771;502141.314;-178.9428;-184.8928;-179.4745;
485892.187;537559.972;536729.185;-350.0842;557.5768;469.5903;
529352.939;538713.069;540288.030;-352.6057;304.0343;283.8123;
518319.002;653164.186;650341.750;444.0655;-26.6244;-26.2976;
597625.055;935771.035;948522.978;-11.0038;34.8031;43.5542;
462190.263;498457.419;495392.004;1017.0070;130.9534;80.0869;
461663.940;494267.497;491078.898;157.9195;332.9090;318.3756;
467775.216;487730.206;485840.057;504.4645;-250.8036;-207.6957;
493593.707;529961.512;529614.271;-409.0063;211.9064;166.4149;
643483.318;635861.951;637110.279;47.7956;245.1169;245.1607;
492829.671;534562.454;533175.820;1121.2770;134.7852;186.3410;
474307.945;508328.189;508366.687;-751.2077;-290.9101;-278.3433;
471969.161;507126.054;507069.779;-617.2812;-747.5779;-797.7293;
507795.861;547488.957;547970.595;1061.0764;404.1261;420.5325;
487130.518;543858.299;541924.082;80.8154;272.3179;276.4570;
496811.423;591729.353;587648.825;395.1916;263.8711;327.8080;
415905.769;543858.415;538751.042;-101.2957;85.8958;76.5245;
407800.384;530252.752;524500.510;245.9546;203.9085;192.3583;
498906.529;534476.827;534164.495;538.4472;-257.8544;-246.0265;
503101.003;536465.766;536430.045;240.7781;-172.1030;-159.5470;
490696.405;512434.118;512532.887;65.2742;-157.6092;-109.9351;
475846.103;529631.223;528792.031;-580.1058;-89.8064;-93.7086;
507253.763;535624.629;535265.518;814.9393;-92.5695;26.3823;
872547.688;148426.183;148361.490;-36.8456;24.1063;23.9853;
408872.727;465394.176;460842.461;-172.7923;-177.3180;-212.1617;
485593.199;540091.767;539642.647;-626.4079;235.4300;207.5259;
460118.934;515206.496;514402.974;-330.5846;398.7478;340.1242;
740440.572;501352.898;502980.634;-31.2750;54.2584;52.7995;
514577.968;556813.052;556081.543;-688.9427;430.0344;363.3470;
433710.913;394964.572;395226.067;145.3522;-23.0475;15.0257;
450624.649;568999.494;566435.825;308.8156;-159.7729;-119.2840;
491424.387;515628.824;515140.981;295.5587;-402.8351;-346.4351;
518777.813;561151.341;559760.260;243.7817;32.5623;39.7295;
496661.194;542820.493;542222.840;-643.6418;-74.0911;-93.2492;
424879.646;524301.992;521372.208;147.4601;584.5798;592.6406;
506903.029;524948.403;524387.441;68.6791;606.3955;596.4822;
511336.122;546603.124;547136.295;-98.2838;-13.1165;-25.1904;
477423.532;533154.827;530430.692;178.0154;-276.2292;-159.1059;
490611.166;535046.486;533617.233;904.1056;540.1345;638.2525;
568204.132;555395.759;556384.773;4.9394;52.8153;49.5519;
490014.864;565881.519;563936.369;0.2841;-695.5083;-738.2814;
672190.324;414307.982;415698.283;318.6293;-5.8869;5.3227;
676864.129;407088.515;409690.193;243.7909;-90.8547;-88.2611;
489998.775;549586.309;547577.198;766.6383;-0.2793;33.3272;
503181.404;519006.938;519399.996;445.3751;97.4071;135.0914;
411899.989;569383.163;565173.055;445.2749;370.0968;357.2885;
652168.793;226304.751;224290.884;70.3966;-283.4812;-291.6610;
521841.549;512416.301;514664.707;501.1232;158.7116;212.3062;
495476.058;525229.461;525088.308;-583.9160;-431.1839;-413.1176;
502598.468;512568.175;512981.078;570.4500;-492.5575;-403.1647;
481560.273;580146.591;580453.397;633.3549;-211.8569;-265.1080;
432398.206;677736.829;673580.694;-218.8237;53.8747;40.2918;
471809.724;522890.718;519928.927;121.2869;-604.3414;-622.1398;
489023.409;521789.657;521316.869;80.8801;790.8466;770.1477;
184148.568;681765.069;681249.220;147.6298;44.8146;44.5684;
497882.572;511624.675;512786.940;-1062.9465;64.0078;-29.8827;
503585.769;541838.599;541357.670;-367.8377;-220.9119;-226.6813;
501387.557;530714.262;530360.166;-1085.0123;-543.3298;-559.3863;
490593.370;537459.645;536402.684;-580.4528;29.9294;-17.4665;
486232.529;547555.075;546109.748;701.8510;-491.5652;-443.1611;
485292.755;533580.569;532834.159;-942.1704;515.0349;446.9806;
435687.268;564561.323;560161.435;172.6979;207.2306;253.5153;
431321.496;436662.771;435557.563;-0.6332;348.3717;325.2400;
524947.579;576908.743;575511.057;322.2655;126.7161;154.4137;
628548.078;509822.184;509418.359;-308.5231;93.4514;96.6927;
885261.042;389881.254;381062.569;389.1286;-250.1642;-283.0923;
599665.150;504285.473;508560.669;370.1398;-53.7709;-37.1372;
408597.757;473468.001;465258.078;124.3528;-25.3085;-33.2809;
494610.910;537638.887;536662.618;-302.2762;-905.1292;-834.2077;
650985.945;443602.955;445033.225;398.2262;-84.5049;-91.1318;
485863.083;556399.313;553699.233;-297.7255;-83.8977;-85.5157;
493431.073;533663.477;533340.810;649.0973;-383.5192;-369.0870;
666213.318;444868.765;447784.136;88.7888;144.3441;158.9844;
656758.858;423963.765;420837.868;303.3934;-170.4395;-193.7864;
500482.808;540452.340;539627.468;-465.4689;-64.7897;-72.3734;
504838.281;543348.866;542846.475;-629.9292;-276.0456;-282.5885;
482575.524;522996.452;520372.301;105.6238;-290.2248;-433.5048;
496760.332;549828.949;548445.964;-511.8003;565.4718;487.8600;
479220.100;546148.162;544107.321;-79.1829;61.3832;87.0105;
490727.168;533372.053;532510.287;-454.1602;568.0861;532.8670;
552504.318;596307.216;594264.778;-284.5124;-166.1213;-192.0571;
500571.360;556416.884;553902.971;-95.3139;-620.4095;-639.3959;
419962.269;215527.870;201200.649;124.6677;-134.9050;-139.8932;
485508.565;531831.266;530857.599;29.8736;-366.4362;-352.8108;
775578.064;605130.748;603819.636;3.4493;-57.9003;-57.7546;
939951.559;610884.683;609259.668;-42.4787;-64.8343;-65.8466;
416101.407;565787.612;558762.199;-234.8850;56.6073;42.2784;
408122.259;513382.200;505032.664;233.6959;-222.1560;-240.3484;
529324.108;575089.904;573419.768;370.9204;-316.2340;-304.2176;
529352.983;551952.370;551906.198;706.8956;-350.9887;-290.1004;
779702.276;625772.717;628508.668;244.2891;-43.2685;-44.4609;
487960.512;540347.637;539406.620;-1441.0062;-39.6851;-125.4989;
476753.283;541753.989;539788.357;-706.2351;262.0014;122.5495;
498470.899;551924.987;550975.388;-522.4535;269.9803;247.4644;
477104.841;543716.144;540403.457;625.7794;650.1644;606.7407;
527245.668;399480.758;405070.235;-163.9186;-145.6015;-138.7600;
900374.020;716347.649;713580.454;-47.2250;-44.2000;-44.5606;
500041.187;513651.884;513889.335;133.9488;-229.7350;-189.5124;
509840.351;541209.168;541043.237;520.8783;-30.1655;18.1716;
472264.009;563852.497;560325.129;-580.1316;-205.1520;-181.5468;
493008.958;497746.664;497947.583;439.8944;-9.7351;32.9207;
466773.379;547201.693;545202.011;198.9874;241.7983;217.3505;
490729.274;539338.387;537961.907;146.4755;183.2326;189.1293;
445702.199;262115.230;259887.549;20.3327;56.6769;54.4127;
529869.962;533734.013;535808.410;-731.3824;67.5369;43.0964;
482375.135;560328.366;559692.877;1057.3080;-159.9546;-83.7941;
923645.836;364184.348;343983.358;55.7437;-116.8992;-126.3280;
308482.913;474199.632;469684.185;-64.5359;148.0182;143.0173;
504060.619;533677.313;533877.020;-497.3418;328.6024;293.0380;
526203.468;531904.704;533132.239;-704.5152;-478.7734;-486.3887;
505069.798;544923.617;544575.014;-511.8108;-129.9143;-193.5199;
951541.174;943669.090;936760.969;229.0947;60.7408;54.6719;
481827.094;465798.618;462687.177;301.8501;150.4527;130.8492;
402048.949;582270.136;580867.687;221.0195;211.8642;247.3819;
473697.124;591306.778;589026.141;139.3043;-166.9606;-97.2268;
481395.544;542795.280;541336.337;211.5991;313.7771;284.1166;
384072.608;459923.413;452209.171;96.0234;309.1088;313.4387;
507807.201;539148.276;539188.415;358.9531;369.2368;372.8386;
507547.263;536433.531;536553.387;-91.7970;335.4641;286.5517;
483590.563;542750.181;540299.378;1327.9427;-547.8824;-571.4971;
489977.691;538988.843;537780.797;-275.0045;-130.5323;-151.7438;
498016.160;518118.549;518348.545;721.7031;524.8813;577.2369;
507812.497;557151.964;555469.618;656.3659;-322.2237;-307.1683;
827438.369;449349.993;442028.138;6.8706;-62.9012;-63.7017;
370546.538;521160.175;511592.780;-78.0961;364.4648;446.5110;
500203.696;541903.195;541139.791;-9.2868;-410.9511;-361.6670;
379061.892;584301.861;579213.879;-292.6090;-3.3686;16.8276;
434938.901;572247.409;569183.298;-174.0979;214.7683;237.0964;
502691.123;545349.094;544279.253;64.7179;-181.8003;-152.9027;
415601.162;574799.530;572235.952;-48.7582;-103.6344;-65.7994;
470971.917;555344.924;553646.322;-1138.3565;443.3562;326.8578;
475167.163;544821.932;540450.791;1013.8298;-683.6582;-721.2460;
499219.749;553751.923;552847.930;-626.3770;489.0743;431.5919;
509799.097;527525.548;528877.057;-67.5432;229.0498;215.1331;
505948.276;551574.127;551198.709;-308.2886;98.1628;42.2136;
514633.857;541572.785;541729.956;-386.0479;496.0255;455.6982;
489740.886;544620.900;543193.156;372.2994;672.0536;612.9195;
474933.199;557847.238;554807.352;-528.0346;-302.7123;-290.2547;
482436.773;500189.913;499560.737;653.1640;-169.5958;-87.2936;
476783.576;554459.170;552063.953;849.4283;-424.1312;-421.9745;
500447.110;580255.374;576329.809;10.8695;44.2414;33.5996;
430215.649;539728.733;535357.454;-615.4242;-632.9220;-655.6490;
500279.406;533899.439;533095.699;364.0652;-630.2102;-612.9928;
596851.207;513815.285;515854.379;-283.3089;202.5989;209.4103;
509500.923;547700.618;547026.887;-626.3040;-19.9201;-34.8755;
496915.986;526161.915;526306.223;-241.7276;-268.0117;-312.4035;
477970.302;530132.830;528354.808;857.1595;627.2012;691.0950;
503623.222;533707.154;533459.917;-489.5659;-134.1836;-135.5349;
