# This file was created for the Modelling and Simulation course, RUG (September-November 2019).
#
# Project: Simulate colliding galaxies, using Barnes-Hut algorithm.
#
# Students:
#     Stefan Evanghelides (s2895323)
#     Hidde Folkertsma (s2759799)
#
#     X         Y         Z         DX        DY        DZ
493083.803;520646.106;520411.344;-234.7744;-138.2188;-144.8503;
464885.922;535581.962;534239.942;-139.2021;-298.2413;-322.5823;
800627.559;582485.144;581892.928;-65.2809;-160.1952;-160.8689;
482449.907;547484.828;547314.290;713.3884;-65.4341;-48.7657;
467452.834;531306.172;530209.383;701.0902;-44.8705;-19.4081;
407026.221;971587.101;967360.576;-140.5140;271.2493;268.1772;
323625.962;586111.289;585259.278;288.6807;240.2003;235.7870;
601050.554;910717.433;919007.052;-2.7095;71.0025;80.9558;
303371.972;554681.955;552884.115;-61.0513;-167.7329;-156.9715;
596695.464;605058.712;607862.462;-37.1584;25.8554;15.8608;
442499.743;528773.173;527169.799;27.0021;-324.7720;-331.4629;
484706.518;544910.601;544079.443;400.1118;365.6641;364.6566;
443116.212;500470.533;498230.072;790.6633;-148.9453;-107.0645;
494036.214;527533.354;526778.602;-204.8383;275.9861;272.4905;
435071.534;533007.250;532081.554;334.4859;202.6804;214.2344;
602790.095;655064.347;656675.198;-28.1528;7.2882;-16.3311;
463689.472;487207.580;485148.231;-270.3479;-323.1698;-357.2419;
496373.101;526770.334;526666.126;-303.7201;-347.4124;-328.5212;
121547.591;622983.602;621232.936;-291.3442;-49.1766;-52.1028;
457720.545;545812.351;544465.684;964.8279;-361.4637;-319.6076;
446514.500;521173.025;519994.558;271.0616;305.9765;298.8166;
481025.322;606883.829;607522.536;276.7031;-84.2827;-91.7120;
483520.571;540479.319;539760.244;-352.9657;276.8234;262.8818;
486753.063;543762.470;542990.377;-573.2022;-83.0079;-106.2373;
481632.312;525451.133;524317.519;-274.8475;799.7456;792.9848;
489293.879;549189.199;548599.515;-997.7873;-94.2239;-105.6085;
474223.871;542462.188;541447.746;-1222.7109;-20.0086;-8.1229;
887629.376;139599.475;139574.380;-26.4736;13.1089;13.0515;
569488.278;598249.579;600374.272;8.0314;79.7150;70.7371;
496245.633;538725.922;538390.275;302.1843;-33.8662;-44.2538;
494894.313;506493.388;506607.713;-666.9491;63.2227;65.0449;
684465.185;493399.585;494783.810;292.4873;-47.2268;-68.4067;
485164.837;532964.762;532208.645;14.9400;689.3448;721.8472;
451968.479;508779.110;505033.801;-542.6932;-610.6808;-689.7933;
536688.204;535723.139;535040.660;33.5103;-52.2459;-63.8650;
519939.473;548131.104;548773.542;159.7955;244.9480;252.9169;
437129.404;558025.428;556973.305;166.3654;159.9515;159.6563;
484957.819;525520.492;524643.119;200.5317;-303.3262;-311.1996;
489858.071;392350.473;387195.533;-195.8574;66.6025;67.3798;
470720.908;572701.947;571020.253;-358.6591;-342.7238;-344.9957;
477815.952;525987.975;525766.951;-341.2817;6.0933;-42.5661;
452655.807;560079.644;563064.848;-133.3821;-226.7906;-263.5252;
519284.362;531695.359;532554.425;175.8211;-424.4572;-399.2160;
412147.317;554562.933;552173.432;-52.4778;-47.1939;-63.1755;
75400.195;597013.154;599096.575;-373.0154;39.0998;37.9928;
463731.243;517032.760;515901.055;741.3870;343.9260;332.2214;
522575.664;452040.256;450356.419;313.3230;-157.2249;-163.6394;
510674.013;482811.804;480971.325;484.0309;-295.4991;-296.2164;
478333.284;561820.364;560853.392;430.4331;155.8068;151.9957;
471245.027;504354.478;503108.603;571.9725;-388.1640;-389.3656;
417663.880;573245.810;569523.949;536.1113;245.2269;261.1701;
605960.659;384296.507;386046.874;146.3811;-404.7746;-411.7550;
517023.577;511775.025;511950.221;282.4268;333.3346;360.1530;
488919.841;528979.948;528265.835;-1232.7010;392.8009;399.4369;
515347.538;514151.137;513466.339;469.3794;-48.6997;-43.2438;
347804.247;545332.175;538668.119;-46.4425;168.2298;180.6394;
541947.149;600478.350;602758.467;-211.9850;309.3805;303.7744;
660145.783;630722.341;629939.061;-302.8570;-86.5829;-86.2478;
476675.218;527522.986;526132.866;47.0007;652.4493;636.0942;
121493.380;656820.873;656398.751;116.0736;60.1128;59.9679;
482837.462;493671.995;494536.769;-738.9546;309.3054;276.9186;
503285.725;533533.882;533031.265;351.9981;52.8217;78.0079;
460878.727;546748.025;545558.809;459.9313;25.0897;30.4131;
480149.616;547035.198;546640.942;-490.2921;136.4217;130.5568;
486998.860;499142.615;498229.943;111.2469;-292.7218;-290.9484;
471923.088;551684.853;550865.993;541.0042;130.9579;144.0574;
491604.676;510328.690;509090.859;-471.8179;-147.3553;-126.1800;
429073.790;330383.291;329788.527;-1.7847;131.8484;139.6853;
427261.902;533459.273;530751.513;-314.2131;239.8707;236.6763;
733136.818;476029.031;475062.986;-162.5749;34.0656;31.9232;
650904.927;522274.531;524640.758;728.6077;-275.4600;-262.2934;
448460.742;550344.649;549039.955;-684.3792;326.6424;296.7611;
429510.050;528632.176;527056.924;-327.9393;-211.9767;-234.5697;
462139.532;489165.235;489863.036;-97.0663;-5.5684;-24.7873;
441977.769;591003.063;589311.899;95.2480;-153.9183;-158.3743;
470415.823;511802.879;510194.855;-9.4049;90.5100;78.9881;
483526.597;535918.420;535190.267;-119.8339;202.8573;216.4703;
507406.709;437454.564;433822.641;457.7283;-224.8525;-231.8844;
399183.242;581178.793;579180.584;451.1420;-222.0327;-242.7707;
492157.538;524785.810;524317.816;258.2792;-104.1930;-76.5107;
494319.805;519446.060;518633.251;564.1684;-158.0036;-171.9578;
533637.285;511021.561;513300.141;142.0692;466.8044;372.8030;
480967.489;540984.610;540462.464;-785.8205;203.5867;198.0431;
500641.515;541290.835;540574.636;-479.2241;71.5539;85.8654;
495279.437;531009.859;530371.380;537.5122;-414.9915;-414.5440;
421423.979;489006.811;488861.081;21.3842;128.3084;141.7550;
513613.663;502948.308;502592.534;-175.0411;-202.3604;-230.7363;
368044.004;296650.390;285870.232;86.4619;-211.5687;-221.8353;
492729.402;533934.777;533380.324;-163.4577;395.3426;405.8414;
762494.460;630675.704;629599.829;50.0607;-46.2804;-46.9822;
945952.270;638964.891;637824.056;12.0631;-51.2883;-52.2557;
549740.711;431201.573;434330.584;195.0872;-13.3968;-15.8708;
451353.200;487554.913;485832.516;239.0161;-351.1675;-326.8101;
412125.727;518238.561;517118.536;-275.1269;259.3024;255.4541;
37405.036;383152.604;379667.828;-223.5854;-81.2116;-84.5612;
457250.072;573121.593;572250.969;493.4295;92.6902;101.9760;
633824.252;631731.409;633945.040;386.0704;39.7833;49.1624;
500041.681;543105.556;542739.841;-831.2335;161.8268;177.6566;
673504.166;504589.878;500495.380;-257.3868;30.1306;45.1577;
475803.876;531629.943;531245.169;-664.4188;-262.8391;-267.3500;
550903.447;511646.974;513508.577;-465.1228;23.5701;25.8247;
555923.159;528670.872;526023.665;282.7340;-387.0696;-369.3184;
912250.193;731927.962;729389.472;-3.3216;-21.1736;-21.7715;
495021.542;551516.405;551134.797;-476.9854;-241.1540;-259.8379;
489549.805;543794.822;542945.367;-642.1732;-141.3207;-157.4530;
477364.785;537176.067;536018.160;241.8084;-570.2107;-561.8349;
507500.849;553127.113;552966.800;-161.9982;249.7680;259.8698;
489440.818;529276.645;528595.649;874.6268;72.4613;67.2242;
496668.831;529304.895;528575.764;47.5666;-50.7017;-71.3621;
435494.458;239695.840;238128.656;22.6337;35.9403;35.2451;
520815.205;516551.582;516147.989;686.9597;131.3501;169.9253;
518799.674;573761.034;570972.603;70.3763;-287.3537;-284.5930;
869310.260;430710.866;416863.769;177.4468;-160.9703;-177.4556;
401257.117;432387.405;430815.599;-315.8267;0.9448;-7.0073;
479590.229;539179.889;538564.076;-735.4338;247.4106;233.6287;
445997.996;536214.439;534986.288;370.0850;345.9291;337.0707;
482824.402;524109.395;522863.407;-438.8056;-20.6160;-59.8609;
835794.036;908400.220;904479.146;257.2930;88.8984;82.4371;
360201.840;451131.430;451744.415;175.7464;-37.6252;-34.5691;
552279.853;601490.234;599274.898;174.7908;-200.1711;-174.9152;
497853.073;533356.078;533376.947;1126.6554;-632.7282;-634.2574;
474709.401;530127.402;529063.693;-314.0166;636.5470;606.3188;
386892.341;351323.605;345146.774;-67.3396;170.1176;162.5294;
496490.808;526118.383;525920.236;398.5369;-208.8942;-180.9952;
486655.331;548945.151;548077.406;-110.6814;535.5882;562.5902;
376593.452;616627.206;614438.157;-23.6375;131.5788;165.1924;
488162.977;540371.382;539824.295;-154.5877;-210.0740;-217.9012;
501930.228;531299.047;530983.145;497.7859;724.2809;743.1211;
484866.816;544433.897;543906.872;980.4475;368.1192;403.4384;
800680.447;480202.479;474474.712;111.3866;-69.5437;-75.2342;
592649.272;499571.502;507012.670;-282.9614;-406.4688;-403.6129;
481935.271;543452.145;542894.385;-96.6895;112.8830;108.7952;
517910.314;501659.789;500212.597;543.2524;-473.2125;-462.1387;
420538.130;550610.755;550654.360;16.7876;-86.9494;-84.3024;
494184.735;525280.815;524959.448;-138.9212;-304.0206;-292.3255;
561846.748;473956.160;471683.105;198.1063;0.3117;-0.3886;
483481.375;493421.905;491403.223;147.0032;456.4647;497.3828;
364282.258;617665.534;612491.896;-153.0439;34.4680;19.4865;
465527.456;518580.422;517494.607;-397.5703;-163.8712;-170.7238;
486601.704;532173.610;531333.804;-164.9995;154.1995;151.6058;
473527.998;524706.412;524207.118;43.7841;-339.7419;-328.6129;
494025.109;528562.771;527764.813;739.8431;-429.8753;-427.3025;
512579.899;542469.070;542206.538;727.7111;-113.5036;-113.0446;
491263.856;564778.794;563642.456;-499.3422;-183.3385;-181.3441;
504161.834;564663.547;563758.342;-408.6422;189.7677;168.9779;
979134.883;625983.337;624456.981;123.2185;-35.9395;-36.8774;
483962.743;526875.428;526153.696;1273.7009;-76.9561;-90.1842;
499626.459;510928.247;510771.554;-521.4779;376.1984;388.7764;
662792.092;512953.756;514475.059;8.4092;221.4897;235.5666;
461955.466;524529.744;524019.227;-163.1246;-408.8052;-383.8264;
485491.960;588104.968;585180.840;-483.8454;-410.5643;-433.2442;
488871.863;509713.448;508735.797;295.0885;149.3158;162.2338;
492433.176;545630.608;545070.492;-433.5743;-352.7928;-375.6125;
450174.248;542677.593;540879.615;-34.8200;374.3287;348.8569;
489502.194;545366.799;544459.151;401.5349;301.6353;306.5962;
