# This file was created for the Modelling and Simulation course, RUG (September-November 2019).
#
# Project: Simulate colliding galaxies, using Barnes-Hut algorithm.
#
# Students:
#     Stefan Evanghelides (s2895323)
#     Hidde Folkertsma (s2759799)
#
#     X         Y         Z         DX        DY        DZ
482616.127;556328.760;555245.303;265.5745;205.2071;209.2404;
458591.321;518528.409;517058.107;514.0426;-166.3975;-174.7078;
784082.953;549142.088;548412.431;-96.9465;-165.0143;-165.6787;
487494.640;528767.541;528066.773;-137.1656;185.4072;145.3311;
486303.270;542956.127;541567.495;1361.0087;-228.7354;-188.8976;
400088.078;631763.012;629337.808;394.8700;186.4605;182.7560;
600052.252;923607.140;933883.623;-6.7395;54.9215;64.3641;
320091.864;520354.180;520574.111;224.4696;-159.2430;-150.5850;
538890.312;584059.591;582779.106;-600.8089;-307.2522;-336.7680;
460597.656;537663.171;535845.678;305.3828;-711.2744;-710.4903;
482232.161;533651.950;532309.451;139.6237;-377.6884;-373.5078;
594677.619;551276.616;552623.577;371.3595;397.5700;389.0215;
483864.753;543622.558;542457.043;-999.5886;459.4553;401.0994;
475114.820;531843.964;530587.181;-856.7812;829.2290;752.4177;
585295.570;639844.141;636639.243;-152.1010;-161.9766;-183.9414;
433343.758;470679.060;465351.971;-49.3793;64.2186;58.3138;
477364.368;541039.097;540169.456;317.1871;438.4096;466.3439;
63720.504;612092.491;609823.613;-274.1326;-56.3469;-58.5034;
560952.838;500888.261;500633.725;-126.0846;-113.5569;-78.1630;
530117.219;549961.457;550884.301;-29.0462;-109.6030;-109.3162;
481983.533;517444.038;516874.302;-904.0035;-464.3928;-462.4592;
478542.433;541775.386;540354.738;363.6313;-285.7237;-289.2874;
481006.454;540356.388;538956.032;491.0818;47.0815;45.3457;
469235.351;505358.645;504300.912;-27.4787;16.9391;24.1918;
481967.274;549906.841;548935.169;-833.6220;-343.3228;-367.4892;
476115.306;540932.208;539469.387;-1020.4852;353.8754;256.1103;
881750.167;142753.778;142715.201;-30.8682;17.6738;17.5980;
539568.568;583261.641;581316.830;-282.7666;-269.9700;-278.4524;
472599.875;542110.857;540718.708;-380.9960;73.4485;23.6476;
491691.624;524282.306;523193.585;-826.3554;-81.7214;-120.3271;
727409.582;493674.899;493819.610;154.5349;12.6673;19.9497;
467215.561;556730.860;555269.931;-473.9865;-128.2570;-128.6911;
415940.633;430757.833;424584.374;-33.4395;-241.7998;-232.8448;
435561.313;546092.395;543699.263;-363.7085;290.9328;254.3577;
456822.159;520258.060;519194.466;350.2314;160.8737;159.7639;
505041.443;524448.993;523722.576;-49.3195;-358.2084;-349.8726;
488506.228;542830.825;541880.610;-374.2802;201.4829;178.3160;
451740.478;420223.011;415808.178;-173.1667;211.1658;217.3007;
462602.245;553407.437;552128.813;-929.8085;-40.2279;-131.1879;
490220.763;547877.669;546972.778;264.5514;107.5369;52.7736;
473604.592;551472.469;547877.627;-1004.6202;195.4003;179.1057;
483566.320;577831.447;576602.830;306.0794;150.8146;114.0752;
464622.684;535592.540;533877.353;747.3773;-88.3490;-56.9969;
4577.264;604761.980;606510.967;-320.4715;36.2039;34.0980;
450002.010;506564.325;504596.215;123.2195;-176.7684;-155.6135;
585436.942;427230.602;425950.410;298.9418;-86.2218;-77.3182;
596704.976;442144.219;442164.241;348.0704;-151.9156;-135.5028;
501881.300;558188.144;558016.440;145.8654;-107.5772;-102.7288;
447257.032;549039.637;546494.760;-561.1754;-313.8075;-339.8789;
495253.654;506579.396;505710.340;-717.0156;-394.9027;-430.0073;
629970.094;309507.890;309701.577;96.4944;-333.2260;-341.1941;
462125.244;525803.966;524801.885;723.2733;15.3450;9.8259;
498945.802;528515.157;528272.802;191.8378;-737.7179;-711.7936;
437665.476;530847.352;528712.156;555.5753;-154.5289;-138.5150;
366303.486;576070.369;573315.691;233.2491;121.2061;144.7126;
495711.737;648315.749;647995.343;-237.1158;170.9053;156.7658;
588026.554;610177.819;610656.822;-403.6724;-127.0823;-120.3027;
478870.504;518026.757;517423.168;250.1358;363.9532;386.3998;
146581.794;668396.403;667939.323;128.7909;53.2574;53.0680;
523122.959;532178.215;532192.234;-420.2009;-514.5120;-561.6751;
483973.341;537890.224;536641.329;-550.8069;-171.6567;-177.1269;
468827.108;563044.342;561497.887;550.5676;-26.2763;-25.5942;
491159.146;536114.573;534986.614;-89.7821;60.4793;41.7682;
458422.928;574272.319;572462.234;12.8395;-119.0761;-117.4804;
490995.887;561648.835;560425.184;605.3262;-93.0734;-68.6508;
520154.837;557559.046;556504.405;301.9440;-203.6607;-171.0475;
429917.266;363683.679;364478.768;12.5373;196.3697;202.0097;
513777.584;526919.590;525578.121;176.5199;-634.7922;-621.4035;
694657.290;486950.072;485908.378;-200.5477;75.6938;77.6043;
770795.945;461951.428;461794.901;461.9389;-287.6906;-317.7795;
418869.617;565955.988;563180.196;249.9165;-96.5101;-89.5102;
397678.318;494759.330;489692.505;-49.0393;-125.8828;-138.3672;
498377.525;565870.300;567671.751;278.7259;459.8489;493.9839;
531612.232;486334.516;487362.961;508.1279;-368.6330;-351.2788;
477268.710;522895.068;522163.518;328.9004;30.1560;32.1429;
475051.543;542533.397;541448.079;131.0749;-426.3924;-431.0569;
597878.481;417634.752;415213.005;389.0377;15.7640;30.4689;
553986.139;492027.498;496494.604;573.7204;-396.1450;-369.0354;
484007.959;542118.798;541284.633;-459.4147;145.1213;152.8909;
487485.004;544543.847;543426.810;-750.1498;-41.5022;-51.6457;
509744.404;544603.654;544592.931;579.9556;219.4785;387.5524;
477773.256;550800.041;549644.598;340.3772;-56.9603;-29.4122;
466480.513;545684.753;544182.791;665.4675;176.8110;226.6796;
483621.731;540488.775;539209.727;30.7038;800.3505;822.0658;
539655.817;578299.513;578066.824;469.2617;315.5702;341.2793;
482727.829;571867.377;569418.017;64.4880;-263.5054;-280.8804;
388064.660;257361.217;244733.905;107.2930;-174.0853;-181.9153;
469169.908;549538.739;547792.823;-822.7389;-105.0429;-164.4967;
770848.914;620455.898;619243.893;31.3321;-53.2266;-53.8437;
946617.544;627657.951;626310.940;-6.8623;-58.3870;-59.4131;
561073.183;459973.578;458112.999;-63.9170;311.0529;276.4875;
517310.498;533665.960;533581.102;-249.8501;853.3840;798.1126;
414050.200;574780.399;572754.760;264.8245;233.1102;228.0297;
458167.047;496960.056;495182.402;-472.4940;-49.2472;-68.7283;
704865.033;633511.377;636290.899;309.9134;-11.5859;-10.8500;
517033.889;541385.334;541629.041;-533.9925;71.8016;44.3762;
615479.431;512811.680;513296.638;-322.9144;48.2396;72.0987;
477025.777;531267.918;529668.765;126.1539;-411.9374;-396.5047;
446596.116;567993.177;567421.160;356.5906;-21.1190;-7.6403;
566100.213;455741.673;458388.104;-101.3753;-299.3685;-277.5390;
909697.237;726568.900;723918.554;-21.5767;-31.0513;-31.5463;
489760.695;537116.414;535859.475;513.6334;597.9857;595.4081;
484698.558;540662.835;539446.941;883.4683;181.6709;231.0648;
502524.869;533319.197;532167.693;882.4471;444.0390;469.4719;
515988.473;521471.144;521403.755;346.0339;431.7473;447.0488;
434840.748;540899.822;538135.761;47.9461;22.2627;22.7353;
468977.251;547899.258;546352.473;184.4879;64.9464;40.9893;
440124.168;248090.621;246352.845;21.9595;45.9871;44.8791;
442119.624;536887.766;534200.304;-499.1091;-139.6260;-140.7395;
406399.053;519782.372;515521.669;-327.5423;162.3283;121.8910;
899635.889;399630.376;382678.619;120.8419;-142.5614;-156.4179;
346642.768;442063.122;439062.882;-213.2335;84.2550;78.1127;
471604.088;553069.653;551629.191;-103.3798;297.6814;301.1851;
463342.155;556368.325;554924.759;755.9603;358.3112;380.3267;
474375.606;536460.025;536008.547;356.5353;381.5619;372.7245;
887186.299;925208.687;919980.973;244.4156;75.5197;69.2312;
403714.984;447612.259;448431.577;249.6971;5.3537;2.5400;
537775.124;535679.662;540169.083;-644.9813;-434.9632;-461.2159;
523157.181;490340.888;490502.326;-187.2027;111.5816;140.6205;
493503.074;557108.412;556233.928;557.3902;355.3428;358.1813;
377006.232;390268.514;382813.669;-26.3726;212.8389;208.1443;
496859.584;534361.506;533291.935;7.3546;250.8318;267.6688;
481494.936;536208.491;535387.929;538.6068;-508.2331;-473.6272;
374170.366;621626.635;620951.027;68.7623;-103.0987;-118.8403;
491182.555;538354.983;537303.005;277.4446;188.6421;191.5894;
521368.667;521884.030;521856.421;521.8913;308.4888;322.5512;
495136.026;532118.445;531758.107;-836.3229;-477.5623;-465.5314;
818777.337;466702.119;459922.761;64.5562;-61.9991;-66.3217;
486684.056;456970.609;450908.431;-595.1958;33.8095;-60.9272;
483103.211;541246.432;540332.743;282.2980;-320.7483;-323.5986;
547784.995;485556.308;488123.869;-129.9403;246.7405;245.2819;
553004.328;521862.973;524643.089;220.9991;-69.5179;-34.0698;
485513.319;531160.675;529803.738;-36.5172;-68.5165;-68.8062;
549328.397;499653.965;502977.749;-371.1400;263.7096;264.6452;
466485.999;552329.438;550914.442;467.6818;-939.5708;-860.0236;
369848.204;610594.543;609083.682;194.1195;-76.0004;-37.0496;
477133.654;531929.642;530659.995;-65.3838;-552.5131;-550.9167;
489871.686;531357.748;530045.944;134.1683;31.9608;45.1963;
498460.862;543379.854;543046.831;470.6698;414.8725;399.0783;
504030.153;533509.953;532610.196;31.1086;395.6489;398.5730;
491104.271;559933.676;558734.243;784.7080;-430.1346;-400.9594;
489588.149;560939.146;560834.972;-664.1188;245.9859;227.0784;
520972.620;524036.797;522919.570;291.7741;276.4229;289.9036;
480118.199;537289.663;536327.355;-1528.7731;204.5146;101.9973;
482967.427;545199.372;544330.659;321.4705;-828.5451;-793.8459;
633270.899;554801.687;558421.351;-332.0050;182.3337;186.5772;
485948.940;521617.511;519963.398;558.8442;-77.9312;-22.3190;
563011.949;482547.259;483175.227;589.2812;-14.3005;-27.7657;
486848.275;547782.714;546845.702;-607.1499;279.0748;279.1356;
480918.507;529304.182;527719.103;485.2801;-2.5539;-8.6267;
472493.851;539786.848;539149.793;-56.4511;1025.2334;1022.7223;
472991.550;534043.370;532437.376;-302.2030;-204.3689;-229.8275;
