# This file was created for the Modelling and Simulation course, RUG (September-November 2019).
#
# Project: Simulate colliding galaxies, using Barnes-Hut algorithm.
#
# Students:
#     Stefan Evanghelides (s2895323)
#     Hidde Folkertsma (s2759799)
#
#     X         Y         Z         DX        DY        DZ
461595.202;530907.101;524784.168;-223.3010;24.2402;14.0756;
479078.317;542857.754;539791.602;-744.1641;-59.3830;-147.3174;
621157.748;425333.883;429787.974;-300.5796;-114.1490;-104.2260;
500383.461;549302.948;547019.493;552.4028;547.6251;649.0368;
471839.234;567837.961;565919.662;175.6705;-235.3898;-260.8931;
671852.741;556301.736;556716.901;62.0062;-285.2584;-274.4405;
589797.691;944282.462;961246.768;-18.6505;-2.2828;4.8993;
562230.567;710738.555;724647.286;-104.3677;268.4185;259.1918;
498079.697;493589.301;479248.799;21.8335;-52.9648;-8.9740;
464009.486;575338.610;573491.337;-558.0396;-367.8080;-372.9304;
493054.819;544632.310;542486.514;-126.6947;386.4635;376.9552;
612856.583;716152.895;716778.459;-140.4466;63.4026;64.1110;
503251.438;545859.446;543429.713;514.6493;28.6863;-10.1607;
443620.047;577762.847;568935.086;-75.3286;215.5243;237.6868;
341071.340;384303.456;367712.379;-47.6472;-44.0460;-51.0688;
432086.789;532372.717;524425.972;432.3148;52.4884;108.8086;
509902.759;541177.357;538819.571;126.9855;-242.9241;-268.2229;
402540.257;574913.239;580508.534;22.0095;144.6814;201.4917;
601564.338;536094.384;539003.668;85.2557;24.7155;-35.8434;
496692.397;556654.598;556319.656;409.6509;-693.0262;-719.2337;
512396.871;542234.468;541392.269;167.1468;-168.0151;-57.5749;
500276.075;532745.832;528920.870;1069.1213;64.7336;203.2675;
480388.938;537706.175;533366.406;455.0667;-672.0225;-741.3764;
487201.229;554132.396;550953.021;174.8197;65.7957;44.4199;
500425.074;542250.051;539350.778;1125.8213;62.2432;76.1541;
849845.584;164673.275;164495.004;-49.4726;37.5521;37.2362;
486509.271;532551.513;532451.356;954.4274;987.9211;833.5290;
471459.981;555280.341;549827.744;-447.9614;62.3628;-19.5772;
502280.238;530225.642;527706.238;-257.6102;-333.9510;-319.9725;
554353.238;536427.963;539877.314;-1002.2267;305.4336;286.5802;
476658.019;575229.599;573929.809;-196.0174;234.5851;222.3127;
497676.811;558625.294;552180.025;-981.8180;940.8164;711.2040;
505786.120;493126.076;499163.493;-205.3139;213.3798;193.9343;
478787.181;506108.877;499247.379;132.9246;-367.9113;-365.0066;
523218.169;526891.142;525613.808;161.4996;-292.3033;-322.3096;
512609.330;550256.732;548692.733;242.7202;-88.9129;-70.8634;
591581.326;516041.550;518176.202;-294.2711;-216.4999;-273.4819;
490427.214;549065.065;546061.410;85.9382;-818.6514;-820.0491;
458620.918;549006.548;544454.568;75.0545;22.4032;4.5806;
476004.485;570828.323;568166.693;-48.9476;79.3116;121.5175;
489860.244;541481.096;539286.074;322.2034;75.8113;33.2979;
413405.511;513810.041;504434.060;-16.2211;-49.8564;-58.9665;
398223.203;639880.476;635661.837;-156.3436;140.0166;140.2097;
805399.534;419058.662;420005.966;229.0806;34.3682;23.0894;
778290.911;391053.458;384149.858;183.9308;-15.7051;-36.3768;
495721.674;545498.317;543686.248;-701.8920;-27.4885;-64.4293;
508136.557;537447.034;535212.083;-80.5885;288.1628;333.2561;
489273.418;530361.443;527446.669;-947.4557;668.9211;595.8327;
682671.763;92204.119;85898.408;48.3007;-231.0799;-239.1370;
540355.629;584808.822;591341.951;-154.3792;-95.3932;-87.8607;
466066.310;539517.579;534336.650;-29.7366;293.0990;285.1851;
495059.764;562717.733;558804.141;-160.5784;442.2245;403.8826;
429154.978;378298.532;394018.288;-255.2755;-159.3351;-163.1040;
340298.330;669451.271;659322.670;-120.6941;-74.2260;-82.6939;
620316.034;403736.346;416586.595;223.2444;-90.8335;-64.1740;
568726.249;552981.627;554520.561;177.3674;-284.5809;-274.8122;
272616.397;699699.820;698991.914;189.2239;21.3339;20.7707;
502331.621;527723.190;524839.521;45.4057;-169.7645;-115.2771;
500942.739;544086.228;540721.722;1137.7991;-76.0122;49.0213;
501504.586;554927.408;552024.732;847.3600;-391.4089;-369.9069;
494743.433;549782.360;548107.160;36.3182;579.1419;584.4276;
506215.494;537931.325;535016.160;835.5569;559.2073;729.6451;
511670.800;541716.417;539032.733;315.6112;-769.6103;-760.0084;
486344.037;555861.042;550653.210;940.8511;477.4801;576.2412;
604638.124;522645.907;522269.663;-43.0433;-273.1575;-343.2433;
551983.595;510248.243;509140.239;30.0998;-132.2043;-155.1978;
362478.720;592903.521;563845.298;-334.0370;118.8051;54.7539;
588572.828;530258.069;532710.016;-498.8787;230.3479;115.2921;
513932.611;528801.700;529821.218;58.1806;500.7280;459.4111;
505117.722;578810.374;577633.939;-2.9872;-133.3689;-129.5265;
813667.627;440314.570;441699.234;214.6436;3.4341;-2.8880;
488699.934;543850.504;540682.921;449.9300;-519.8102;-564.9944;
494183.933;557274.110;555557.466;-274.1300;-377.7030;-489.9566;
572568.155;551065.324;553431.500;-661.4781;219.0538;160.9429;
804862.306;369701.097;372830.709;222.0246;-37.0777;-19.2544;
496026.366;546053.876;544470.737;-346.2312;-75.8212;-98.1353;
487027.227;542062.181;538735.344;43.6462;-289.6319;-317.6601;
479547.978;572558.245;571242.875;-1049.2961;77.9218;-114.2637;
485235.408;531068.418;526558.950;300.7982;348.6017;401.6858;
506740.720;541516.311;540347.072;170.4032;318.3200;406.8059;
499143.562;553298.347;551093.223;518.9363;-216.5112;-179.4375;
362143.164;397047.166;377512.669;-84.7066;-215.7002;-261.8560;
470466.212;531631.103;527491.712;252.3543;-351.4105;-334.7137;
489434.240;160150.703;143948.243;136.3549;-78.4022;-80.7655;
493551.829;533733.183;530750.608;-627.2313;-40.1231;-18.4348;
764574.258;572440.220;571442.204;-49.2310;-66.9543;-66.2210;
896155.559;574157.056;572098.033;-131.1916;-70.8223;-70.8562;
441637.908;565294.986;564051.748;88.4281;-173.2553;-54.7937;
540221.141;524705.594;524147.244;683.9806;505.0316;475.0444;
384774.965;478654.715;470273.847;-310.0025;91.2753;46.1466;
501022.820;563716.383;561922.879;1241.9848;124.4946;218.9702;
882266.665;594342.365;595783.663;154.9531;-73.0537;-76.8906;
486611.875;544444.734;540747.185;293.0231;-318.6730;-337.0185;
431435.463;561920.112;563711.032;256.2400;-96.3481;-76.6824;
481317.663;558996.651;556538.385;134.3945;88.0412;41.2848;
521083.754;557910.600;557274.678;510.1927;-334.7842;-327.5207;
432420.250;369284.566;375142.469;-184.4050;23.9379;17.4643;
860467.752;685499.916;682634.752;-107.0875;-74.0555;-74.0354;
544480.756;535681.527;534732.234;-20.3740;103.5599;135.1214;
457243.648;543671.389;537851.151;282.4503;94.0728;104.9661;
494276.741;547015.697;542596.417;-952.0016;-661.0730;-696.0712;
479717.406;529823.297;526979.971;555.2935;353.6812;393.1136;
506303.526;528232.425;524924.884;-1037.3135;-255.0696;-349.0952;
483598.256;544025.490;540823.228;-327.2284;98.1017;92.7159;
457625.192;298559.537;295066.344;24.0958;84.6529;81.9952;
525179.816;544082.913;540636.763;376.4238;185.0164;132.7448;
461131.824;409454.027;426542.695;-18.4598;-19.6339;-6.0499;
954417.508;324840.932;317536.770;43.6610;-53.6217;-18.6848;
369700.271;567825.900;561991.139;359.4788;181.9331;181.7927;
497623.881;522178.033;519071.367;-534.7206;-92.3020;-125.5034;
501318.789;521677.121;517286.986;594.0116;-11.9610;30.6156;
501985.059;536114.189;533009.463;-766.5075;217.0051;166.7553;
468148.806;600559.763;592713.736;-377.5514;36.1333;-24.0571;
473204.469;399175.297;414672.924;-230.8813;-160.5524;-125.2311;
508283.516;597848.523;595752.519;180.3470;364.4741;451.1704;
504272.705;546621.994;544573.631;328.0847;-763.8812;-761.7090;
638289.584;521723.871;529544.302;206.5799;-179.3433;-174.3474;
505609.378;542014.446;540092.929;355.3191;128.4331;176.3344;
492717.744;539537.394;535983.846;-812.7224;-594.9194;-670.4340;
412560.976;546121.160;545188.136;-660.4281;-178.6994;-44.3147;
507462.346;550508.250;548568.522;407.3286;-129.9604;-90.9202;
505364.229;523502.500;522779.568;124.3048;722.9670;656.1330;
485728.730;546893.832;542860.222;-163.3400;438.0645;371.5064;
804222.885;421761.755;415618.973;-109.7134;-40.2113;-24.5567;
599955.771;506461.754;509776.167;111.4981;-561.4827;-297.6566;
487795.281;538896.810;535331.289;-643.5714;711.9332;592.6396;
613084.878;593515.658;610594.148;141.4364;123.5927;175.5505;
461284.667;538422.042;535229.163;-323.1770;-719.2263;-649.8218;
482749.310;537564.514;534725.435;-655.4928;102.9152;58.3282;
524779.856;560445.846;559916.604;29.7108;202.5418;355.6758;
443929.546;513061.875;513893.014;116.8911;-216.9726;-116.6768;
595671.394;538664.704;533219.033;-477.2400;162.6696;142.3826;
517261.107;554476.237;553564.443;-162.9913;637.9068;604.8866;
495078.849;541931.293;538344.977;474.3475;187.1594;232.7802;
494260.013;542311.331;539644.048;230.2212;-419.4861;-424.0685;
503788.293;534192.783;531438.613;500.4024;573.1476;655.2140;
496433.609;536919.241;534134.271;-798.2451;161.4986;140.0656;
479422.184;542091.738;537070.806;-80.1007;-1.1997;-60.2230;
475890.115;569792.733;569672.916;-772.0541;132.8569;156.1772;
533023.874;596449.698;601451.564;418.0237;-96.3401;-73.3671;
585515.384;539365.241;537843.373;81.1737;-202.7874;-184.1436;
431404.079;339250.293;322604.916;136.5730;-203.7539;-218.2348;
497696.200;534151.439;531584.328;217.2035;691.8239;776.4853;
525925.704;542798.772;538226.041;1268.7232;-231.5200;-307.7574;
491770.287;538586.599;534643.361;-167.0328;-326.5693;-359.9243;
550791.047;546808.951;546385.439;402.7944;-161.5833;-181.3986;
541930.388;531845.540;528560.659;-248.5600;-21.9269;-43.9327;
515690.469;552423.674;549990.958;82.9912;5.0594;-18.4800;
