# This file was created for the Modelling and Simulation course, RUG (September-November 2019).
#
# Project: Simulate colliding galaxies, using Barnes-Hut algorithm.
#
# Students:
#     Stefan Evanghelides (s2895323)
#     Hidde Folkertsma (s2759799)
#
#     X         Y         Z         DX        DY        DZ
476968.628;519720.722;519172.364;-37.5173;183.6445;165.9303;
487952.680;547244.035;544662.737;-1396.3796;433.8671;309.7272;
733858.812;488152.419;488057.141;-205.6733;-164.1153;-153.8640;
499145.799;528733.972;529160.976;-520.3088;-329.7368;-357.4636;
450351.769;529247.041;524992.487;-228.0377;-340.7240;-337.6713;
554715.682;648242.802;645487.086;419.9063;-88.7302;-87.4538;
596648.310;938439.211;951916.600;-12.2344;28.8097;37.3328;
545234.251;531259.711;532838.759;699.7012;550.1114;690.0800;
497954.349;552340.010;551993.239;402.3648;1030.7230;1038.9070;
511316.462;493970.369;495045.536;481.7302;373.0355;399.3124;
500387.420;540312.835;539579.005;-264.1650;-560.5602;-554.5234;
645594.768;655107.411;656326.270;4.7192;213.9992;213.2869;
476308.283;540884.194;538162.426;-810.9430;-444.8642;-512.4134;
436508.899;503494.115;501001.513;-251.4646;119.8178;64.1318;
435073.038;461769.735;456693.950;-373.6783;-419.2123;-476.6740;
552155.691;562587.572;561232.031;191.4503;75.4589;54.0580;
488325.122;534785.841;532913.083;-673.6228;122.6186;68.9568;
526647.170;599845.040;601516.081;309.4815;-32.7147;32.6534;
417168.882;549638.333;544288.161;135.1635;66.0329;69.7373;
453597.407;547696.801;543201.994;989.7382;185.7790;235.6415;
476110.657;544641.152;542346.219;-203.9889;-161.4047;-175.3114;
479335.900;544470.902;542254.636;5.1728;-190.3220;-176.8097;
490567.495;558587.791;555871.335;-246.1814;606.4199;572.4371;
496598.117;544348.436;542198.435;673.6431;245.3616;279.3342;
468447.742;541884.168;537847.159;-530.2208;-122.1863;-137.4947;
869370.686;150539.888;150464.136;-38.7800;26.2020;26.0591;
398780.723;455613.998;448028.495;-63.2715;-62.3155;-95.6954;
507443.103;535781.670;535517.457;-10.6333;-273.5155;-201.1631;
492323.362;550655.031;548246.546;1156.7512;58.5570;147.3768;
735354.925;505390.119;506645.637;-91.2920;39.3689;32.2689;
478334.303;517194.539;516032.121;535.5307;-382.0126;-344.3610;
446855.391;395797.696;399183.743;166.8233;42.6513;78.6631;
489698.086;543772.420;543205.823;674.5866;-483.8407;-506.2830;
511509.902;517053.280;518316.149;124.6554;356.9697;339.5335;
522052.995;551961.657;551535.682;-164.3997;-221.2305;-208.8525;
500963.738;541689.867;541137.558;12.8302;34.7088;67.5252;
455434.613;573188.685;570128.711;583.8464;492.8517;484.9782;
467641.963;556946.376;553026.287;-167.0057;-336.6906;-375.0556;
476176.193;534454.626;532712.079;126.4358;152.7458;183.6949;
508915.697;550888.918;548282.390;-453.2734;227.3031;146.5980;
506665.156;552658.739;551009.549;-547.0203;-247.5260;-307.3177;
562276.358;558469.018;559012.775;-153.9063;20.6003;12.5152;
514572.106;491997.042;495721.469;310.9677;-437.3706;-359.1850;
697622.231;413984.292;416072.700;284.7376;-2.2769;2.1001;
696018.249;401131.387;403689.410;213.0198;-52.9460;-57.4053;
474917.293;540081.937;537254.815;-573.5339;513.2270;445.5491;
472742.202;557128.697;553497.496;-378.2120;-200.7122;-207.8679;
461384.638;586335.831;582511.114;673.8337;-27.3897;3.4317;
657864.330;202967.533;200266.439;65.4272;-272.5515;-280.7327;
517509.492;544709.643;545199.532;-709.2909;486.8731;375.6339;
478883.100;540097.800;537513.847;387.1870;659.1128;632.1111;
508432.563;518187.816;519292.500;-285.4886;563.4150;483.8611;
527333.798;541607.927;538105.792;225.7975;-696.1331;-687.5514;
414496.227;681163.840;675890.831;-207.3769;28.4445;15.4465;
495419.638;482974.808;481307.643;342.2419;-371.2829;-338.5683;
510281.303;579248.847;576858.434;133.9865;230.2876;217.6915;
196811.944;685402.474;684864.906;153.8371;41.7777;41.5060;
460762.134;555664.192;551149.507;456.0883;536.5954;569.6483;
487483.886;541141.784;539471.298;101.8073;84.8667;98.4487;
460279.211;538005.899;534728.198;395.5747;486.6487;463.7073;
501058.253;538722.640;538084.930;-368.7701;-255.3396;-270.5824;
497306.045;534866.534;534380.061;-816.8317;492.1438;436.1227;
494489.701;555004.631;552730.224;542.4617;-387.5308;-325.3067;
458084.636;575328.783;574475.735;338.6756;26.6000;50.1558;
432728.594;469768.541;466551.896;40.5631;448.1312;418.0926;
538673.348;574654.187;574975.685;-5.9635;-174.8886;-167.6609;
599593.157;517509.500;517722.235;-379.4500;89.7808;100.9760;
917573.146;368873.300;357166.115;382.2001;-252.4423;-289.7520;
624351.353;503434.127;508213.210;227.3916;17.1428;16.0306;
420161.337;471568.174;463219.709;158.0784;-14.5545;-10.0051;
482459.435;494708.936;495598.359;-45.5079;-260.8778;-267.2235;
685179.176;439305.833;440702.202;387.9932;-23.9952;-21.2521;
510682.407;525894.465;525750.814;132.3379;60.1141;43.1050;
477946.143;545177.550;543308.834;-282.6271;-220.8464;-250.0279;
668729.862;455811.377;459181.269;1.3077;122.4120;122.3381;
682409.341;410543.305;406114.398;310.8827;-151.0363;-157.5126;
497581.852;540057.158;538783.543;134.8568;-97.6094;-84.5442;
495268.756;541672.183;540594.166;178.7973;42.9315;73.1191;
498540.111;556262.974;556754.948;-518.2212;598.0217;484.2718;
489845.375;526201.043;525509.457;279.5019;-483.5022;-444.3807;
500235.141;534811.187;533768.756;-819.7180;231.1655;209.1321;
496463.070;531907.996;531071.830;-533.8977;-498.6640;-492.0081;
515634.984;569079.492;565869.897;-637.1093;-548.6846;-533.1317;
485161.631;515549.451;516547.811;-146.2356;226.5625;170.9952;
430566.690;204643.370;189920.593;127.6659;-124.5041;-128.9564;
495363.424;551381.352;549850.075;-629.8326;-171.8632;-184.8734;
775564.977;600245.892;598961.386;-3.5867;-58.5564;-58.1076;
935890.342;605359.032;603649.522;-54.1525;-66.6961;-67.6943;
421198.873;568499.609;564833.656;378.6554;-41.6237;24.8419;
443546.890;502143.306;495162.953;607.9779;-32.9505;26.8072;
546119.281;542000.375;541650.864;1.5944;-439.9477;-419.3155;
547383.236;517090.306;520514.846;-125.2044;-422.6474;-398.7120;
799452.005;621822.406;624432.671;226.2913;-50.3651;-52.1174;
466439.709;537768.986;534619.930;796.7064;9.1367;57.2934;
437604.043;559245.557;548927.477;-326.7385;149.6693;91.6364;
489677.656;525561.810;524052.900;210.0574;-218.9545;-193.3752;
532175.215;543327.325;546660.593;157.2635;-308.9568;-270.1002;
513137.363;388534.473;394621.484;-171.6124;-115.8453;-110.8016;
896050.902;712454.258;709658.773;-55.6534;-48.4702;-48.7831;
503873.341;514257.722;515761.633;-9.7552;211.3473;199.9572;
466704.322;539616.442;536494.487;17.7081;-66.9155;-54.6237;
498527.186;524515.202;522924.535;927.1799;-8.3811;-22.9343;
518612.195;523946.894;525394.092;64.0575;578.0893;551.1356;
520260.983;532514.678;532775.396;210.8774;-464.5532;-406.3641;
502655.488;546675.397;545910.406;-7.2642;-46.5516;-49.4020;
447438.953;267020.921;264598.985;21.0328;60.1269;57.7775;
445381.755;547466.846;541222.730;-483.7322;13.6900;-32.4617;
523127.121;508268.351;507212.271;-145.3659;-638.2944;-632.6874;
927318.133;354910.944;334094.392;30.7773;-101.8429;-105.6223;
305138.860;487270.437;482359.825;-15.1293;162.5535;158.1781;
484640.683;546172.795;543793.105;315.9405;-356.9728;-312.5142;
453032.173;552374.832;547561.296;-14.3609;447.5558;418.7262;
484858.029;537493.666;536427.212;264.6907;148.3772;169.5692;
970595.358;948598.643;941183.568;224.6498;56.7155;50.7131;
506740.585;482013.140;477555.403;287.8674;241.1198;232.1099;
433485.192;589416.567;589490.070;514.7929;-57.9987;-59.5967;
492744.351;556627.984;558145.010;282.6329;-778.9731;-835.1677;
494355.430;532631.619;532212.446;-938.4556;170.9228;95.1316;
396269.543;487476.567;480439.709;199.0703;352.7083;365.1151;
471627.077;532230.114;529942.709;-220.5660;-331.2297;-321.3038;
486018.080;530338.236;529117.946;381.1996;-149.4955;-143.1582;
557933.841;512920.465;517466.012;435.3109;-160.6878;-76.3799;
494525.107;542738.019;541461.046;-537.8381;-96.6619;-119.3382;
483758.590;575683.572;571265.067;-550.6621;226.0914;169.2468;
462512.360;528516.327;526386.156;-535.6120;531.5866;431.5782;
827409.678;444195.038;436821.669;-7.4436;-59.8018;-60.2314;
376127.252;552591.283;550501.717;212.7927;377.9672;469.9095;
489528.900;546754.675;544679.989;-85.3511;249.6919;272.9567;
366670.009;579731.888;576726.805;-19.9227;-99.4079;-72.6069;
428940.287;578343.098;576263.640;52.4560;-58.9877;-62.1777;
481583.379;537811.116;535547.005;-177.3242;225.5135;185.9046;
428430.343;561205.507;559169.463;370.4518;-187.7289;-213.7176;
418165.864;570083.240;563179.785;-320.0305;25.3549;34.9494;
561950.220;510047.339;519790.664;655.3258;-155.6841;-13.0839;
481330.612;527665.538;526085.237;495.2566;-668.4424;-600.1096;
479717.529;554504.103;550722.002;-400.1378;169.6168;123.2422;
484830.956;531911.125;531130.986;99.8675;371.9379;353.1483;
480485.712;527490.452;525850.611;750.1661;-221.5155;-168.5947;
478758.085;530326.354;528453.981;-578.9852;137.4376;56.3338;
499055.833;530242.242;528869.553;616.2215;170.2195;155.2449;
528494.753;512547.012;515566.720;341.7141;438.9313;433.1937;
535487.257;506299.068;509927.395;247.0630;-369.7714;-311.8772;
495803.498;559539.832;557701.706;-153.3291;-633.6254;-571.8422;
399496.410;490928.317;485266.245;-166.1335;-527.7223;-539.7927;
481491.430;557130.244;554476.918;-180.4203;375.9773;340.2002;
557166.609;532147.949;534469.812;-765.7634;230.8353;225.9455;
489771.228;538712.047;536720.059;719.1605;299.6748;336.5494;
493614.848;552826.320;552235.582;-197.4352;-55.1778;-67.1726;
541824.080;566433.877;566071.075;273.1227;127.1211;103.5115;
470377.211;540040.879;537621.393;-117.2248;187.1626;148.8885;
