# This file was created for the Modelling and Simulation course, RUG (September-November 2019).
#
# Project: Simulate colliding galaxies, using Barnes-Hut algorithm.
#
# Students:
#     Stefan Evanghelides (s2895323)
#     Hidde Folkertsma (s2759799)
#
#     X         Y         Z         DX        DY        DZ
481069.767;547024.798;546938.315;66.7303;114.8528;115.4293;
494516.337;543454.609;543296.731;-328.5424;298.6306;297.7001;
767194.677;819608.855;819587.674;68.0177;-77.3527;-77.3704;
352081.659;857242.803;857952.285;-104.3866;252.6486;253.1348;
472991.195;548022.760;547877.029;-669.5681;-175.2516;-180.7644;
474447.848;532121.767;531948.273;348.0806;181.2224;180.9948;
403421.942;608834.492;608584.124;-487.4412;18.3758;16.9797;
584317.509;616609.641;617131.373;307.7808;-256.7180;-256.2879;
356131.716;501483.995;500957.678;80.8012;-100.1526;-98.8073;
522694.222;519590.880;519555.059;886.0502;309.8420;309.3016;
571199.477;516103.780;516427.546;-578.5695;316.9747;316.6382;
342129.857;486159.290;486751.872;278.5601;198.1347;194.1004;
466751.917;548079.215;547971.037;599.7932;-650.5545;-655.3897;
452644.583;546653.029;546852.182;861.5482;625.5042;625.2437;
108441.899;579762.937;579484.825;-7.1975;-187.7669;-188.3050;
507133.132;552659.943;552474.376;-480.1535;-332.0187;-332.2220;
467221.386;552446.186;552406.549;1152.9966;-621.3275;-618.6042;
472499.298;531079.702;531146.686;524.2227;926.7312;932.2529;
478102.133;541868.890;541680.690;-1505.6903;-814.5897;-803.0965;
319737.991;549496.317;547810.095;166.3610;45.3487;45.0135;
472532.331;540375.532;540288.446;560.1841;736.1478;728.5262;
309439.875;457996.948;457031.580;180.3160;-109.3510;-110.1205;
499023.292;529884.338;529730.329;-101.8359;143.9961;147.8097;
452034.121;564148.254;564126.302;-63.6979;-157.4685;-161.5401;
430469.096;564776.874;564763.229;-107.8782;437.6461;436.9673;
489852.968;550390.417;550289.249;509.8448;-103.3637;-106.7699;
470440.143;542743.413;542663.782;74.7141;629.1905;628.5992;
473315.455;539242.879;539181.495;-43.3681;648.8131;656.5182;
481953.462;536530.079;536418.926;196.0584;-112.3257;-108.9686;
468063.186;552274.892;552265.905;-314.3435;263.3596;259.8537;
899036.724;152603.675;152628.367;15.7839;-26.3575;-26.3637;
474111.640;564124.698;564246.433;-1190.4647;-553.4235;-537.7607;
442876.862;523271.691;523151.052;-39.1920;194.0297;194.3508;
462670.556;541204.040;541093.482;-765.9156;182.4248;179.2172;
430722.115;554891.766;555187.878;789.1438;-182.9836;-185.4739;
465940.225;530755.638;530674.396;-656.9991;52.7457;55.3967;
228816.321;483148.328;481580.552;-75.9500;-105.4447;-104.9709;
469813.540;538275.877;538183.985;110.6636;-83.1480;-81.6097;
500722.084;469166.146;468359.834;-335.5897;-95.7084;-96.7064;
496210.125;535860.231;535782.460;-132.9314;132.2448;134.2868;
473287.087;545560.200;545470.853;-855.7889;58.8140;58.3109;
177607.643;409616.111;409338.307;57.0734;55.7211;54.1922;
461054.226;548392.852;548397.065;-70.0902;498.9804;505.3504;
525604.100;542765.535;542577.621;736.4407;-342.4444;-347.7108;
414859.218;656097.044;655972.473;145.3718;-239.1508;-239.8798;
457478.888;547433.919;547344.934;173.9137;-650.8621;-652.5573;
480951.630;535495.167;535321.332;-293.9543;-299.3747;-297.6956;
752573.971;225356.750;225367.093;-83.7401;108.2726;108.2431;
467592.796;560188.343;560149.518;-125.4605;585.6004;588.9427;
783304.424;714050.709;712553.783;-112.2540;12.1292;11.4318;
355774.303;564049.134;564051.438;-54.2980;-87.0206;-88.2595;
469183.061;550971.800;550936.592;778.3522;68.0320;60.2168;
470064.436;537268.019;537171.643;205.5042;-384.8986;-384.4571;
505837.007;540442.589;540370.898;-401.1000;386.2249;378.1836;
334768.784;390687.213;390504.951;-288.0364;-68.1406;-68.2145;
432981.665;515437.113;515321.561;176.3902;-52.4025;-62.8137;
453185.723;537945.264;537839.624;963.4754;-422.1902;-425.1291;
471371.828;554638.941;554561.492;37.9750;774.0020;777.5909;
610629.943;459281.147;459786.397;-403.8300;130.0304;130.1283;
511158.666;546759.036;546568.929;324.3762;100.1740;103.5672;
964404.991;652824.179;652526.304;-55.0773;20.8461;20.6514;
479162.780;550141.243;550052.986;770.8382;410.3273;408.3107;
34874.053;503277.298;503080.235;-31.6603;84.7990;84.7377;
491434.118;549420.967;549388.647;-984.3900;874.7084;883.3791;
498433.547;475485.107;474857.358;414.9012;223.7140;226.4352;
487699.677;552288.566;552192.836;-27.1278;-85.1708;-82.3861;
83077.128;105037.120;104174.743;-46.0044;-112.7887;-112.9822;
515630.237;571672.579;571402.715;44.2112;-409.8958;-415.4900;
545797.885;488168.565;487180.406;108.5280;-190.9284;-198.8472;
483213.406;546081.583;545969.417;1101.5516;105.7523;108.2323;
357270.039;589996.669;589585.645;359.1779;35.8753;34.5633;
473110.777;457127.254;456407.631;-48.7791;-402.4397;-410.6880;
441207.765;530333.094;530467.009;-558.3937;-164.7517;-164.2143;
806521.438;506705.962;505514.362;73.5898;-38.0331;-39.8692;
464628.211;645716.332;645888.640;504.5648;-75.2831;-76.3946;
528781.162;574533.169;574294.544;-76.3561;-154.2946;-157.8579;
534690.282;437991.351;437417.633;181.9381;-86.1100;-86.7715;
489484.890;534281.525;534138.789;-586.1900;-483.7062;-485.5951;
501613.411;509754.106;509341.019;441.9621;-49.4885;-51.6867;
475139.031;561020.114;560982.147;125.5998;544.1749;541.3638;
479505.034;565206.780;565219.049;-410.5897;-337.8178;-339.0101;
489978.570;568660.139;568596.880;-394.1273;163.6411;162.1846;
763329.064;504052.057;503168.438;-115.1905;5.3386;5.9144;
534614.895;531739.948;531630.545;295.0697;-305.1405;-304.6989;
466693.484;537945.477;537884.167;133.1488;592.0568;592.1345;
465084.647;521315.494;520885.463;620.2319;684.5661;687.7646;
461860.725;535661.048;535622.107;178.1726;-185.2521;-181.1290;
477325.893;532068.877;532031.363;-474.3404;474.2252;478.3998;
499877.814;545395.999;545243.997;-141.0198;-64.1364;-64.0479;
472518.217;553054.375;552974.841;-903.2416;903.0842;905.3666;
482444.462;556008.297;555862.356;1299.7511;536.2637;540.4992;
558972.920;432444.155;431710.423;372.3884;-91.4091;-92.0765;
488597.040;549173.528;549044.644;332.7992;33.8394;30.8357;
480261.287;629736.561;629839.907;257.4051;129.8036;130.6585;
556918.591;622999.503;623039.391;494.8508;150.7380;149.8493;
446631.727;546115.539;545913.136;524.8701;780.0715;787.3241;
556616.184;672667.297;672524.643;-290.8677;150.7716;150.8535;
489346.334;666924.375;666848.380;215.7354;56.2023;56.0949;
709033.611;607513.933;607172.260;-122.1485;-22.1032;-22.3876;
429310.995;526892.767;526840.060;-295.1708;108.6907;107.5829;
543612.319;584708.092;584962.219;611.9081;-108.3693;-107.8463;
460280.971;541071.542;541070.304;-147.4228;167.0702;169.7181;
889089.557;465011.525;465005.469;-23.7805;1.8997;1.9082;
499929.182;542048.028;541845.937;-428.7590;-131.7077;-133.8816;
474501.197;551586.010;551468.488;-783.8037;-404.7142;-402.9404;
501475.207;533287.756;533112.147;13.5892;-450.5641;-449.5723;
705188.198;657492.058;657524.214;271.0805;114.2423;112.4218;
483196.337;510940.384;510952.299;57.1087;-281.9269;-282.5555;
211829.847;973778.994;973546.945;-79.3919;60.0502;59.9830;
463466.049;540508.270;540423.245;-483.5278;-164.8413;-164.7794;
463578.494;545614.263;545484.977;-751.0293;311.6381;309.5422;
459747.828;545176.020;545109.923;-663.8477;-470.7548;-468.9851;
478436.607;530541.698;530557.373;138.6038;-640.8285;-640.3132;
462600.220;516146.537;515946.804;142.3704;-127.0802;-127.8026;
405892.086;255077.562;254545.455;6.3940;-49.4670;-49.9367;
457700.077;561780.797;561718.787;-877.9305;211.4496;213.1431;
468665.066;540313.471;540223.501;1014.0391;299.9889;297.6010;
153075.763;419302.600;418348.330;-64.7798;-89.2193;-88.6987;
149671.409;398758.325;398600.174;-91.3087;165.9976;165.5495;
489224.399;569557.693;569437.033;615.5097;-52.4145;-51.3460;
475058.625;521567.162;521587.127;949.1776;-590.3184;-601.3939;
485632.403;554214.891;554143.468;697.3317;112.1151;105.1711;
460048.643;433634.321;434308.860;-504.8502;259.3924;254.7584;
470283.601;496549.695;496459.102;193.7441;-242.4546;-242.0585;
389369.294;484813.987;484614.107;-537.9435;-149.3907;-150.8452;
457573.510;571742.656;571850.766;158.1558;157.4170;155.8964;
490619.454;536587.240;536452.672;-413.3779;139.0983;142.6305;
566876.882;312299.770;311144.170;-60.0672;-113.5126;-114.2676;
522749.269;534511.379;534331.965;-168.9823;61.5285;59.9260;
498922.427;512751.770;512828.568;4.4880;-495.3011;-494.8853;
361422.080;515428.221;515804.288;-259.4928;275.2496;276.8719;
461142.576;540495.396;540483.859;-321.3297;-752.1854;-745.5704;
556118.710;546050.793;545932.686;-303.8655;577.3814;579.5252;
476959.003;536850.206;536676.757;-417.4541;-728.3319;-731.8982;
480219.726;561934.542;561805.643;718.3926;-473.7006;-472.1802;
429221.315;449263.488;448285.148;-142.3386;-158.2797;-163.0182;
300660.582;636528.789;635658.335;260.3214;214.9062;216.0393;
482802.708;546476.835;546351.419;-89.5858;261.6567;259.5412;
445534.327;580452.848;579884.496;-330.7763;-168.5045;-175.0741;
468418.591;536501.847;536194.307;169.6331;-752.2903;-746.7569;
459220.485;523858.375;523727.157;-472.4431;-89.9819;-86.9121;
423841.838;542003.321;542197.476;628.4931;19.9076;23.8599;
506301.184;552456.985;552320.253;390.6140;722.5623;718.0942;
494347.588;538769.659;538494.783;-1304.0830;-324.4019;-309.0310;
538465.972;559839.143;559752.269;-121.3260;197.4622;197.5331;
497126.126;531334.216;531093.082;-428.8879;-318.3322;-317.6348;
488154.719;528702.009;528592.235;-344.2379;-321.5249;-319.2623;
486387.897;541105.048;541080.671;520.5966;-515.7265;-513.4909;
491785.353;559523.332;559358.543;-580.0989;334.9745;335.5291;
427407.586;518392.116;518056.469;517.5266;-72.7991;-67.6655;
492531.316;571542.126;571452.258;-572.8919;537.0492;529.0162;
630842.451;686158.882;686441.947;267.7445;41.6311;42.0359;
481728.245;562101.100;562001.022;-359.7995;-497.0874;-499.0014;
462657.461;546833.861;546728.566;-577.9391;-608.6114;-607.3612;
125594.928;583515.444;583247.458;65.8551;-5.2949;-5.6333;
461500.650;558281.917;558240.080;-253.2346;-65.2930;-67.0147;
414706.585;505340.696;505336.705;348.9246;-491.2993;-499.9317;
440766.725;529456.556;529334.267;179.4864;1.4422;-1.6812;
309174.359;471567.822;471049.061;-398.6683;-217.7119;-218.5533;
482531.395;548053.645;547928.115;212.6193;-8.4064;-11.9453;
482805.084;544150.799;544093.560;28.2659;251.1578;251.2259;
428688.811;579233.486;579287.326;1.5476;-111.6220;-113.3428;
