# This file was created for the Modelling and Simulation course, RUG (September-November 2019).
#
# Project: Simulate colliding galaxies, using Barnes-Hut algorithm.
#
# Students:
#     Stefan Evanghelides (s2895323)
#     Hidde Folkertsma (s2759799)
#
#     X         Y         Z         DX        DY        DZ
311167.752;518691.121;518690.705;599.0463;-199.2718;-199.2278;
303867.837;511226.004;511229.236;-340.1805;-85.2884;-85.2421;
325966.144;781504.082;781499.451;93.3254;115.0708;115.0680;
203311.298;321558.756;321562.909;-7.9888;-44.3998;-44.3988;
257170.324;632391.999;632417.233;239.7008;-148.7061;-148.7248;
337738.650;523684.722;523685.166;1140.7766;-123.8478;-123.7848;
326395.361;508439.512;508440.841;940.0776;381.0356;381.1058;
523366.895;419849.800;419858.741;475.8012;25.3363;25.3333;
337338.409;527374.742;527374.925;447.6689;96.2367;96.2492;
354607.906;492682.232;492682.497;207.8176;386.3862;386.3497;
503554.865;384885.933;384881.791;310.9364;42.3377;42.3402;
366023.637;432685.545;432679.543;233.0760;160.1040;160.0576;
339912.741;509644.661;509645.097;484.5331;281.9632;281.9669;
426927.550;520001.054;519999.290;-28.4132;309.0877;309.0917;
373206.014;508777.441;508778.931;687.4120;453.2086;453.2446;
429504.538;523769.608;523765.500;245.6100;113.5182;113.4842;
338119.075;529055.121;529056.256;28.6212;-389.9771;-390.0016;
356014.039;518290.004;518290.663;-614.3503;49.1279;49.1465;
340326.427;520001.761;520006.923;318.0934;924.6267;924.4526;
340926.061;530581.469;530581.240;-537.4982;-228.1098;-228.1131;
209148.579;166433.939;166428.407;53.4180;-64.8148;-64.8155;
365658.533;480579.901;480581.359;449.4716;-170.6458;-170.6239;
347018.200;522493.149;522493.723;697.2445;141.2891;141.3086;
341283.546;520095.406;520096.759;-831.7116;3.7402;3.7688;
379848.412;516720.705;516722.672;-11.2269;28.8376;28.8091;
321713.117;486546.030;486551.711;-226.0830;208.8339;208.7908;
351846.876;515987.022;515987.223;-490.6427;-18.7182;-18.7116;
243144.496;535670.466;535670.882;288.4826;-126.7551;-126.7657;
352150.220;505581.261;505582.761;757.3107;103.6347;103.6398;
340244.166;523257.399;523257.821;511.3296;-143.2528;-143.2772;
361145.220;515118.515;515120.228;419.3404;148.3806;148.3275;
346441.375;514550.861;514551.889;58.6911;299.1505;299.1311;
315100.904;522905.720;522906.935;-106.7473;321.8886;321.8046;
348902.010;519807.369;519808.001;-43.3847;0.6088;0.6426;
365501.769;523224.708;523226.632;121.7271;-24.7362;-24.7256;
335361.384;522760.089;522761.250;-22.8668;193.4132;193.4255;
348621.982;518755.043;518756.072;-7.5689;46.5950;46.6402;
350091.921;482258.697;482259.531;-158.0920;118.3377;118.3450;
304303.187;557913.693;557915.512;202.9251;129.7545;129.7453;
360777.508;518015.200;518016.967;360.1282;412.7027;412.7099;
348478.490;513830.326;513831.479;337.9555;-2.7065;-2.6757;
347571.128;510011.804;510012.043;589.3874;-446.4818;-446.5022;
383648.656;502957.305;502956.214;-214.8537;286.5908;286.5914;
368209.528;523251.234;523252.521;177.3336;77.6753;77.6915;
297003.222;517203.673;517204.532;-641.5367;-37.5098;-37.6398;
387331.065;537948.708;537949.224;308.4386;-178.5940;-178.5784;
366779.006;471889.864;471891.537;311.2277;53.9351;53.9185;
391507.144;523630.166;523633.288;-167.0081;-291.1442;-291.1488;
582469.991;486921.482;486924.926;631.2439;-8.9168;-8.9164;
320116.472;494488.775;494490.567;858.1554;-87.6368;-87.6316;
237853.386;562601.614;562602.172;372.4543;-60.4194;-60.4001;
352274.437;510933.913;510935.719;303.9290;-365.5339;-365.4921;
342558.983;534436.957;534437.000;830.1596;635.0092;635.0560;
389509.744;501689.611;501686.003;-324.0499;58.1925;58.1851;
335225.248;517880.070;517880.962;61.1269;101.5070;101.5161;
370699.418;522734.780;522734.728;-117.3060;-100.5012;-100.5150;
300100.767;517900.804;517896.523;-738.5011;-8.4657;-8.5129;
228859.229;525015.064;525014.921;-52.8356;142.1816;142.1689;
328050.858;525624.929;525626.042;-78.8294;90.8724;90.8576;
355287.822;506096.734;506100.124;-221.1119;-60.4059;-60.4281;
355463.349;505118.801;505120.602;181.2092;130.2999;130.2860;
331717.471;498758.478;498759.923;191.5141;-139.6037;-139.6008;
350167.553;521032.260;521033.697;-2.8836;-366.8308;-366.8345;
348396.614;514752.905;514753.117;-172.4971;-374.1547;-374.1262;
346378.098;500686.422;500687.318;764.3336;-299.1946;-299.1726;
372134.904;503744.285;503745.048;102.5290;-154.8935;-154.9009;
324446.162;514885.325;514887.068;827.9736;-555.9822;-555.9370;
339175.457;524411.650;524412.304;-620.8022;-152.0977;-152.0903;
351971.666;515377.910;515378.905;-164.0194;-320.4732;-320.4572;
341141.188;521654.799;521655.557;-41.9064;-328.1342;-328.1520;
392803.228;469663.215;469664.694;-245.4546;33.8590;33.8719;
367088.978;515247.389;515248.644;948.9280;-34.6662;-34.6462;
236395.525;557233.860;557235.396;-44.3154;88.3954;88.3830;
325318.073;517382.166;517383.771;404.8477;-130.0253;-130.0097;
259658.877;513638.365;513639.652;690.3713;31.4864;31.4725;
311813.087;600244.819;600234.527;163.2171;80.3584;80.3461;
324224.552;514044.032;514045.659;-279.1031;15.5650;15.6020;
351484.666;513079.719;513081.491;-320.7197;122.7090;122.6933;
313666.928;520261.044;520262.159;-75.3071;66.4833;66.4391;
325763.199;519072.572;519073.129;559.9918;-333.9768;-333.9687;
339217.393;508555.915;508556.679;217.1048;-16.1417;-16.1406;
354099.739;458621.466;458623.263;569.9771;37.3045;37.3043;
360654.005;528226.461;528227.234;719.1574;249.2756;249.2928;
363010.002;523712.159;523714.325;1140.5503;-115.6267;-115.6145;
383573.526;495777.631;495776.559;-104.4830;87.9565;87.9486;
328863.107;489780.198;489782.323;-268.1586;556.6832;556.7945;
366713.439;505644.712;505646.967;854.9886;-164.7502;-164.7530;
316289.200;518065.937;518066.914;715.1978;-112.5631;-112.5375;
337223.728;520216.909;520218.470;506.7877;144.0898;144.1202;
346719.939;557903.148;557905.309;175.7195;23.8164;23.7999;
356966.217;512421.449;512421.753;57.7629;-10.6399;-10.6520;
347344.946;509522.134;509524.650;763.9459;462.5818;462.5845;
359663.846;518902.462;518903.188;775.5718;-148.5573;-148.5342;
375183.527;521675.311;521677.515;39.6683;-145.3762;-145.4009;
281806.143;512671.921;512678.370;-139.7903;-322.3439;-322.3469;
318147.818;501875.034;501874.868;231.6163;-139.0079;-139.0157;
317121.277;512908.601;512908.644;593.5261;-113.5442;-113.5491;
272657.022;645130.961;645137.878;51.6206;-23.8466;-23.8313;
188674.721;374374.948;374381.615;53.4656;-140.9322;-140.9255;
674933.054;575191.871;575186.374;-191.1924;137.9243;137.9042;
620204.513;510537.529;510537.439;-211.0398;157.2167;157.2131;
672196.192;523358.271;523357.010;-69.4952;131.0440;131.0078;
654590.321;511872.073;511871.567;77.7469;-352.1670;-352.1925;
789751.861;552990.478;552985.899;-142.4835;35.4326;35.4331;
644330.064;507900.471;507899.996;-250.9128;-97.2964;-97.2967;
667516.762;519560.573;519558.508;-887.6258;-222.4619;-222.4309;
645586.119;501981.511;501981.100;444.0020;-548.4795;-548.4296;
660341.407;504558.202;504557.819;-453.7130;679.2859;679.2238;
616910.338;465487.955;465487.978;-429.0125;51.8342;51.8263;
773971.178;618626.862;618630.662;-143.1591;-43.2733;-43.2680;
634928.691;525697.960;525697.194;-1313.2522;69.1401;69.1925;
635895.208;500878.675;500879.267;-57.3447;15.4291;15.3963;
659935.969;523100.354;523098.591;-16.6559;406.0642;406.0264;
619704.074;530218.862;530219.735;-641.1146;-197.8139;-197.8063;
657671.708;517461.449;517460.039;468.9169;-394.5600;-394.5440;
627483.043;571327.770;571321.680;-195.7848;323.3461;323.2888;
645208.909;516977.393;516975.825;186.8233;-25.5601;-25.5434;
599138.673;575679.218;575671.135;144.8786;-165.8151;-165.7803;
595181.286;360236.570;360247.601;-201.5298;-34.7314;-34.7273;
595217.279;505960.942;505960.603;9.4910;-348.3225;-348.3103;
651638.741;509820.793;509820.940;73.2370;545.1965;545.1916;
626898.575;388201.316;388204.402;-125.2482;-37.9751;-37.9706;
435727.125;316941.794;316922.359;-201.0109;11.8994;11.8938;
648259.123;519640.537;519639.355;332.8221;74.2980;74.3055;
494474.255;649000.557;648988.560;-470.3815;112.3673;112.3510;
586227.285;459493.028;459496.088;-385.3527;-112.3886;-112.3843;
810286.010;572225.299;572218.555;86.9249;77.6905;77.6974;
592956.761;529076.899;529074.854;-281.3442;-203.6568;-203.6572;
669088.090;583319.307;583314.743;-84.1190;-15.2895;-15.2781;
634671.209;515056.089;515054.785;-954.8253;223.9278;223.9709;
666281.271;519836.257;519836.517;320.6668;199.6694;199.6556;
648233.886;520285.613;520284.662;-405.6486;-19.6333;-19.6232;
685723.151;643892.622;643885.618;-256.4452;-98.1580;-98.1538;
632548.200;511350.063;511349.045;230.6077;234.0170;233.9975;
589301.644;517861.380;517859.996;-448.3009;-110.7358;-110.7300;
669937.090;504636.847;504636.821;512.2237;40.3958;40.3753;
515163.035;503493.084;503492.947;-412.5917;115.7345;115.7220;
686835.616;515433.707;515430.453;-243.0651;279.6328;279.5628;
662316.381;508409.062;508407.830;305.4875;-348.6474;-348.6824;
666236.613;571662.717;571658.131;89.4464;304.2998;304.2528;
654702.558;521977.442;521975.776;613.8589;268.2986;268.2236;
643324.756;520663.652;520662.402;-445.7128;363.5574;363.5514;
753036.413;609098.790;609083.574;-14.0450;92.4471;92.4304;
639980.418;481677.418;481676.800;-535.4437;376.2329;376.2299;
640012.831;525365.862;525364.795;-473.5694;39.7762;39.7950;
633865.924;512519.618;512518.542;-710.3390;-179.8057;-179.7814;
481037.704;415378.437;415391.172;-370.4337;-70.9133;-70.9061;
686805.363;468503.799;468506.743;-332.3290;-110.9823;-110.9742;
663088.145;531621.565;531620.771;-417.3439;-344.9621;-344.9537;
800000.762;449798.515;449801.512;-133.1188;71.6327;71.6241;
757288.979;510738.143;510732.292;5.7932;-205.9304;-205.9146;
642605.516;522582.880;522581.660;-377.8408;517.2912;517.2967;
647898.312;528897.451;528896.365;-640.8772;-42.6795;-42.6823;
635840.467;501297.030;501298.769;-804.3178;-729.6559;-729.5861;
593852.887;431788.065;431791.678;-107.7994;103.1003;103.1022;
648088.208;503620.481;503620.365;-191.7434;-71.3624;-71.3554;
644153.517;501598.555;501598.491;139.3596;-60.9985;-61.0012;
634087.080;525465.969;525464.417;308.6040;101.4309;101.3972;
643767.775;500305.404;500306.231;-52.3344;-382.7676;-382.7319;
462365.559;226031.489;226021.827;-180.8401;-38.5239;-38.5296;
648282.447;523126.686;523126.225;-165.9231;-364.7167;-364.7021;
619118.193;533683.598;533681.376;287.0238;-87.7118;-87.7281;
637193.337;547921.211;547917.879;314.1209;207.7735;207.7420;
657871.771;531482.958;531481.214;277.2407;132.7551;132.7287;
634975.151;508773.314;508773.031;-1468.6932;316.1525;316.2745;
606573.098;558794.968;558790.868;93.1026;291.8848;291.8430;
647268.807;500393.304;500393.077;-685.8509;187.1537;187.1046;
663437.830;510459.012;510458.576;-548.9144;119.4109;119.4149;
723356.649;516570.572;516565.423;-502.2675;142.6779;142.6289;
638064.243;516503.591;516502.696;-710.5696;452.7486;452.7225;
840544.158;442743.464;442746.309;-194.7197;-61.8176;-61.8169;
654790.137;515849.550;515848.585;-911.6056;142.8145;142.8079;
659908.048;514436.095;514434.815;-504.5715;-266.3929;-266.4090;
633838.277;504663.153;504664.286;93.7904;190.4314;190.4243;
660681.044;522926.390;522924.854;-253.6650;-27.0601;-27.1266;
680525.336;550867.426;550863.345;81.4288;-0.5072;-0.5327;
894561.556;537227.692;537223.259;209.4150;-13.1137;-13.1296;
640860.725;520847.014;520845.207;-854.2506;154.6818;154.6446;
669884.834;523828.978;523826.040;217.3862;-28.3997;-28.4043;
640189.347;517433.299;517432.158;-626.9706;388.1992;388.1965;
648852.115;499015.352;499014.840;76.9554;-181.7193;-181.6878;
668751.002;521902.360;521899.918;-538.1766;-44.4192;-44.4012;
693819.214;546971.251;546970.015;8.3109;189.6961;189.6949;
520977.211;276987.716;276990.802;-298.2389;-228.2382;-228.2437;
584039.996;518265.327;518264.019;237.4059;-206.9052;-206.8822;
973354.737;518959.474;518943.453;9.6628;-35.0983;-35.1085;
655859.198;517383.006;517383.026;438.7126;-472.7698;-472.6887;
633626.725;523168.645;523167.367;-475.0576;16.6878;16.6988;
703455.219;512465.113;512460.731;152.5022;-141.4833;-141.4501;
593002.824;575834.944;575829.587;-452.9713;-206.7830;-206.8112;
648868.633;513841.769;513841.323;377.4632;-452.6977;-452.6416;
656712.516;524652.920;524650.852;63.6512;730.6623;730.6085;
622198.389;522762.721;522762.130;-442.1080;-206.9038;-206.8374;
948483.479;759716.258;759707.896;105.9462;157.5119;157.5036;
658903.584;515857.943;515855.978;-183.5068;62.4217;62.4161;
661733.618;509023.739;509024.199;-185.7408;-460.4957;-460.4708;
652493.846;521501.359;521500.639;335.7502;-284.8155;-284.7899;
681698.683;508059.508;508059.706;-299.8885;54.8360;54.8066;
