# This file was created for the Modelling and Simulation course, RUG (September-November 2019).
#
# Project: Simulate colliding galaxies, using Barnes-Hut algorithm.
#
# Students:
#     Stefan Evanghelides (s2895323)
#     Hidde Folkertsma (s2759799)
#
#     X         Y         Z         DX        DY        DZ
267115.683;534276.411;534273.705;369.7958;-138.9838;-138.9712;
375261.865;514889.209;514891.402;-472.5472;199.1580;199.0708;
317221.377;770287.546;770283.188;90.7621;121.1488;121.1458;
204287.355;326015.376;326019.425;-12.6296;-49.5226;-49.5215;
236227.709;645065.941;645092.206;202.3969;-117.9199;-117.9241;
318396.488;507607.641;507609.737;-654.8022;-43.4070;-43.3928;
290755.930;507998.992;507998.286;-275.9070;-295.5209;-295.5767;
477788.044;418555.989;418565.179;477.1870;1.6147;1.6125;
309696.235;507858.721;507859.710;106.3242;204.6837;204.6584;
329618.587;471995.270;471998.303;279.7791;90.9670;90.9598;
474063.512;383158.372;383154.231;309.9589;-5.2320;-5.2343;
343807.922;421782.826;421781.603;232.8220;71.8854;71.8328;
328178.873;524288.037;524289.628;-195.4256;-98.3966;-98.3852;
413999.554;493591.307;493589.403;307.8610;239.6711;239.6650;
286396.773;520245.224;520246.259;547.3656;-459.5206;-459.5329;
391589.258;507615.183;507615.743;650.1958;207.4445;207.3820;
336994.826;544503.973;544506.409;37.6865;-18.6344;-18.6394;
306190.542;516022.542;516023.828;628.9579;80.1142;80.1304;
327406.450;460714.416;460713.818;65.5654;427.3284;427.4383;
330226.579;500508.620;500510.036;785.0680;-104.9295;-104.8921;
204358.238;173004.865;172999.409;47.3596;-73.6516;-73.6525;
319586.454;505455.935;505455.917;473.1776;-421.6214;-421.6273;
335058.804;518415.612;518416.923;-70.5732;-97.4751;-97.4585;
341530.657;512491.533;512492.919;973.9710;-0.1457;-0.1730;
303855.891;516019.319;516019.599;991.0197;23.2721;23.2572;
351706.368;481646.746;481649.729;-314.4565;-68.0137;-67.9245;
315454.954;512297.244;512298.354;726.6532;207.9975;208.0253;
218824.964;546829.378;546830.820;222.0483;-110.4686;-110.4795;
298075.392;523335.945;523336.365;289.0675;-226.2356;-226.2320;
335994.448;508970.422;508971.431;-45.5529;-143.5910;-143.6079;
310322.975;517683.653;517683.831;314.9815;-97.1136;-97.0747;
323594.951;521503.331;521504.231;290.9419;116.8336;116.8166;
364511.952;521779.311;521778.615;-139.3203;-180.9112;-180.9283;
322993.298;515232.773;515234.559;382.8488;19.0673;19.0880;
298020.355;511341.401;511342.845;263.9040;-52.3856;-52.4116;
337764.543;515509.185;515510.834;456.7563;-142.2981;-142.3185;
324256.652;513746.496;513748.329;185.4292;75.4056;75.4230;
360456.392;476986.908;476987.433;-33.5518;8.0072;8.0069;
299060.111;529655.655;529657.445;-160.2951;539.5850;539.6132;
310675.991;524022.550;524024.131;-11.7585;-156.6145;-156.6680;
324632.460;513393.538;513395.291;-24.3052;237.0595;237.0633;
325465.562;507144.390;507145.135;-149.8110;494.7168;494.7263;
369247.302;496251.954;496252.861;399.5236;-148.7659;-148.7912;
327784.474;511135.678;511136.211;602.0085;123.4744;123.4613;
385725.436;512508.259;512504.646;-523.2401;163.9170;164.0197;
350266.236;547386.161;547385.533;460.7951;-15.9226;-15.9160;
329682.248;481639.511;481641.533;435.3714;-247.4108;-247.4009;
398540.885;547541.272;547544.089;-16.1872;-218.1791;-218.1721;
526902.528;490563.557;490566.437;551.9319;-61.5749;-61.5636;
284291.518;523257.747;523257.600;-197.6512;-323.7907;-323.7657;
208769.778;564604.904;564603.911;244.2144;11.7201;11.7343;
322530.701;505324.004;505326.297;22.9662;163.7367;163.7295;
308202.193;474326.040;474329.753;58.2981;382.3800;382.3336;
388271.905;499293.755;499295.210;318.8444;-34.5848;-34.6492;
332460.690;515523.503;515525.068;544.0224;114.0106;114.0119;
360072.497;521769.149;521771.328;301.3823;118.6291;118.6082;
386255.913;514865.238;514871.772;-502.4810;97.8016;97.8079;
245522.107;510205.359;510206.877;-303.4449;159.1895;159.1692;
336943.237;517726.237;517727.668;670.5213;-200.2106;-200.2252;
341065.040;524983.432;524982.452;532.8106;-28.8277;-28.8055;
324685.932;521029.904;521030.624;384.6650;-292.3157;-292.2959;
325917.332;526766.876;526767.713;-66.9635;-264.3454;-264.3428;
336891.641;529078.769;529079.436;275.9174;168.4607;168.4663;
318491.002;505514.580;505515.778;397.6587;14.1920;14.2224;
320614.361;537310.403;537312.028;-38.5843;127.6989;127.6930;
302610.053;518841.295;518842.562;761.2741;335.1489;335.1556;
295031.969;540421.975;540421.290;-13.3684;24.1673;24.1548;
346888.729;504964.085;504965.710;636.3011;73.7975;73.7974;
319362.858;508032.856;508034.443;549.6098;303.1660;303.1535;
327496.418;512440.939;512442.451;345.2068;-285.6703;-285.6770;
410308.262;472047.020;472047.157;-126.2659;-76.6499;-76.6353;
277566.363;519561.323;519561.697;691.0520;1.6863;1.6868;
243260.783;547890.680;547893.123;-108.2921;117.3977;117.3904;
305930.192;524853.402;524853.319;41.4407;5.3014;5.3074;
207539.079;513306.066;513308.312;408.7766;-15.1377;-15.1432;
296903.630;591186.906;591178.017;150.3560;111.4658;111.4485;
351581.076;517197.542;517199.148;104.0714;113.1681;113.1288;
345419.871;516687.299;516687.788;476.9853;-95.4331;-95.4201;
355585.481;513442.239;513442.162;-313.2234;30.3955;30.4223;
346257.626;506127.758;506129.153;-223.5138;117.6590;117.6684;
328806.731;522291.623;522292.904;33.7684;-121.1148;-121.1239;
306456.317;472919.906;472921.334;368.7959;-361.6095;-361.6055;
294801.414;503434.784;503436.084;333.9701;-117.0491;-117.0485;
290825.206;501797.984;501798.033;10.1975;118.0911;118.0462;
378102.317;501565.163;501565.277;200.1711;-171.4536;-171.4797;
358642.028;466181.327;466178.776;-237.3774;-6.7445;-6.7676;
284748.175;537656.873;537656.123;467.5350;-86.9916;-87.0009;
286497.178;523692.329;523692.281;-28.5504;9.1191;9.1155;
338991.809;516628.182;516630.086;24.2373;-25.5127;-25.5478;
328976.512;541985.803;541988.797;222.8601;357.1929;357.2013;
331849.419;519291.588;519293.565;445.9600;-46.8043;-46.8120;
295316.382;503174.783;503173.990;301.0020;-258.4072;-258.3844;
302298.834;510188.777;510190.214;33.6002;143.7791;143.7801;
349628.770;524591.094;524593.285;451.9273;118.1458;118.1752;
337203.943;531146.381;531144.336;-848.6886;185.9307;186.0391;
340878.915;525414.412;525416.140;-477.5785;78.5118;78.5296;
341222.272;516267.330;516268.639;-621.4251;385.6220;385.6551;
267768.410;646621.383;646627.197;51.2688;-8.4491;-8.4403;
184848.567;388615.794;388621.779;26.0426;-159.6616;-159.6540;
688972.073;557771.922;557768.737;-114.8226;246.0531;246.0291;
685654.122;517651.857;517650.572;-766.0357;-303.1880;-303.1675;
635518.199;508712.999;508711.720;-162.4522;-80.7463;-80.7513;
665711.392;516941.892;516940.193;-581.0624;248.9657;248.9421;
797985.202;548576.501;548571.925;-26.3999;55.6078;55.6076;
668077.033;527210.511;527208.750;-99.2262;166.0851;166.0766;
643726.769;507553.049;507552.712;373.2224;76.5294;76.5355;
673343.119;542895.133;542893.264;-604.3774;114.7214;114.7311;
671708.535;477946.923;477949.380;-17.1286;34.7002;34.6972;
660625.888;468907.809;468908.439;-490.8178;-137.6665;-137.6714;
786935.974;622269.391;622272.603;-129.9614;-33.4283;-33.4215;
708655.417;495625.309;495624.391;-180.4113;195.5885;195.5591;
680246.863;537581.385;537578.391;49.4240;-74.1461;-74.1747;
666698.753;520302.352;520300.769;-826.9518;-195.5608;-195.5325;
686335.997;501522.545;501520.965;-94.3164;416.0382;415.9561;
682491.514;510294.720;510293.447;-734.3524;-79.9155;-79.8939;
657406.390;514749.701;514749.917;-751.2078;972.1312;972.1170;
675857.600;515130.439;515128.975;-96.6103;108.1443;108.1678;
594226.642;583886.409;583877.310;-26.8106;-20.2113;-20.2188;
613985.778;365233.719;365244.192;-194.6865;-70.8140;-70.8064;
619532.796;542823.808;542821.899;-544.3186;-334.2344;-334.2180;
674017.465;531883.882;531882.966;-485.5236;-153.4794;-153.4752;
638595.363;392350.471;392353.132;-121.1313;-49.4802;-49.4758;
455009.447;316734.038;316715.266;-204.7364;-7.7103;-7.7187;
680984.617;516632.712;516631.579;-276.1921;-17.4989;-17.4743;
539572.078;635653.425;635643.204;-481.0428;169.5126;169.4915;
625691.767;473642.253;473644.618;-453.6873;-194.4970;-194.4859;
799905.051;563729.959;563722.700;133.4312;104.7601;104.7634;
644275.603;537214.880;537213.635;-819.1542;137.6158;137.6016;
675108.239;579012.280;579006.906;-43.8108;104.3455;104.3504;
676462.046;517248.604;517248.076;745.6128;19.8248;19.8638;
632540.547;505629.179;505627.646;198.5118;70.8488;70.8728;
666112.717;511861.146;511860.596;-177.9409;-148.9969;-148.9968;
708878.480;650839.070;650831.771;-231.2588;-48.6621;-48.6601;
655918.582;506827.149;506827.477;-568.4413;-206.5483;-206.5365;
652164.351;528098.429;528097.023;-954.0716;-12.3093;-12.3211;
622529.037;526167.822;526166.245;184.3000;-307.6759;-307.6456;
556414.483;492808.048;492809.182;-457.2421;111.3519;111.3361;
646509.920;521106.442;521105.136;452.7414;-431.5593;-431.4703;
657646.207;523505.455;523503.378;-786.8643;350.8819;350.8638;
656445.721;526749.460;526749.214;-35.9552;804.9952;804.9790;
655470.412;506467.519;506466.975;-577.3600;-162.5529;-162.5069;
682993.544;499948.056;499947.853;-338.3228;12.7196;12.7104;
753673.570;599730.318;599716.837;1.4381;105.5974;105.5777;
689292.967;462462.113;462461.871;-472.5443;66.8532;66.8475;
671735.734;510331.567;510331.237;62.4672;-311.8647;-311.8566;
669845.912;512262.172;512261.295;572.8766;157.6098;157.6212;
516597.373;423334.118;423345.679;-370.2828;-95.8372;-95.8201;
715705.393;481661.135;481663.058;-269.8446;-167.4394;-167.4257;
671728.507;526706.237;526704.076;319.2583;406.3961;406.3912;
810944.439;444085.462;444089.190;-96.7417;47.3498;47.3431;
740498.374;529040.740;529034.726;372.3425;-151.8297;-151.8482;
667695.347;526604.716;526603.245;93.0668;-243.3734;-243.3249;
667301.073;503856.643;503855.953;124.9860;-115.7062;-115.7208;
700816.991;556315.009;556307.536;-385.1793;-295.0473;-295.0070;
604366.287;423286.091;423289.463;-113.6257;76.9253;76.9285;
664733.911;534018.915;534016.930;-184.8050;109.6905;109.6822;
655274.954;526612.572;526611.169;-402.5387;-272.5631;-272.5413;
690561.021;511650.193;511648.973;-377.6373;-149.2786;-149.2690;
673736.246;534991.198;534989.336;-98.8124;248.1193;248.0678;
479595.888;230212.260;230203.159;-181.7657;-49.5631;-49.5693;
665259.123;503973.954;503973.854;-256.7087;-12.4433;-12.4754;
641523.603;521654.571;521653.975;-920.6990;318.7479;318.7567;
630321.115;508357.264;508357.813;-421.6471;444.0482;444.0259;
655872.749;501249.137;501248.691;-362.4623;-302.9463;-302.9319;
731337.578;519361.665;519358.605;-591.0968;-231.6300;-231.6470;
621369.327;517387.589;517387.923;-616.5710;556.4534;556.4133;
658737.953;537600.459;537597.286;41.2415;-82.8903;-82.9099;
669189.054;517745.501;517744.085;302.5754;-170.5539;-170.5640;
754676.899;505479.892;505479.440;-161.1360;75.1542;75.1106;
680996.818;520446.385;520444.854;443.4411;-276.4835;-276.4725;
855070.731;449945.347;449948.051;-109.6513;-89.3726;-89.3704;
657978.700;516730.267;516729.275;200.5891;-50.9681;-50.9791;
657219.811;517825.666;517824.231;46.6463;267.0222;267.0279;
682664.452;527359.229;527357.451;-403.2687;-239.2876;-239.3299;
656012.173;512092.374;512091.011;-646.6721;-210.0421;-210.1037;
667867.508;542659.624;542658.411;187.5720;232.1773;232.1501;
872126.564;538240.620;538237.706;266.7445;-7.8332;-7.8493;
669475.556;515432.177;515430.832;352.6390;-271.0474;-271.0094;
636154.945;511124.405;511125.469;177.3547;185.3505;185.3182;
665872.606;521719.964;521718.719;411.3320;-26.5610;-26.5493;
671979.854;537993.858;537992.244;-402.3037;194.2122;194.2380;
637896.282;508845.240;508845.232;-132.1669;-45.5455;-45.5104;
657990.253;510571.603;510570.234;739.3510;589.0130;588.9839;
549173.929;299500.699;299504.274;-295.2562;-246.1935;-246.1983;
577967.513;536957.523;536954.340;-68.1052;-179.4784;-179.4624;
971345.280;522296.130;522281.135;33.0573;-35.0347;-35.0461;
626156.731;539615.236;539610.478;157.8601;-68.6277;-68.6223;
680451.171;510628.184;510627.692;211.5101;-228.5246;-228.5115;
641058.133;517542.096;517544.114;817.3191;131.7422;131.6351;
638178.756;584930.272;584927.009;-485.2936;13.6309;13.6134;
681407.331;506809.434;506809.315;-557.1232;244.8785;244.8839;
646978.343;508856.869;508856.939;-267.8050;-588.2043;-588.1226;
688231.310;499901.118;499902.290;60.7637;126.9858;126.9757;
938149.992;744564.188;744556.617;111.7663;161.6106;161.6022;
655817.118;516093.344;516093.393;-72.9222;-23.5888;-23.5762;
642178.008;516629.918;516629.279;-367.3061;355.8912;355.8108;
678864.749;511376.828;511376.522;-576.9372;-247.1387;-247.1295;
689317.923;510033.119;510033.621;196.9826;-101.8671;-101.8363;
