# This file was created for the Modelling and Simulation course, RUG (September-November 2019).
#
# Project: Simulate colliding galaxies, using Barnes-Hut algorithm.
#
# Students:
#     Stefan Evanghelides (s2895323)
#     Hidde Folkertsma (s2759799)
#
#     X         Y         Z         DX        DY        DZ
481779.459;532610.052;528158.856;-432.9621;-115.4644;-163.9937;
518482.853;547297.360;545146.207;309.3059;-13.0129;-10.5757;
639123.232;432531.430;436393.655;-288.0520;-122.3189;-112.6354;
486867.692;533017.845;529917.826;-116.2281;-395.5205;-469.3106;
485219.044;564667.632;562697.954;-586.4015;521.9879;569.6371;
666143.532;573383.814;573147.627;126.1852;-273.3568;-262.9370;
590909.794;944293.566;960813.747;-17.7955;1.9881;9.3698;
568474.720;693584.375;707922.974;-99.4304;294.9032;290.1956;
496784.619;504357.086;490719.595;26.6096;-318.7717;-406.4664;
510281.848;572764.316;570723.821;-708.0547;476.6576;494.1488;
499967.275;544692.046;541696.001;381.9335;-534.6698;-594.9879;
620878.194;711694.197;712319.073;-122.3026;83.3196;82.6588;
485185.664;543179.381;539281.537;-193.6843;-125.2986;-138.4645;
466152.944;552954.837;547644.582;-893.3432;681.7732;514.3992;
345374.599;387966.974;371832.559;-91.2765;-75.5672;-84.0812;
414237.606;530294.023;520057.856;161.9012;16.7652;38.0990;
476573.698;547866.461;544368.792;119.6460;135.2072;154.6715;
407126.169;564529.605;565858.801;-189.7163;195.7943;278.8259;
592958.586;533747.253;539039.215;175.3828;42.9167;47.3443;
475270.487;574450.938;570873.300;187.0005;54.1147;129.2013;
471851.321;544652.724;541420.653;176.2529;36.3618;-57.5739;
471549.997;548913.392;546116.248;-478.3051;-321.5675;-410.6199;
506632.939;560567.026;559411.470;-526.3467;311.0278;368.9941;
501922.368;537502.458;535072.657;-145.9405;46.2944;65.0306;
479237.814;545505.576;541896.494;-600.3850;-128.9273;-128.6427;
852818.322;162429.164;162269.598;-47.9676;36.0033;35.7064;
450878.635;496781.393;496956.611;400.7853;371.3528;423.2586;
518662.680;538029.995;537637.605;-363.1061;148.9961;190.4468;
486061.596;560825.782;558422.258;467.1193;-118.2821;-141.3619;
606890.056;522290.329;524015.478;-834.1373;123.5298;178.0107;
500876.398;535178.322;531733.319;-262.0586;773.9105;844.3302;
515357.387;498984.143;505937.814;101.0343;697.3971;605.1852;
517076.294;484184.115;489961.596;-161.7511;84.2405;107.1665;
480885.037;542847.602;539530.395;-388.2816;-925.2996;-1064.1396;
496597.244;551189.702;549550.985;720.1414;-449.4034;-389.2674;
472831.547;539240.626;535359.676;262.2759;99.6993;102.2702;
605567.036;533572.420;537095.662;-124.0632;-328.7192;-302.0296;
495618.651;550498.910;548772.514;-30.7570;700.8462;725.4667;
492806.494;542461.953;539582.898;-1121.6349;54.9245;19.9519;
496015.804;544273.249;541544.028;-476.0986;825.1631;774.5776;
501253.525;549571.451;545992.137;-175.7386;-224.3946;-239.1334;
416628.118;517728.237;509137.371;-92.3616;-81.5578;-97.8655;
409971.809;629035.766;624847.584;-232.8121;219.9354;218.7069;
791442.931;417210.815;418709.237;225.7554;24.9762;19.8252;
767034.760;392090.652;386497.622;185.1064;-18.2804;-40.5869;
486734.785;542492.508;539303.029;819.1751;-184.8966;-227.5742;
481787.501;551726.868;549079.360;105.9072;-418.4265;-450.4004;
535736.232;523437.099;523360.451;-428.9585;-207.8532;-237.6368;
679670.892;106437.141;100623.799;50.1420;-235.6914;-243.7774;
544157.412;586747.093;591663.210;26.3161;40.9073;84.3842;
497776.421;536169.930;533680.284;-672.4351;-390.0454;-430.1477;
490549.635;521862.771;519404.248;342.8937;167.1477;231.4402;
445127.164;388687.294;404344.678;-268.5554;-183.5696;-178.4171;
348118.334;673609.583;664025.052;-135.6338;-61.8966;-71.2441;
606369.695;409797.629;420940.012;234.2271;-107.8672;-78.7189;
547795.175;565905.343;566262.078;534.9470;-132.4319;-103.4097;
261234.083;698293.876;697618.059;183.9155;24.7688;24.2773;
487643.316;560501.273;558881.612;185.3907;-200.2169;-244.1551;
471397.446;545445.669;542592.433;-398.3503;9.3410;-62.8114;
478073.518;541571.262;538850.119;-432.0756;529.9409;552.6047;
494923.368;537959.946;534200.222;394.1829;-416.8562;-480.2188;
467383.279;538320.260;534588.742;-48.5295;-491.4940;-591.3514;
469076.335;562318.000;560205.377;456.3788;137.3323;136.2372;
459848.610;520583.806;516677.874;84.9596;462.1783;393.9835;
599909.800;539176.254;542893.975;180.4407;-255.8552;-300.4268;
541765.350;524312.717;524330.796;353.5724;-341.9510;-350.7830;
384082.807;585057.605;560367.252;-377.4707;139.4929;59.8240;
614729.707;520068.670;525800.847;-314.8426;100.0569;89.0169;
503242.818;505923.526;506700.813;225.9320;285.0779;307.9607;
500829.487;578100.200;576432.491;132.1706;179.4924;194.2710;
799955.482;439956.976;441646.367;234.3853;8.2916;4.8203;
499453.324;553627.155;551432.344;-385.2885;317.5796;339.6204;
492143.107;540997.394;536989.429;520.8953;485.5031;574.1960;
605013.907;535041.205;539261.457;-421.7340;307.7575;315.3480;
790935.875;372303.367;374294.735;234.8524;-48.5853;-29.0855;
489415.529;542687.517;539231.336;532.7518;-63.2423;-117.3062;
503111.194;548806.197;546558.171;217.3165;212.3138;232.8074;
523192.108;542816.083;542710.356;51.9965;753.2899;948.6506;
489219.574;534815.093;531789.804;-185.9171;-569.3567;-631.4150;
479314.373;549354.040;546713.282;-127.6696;-176.3965;-288.5531;
489353.172;536414.897;533256.371;-187.4312;18.1962;10.3464;
367669.549;410394.816;393911.992;-100.4592;-224.0658;-277.3635;
502059.653;555012.397;552886.736;-988.6741;-41.4233;-117.3209;
481134.367;165104.018;149053.022;135.7405;-84.1182;-86.7270;
492336.494;557849.074;556169.443;561.2282;-68.2097;-84.6655;
767353.373;576492.395;575450.335;-41.8068;-65.8821;-65.1704;
903762.165;578529.909;576488.669;-118.0663;-72.2523;-72.7545;
453767.837;569213.081;560537.592;-544.1492;145.9803;227.0036;
483396.490;511876.734;511031.563;1039.1638;-159.5252;-112.7590;
404876.890;473804.968;468235.302;-350.1535;65.7154;18.7332;
446962.711;537967.217;532258.337;378.2849;520.7175;541.9035;
872602.800;598670.948;600328.158;162.0655;-69.1062;-72.3907;
503685.734;548492.322;546509.576;-56.4249;190.5302;222.9722;
419254.371;567510.042;567461.852;157.8190;-81.0606;-45.6174;
499533.273;539412.117;536007.293;-309.9695;304.1190;367.6230;
473792.471;553988.196;550613.375;566.6663;567.7390;624.4487;
443752.040;368390.145;374683.971;-186.9103;5.6684;-1.0268;
866762.077;689902.779;687037.921;-99.1982;-70.2507;-70.2823;
537366.558;531046.592;528350.761;270.1914;51.5149;71.5765;
484929.812;541844.707;539146.313;-1303.5081;-152.3066;-240.5207;
504738.135;552369.670;552624.502;816.8745;380.4815;496.2896;
468266.984;525946.113;520676.257;-140.0325;-208.8046;-190.0746;
537076.564;554516.016;555814.305;-72.4176;-449.1309;-492.1756;
508755.041;541305.863;538744.540;-319.3528;-42.9580;-58.4170;
456148.867;293536.558;290198.056;24.2079;80.1160;77.6582;
465789.384;541530.813;538876.602;836.3788;-223.6283;-132.2951;
463678.174;411403.589;427237.331;-66.0916;-49.1996;-21.3783;
951458.756;328247.418;318817.895;53.5186;-58.1322;-23.3974;
350159.340;556570.875;550727.597;282.6134;186.9526;186.9679;
507224.529;553588.415;551687.303;471.0545;-687.0180;-683.9487;
484456.990;559265.603;557364.417;-361.7569;-631.4100;-659.4864;
514202.513;539670.500;538677.582;338.2303;-301.0778;-299.1630;
492090.281;595565.226;591733.324;-405.8040;130.6114;59.5734;
486075.613;411001.559;424236.435;-188.5085;-225.1887;-186.3172;
493517.365;561672.297;556275.089;321.5001;1072.8988;1001.4284;
482685.078;545699.517;542740.788;-253.1200;628.5896;631.6502;
622205.061;533065.765;540048.623;343.9354;-188.6235;-159.5890;
481297.908;546369.462;542911.175;-45.5774;-167.1250;-222.1336;
493010.062;552420.823;550360.715;780.1247;343.2267;422.1109;
466840.687;555760.137;547349.743;-1319.5395;-19.0827;11.3418;
475189.340;538938.886;535430.844;-10.6319;77.5243;62.9286;
490131.144;513452.518;511356.469;270.7554;-262.7297;-192.9266;
507833.426;545718.631;543335.197;441.0069;-520.3078;-462.0561;
810461.893;424324.708;417441.928;-90.7062;-42.8222;-36.0315;
588345.048;544840.708;535359.032;216.3064;-611.5645;-546.1000;
522371.751;530419.941;529765.363;-231.9653;-273.9239;-254.1432;
600845.200;584185.361;597378.058;267.4493;185.9869;262.8938;
512500.382;568056.246;564769.520;-924.4587;-30.2327;-130.0002;
521739.138;548107.959;545990.549;-150.5071;-296.2119;-301.9992;
485694.757;537011.904;533040.269;1197.8590;295.8070;153.6048;
455164.070;535752.816;529464.883;-668.6202;-547.3216;-449.2552;
614537.367;525444.429;525701.452;-130.7890;215.8482;68.4112;
481703.604;522389.394;517960.921;920.4480;152.2807;230.0700;
478501.018;535904.281;532003.219;96.3165;-63.1484;-87.9493;
493561.663;550189.907;547680.091;209.7515;337.8315;334.5300;
479912.609;545518.751;542234.946;-112.9805;-804.4516;-864.1257;
484599.348;552911.053;550168.691;829.6849;-137.4097;-114.3842;
513851.802;548546.198;547683.476;-230.9115;-173.3100;-140.9272;
516580.592;542821.537;539744.027;-189.0051;678.0645;703.8040;
504770.665;596515.341;599232.806;501.4551;105.0837;158.6285;
575785.998;549510.930;548129.062;232.6305;-125.8927;-141.5028;
423307.528;352554.024;336964.203;127.9673;-233.6847;-254.1790;
486922.644;531848.375;527792.902;132.9401;-615.4617;-676.1734;
437024.677;549503.217;548124.274;894.7722;-50.9168;5.0945;
496761.087;550846.279;548702.680;413.4159;131.0914;195.9261;
497624.790;550792.480;549456.516;1616.9770;121.1606;235.2603;
534779.923;537294.785;536592.248;555.2041;-165.6365;-209.3550;
494954.452;546059.832;544318.541;542.3971;153.4840;168.6822;
