# This file was created for the Modelling and Simulation course, RUG (September-November 2019).
#
# Project: Simulate colliding galaxies, using Barnes-Hut algorithm.
#
# Students:
#     Stefan Evanghelides (s2895323)
#     Hidde Folkertsma (s2759799)
#
#     X         Y         Z         DX        DY        DZ
532580.890;525241.609;525241.127;166.8164;-81.9981;-81.9303;
585291.343;531783.442;531782.397;37.3474;64.3344;64.1433;
371572.048;827710.694;827704.879;105.4958;87.1409;87.1385;
205036.380;306820.693;306825.363;17.8720;-19.7782;-19.7767;
470840.479;499534.923;499531.664;1351.2730;-386.7511;-386.7863;
498778.825;524208.370;524208.413;1512.6781;389.8625;389.7597;
518426.788;531878.771;531877.920;44.9322;439.3977;439.3094;
719583.654;484163.360;484163.086;305.6375;228.2282;228.1942;
472176.126;546349.719;546352.128;602.6528;111.0231;111.0225;
470370.491;525166.466;525167.067;993.8228;-398.7364;-398.6739;
626473.018;482510.163;482511.421;58.3534;443.5926;443.6069;
387725.691;615058.338;615088.584;23.5080;283.3250;283.3121;
496920.793;534811.485;534811.218;974.2142;12.6985;12.6400;
521525.144;517163.247;517164.076;507.1849;1161.0259;1161.0686;
445764.356;516893.271;516893.633;603.6261;98.2160;98.2177;
489242.176;525005.161;525007.105;2010.2228;271.2272;271.2241;
467255.775;531268.144;531268.431;592.9604;-207.5505;-207.5192;
529999.456;524300.290;524300.313;298.9000;170.9967;170.9103;
532343.253;664230.719;664176.860;431.6553;112.9032;112.8498;
507249.132;520925.018;520924.231;621.5307;-736.1279;-736.2658;
240423.511;146249.724;146244.015;83.6005;-23.2541;-23.2542;
513642.924;510151.078;510152.370;150.7060;581.2032;581.1434;
501451.354;514413.546;514413.102;973.6873;-440.0664;-440.0898;
525696.726;522342.251;522342.625;525.8039;-8.1787;-8.2083;
530471.222;523851.311;523849.789;315.5394;-663.9468;-663.9437;
515340.652;506154.543;506154.460;-7.9377;562.9779;563.0375;
518218.466;522204.128;522202.143;621.6032;-173.4690;-173.5781;
504506.866;504886.533;504889.304;905.6305;389.7124;389.7086;
508827.665;521843.441;521844.207;655.2628;-5.8962;-5.9472;
518817.622;525472.043;525472.331;504.6872;-684.7817;-684.8979;
497094.021;519613.385;519613.398;740.7896;-47.8045;-47.8181;
525617.508;517141.138;517140.516;-76.6611;-142.0598;-142.1049;
495550.806;510688.181;510688.420;1481.2155;87.9528;88.0933;
511178.985;513176.187;513175.661;893.3419;-265.7444;-265.8124;
518147.732;513335.287;513334.932;1065.0831;-848.7857;-848.8789;
518047.101;523069.768;523069.117;545.5499;1.1560;1.0551;
520775.690;513776.664;513776.913;1004.7969;58.3819;58.3467;
510387.722;530085.834;530084.992;575.3656;-640.3424;-640.3516;
508245.882;514173.486;514174.194;345.0134;1156.7030;1156.5782;
533127.503;512894.419;512893.813;456.7640;-405.0383;-405.1145;
502855.973;521697.920;521698.002;1015.0357;-499.3995;-499.4434;
475703.487;525660.706;525661.490;1497.9034;5.3104;5.3637;
494634.643;522933.879;522935.513;2084.0742;119.9713;119.9651;
472627.193;521941.938;521941.962;901.7530;106.5731;106.5455;
317386.873;500819.452;500828.171;389.6579;19.2519;19.2924;
392158.334;547406.489;547406.892;323.4545;126.1380;126.1270;
519667.342;506058.082;506059.779;1139.1846;541.6855;541.6609;
305538.465;537371.554;537371.943;44.7541;116.3507;116.3549;
737603.003;628885.930;628868.726;94.9327;322.3958;322.3685;
497658.974;493471.241;493472.927;819.3280;-301.5542;-301.6359;
612393.708;548696.846;548697.028;580.7083;350.2731;350.2692;
507781.754;523072.617;523071.970;1617.7316;189.6058;189.5984;
569088.118;475424.466;475423.764;-214.1972;-272.4182;-272.3648;
588008.801;532269.505;532263.172;581.0080;167.4129;167.3607;
489401.181;515598.886;515599.904;1257.6945;436.7758;436.7494;
503502.317;522322.054;522322.891;571.1761;-121.1406;-121.2209;
271050.475;488121.922;488127.958;259.7963;-39.9809;-39.9747;
385265.422;559441.693;559440.279;706.5401;-47.8416;-47.8359;
477628.064;514026.844;514027.945;1020.8661;171.7400;171.8194;
463019.659;505513.194;505511.234;720.0493;-231.8894;-231.9326;
486579.261;516586.336;516587.186;955.9611;-241.9042;-241.9295;
439054.849;519806.082;519806.537;408.3851;82.2506;82.2162;
435430.799;528242.546;528243.654;345.2120;84.8709;84.8490;
518499.605;517243.365;517243.259;1135.8712;-567.8434;-567.9517;
513314.210;502786.840;502787.393;901.9123;119.5968;119.5193;
471477.397;509389.513;509388.903;1052.0502;539.2137;539.1736;
523827.231;513554.707;513554.595;968.6633;128.7774;128.6787;
512581.981;522625.441;522625.010;1313.2861;-315.7556;-315.8240;
508924.250;533668.922;533669.906;501.5003;-623.2975;-623.3522;
518856.043;519954.781;519953.129;256.8316;70.1345;70.0879;
514622.473;560311.435;560315.450;718.0883;-298.2990;-298.3265;
407482.526;530594.910;530598.372;3.3618;68.3707;68.3870;
287105.091;570289.080;570285.286;245.2630;-14.9069;-14.9177;
468356.886;506658.829;506659.188;726.2923;-55.3753;-55.3852;
572532.707;542813.105;542809.476;-219.3707;9.7869;9.7829;
402686.269;608512.486;608504.600;232.5221;-49.6321;-49.5531;
487424.338;508061.848;508062.156;989.3118;333.3956;333.3648;
454155.736;502160.636;502161.399;437.7698;-241.0013;-241.0453;
472000.173;502664.828;502661.884;1053.0494;346.9692;346.9638;
477553.733;511587.619;511588.077;919.8456;-170.5292;-170.4771;
487320.840;522589.455;522589.948;835.4893;-84.1839;-84.1975;
450404.510;480326.103;480326.342;1071.7083;40.7649;40.7315;
508431.361;531185.689;531185.066;774.7712;347.3607;347.2072;
519771.818;531148.651;531146.545;-297.5486;234.1424;234.1382;
493770.717;510667.466;510668.771;1705.6956;423.5465;423.5881;
601510.256;525295.447;525286.048;-9.1231;192.7532;192.7287;
452380.963;500137.417;500136.773;883.1258;87.9416;87.8439;
445804.532;506872.758;506872.443;838.0167;-100.7266;-100.7306;
523958.164;523388.896;523388.101;373.6751;-451.8468;-451.9047;
509424.058;531066.209;531065.052;774.5633;517.9420;517.9524;
486416.291;529586.273;529587.763;624.7111;-107.2012;-107.2206;
507490.553;525374.645;525374.353;912.4288;175.6636;175.6222;
485899.191;510099.410;510100.218;1007.7493;437.2568;437.2778;
514521.465;521884.621;521886.224;467.2870;97.8924;97.8853;
585111.028;512225.803;512224.386;421.2861;-513.5282;-513.3326;
519034.567;529671.635;529670.231;448.1850;-91.2487;-91.3270;
493240.089;530526.762;530527.836;1262.4298;-520.4680;-520.4513;
310273.499;618075.172;618089.388;124.9513;-76.6958;-76.7105;
236882.073;325238.148;325246.962;150.3764;-78.3578;-78.3556;
541086.076;552672.033;552664.563;-464.4609;-333.5876;-333.5445;
492132.885;526391.447;526390.631;-782.5907;-34.6046;-34.5836;
482334.673;522018.683;522019.835;-350.6615;201.8556;201.8354;
498740.150;529329.290;529329.053;-977.7380;419.2812;419.3307;
551383.559;536458.867;536453.367;-1307.8294;-235.5553;-235.5045;
491325.195;523310.617;523310.200;-1107.9378;-215.0962;-215.0056;
506496.135;514799.314;514800.681;-561.2819;89.1203;89.1475;
478130.570;514683.792;514684.416;-1065.9063;-191.5454;-191.5492;
536583.632;530123.242;530121.941;-1250.3646;155.1295;155.1724;
554656.840;497972.684;497970.540;-810.9206;-33.9107;-33.8650;
689580.947;589410.938;589408.312;-223.5156;-85.3481;-85.3747;
587751.979;581265.310;581251.699;-307.6097;111.3746;111.2787;
489191.248;512326.189;512327.482;-606.1139;-111.0356;-110.9466;
508573.426;522541.221;522540.946;-915.1363;-819.8637;-819.6988;
498411.058;538151.366;538148.830;-1199.7022;-56.6469;-56.5371;
483462.404;523547.776;523549.589;617.0468;30.3671;30.3207;
471000.861;473369.026;473370.756;-628.9505;353.9004;353.8555;
493395.803;520849.872;520849.137;-563.6802;893.7924;893.7236;
494127.115;454670.476;454667.411;-523.5151;288.9926;289.0323;
494423.227;394261.876;394269.800;-230.5882;216.5203;216.5016;
494256.060;574918.316;574911.381;-648.5218;-213.6912;-213.6521;
504105.454;511405.259;511407.037;-1136.4788;581.4968;581.3943;
562075.996;385538.116;385542.866;-160.1173;31.3193;31.3216;
352128.158;345787.259;345768.368;-152.6240;117.4171;117.4255;
482379.163;525213.610;525213.761;-1211.6683;-39.3330;-39.2569;
300562.755;627435.176;627423.745;-307.9356;-213.1152;-213.0696;
446851.562;473514.822;473514.999;-204.4741;279.3566;279.3441;
817621.896;597084.873;597081.990;-38.8947;39.0898;39.0986;
492913.314;511555.586;511556.478;-835.2989;-896.6147;-896.5503;
441170.878;521216.179;521217.554;-678.5929;300.6153;300.5344;
491742.001;524833.708;524833.750;-2007.7713;182.7212;182.8779;
585977.731;545566.700;545558.443;-462.3302;-41.8246;-41.7955;
511050.290;521865.745;521866.060;-978.4719;362.7727;362.7783;
479820.596;482984.475;482991.594;-1077.2881;-119.2035;-119.1398;
525652.308;517747.097;517745.130;-530.0465;-380.2998;-380.1999;
538590.735;544087.110;544083.044;-778.0326;-175.7326;-175.6834;
573371.904;555732.949;555725.608;-654.9579;-23.0608;-23.0470;
324651.470;471725.137;471737.334;-130.7455;-177.5190;-177.4933;
496383.965;536856.278;536852.917;-967.4456;-398.3693;-398.2137;
497856.938;521308.633;521309.456;265.3855;-105.4538;-105.4257;
597583.381;588373.640;588362.172;-436.9043;-225.9938;-225.9989;
557572.484;516658.545;516656.770;-475.2793;-59.7844;-59.7755;
544914.752;495544.437;495545.318;-356.8211;13.1204;13.1282;
734167.590;639472.205;639458.181;-69.7371;42.5772;42.5864;
470654.519;531098.302;531097.740;-491.6886;36.9954;36.9960;
510684.699;521694.259;521694.226;-1185.6321;131.0760;131.0873;
489442.251;517115.103;517115.327;-1581.3941;12.1679;12.2876;
324079.204;428731.968;428741.282;-265.6360;126.6661;126.6467;
500952.040;478071.216;478071.063;-498.6238;207.9806;207.9665;
513471.101;521428.748;521428.717;-1266.1939;-562.9426;-562.8425;
676786.689;498945.410;498943.299;-460.0616;128.0597;128.0492;
536680.927;483607.818;483610.707;-1064.6458;365.7869;365.7554;
495456.843;511689.857;511691.129;-23.8301;-1073.5190;-1073.4115;
491869.642;512151.535;512152.468;-347.6495;-24.0441;-24.0286;
420498.867;450415.705;450413.661;-333.9246;273.3876;273.3864;
530813.324;553504.408;553499.904;-406.2149;362.8822;362.8332;
487661.985;521967.287;521968.039;-330.0003;-206.8592;-206.8293;
533068.187;538656.172;538652.860;-700.9619;204.8928;204.8940;
495761.293;509056.368;509058.814;-1128.4827;209.4237;209.4295;
509404.334;523597.978;523598.239;-229.2988;844.6430;844.5482;
387878.598;219744.157;219735.733;-136.5582;-1.1047;-1.0867;
516482.970;520220.043;520219.681;-1077.8616;287.0986;287.1369;
472876.633;512216.554;512218.653;-133.4332;-560.1338;-560.0747;
525761.144;550217.647;550214.637;-152.4829;-278.1213;-278.1148;
489812.172;524693.404;524693.764;-1376.5900;593.3804;593.3297;
295441.427;565956.240;565950.857;-521.9793;-150.8541;-150.8808;
473321.077;508924.488;508925.105;-1633.5102;481.8364;481.8419;
492180.939;524575.570;524575.434;-811.8858;493.2079;493.3025;
508406.773;517917.759;517917.630;-1082.0052;80.5243;80.6054;
344634.699;562141.326;562135.774;-233.8622;487.4620;487.4357;
477101.287;521208.188;521208.948;-1125.0393;-369.9506;-369.8272;
654390.436;458053.122;458054.078;-676.6955;163.7039;163.6946;
483464.895;524206.564;524207.946;23.2382;89.5132;89.4978;
493441.550;510781.766;510782.465;-727.7326;460.6329;460.6512;
504156.718;525466.118;525465.569;-396.3163;-622.5439;-622.4743;
491180.715;515081.870;515083.540;-1377.7926;300.2300;300.3003;
551563.960;507078.972;507077.223;-820.7363;-54.9108;-54.8955;
953478.940;525809.851;525797.490;69.7459;-46.0663;-46.0891;
484403.699;520297.169;520299.674;193.6710;184.6185;184.6039;
531607.432;509322.493;509320.375;-605.3280;-171.9034;-171.8843;
515263.550;517197.035;517197.079;-1343.7551;667.5540;667.5601;
504959.565;518207.843;518207.916;-708.3847;-627.2202;-627.1921;
513810.089;517118.312;517119.164;-1328.2127;-122.2983;-122.2155;
467485.586;513061.057;513060.467;-87.8466;725.4018;725.2009;
378017.265;189528.571;189525.414;-328.1528;-147.7938;-147.8221;
482986.590;503525.516;503526.941;-582.9651;-26.9710;-26.9645;
952468.340;506073.666;506055.257;-98.7282;-8.1546;-8.1512;
631121.163;426980.530;426980.753;-195.6951;-81.1340;-81.1402;
509989.034;524670.259;524670.564;-1058.8763;293.0528;293.0242;
453645.191;507617.077;507618.273;74.2379;-622.1418;-622.2301;
580939.426;591674.960;591658.550;-640.6369;197.8098;197.8524;
478571.788;523643.505;523644.496;-662.0204;-551.7081;-551.5979;
488807.909;516640.770;516641.456;-1000.6313;451.1294;451.0915;
501595.036;521867.586;521867.291;-1433.7648;-957.0142;-956.8178;
991663.703;828252.790;828240.751;83.9905;142.8787;142.8709;
506535.916;521343.020;521342.100;-538.5234;-235.4356;-235.3966;
498636.376;514009.292;514009.099;-1356.1203;-110.6258;-110.5500;
494720.763;532642.591;532641.252;-742.8568;352.6578;352.6872;
437835.678;519241.313;519239.307;-183.3468;-256.5114;-256.6033;
