# This file was created for the Modelling and Simulation course, RUG (September-November 2019).
#
# Project: Simulate colliding galaxies, using Barnes-Hut algorithm.
#
# Students:
#     Stefan Evanghelides (s2895323)
#     Hidde Folkertsma (s2759799)
#
#     X         Y         Z         DX        DY        DZ
466089.699;541758.384;541749.314;-2.5144;73.4734;73.7222;
477478.364;572402.464;572414.361;-13.1446;-327.3896;-329.6258;
599216.565;899602.689;899593.741;110.3600;-10.9395;-10.9413;
346254.240;373059.651;373049.349;122.5377;109.5415;109.5050;
462245.395;537440.210;537440.372;-586.0380;668.5160;669.3099;
481630.414;524815.851;524824.517;412.2098;627.7768;627.1282;
768164.486;917295.703;917159.190;-87.3258;167.9838;167.9253;
62413.396;552396.370;552369.479;-206.1717;12.7482;12.6662;
637093.292;458577.570;458573.806;-36.5749;266.0266;265.7677;
532619.438;525377.216;525380.189;8.4905;-462.6607;-463.1524;
266075.914;530098.940;530044.089;-41.7359;58.1041;58.2111;
587971.047;539318.935;539325.010;66.2449;-67.4531;-67.7496;
558288.168;576854.592;576875.545;375.2695;404.9001;405.2396;
415644.609;505142.620;505106.435;543.8059;612.2248;611.7182;
419046.925;519942.068;519909.492;141.6294;66.3423;68.2902;
403048.981;527472.759;527445.332;-191.5385;-56.4972;-57.2357;
487041.669;365831.572;365786.986;172.7653;304.8369;304.6582;
494045.573;649641.278;649625.289;-67.0588;-177.5130;-177.4772;
470365.416;551040.668;551045.568;-397.5726;-239.3564;-238.9919;
470742.773;556289.385;556295.950;-400.0757;-373.3336;-374.2115;
386503.082;537628.488;537582.879;544.0183;247.5378;248.1668;
396920.935;519592.249;519499.145;554.6205;109.2199;109.7442;
473044.873;547781.485;547788.854;895.8725;261.4679;261.4723;
498423.264;404008.561;403924.921;213.3702;125.4348;125.3996;
459729.018;551742.502;551742.142;-14.2651;154.0869;153.3749;
505154.992;535063.436;535097.648;418.5674;-1.9094;-1.7805;
488551.149;545750.834;545764.395;-10.8564;-442.1143;-442.1743;
424617.428;529503.722;529498.365;314.8146;234.5457;233.8998;
449739.991;535643.382;535611.362;-167.5057;275.9257;274.9284;
470654.736;547601.959;547582.458;-351.5486;228.8430;229.0234;
460583.049;539782.058;539760.504;274.6940;43.1883;41.3073;
449506.438;536446.051;536421.774;390.8881;192.4914;192.1468;
813862.377;235412.457;235437.017;82.4185;-64.2844;-64.2787;
433413.154;466686.022;466622.576;362.3495;393.9830;394.0705;
443683.070;539934.203;539917.434;936.1747;449.7068;452.5328;
389922.290;567476.367;567464.064;-68.0811;-120.4004;-121.2150;
438119.287;524748.455;524717.996;816.9300;904.8715;904.4346;
472275.014;546895.819;546896.370;-245.9090;422.0614;421.9626;
932096.070;521390.775;521741.625;-78.1730;-62.6275;-62.5355;
322008.612;430472.152;430415.209;73.6569;99.7373;99.6185;
469306.834;587042.258;587030.337;408.5998;400.9550;400.0119;
463392.785;556629.339;556653.858;752.7031;267.7145;269.3152;
443872.667;525864.005;525846.357;635.1916;94.1647;94.7264;
627521.244;652473.640;652480.823;-286.5571;-153.4999;-153.4792;
446426.778;540205.141;540192.399;-601.3810;-177.1265;-177.4356;
532196.074;539888.352;539878.937;-290.0415;-242.6055;-242.5268;
487390.646;349958.932;349897.049;-123.1371;46.1222;46.2147;
446353.467;569427.054;569443.279;-482.1068;141.6149;141.8127;
430066.060;552373.172;552390.516;-70.1141;9.9167;9.5462;
733103.061;949686.170;949589.220;70.4927;139.3420;139.2814;
804123.476;168075.399;168096.469;21.2055;-43.1636;-43.1583;
426487.304;521620.457;521583.524;-845.5786;-150.7820;-152.8387;
860219.292;625786.978;625743.084;29.9119;96.7304;96.6457;
408500.108;433489.480;433404.279;117.2880;-164.0792;-164.2491;
484355.837;539166.102;539187.441;-681.0825;-38.9347;-37.8797;
472520.105;529505.216;529512.149;138.3831;-267.3808;-268.9252;
477401.896;581908.358;581894.761;-134.0295;-495.3278;-494.3637;
420630.811;532912.146;532901.332;-86.3227;-221.0491;-221.8482;
457973.128;517383.737;517361.558;548.9806;-57.7289;-58.9095;
544575.700;688750.888;688890.779;-183.1673;-24.5930;-24.3742;
448898.682;543124.732;543116.796;-485.2899;-19.8132;-19.4285;
773822.615;490952.728;490784.372;119.3476;-110.9609;-110.9030;
458925.158;561647.289;561612.110;230.3706;-265.6994;-264.6272;
930001.285;593702.707;593672.508;107.5043;39.4285;39.4424;
450228.211;537711.489;537714.415;-962.4468;285.1284;285.4196;
220868.927;375073.654;374994.302;-182.2735;50.9136;50.8194;
137271.192;622154.179;622176.904;-239.6663;84.8559;84.8075;
700658.381;375066.396;375043.701;261.4191;-91.8451;-91.7000;
465698.171;543571.774;543536.499;-1260.3848;-544.8751;-539.9138;
422455.353;626670.584;626608.647;-173.4116;-131.4039;-131.5220;
451732.211;528606.582;528593.866;782.1367;-63.5030;-66.7258;
293614.575;425703.949;425528.497;-279.3344;-299.5173;-300.4353;
566869.482;539108.224;539105.460;-403.3665;-304.1396;-304.5371;
432774.601;518364.625;518378.731;-570.7006;-797.8620;-798.3156;
448421.787;530797.393;530789.925;-188.5478;-305.2893;-304.8910;
465235.879;523851.989;523825.997;-993.9778;-282.7793;-283.1373;
478274.012;525317.369;525309.648;99.8374;-366.6549;-366.7403;
583518.401;553313.374;553313.232;-180.0737;56.8282;56.8871;
331503.091;547239.906;547151.051;50.5327;-8.0082;-8.0552;
416061.370;619833.922;619846.349;373.9160;216.1636;216.1527;
443165.792;554469.747;554500.937;8.8777;383.7692;384.4428;
948202.816;648972.408;648721.740;450.1634;77.0560;76.7712;
676164.122;656234.237;656111.590;-38.1443;42.0045;41.9712;
390606.579;675072.832;675159.487;-496.7254;168.8004;168.9275;
458914.265;550691.780;550694.472;85.7722;543.9597;544.8539;
765984.317;615228.165;614746.739;472.6188;91.5228;90.2106;
389911.698;582371.192;582320.468;226.4856;51.3079;51.4857;
466817.014;541712.420;541697.409;-244.4239;-279.5653;-280.0041;
472400.654;535649.095;535639.819;173.3860;-442.8334;-443.9873;
470242.818;555914.854;555925.172;290.1638;382.6406;382.7629;
388204.753;480883.799;480858.366;-239.2606;-74.1415;-73.7912;
455440.547;523359.776;523315.182;-244.7818;563.2910;564.1898;
476977.198;545514.740;545519.339;-10.3926;11.1451;11.0205;
478865.141;520790.259;520780.369;317.3982;-594.2939;-592.9621;
460310.953;545837.175;545823.742;-1165.3330;-32.2003;-31.2038;
488541.059;535229.639;535227.063;76.5001;-546.7124;-548.8947;
435685.215;554475.633;554528.804;222.8360;82.9126;83.4453;
504415.202;535891.305;535894.445;138.1136;58.5864;58.3179;
551257.502;580778.129;580767.015;520.2460;-185.6646;-185.5137;
872937.228;489940.851;489909.997;-21.3212;132.6460;132.6588;
462974.017;535082.550;535072.606;-862.6672;-388.8478;-389.7597;
636039.541;502681.165;502481.842;-22.0146;-104.7503;-104.9280;
715523.166;448466.203;448431.082;-9.0376;-125.9967;-125.9709;
458401.296;529359.779;529344.547;12.8330;86.1432;86.2293;
428726.691;478406.823;478342.321;721.5881;-97.8882;-97.0610;
545954.708;506786.997;506789.052;-410.6890;-221.4654;-221.3359;
377987.744;519955.038;519886.133;393.8055;175.1937;175.9843;
482046.642;566344.778;566384.556;-418.8407;-653.5477;-654.6190;
544640.416;366411.904;366353.241;-62.3378;-104.6007;-104.5706;
470447.007;524143.417;524124.334;267.8133;-285.2386;-286.4773;
812916.595;486772.131;486742.378;118.7706;-35.6513;-35.6767;
510906.510;550384.222;550373.906;-178.8134;436.7669;437.0879;
515818.821;530204.607;530179.501;90.4143;-282.6545;-283.1777;
469785.525;556911.025;556940.287;12.3520;83.3244;83.1674;
175690.716;356786.638;356774.408;67.9664;24.9370;24.9225;
482089.548;473087.891;472988.990;-57.3282;120.5666;120.4144;
397617.169;778442.374;778361.430;-133.6309;184.2063;184.0916;
445680.822;536652.196;536673.849;785.1441;-558.6924;-558.1687;
475118.908;531163.262;531138.280;-1344.0301;-34.5241;-32.6925;
480290.880;545680.514;545685.966;-862.1207;475.9604;476.3120;
469653.938;549556.124;549568.220;-1385.2713;261.8595;264.6336;
430798.469;546337.562;546331.304;-93.8004;-25.3615;-25.3740;
428344.023;449574.163;449436.367;-60.5591;-216.6738;-216.9542;
400125.290;522703.710;522598.357;385.4202;-156.5012;-156.6189;
441738.011;533994.096;533996.277;436.7751;291.3993;290.3677;
427258.056;459314.884;459273.270;-18.7768;297.0001;297.2659;
514663.470;342674.373;342602.256;-222.2792;-146.6739;-146.7181;
385206.660;898430.928;898428.462;13.0379;134.5519;134.5448;
433714.442;521211.340;521206.476;-206.9777;63.3788;63.3707;
443570.828;549031.812;549044.987;957.7480;-564.0836;-565.0483;
488572.847;544999.232;544994.220;201.2171;-37.7968;-38.7162;
779210.559;579515.081;578996.379;158.2641;-112.9015;-113.5795;
415893.116;588711.469;588724.131;-136.6017;-185.8775;-185.9838;
460417.296;555457.975;555476.817;-664.8065;284.1009;284.1485;
455492.394;541423.486;541422.743;167.0932;626.4830;626.9885;
415482.250;571884.946;571936.554;-396.6117;-2.8631;-3.5515;
240762.284;428012.720;428015.792;78.4837;223.4873;223.4384;
490691.155;577778.582;577794.477;-141.2216;-393.2709;-392.5140;
511300.951;492252.273;492221.303;118.6045;102.8408;102.4437;
549919.898;503675.016;503715.067;-249.5728;-160.7343;-160.7038;
480789.576;541368.172;541383.439;329.5064;-64.8796;-65.8271;
174698.075;281000.063;281003.251;177.1502;-64.7595;-64.7515;
422058.033;535300.278;535309.301;-727.3053;-55.9358;-56.2745;
486379.104;553488.130;553503.418;770.8701;189.3009;189.7040;
476990.291;577751.517;577769.389;-292.4731;91.1233;91.0986;
564617.815;784613.016;784632.576;157.2458;-148.6508;-148.6600;
467490.471;538532.024;538532.795;-389.4625;-454.1250;-454.6924;
337456.920;558868.182;558778.397;-29.4260;50.6999;50.6224;
449275.041;542152.635;542126.314;118.4089;884.0032;885.8732;
466032.260;539063.082;539050.684;500.4493;359.8451;359.5185;
459471.054;536444.288;536418.275;-684.6105;-137.1943;-138.8827;
454444.700;549554.653;549548.073;185.0355;-344.0672;-344.1702;
319474.239;642022.345;642094.593;-100.2134;143.2204;143.1769;
488897.708;548325.959;548334.019;357.6195;62.9314;63.2358;
450529.011;546446.898;546439.584;-127.5597;-284.6885;-284.7579;
471450.627;544093.057;544093.338;-482.5634;195.8773;194.3637;
447178.610;538468.355;538484.714;377.6915;446.4675;445.2585;
444615.469;541860.634;541854.400;138.2380;-298.2218;-297.5785;
364982.766;534007.193;533997.867;12.3732;-351.5824;-351.5980;
542333.611;467210.765;467187.245;224.7740;-45.1684;-45.1548;
329691.781;405649.125;405552.465;-225.8043;-383.1108;-383.6445;
670762.833;548051.216;547901.977;9.4669;-110.9228;-111.0658;
486976.634;534884.379;534891.059;-98.0102;185.1139;184.1174;
449622.486;555280.089;555278.012;-66.7655;-180.5450;-181.1183;
451090.843;335591.767;335546.908;155.0269;57.5470;57.6288;
475667.006;530171.749;530160.047;93.3724;599.9405;600.7050;
477689.709;547889.476;547890.969;-484.2269;580.6723;581.0526;
465761.591;534332.881;534321.548;997.9353;258.7482;261.5117;
454164.557;511783.562;511732.506;246.3268;150.1820;150.1369;
464970.270;535679.749;535686.254;710.4710;61.3765;63.0781;
474442.934;554279.763;554265.383;267.3483;-232.8144;-232.7774;
430904.447;536193.520;536188.313;97.4195;79.4735;79.6043;
