# This file was created for the Modelling and Simulation course, RUG (September-November 2019).
#
# Project: Simulate colliding galaxies, using Barnes-Hut algorithm.
#
# Students:
#     Stefan Evanghelides (s2895323)
#     Hidde Folkertsma (s2759799)
#
#     X         Y         Z         DX        DY        DZ
185326.025;562082.238;562080.235;168.7237;-39.6969;-39.7045;
370088.240;459319.901;459314.516;385.4717;71.4925;71.5131;
288116.187;725724.857;725721.591;82.8045;145.0129;145.0093;
211374.603;346024.505;346028.101;-29.9304;-70.6861;-70.6845;
182982.266;668763.525;668787.292;121.6104;-27.7286;-27.7129;
304158.587;507878.098;507878.311;366.4515;-194.7935;-194.8004;
256388.946;501375.556;501376.502;-899.4831;-54.4804;-54.5482;
311827.318;435836.839;435843.564;512.7375;-131.1585;-131.1388;
279084.012;532706.195;532706.640;127.1236;77.9476;77.9380;
305068.713;538182.806;538184.281;-100.4059;153.4417;153.4366;
365103.691;412010.289;412008.926;345.1921;-185.8845;-185.9040;
275568.860;445333.579;445336.486;158.5138;-225.5381;-225.5205;
299668.624;499159.629;499161.056;-283.1232;-99.0622;-99.0581;
250423.179;545794.093;545791.194;76.2305;-20.3483;-20.3421;
278551.860;480653.372;480654.714;303.4379;-338.7349;-338.7207;
219778.914;562597.302;562594.450;14.3947;33.9872;33.9697;
252966.282;500508.677;500510.573;59.4230;-252.2574;-252.2495;
266377.863;512503.818;512505.334;911.2608;-58.4841;-58.4774;
307429.884;378507.354;378492.977;51.4925;134.5885;134.5873;
280310.877;522173.113;522174.147;384.1557;-401.9279;-401.9080;
192094.272;203211.316;203206.252;25.4035;-106.9798;-106.9813;
285648.111;481724.876;481725.531;25.4625;235.7063;235.6922;
277368.338;509645.513;509646.524;426.4897;68.0776;68.0922;
289871.106;515608.564;515608.950;24.1849;208.8105;208.8025;
260362.816;499890.483;499890.846;881.8748;197.1080;197.1084;
307892.635;536500.190;536506.222;682.2679;9.5510;9.5200;
282080.427;510047.966;510049.285;630.6418;-26.1057;-26.1115;
166905.128;573279.813;573280.951;86.4844;-33.7363;-33.7280;
255844.746;517047.875;517048.411;228.6616;66.6841;66.6797;
250106.979;520460.258;520462.378;-82.4582;-331.0908;-331.0924;
268773.909;501101.663;501103.464;70.5072;-236.7011;-236.6724;
256888.957;512469.757;512470.617;-67.5927;186.1225;186.1325;
290334.552;503786.732;503787.041;-908.5407;228.6385;228.6861;
268477.727;516524.737;516525.923;-144.2174;76.5894;76.5814;
308257.934;512498.819;512499.265;412.7385;-32.3242;-32.3224;
273459.395;517128.287;517128.661;64.4521;283.7491;283.7694;
271833.016;518476.405;518477.694;-290.2431;264.9334;264.9433;
341920.400;517414.364;517414.784;266.4721;-185.5490;-185.5543;
245692.717;495767.958;495768.985;270.3595;274.2402;274.2217;
265937.739;486212.942;486215.400;342.9944;-163.2610;-163.2593;
251671.004;516039.132;516040.145;-107.0996;-75.5483;-75.5745;
266725.150;506392.630;506394.200;948.4610;433.2187;433.2179;
260335.384;515985.635;515986.910;1088.7045;-229.4067;-229.4089;
287875.436;503832.490;503833.666;-4.7926;220.4826;220.4602;
372249.103;458419.472;458420.372;252.0556;108.9157;108.9618;
272709.741;465626.059;465628.653;-106.3257;80.1085;80.1183;
283861.867;497168.882;497169.562;583.0862;498.9751;498.9967;
382414.716;599460.964;599460.830;91.0615;-105.4734;-105.4642;
310156.587;512560.442;512559.496;1043.5654;-32.4752;-32.4964;
281211.007;497415.293;497415.787;-154.9168;-70.2408;-70.2744;
204274.477;529390.816;529390.793;-293.8938;205.8152;205.7952;
279014.091;526612.398;526614.127;-334.3391;-107.0238;-107.0564;
320678.691;484372.689;484373.536;137.7257;-415.5594;-415.5241;
259726.017;507483.801;507484.009;-801.1888;-256.8373;-256.7769;
271185.847;515629.389;515630.251;243.8907;-138.0546;-138.0665;
210604.196;535793.866;535795.996;218.8243;-70.9919;-71.0010;
376267.310;453636.186;453633.573;214.7834;70.9391;70.8641;
355296.764;588072.745;588073.005;22.3018;-168.6534;-168.6612;
263084.870;512725.599;512727.065;215.5146;-216.9539;-216.9505;
306112.513;498456.045;498457.909;281.7489;146.1207;146.1644;
275310.327;508312.360;508313.150;432.9383;23.9458;23.9500;
253359.026;491821.129;491821.766;204.9470;-131.5371;-131.5317;
279520.338;511129.564;511130.661;-114.8551;416.8931;416.8915;
271639.487;508047.789;508048.526;-392.0428;248.4814;248.4553;
302935.561;510519.030;510519.295;521.4268;688.5271;688.5208;
232988.210;499546.379;499547.224;576.2440;-303.4793;-303.4752;
251171.986;506492.995;506493.131;-316.7083;287.5180;287.5061;
281277.057;516715.420;516716.537;-213.1923;-175.4385;-175.4356;
276941.283;507284.912;507285.679;321.7300;12.2867;12.3117;
280325.106;506700.469;506702.090;11.6786;-42.5997;-42.5974;
352572.275;521766.118;521766.529;500.9577;-116.1586;-116.1713;
169700.486;516938.078;516939.822;122.0112;0.2103;0.2044;
352492.799;476996.842;476997.696;-149.5505;118.3219;118.3141;
267358.775;508061.286;508061.938;112.9119;24.4718;24.4519;
180211.882;521408.239;521410.164;-304.3287;-15.3317;-15.3197;
261128.819;519665.236;519666.494;-34.6079;454.2375;454.1903;
306164.929;505464.389;505464.887;-434.6927;-145.5351;-145.5452;
303313.972;499788.077;499789.648;208.5218;-48.1816;-48.1730;
249737.136;513362.711;513363.558;-389.2969;164.3641;164.3298;
310661.942;513417.261;513417.378;662.7455;45.0321;45.0396;
276622.880;512092.852;512093.842;-254.7981;-58.0765;-58.0649;
312946.946;497319.970;497321.091;918.3258;213.6182;213.6195;
289620.865;514489.273;514490.462;382.3450;-26.3594;-26.3430;
305613.767;502652.438;502654.682;85.9950;-29.8784;-29.8460;
252791.904;507129.640;507131.027;-639.4588;-223.1741;-223.1457;
264935.712;540275.238;540275.108;823.3178;307.9163;307.8995;
247552.893;507617.687;507617.910;769.8679;84.8056;84.8149;
247922.107;497907.889;497908.784;15.2769;-103.9814;-103.9700;
279776.507;512728.950;512729.562;-335.8023;225.8601;225.8593;
295178.652;525477.070;525477.739;-277.0829;-101.2738;-101.2398;
291577.758;504334.529;504335.168;79.6448;-7.6625;-7.6346;
288891.842;509749.585;509749.164;-138.9074;-99.8605;-99.8823;
265054.701;514102.154;514103.214;271.5978;-108.0190;-108.0329;
267612.644;520672.682;520672.874;-335.6272;192.5791;192.5991;
397319.592;416554.552;416566.712;18.2982;203.8907;203.8819;
257837.930;533941.326;533940.427;101.7626;-286.8959;-286.8599;
230972.357;505753.821;505754.092;-240.7238;107.7016;107.6936;
252627.203;642196.657;642200.217;37.6225;35.3160;35.3223;
200162.446;458869.636;458872.330;-158.1300;-285.8139;-285.8009;
669668.939;483265.381;483266.352;-24.3212;-57.0061;-57.0083;
730734.184;521758.601;521757.382;-443.3511;-607.7711;-607.7260;
730226.689;527480.336;527479.256;709.0162;9.7154;9.7376;
703903.869;519237.296;519237.220;-45.2040;327.9850;327.9947;
682881.142;488497.329;488498.189;78.4518;395.3627;395.3619;
726255.178;517684.397;517683.363;51.3978;-394.3917;-394.3579;
741932.669;525786.315;525784.691;-434.2258;-509.1655;-509.1226;
611676.919;500932.455;500933.823;-119.1786;-69.5891;-69.5764;
711308.590;496586.719;496586.752;439.7324;19.0083;18.9889;
669769.106;532517.525;532515.743;-41.2901;282.5648;282.5305;
823544.831;627975.940;627976.520;-88.3302;-0.4967;-0.4880;
766466.870;520025.191;520023.933;-57.0449;471.0243;471.0305;
716595.340;497938.307;497938.754;61.6080;-380.5030;-380.4597;
721243.172;523245.354;523244.238;416.9994;367.5207;367.4817;
723435.764;509761.538;509759.809;917.2012;284.6348;284.6418;
727360.896;512604.570;512603.855;-324.5816;-1013.1554;-1013.0444;
639841.772;533478.441;533475.183;69.0841;4.3739;4.3408;
728199.140;520312.022;520310.514;-265.3955;64.6719;64.6670;
690485.397;519907.501;519906.938;-1003.3688;461.5796;461.5618;
677330.888;414846.641;414851.642;-179.5176;-247.7524;-247.7219;
790714.439;508262.279;508261.406;-25.1879;319.6817;319.6598;
716412.913;515378.293;515377.436;587.1063;70.8243;70.8933;
676961.616;415315.699;415317.519;-104.6512;-84.5176;-84.5204;
524545.957;330172.522;330157.946;-207.8908;-70.2550;-70.2709;
726139.502;514147.754;514146.773;-79.5739;92.2348;92.2338;
732337.442;499747.140;499746.983;-730.2431;791.0473;791.0460;
734698.838;563792.508;563788.495;-120.3915;43.8175;43.8123;
689281.280;507170.523;507171.874;460.8071;34.1178;34.1088;
715548.325;446946.888;446948.265;-19.7203;-27.0423;-27.0446;
748242.230;465358.212;465358.585;-407.0806;244.2139;244.2197;
718433.938;524891.939;524891.436;757.7188;-52.7144;-52.7357;
667155.937;505138.974;505141.343;-315.8300;-24.0450;-24.0587;
721751.108;521459.305;521458.027;-504.4259;-327.6916;-327.6714;
773286.972;640796.503;640789.756;-152.4025;109.1767;109.1711;
724696.153;527563.407;527562.237;-206.2074;-332.7335;-332.7409;
695712.364;537723.533;537720.974;-239.4075;-135.4775;-135.4661;
642611.745;580303.575;580296.916;-172.3590;-32.8122;-32.8129;
743989.490;543277.716;543273.554;-143.0702;-406.7437;-406.7191;
739449.193;509976.112;509974.533;-397.1223;-191.2946;-191.3208;
700006.670;511820.858;511820.937;-77.7225;351.5583;351.5838;
755522.945;472715.712;472716.956;-71.9299;-214.4737;-214.4755;
719131.566;511337.880;511336.970;-19.7819;422.8974;422.8499;
695456.497;514335.952;514335.241;-323.8594;135.8646;135.8481;
733646.841;545432.586;545429.235;145.3234;290.8415;290.7908;
681369.087;534870.965;534868.726;514.7798;103.9259;103.9221;
718882.463;521000.376;520999.016;-741.7992;-365.7684;-365.7593;
708856.755;521973.573;521972.495;355.9039;-54.8434;-54.8380;
655795.240;475149.562;475151.639;-533.6652;-265.7469;-265.6948;
716614.566;537350.797;537348.690;201.8731;78.1958;78.1814;
720483.535;523278.290;523277.098;-842.9691;-472.0267;-472.0348;
816401.439;447805.370;447809.836;84.4539;-81.4281;-81.4247;
623770.645;418705.157;418705.835;21.8844;272.8975;272.8968;
737887.896;517867.371;517865.906;-291.5744;303.3681;303.3812;
721501.287;508967.083;508967.112;405.8150;-88.3143;-88.2869;
726409.723;520489.394;520489.332;335.6485;989.5468;989.5158;
646662.578;409419.521;409421.585;-141.1594;6.2063;6.2099;
725156.067;526636.028;526634.780;-1019.6694;251.0548;251.0689;
724940.170;520531.251;520530.390;-647.8833;96.2723;96.2568;
713906.913;503278.846;503279.192;-522.8732;-153.9196;-153.8872;
714539.374;511216.459;511216.096;110.1691;-313.2069;-313.1870;
540682.736;253242.867;253236.008;-181.1711;-87.5328;-87.5399;
727305.416;504986.472;504985.407;-166.3035;-92.1589;-92.1247;
729663.974;532016.861;532014.039;375.5583;515.9149;515.8413;
692685.958;499917.930;499917.866;-532.2767;335.0771;335.0551;
704276.338;513630.105;513629.348;-130.7195;-155.9566;-155.9256;
804597.470;562699.913;562696.089;67.7773;30.2424;30.2479;
798574.088;542581.728;542580.064;162.4169;-192.6748;-192.6820;
741027.119;515278.534;515277.513;737.3875;611.2701;611.1960;
721769.999;508628.999;508628.544;-229.1653;-240.9846;-240.9821;
672548.504;542890.516;542890.399;-270.6717;63.5070;63.4912;
720210.377;516233.431;516232.468;7.4057;175.5661;175.5562;
830241.603;495709.830;495710.791;331.1659;-194.4084;-194.3987;
721159.069;515664.652;515663.542;-472.3097;-297.2560;-297.2554;
718386.751;520858.237;520857.009;-210.5238;206.7085;206.6800;
734770.762;524927.789;524927.544;769.2220;328.4725;328.4092;
715922.569;511244.513;511243.711;-871.4329;-672.7866;-672.7927;
749069.354;452242.904;452242.549;-313.3754;89.2294;89.2231;
691994.813;508991.842;508989.706;425.8445;618.7041;618.6973;
722886.411;526245.076;526244.248;-751.3207;-145.0881;-145.0611;
738714.466;523113.195;523112.425;-423.1440;-343.2648;-343.2691;
726121.857;516804.817;516803.543;-110.6317;-474.0719;-474.0337;
717136.426;521925.884;521924.206;-287.6328;30.6278;30.5748;
703604.771;510826.819;510826.945;202.4836;268.6697;268.6691;
646462.766;499038.316;499038.220;-458.1335;-59.9866;-59.9574;
647988.569;396128.376;396133.139;-302.6238;-348.5800;-348.5809;
688058.930;564326.214;564321.907;-528.6148;111.6615;111.6436;
944451.764;533383.661;533373.279;134.2412;-29.6327;-29.6489;
670143.560;524644.032;524644.562;-467.3551;86.8600;86.8577;
724546.572;514982.606;514981.550;272.1230;-632.0200;-631.9940;
657815.181;479352.565;479352.548;-409.2987;-91.8196;-91.8505;
639699.757;494072.621;494075.578;266.2215;-162.8523;-162.8364;
760116.737;516275.178;516275.175;-522.5313;-242.6785;-242.6665;
704529.547;524486.213;524485.797;529.7206;-290.3776;-290.4099;
726920.709;510268.634;510267.603;-816.2595;519.5128;519.4578;
896371.935;687133.317;687128.645;139.2393;182.4415;182.4326;
721984.727;519711.276;519711.045;-94.9395;-223.8744;-223.8611;
721767.322;506960.646;506959.775;-895.4592;308.8941;308.8467;
721459.541;524987.360;524986.472;42.0417;393.3530;393.3437;
699439.421;517491.515;517491.811;-620.3917;94.0394;94.0681;
