# This file was created for the Modelling and Simulation course, RUG (September-November 2019).
#
# Project: Simulate colliding galaxies, using Barnes-Hut algorithm.
#
# Students:
#     Stefan Evanghelides (s2895323)
#     Hidde Folkertsma (s2759799)
#
#     X         Y         Z         DX        DY        DZ
455236.243;526867.931;526875.835;-104.3860;-98.2177;-98.2113;
464054.376;530342.996;530351.996;-947.1736;-251.5431;-250.9366;
460588.797;879818.317;879810.896;115.2724;44.8861;44.8845;
238772.581;304372.882;304378.764;60.9667;17.2430;17.2455;
877462.988;730863.056;730780.922;250.6498;248.5405;248.4651;
514764.475;530242.459;530241.461;-364.1441;-122.3411;-122.6797;
504273.721;521436.973;521440.231;-331.0269;-83.3295;-83.3116;
822954.937;676982.936;676937.104;15.9626;240.6834;240.5963;
914241.159;448307.324;448270.555;490.6692;-107.1348;-107.1838;
671569.207;538317.507;538312.551;-319.2296;26.0659;26.1557;
390195.742;443811.426;443796.561;265.8492;-334.6258;-334.7722;
492526.418;676507.635;676489.784;173.9385;-102.9611;-103.0246;
395735.101;514400.928;514402.097;510.9900;-61.3740;-61.3205;
424219.517;529703.063;529706.337;248.3525;-328.6433;-328.3546;
676049.361;501546.658;501534.384;-151.9138;-133.1713;-133.2334;
373946.283;415446.623;415447.170;-265.7675;-329.5853;-329.7139;
883042.200;502971.385;502937.732;384.0826;48.7752;48.7475;
497850.410;541995.578;541995.414;397.5864;171.8506;171.8191;
823018.152;618169.562;618171.790;276.7622;-152.2544;-152.0870;
483322.516;533465.911;533465.299;-907.9491;-299.9292;-299.7218;
325695.118;164303.364;164287.584;117.2029;67.2090;67.1886;
537118.237;692266.300;692240.318;-8.4660;77.3186;77.3097;
467331.418;523964.714;523969.190;232.0590;-97.0577;-97.1113;
488647.947;533495.273;533497.059;251.9004;-85.8375;-85.9075;
512981.027;502417.883;502417.968;-164.7171;-212.1896;-212.2413;
461139.447;507817.482;507823.622;230.9995;589.8586;590.0301;
475080.503;519200.035;519205.078;683.2481;69.6247;69.5463;
900870.930;761355.014;761301.313;432.2678;256.3897;256.3354;
326296.201;426031.934;426031.907;-90.3312;-113.5286;-113.5033;
499406.354;521436.891;521438.019;-32.7647;-8.2309;-8.2645;
539527.916;537635.583;537635.007;388.9290;133.7216;133.5353;
478971.309;525411.405;525415.121;450.0837;111.1178;110.9899;
430058.442;511510.644;511514.991;6.2495;-7.3291;-7.6433;
502284.920;522415.384;522416.815;-216.1258;-35.9816;-36.0379;
469115.119;531054.630;531057.887;-1392.9101;-283.1034;-282.9576;
495621.482;524560.248;524562.033;-395.2706;-130.6565;-130.6055;
471641.293;535360.892;535360.784;668.6957;501.7267;501.7588;
678454.232;341065.188;341077.826;147.4007;-121.2636;-121.2484;
294129.958;421233.361;421227.938;-245.0281;-104.7732;-104.7425;
462856.733;522421.701;522429.649;-445.4130;-32.6039;-32.4842;
500528.427;527586.253;527587.687;372.3065;-687.0563;-686.8204;
375494.209;431924.082;431919.617;-258.7639;-293.8235;-294.0577;
472368.007;535834.673;535835.257;-464.4473;75.1817;75.2190;
830081.704;571159.897;571091.128;309.3551;4.8948;4.7233;
457552.641;393940.304;393924.434;-190.8893;-110.2510;-110.2699;
492637.910;521584.758;521595.672;937.2505;-192.0360;-191.8226;
521163.072;498578.894;498579.386;86.2136;-369.8653;-369.9154;
750399.227;834628.889;834594.813;-11.1278;205.0085;204.9826;
445228.960;579800.808;579819.477;-449.0635;222.9701;222.7946;
758318.592;672467.911;672402.436;44.7085;45.0157;44.8669;
479718.541;529198.878;529203.288;-654.1137;-622.9601;-622.6990;
447236.761;566504.565;566494.375;453.4470;61.1159;61.1791;
359490.901;611852.989;611857.395;65.7934;59.3419;59.3375;
518156.316;543605.776;543602.185;-653.6931;322.4948;322.4365;
411063.209;514807.710;514810.113;-123.4828;-45.4460;-45.5304;
608613.810;700320.829;700306.738;160.6587;310.7190;310.6391;
713290.226;296754.704;296762.997;148.4898;-189.1158;-189.1000;
458355.991;533655.553;533664.847;-890.2180;-416.2374;-416.1498;
882985.894;673497.135;673445.366;380.5601;152.4827;152.4480;
854937.844;541807.518;541771.979;246.0215;-17.1390;-17.1624;
747912.187;510733.824;510710.137;193.2902;72.2954;72.2822;
652768.504;473675.967;473648.562;14.2576;42.6865;42.6653;
443637.865;527824.727;527825.989;449.6052;-294.8078;-294.9046;
457144.381;526835.497;526846.595;-1006.8450;88.0981;88.0029;
661404.012;532024.591;532026.641;7.3269;-105.5978;-105.6824;
490691.646;543275.172;543275.249;500.1173;242.3198;242.2978;
461918.553;545949.897;545957.393;-511.4000;353.5143;353.6669;
472010.001;589171.492;589163.251;-294.0103;184.0812;183.9466;
481718.412;523304.218;523305.436;176.6794;510.7056;510.4249;
465824.298;412439.145;412452.589;-195.1787;177.0732;176.9112;
420089.486;542700.967;542701.428;7.0170;-172.1851;-172.3444;
672009.189;517474.588;517465.082;416.3557;90.5548;90.5025;
970677.565;615530.778;615483.869;555.4143;108.0614;107.9951;
482073.049;537022.627;537024.983;-1.4630;-652.2164;-652.0570;
476731.262;425913.089;425899.219;-191.7508;-176.4412;-176.4276;
695597.954;552130.188;552120.691;-125.0540;-26.8818;-26.8548;
550448.671;629232.442;629214.560;-175.9944;-0.8841;-0.8545;
668986.639;521763.723;521751.695;-328.7317;6.3702;6.4949;
919963.010;549956.693;549916.619;413.1413;75.8234;75.7749;
893890.585;870494.350;870423.634;372.8533;377.1609;377.0742;
521123.933;479182.555;479182.839;184.0370;175.9878;175.9229;
467067.363;527661.352;527666.592;-649.5834;65.0619;65.1612;
770535.648;518948.863;518923.828;-16.9804;54.3450;54.3368;
537221.712;546442.546;546430.587;124.8057;424.4266;423.9435;
667130.472;533080.846;533083.049;-419.2894;130.9160;130.9936;
490637.168;538220.189;538219.231;306.0674;476.5699;476.4638;
467985.856;530420.348;530424.015;-940.2482;-524.1377;-523.7957;
867298.901;453927.599;453902.075;399.8016;-34.8364;-34.8681;
459963.661;545502.840;545507.777;-41.3225;87.3702;87.3260;
658786.661;527883.693;527887.057;-367.0689;-36.4431;-36.4364;
521971.322;535337.643;535335.507;-155.8281;-151.4901;-151.4850;
430471.253;558107.471;558129.432;594.1219;504.5773;504.5754;
471381.989;568098.116;568098.865;-183.0024;-76.7921;-76.7676;
331417.311;405684.676;405677.786;-36.0845;87.7810;87.7794;
556917.210;528905.249;528907.963;398.8001;185.1630;184.9728;
403974.306;318267.504;318274.409;251.9702;78.7849;78.7781;
216595.997;310583.506;310596.213;-336.4538;-190.8418;-190.8475;
489968.985;544346.193;544345.653;-130.3282;245.7487;245.5031;
553627.157;540754.538;540749.335;-1.3847;206.0642;205.9624;
467406.799;537894.513;537897.787;66.2255;-84.3200;-84.3323;
525944.591;526189.178;526185.813;-105.2315;-233.1630;-233.3329;
470348.354;545874.725;545873.785;333.7585;641.4717;641.4131;
497388.100;540631.635;540631.740;-277.5038;-553.9500;-553.7371;
92006.258;396182.709;396192.008;-271.8214;-99.7258;-99.7501;
339544.806;514295.085;514292.559;278.3393;-104.6817;-104.5753;
352145.293;542707.134;542720.106;-476.0534;172.2168;172.1742;
508541.615;426371.976;426376.909;65.6359;188.6787;188.9484;
482517.208;519900.007;519904.962;185.8205;198.1802;198.0634;
459811.827;562632.888;562633.952;-329.6943;-402.5038;-402.2522;
451707.989;530692.208;530694.304;854.1753;-362.8588;-362.8112;
494069.182;550355.606;550345.908;84.7613;-75.5335;-76.2990;
433870.064;592665.606;592680.557;35.2809;110.6803;110.5729;
488547.382;530548.275;530548.585;271.5024;-313.0363;-313.0309;
561164.200;511223.478;511227.513;-564.8634;-348.8518;-348.7587;
704225.762;675501.910;675482.264;405.1794;116.5552;116.4990;
717623.653;391199.018;391186.342;292.5305;1.9658;1.9402;
475122.340;528056.615;528056.968;179.6234;298.4445;298.3487;
431012.312;500206.052;500192.483;-80.1979;345.3437;345.3519;
338091.462;531506.149;531542.991;258.2634;321.6457;321.6447;
494038.513;535842.526;535841.233;186.4621;486.5245;486.4013;
416561.618;416307.864;416290.468;526.4779;-37.1932;-37.3661;
421146.824;577672.880;577670.211;64.0277;384.3716;384.2304;
711796.866;603991.098;603976.164;-224.4643;-27.7232;-27.7676;
427144.250;580398.755;580382.926;231.1204;-170.3475;-170.1085;
438648.844;477852.819;477862.311;-408.8830;22.3779;22.3374;
490159.435;518914.545;518916.340;415.0875;-406.7800;-406.8689;
523195.027;544437.678;544436.373;595.5569;-0.5426;-0.6594;
501856.944;524109.914;524110.304;-192.5292;84.6254;84.5691;
496954.728;481556.626;481558.511;-239.2814;-382.6256;-382.5966;
483402.261;529582.227;529586.760;956.1074;233.9871;234.1997;
220665.490;384600.497;384601.272;-156.0362;-79.4603;-79.4672;
477213.878;492787.809;492781.030;120.8380;425.5291;425.7157;
365386.194;424940.502;424922.749;241.8467;75.8957;75.8988;
491115.674;533162.247;533164.307;-1159.1261;283.0996;283.2593;
487038.513;542864.460;542865.026;95.0988;784.0220;784.1129;
410218.045;529559.393;529568.020;633.8045;221.2820;221.4471;
448584.884;523682.757;523685.175;225.7964;138.1251;137.8254;
490749.461;538676.758;538673.807;-310.8507;-385.5988;-385.4927;
654991.958;648362.365;648342.289;-132.1445;-15.8245;-15.8428;
474393.630;523963.194;523962.785;926.9756;415.9044;416.1544;
499692.156;515289.631;515290.605;-384.5527;205.1316;205.1592;
441938.922;537426.415;537439.314;-73.9914;218.6148;218.5955;
321164.384;575563.054;575567.379;286.0803;141.5812;141.5793;
385740.025;703031.407;703037.232;-22.5257;197.8471;197.8408;
413141.067;503843.158;503830.480;177.2198;6.7447;6.6697;
21737.152;346429.565;346418.189;-676.7430;-260.8330;-260.8538;
9756.320;776913.634;776927.783;-477.4188;245.2031;245.2202;
487378.999;521307.181;521311.589;-783.3180;-712.2413;-712.2403;
494500.492;525182.432;525183.007;557.7812;-396.2366;-396.3288;
589140.685;462656.044;462662.628;-289.1269;-171.5806;-171.5173;
357002.568;542563.989;542576.446;37.9275;-172.3574;-172.3276;
458144.656;545175.774;545181.043;85.6911;-101.4638;-101.5177;
197632.277;320865.590;320869.233;-286.9992;-242.5452;-242.5613;
472700.292;538829.068;538829.113;36.7617;-465.0120;-464.9211;
463543.827;528838.793;528847.408;-1333.3788;-139.3630;-138.8986;
288577.876;247724.653;247731.173;-106.6963;73.6836;73.7018;
468365.204;451053.221;451043.218;54.6092;2.1536;1.9549;
525527.535;540888.546;540875.580;421.4474;176.1902;175.7003;
576892.561;481623.272;481596.777;-117.8209;-130.7155;-130.7622;
475480.121;525105.480;525109.731;-324.3623;-321.3976;-321.1958;
100193.693;437663.431;437650.989;-72.5880;-162.2204;-162.2147;
503306.143;523264.683;523259.334;-906.1974;788.9855;789.4395;
471438.058;520602.719;520607.074;-306.0647;-336.1432;-335.8401;
462585.012;521971.728;521974.162;259.2127;439.8270;439.6956;
363501.349;786285.863;786292.925;131.5999;140.8570;140.8796;
423877.267;525588.420;525593.887;-307.2843;-104.8356;-105.0737;
245763.883;506668.062;506670.949;76.3098;-34.8069;-34.8046;
459281.497;521396.175;521405.353;1127.2943;42.7009;43.1623;
465882.178;540406.039;540407.916;451.9028;240.3561;240.2531;
519222.602;538089.298;538084.170;-476.9076;-282.6629;-282.5664;
465351.393;518863.635;518869.299;452.0171;376.5742;376.4028;
134448.614;580631.301;580622.612;-340.0841;53.7402;53.7159;
880605.204;480662.252;480630.899;-246.6031;-24.6753;-24.6964;
443319.653;539248.569;539251.348;-606.3500;244.8239;244.4828;
470204.012;524462.558;524464.009;217.8489;317.0478;316.9696;
471334.662;520915.392;520921.238;-286.5031;-801.8865;-801.5128;
429094.635;522007.907;522017.694;-554.3186;302.7992;302.7211;
495627.847;534503.912;534505.036;532.1487;-159.5484;-159.4723;
409334.900;617895.065;617888.345;41.3834;25.2441;25.3217;
130358.414;96846.971;96832.532;-285.3973;-91.5695;-91.5732;
495817.658;526477.366;526482.593;395.0487;844.0611;844.1972;
848016.208;520407.559;520393.006;-205.8057;20.0208;20.0060;
409162.634;510154.055;510145.430;-149.9877;388.4741;388.4583;
513492.512;511932.709;511933.429;-362.8530;-34.5036;-34.5057;
489627.044;501653.140;501658.075;271.7907;-117.6292;-117.6679;
481640.145;473015.675;473026.358;573.0296;-214.1171;-214.1523;
523421.504;540302.031;540290.979;211.4971;-210.3806;-210.5356;
492680.336;544336.405;544335.281;302.2425;127.7767;127.8970;
455214.648;517460.059;517468.164;117.2399;291.3666;291.0810;
509790.501;539408.207;539414.728;506.6156;113.8484;113.6862;
483736.813;529634.242;529637.173;701.2160;-53.1865;-53.1661;
491186.109;519761.373;519765.212;-583.1340;33.8477;33.7320;
454110.259;540398.028;540403.519;467.6960;63.1296;63.1371;
