# This file was created for the Modelling and Simulation course, RUG (September-November 2019).
#
# Project: Simulate colliding galaxies, using Barnes-Hut algorithm.
#
# Students:
#     Stefan Evanghelides (s2895323)
#     Hidde Folkertsma (s2759799)
#
#     X         Y         Z         DX        DY        DZ
466467.872;550341.147;550316.036;402.5800;-111.6843;-110.6656;
459211.709;550502.235;550527.123;-216.6499;921.9361;923.4996;
717547.178;861143.850;861129.855;88.0151;-54.2523;-54.2593;
421380.131;686304.104;686670.303;-114.8803;305.8396;306.5315;
446634.463;542870.970;542749.179;138.5199;-20.7642;-22.8355;
464717.187;546797.517;546754.880;-446.7887;-527.9181;-525.8828;
367732.821;440477.742;440030.185;340.6647;-70.0082;-70.2679;
337589.231;636656.076;636291.753;298.4455;164.8225;165.2111;
636215.489;535423.805;535110.783;-146.7111;10.4192;9.6183;
432961.259;669855.126;669941.555;-213.5210;-8.7740;-8.4796;
620087.510;429124.835;428727.823;188.5680;1.3225;1.6569;
362546.207;489088.652;488590.853;-329.8451;-198.9090;-200.2584;
478804.541;546299.622;546234.165;-499.9691;153.5185;155.0669;
517057.469;536467.205;536384.641;-170.0345;-101.9532;-100.5542;
192644.727;617566.538;617558.570;-184.0318;-21.3533;-21.7273;
454073.105;538083.441;538006.009;461.0096;526.3047;529.2590;
464555.172;526281.712;526314.781;576.0222;23.2938;21.9771;
396309.441;522021.103;521926.527;-352.4809;-187.8195;-191.5471;
595893.567;590244.706;590503.340;279.4846;185.6232;186.0299;
494110.396;551520.471;551496.504;-948.5534;-510.1837;-509.8894;
453316.627;548347.708;548342.187;865.7671;189.8291;188.6344;
305665.480;565567.792;565555.688;-190.2184;-184.0561;-184.6339;
472507.420;532260.777;532227.919;106.0525;360.6629;362.3636;
495540.701;516905.208;516804.601;402.3386;157.4204;160.2182;
505578.671;573145.455;573091.603;211.5986;-341.0474;-340.9368;
479669.974;557454.712;557449.444;169.8395;46.1798;47.5817;
478275.572;555633.301;555595.957;-0.5346;301.0347;301.5827;
445461.659;549150.844;549086.924;-3.3175;-295.3726;-298.4835;
462400.507;541935.765;541918.608;584.0367;-378.6282;-377.7120;
478346.241;539067.929;539040.113;104.0681;331.8810;333.8761;
883371.130;173836.144;173863.060;35.2154;-41.1435;-41.1449;
653702.616;534784.942;534481.278;200.2351;99.2461;95.9721;
445120.393;542188.088;542103.898;-198.6368;-450.8612;-453.4652;
466506.311;541807.699;541713.514;-302.2855;655.3880;654.7544;
402459.839;520243.789;519738.287;42.9251;18.4058;18.6606;
441150.160;557840.334;557772.362;1.8346;-312.8681;-313.0708;
571298.801;529329.865;528506.155;-753.5321;200.3741;206.1747;
474389.162;559172.499;559148.946;206.7960;-562.3178;-562.5023;
502938.113;526408.519;526430.319;-506.9221;-564.9537;-567.9597;
469494.038;525697.066;525683.233;304.7773;-252.5196;-251.3320;
482563.917;545219.588;545219.235;452.9436;-619.8691;-620.9547;
178324.419;414640.477;414467.117;-93.3757;-54.6314;-54.5570;
467158.858;557972.141;557996.214;-280.7309;-191.6463;-191.0955;
463319.290;590815.745;590942.238;348.1173;328.3445;327.2464;
394122.432;677056.826;677355.353;-78.6816;158.8191;158.6548;
431605.282;547078.915;547001.173;-13.6504;143.0239;143.8545;
522700.739;556952.750;557002.908;-81.0189;118.7281;118.2427;
790523.410;174946.507;174966.702;-40.2209;53.2476;53.2400;
485190.672;553240.142;553204.153;-594.8354;32.4797;32.0800;
838181.793;697781.370;696797.789;-62.5272;38.0430;37.1435;
521376.864;464178.705;464277.492;-0.3742;234.4644;234.5187;
470904.435;546100.084;546015.615;-333.1554;-627.6586;-629.8256;
480451.287;561258.097;561224.674;-310.7664;-367.7822;-368.6350;
443460.997;533793.169;533660.240;314.2720;263.9185;264.8032;
421095.131;592742.058;592871.182;625.6926;13.1256;13.8850;
436565.092;547044.600;546839.175;1070.8653;-269.4512;-262.1856;
402103.946;483109.477;482642.661;184.3783;-242.7853;-243.7860;
436809.045;550775.262;550732.356;-464.6877;-555.2197;-554.6130;
771269.206;424237.405;424323.952;-143.3250;11.5868;12.3287;
433877.063;516273.361;516266.389;-98.9748;-18.8683;-19.1046;
983578.275;636271.995;636099.242;-5.7544;31.3048;31.1048;
478292.227;557052.479;557011.927;65.1637;276.7561;276.6607;
70130.490;451505.744;451344.635;-79.9635;78.1813;78.1232;
939745.027;313114.151;313245.078;160.8267;-28.1313;-28.0158;
497490.914;511265.758;511220.691;293.3508;32.0049;27.7893;
520530.638;496000.217;496083.647;277.5551;266.3276;266.1909;
460036.099;543600.449;543580.514;626.5255;-225.8240;-230.9728;
121635.074;186955.852;186234.431;-78.5233;-148.0808;-148.3411;
435523.819;537423.598;537147.671;-1096.7473;459.3987;452.3434;
585616.331;548402.702;548069.567;-320.6511;-155.5566;-157.6927;
476109.312;546260.084;546263.991;503.4806;-641.0563;-644.2419;
301108.723;512307.923;512131.164;-171.1491;146.5492;147.1670;
469782.055;577906.993;578079.774;85.0371;563.0409;566.2871;
500745.546;574995.254;575103.973;-290.6004;-400.3218;-404.0171;
727355.141;517551.818;517242.705;164.2637;-6.7846;-7.7208;
297917.466;535769.086;535714.395;-99.7776;313.7548;315.1589;
459301.770;527739.086;527631.910;260.3852;316.1241;315.5840;
505949.885;607336.646;607390.944;-290.8145;-211.3470;-211.0719;
505421.760;539108.212;539111.105;-351.6383;-150.7052;-151.7450;
387528.895;540885.222;540544.830;-337.9582;-209.0337;-212.3802;
473989.391;561859.887;561819.080;175.6804;137.1120;135.0078;
482770.752;542735.054;542689.124;592.3624;37.4896;37.4491;
510166.845;543596.918;543561.152;597.2464;70.7354;70.4821;
769404.436;523389.131;522723.414;119.7149;-53.2444;-54.4935;
498268.740;517575.879;517469.903;-587.9809;-67.8700;-66.2174;
462395.542;558465.632;558444.180;-306.1512;484.6541;485.0290;
441616.111;542926.057;542827.336;-954.5357;20.8231;17.7347;
482046.010;553251.177;553208.921;339.9123;-187.1314;-189.7029;
484441.286;524417.041;524335.810;636.0850;151.0295;151.8396;
456308.839;545000.717;544935.525;-140.0411;-634.1102;-635.5664;
470244.087;539863.897;539836.494;614.6466;121.9317;120.5890;
425871.316;525249.524;525186.361;-776.1087;304.6978;303.0482;
634633.950;616475.206;616291.546;-481.1516;16.9857;17.1371;
463660.071;557012.242;556994.258;1.6042;-607.1054;-607.5536;
450222.206;479820.777;479657.308;-250.2587;152.6117;152.1649;
536047.104;414252.334;414215.413;-283.7770;126.6222;126.4584;
451389.118;536330.408;536214.235;-1136.4354;-175.6491;-175.6151;
379758.917;572781.779;572933.949;243.6260;-539.2875;-540.6491;
458448.543;514034.797;513881.306;-662.2386;161.1653;161.4628;
734104.193;608432.961;608312.825;37.9500;20.5643;20.1941;
456985.457;532691.021;532623.805;311.4444;694.1972;696.0104;
389243.769;412426.460;412402.010;-121.4554;205.0228;204.9603;
463577.379;540492.582;540443.358;-458.5945;644.0701;645.9886;
890884.589;466273.809;466251.985;18.3623;-5.5985;-5.5632;
453901.694;557417.537;557380.215;511.6268;56.7424;56.1921;
458552.658;556337.149;556305.020;585.2641;353.8318;353.2712;
459557.350;521227.106;521155.864;-459.2657;-119.3775;-119.4644;
411464.296;490245.365;490042.921;415.4259;345.1302;344.6676;
468824.029;476547.732;476375.870;14.5785;153.4306;154.5559;
266616.957;927587.917;927400.647;-94.3232;87.4696;87.3945;
474103.307;548888.926;548861.793;460.2779;-834.2847;-832.6235;
445121.198;553388.894;553268.869;1045.8098;-163.2390;-160.5712;
463245.899;537070.615;537021.625;680.6989;-279.0212;-278.3934;
509792.824;564190.604;564163.933;-331.0265;134.3209;133.1815;
452900.120;562600.471;562579.964;-401.9311;46.1773;45.7730;
404033.601;295938.506;295713.728;-1.4894;-81.8310;-82.3276;
503500.451;533888.091;533873.297;433.9994;164.5950;167.9733;
458920.446;569316.811;569307.266;211.3155;-126.1416;-125.5248;
304511.759;483135.431;483116.460;-489.2409;-182.0512;-183.9715;
242483.954;329603.874;329516.444;-186.0868;69.7907;69.7215;
409603.560;514060.519;513710.267;-142.6090;283.1953;283.8897;
489156.396;554431.734;554389.140;-476.0688;989.1376;990.2152;
447346.733;556549.067;556491.767;632.7243;584.6486;588.0349;
719727.417;422519.050;423652.635;-277.5349;-117.4660;-115.4577;
581046.568;607336.536;607358.187;-149.3005;35.0666;35.5082;
459633.199;536054.532;536016.823;-878.3380;831.2491;836.8300;
484944.850;531184.924;531131.110;40.2627;394.6149;395.9358;
468672.249;548697.947;548595.915;390.8319;88.8216;85.3064;
585722.495;423362.668;422951.730;14.4358;-256.9661;-258.6639;
471912.721;575084.260;575025.499;507.8655;-599.1910;-596.7886;
449666.042;513655.570;513527.340;511.3886;123.4791;125.0087;
490681.324;625136.933;625268.426;437.4126;-84.8275;-83.8517;
494541.387;571978.071;571944.250;-202.3347;-266.6457;-268.6250;
443177.397;329617.920;329057.929;260.1392;174.4359;174.3769;
500171.687;538626.811;538643.277;-146.4392;398.8373;401.0389;
470834.209;531346.381;531322.299;-792.5140;-306.9651;-309.7149;
443232.226;610633.396;610705.910;-7.5954;129.2233;128.1263;
373618.128;460904.054;460878.331;-616.2724;156.5769;156.1435;
469570.438;557512.207;557500.358;220.4967;-284.7652;-285.9932;
481578.452;522535.089;522490.737;1105.9772;-370.0523;-365.8476;
469751.520;550788.273;550676.377;-1176.8394;-445.5582;-445.4000;
447780.397;547651.465;547613.204;-325.3306;-462.1324;-463.0832;
415424.621;531426.982;531211.906;1.7031;83.1632;82.8402;
498790.022;556845.455;556831.971;-190.1856;151.4380;154.5068;
471701.517;451043.459;450864.101;-104.9722;27.0326;28.0496;
471071.137;559844.892;559855.632;1068.6716;278.4377;279.8363;
444984.243;548384.535;548355.122;240.1515;194.1911;194.4410;
456292.499;545692.520;545641.224;-864.6995;340.9342;340.1464;
463903.846;558252.434;558244.115;-310.0247;245.6711;243.4890;
457964.143;567726.212;567769.142;-275.7188;-358.8401;-358.8660;
469211.574;592213.732;592204.148;-262.4910;-195.2298;-194.6219;
521639.660;527174.802;527117.337;563.8866;120.4134;118.9521;
140361.758;48590.046;48614.704;-130.5292;-266.4277;-266.0190;
427598.267;590033.042;589935.994;289.6128;399.1716;399.3139;
471508.828;541155.916;541083.561;-34.8952;197.8539;196.1905;
477106.769;546325.066;546290.465;521.2478;-108.1708;-108.5621;
158092.078;635977.521;635972.577;-258.5943;-55.6238;-56.0602;
474788.072;547223.367;547185.834;-474.7012;-340.0855;-341.6507;
451501.255;583764.309;583803.485;-623.8738;-296.3325;-297.7155;
443445.211;553664.474;553533.788;551.7383;219.3123;221.5385;
580428.869;533866.110;533726.988;60.6930;76.9256;75.8195;
452861.463;550476.830;550421.926;323.3284;-424.7788;-425.5753;
472342.742;560313.455;560330.632;416.9285;-147.4306;-147.3141;
486752.951;573010.519;573054.353;-206.3566;69.4971;68.7083;
