# This file was created for the Modelling and Simulation course, RUG (September-November 2019).
#
# Project: Simulate colliding galaxies, using Barnes-Hut algorithm.
#
# Students:
#     Stefan Evanghelides (s2895323)
#     Hidde Folkertsma (s2759799)
#
#     X         Y         Z         DX        DY        DZ
468440.045;529620.039;529617.948;135.9005;-33.8887;-33.8365;
499671.613;524536.846;524546.920;46.0561;571.7037;570.7510;
526901.524;897706.049;897697.870;114.4925;17.5718;17.5707;
280210.071;322249.242;322255.312;85.6375;48.0775;48.0698;
467425.198;532603.733;532590.993;290.1416;-671.4620;-671.9701;
448427.767;545271.673;545286.729;-147.7346;-391.6383;-391.7657;
811428.537;801673.576;801580.770;-46.3028;195.7994;195.7237;
263829.165;541186.902;541211.733;-481.2028;26.1466;26.0799;
558710.703;361126.831;361128.253;241.7323;22.9139;23.0802;
486765.581;498271.126;498281.018;-764.8351;-231.9394;-231.7729;
581730.006;568219.970;568174.076;-338.9774;-210.7861;-210.2492;
410018.754;547890.884;547883.328;-89.6196;400.7414;400.3926;
346096.916;589257.407;589226.782;-323.1065;91.9907;91.7561;
297229.993;354308.486;354248.946;-43.7382;35.4989;35.4774;
410018.210;528359.213;528362.873;84.8264;-307.2288;-308.4094;
968143.780;515566.358;515413.214;242.8137;-148.6871;-149.0153;
454843.001;526294.565;526289.881;1044.3342;93.9794;94.5315;
398288.899;224244.162;224218.030;134.1635;145.4972;145.4816;
524263.795;707348.633;707322.345;-33.5069;-22.3335;-22.3267;
466595.324;543683.967;543689.397;495.3142;404.3600;404.5752;
452061.913;532817.066;532821.668;-257.0194;-577.7781;-578.2193;
479578.247;536936.735;536953.181;667.0432;875.5817;876.5339;
563664.585;535997.362;535980.916;-434.6767;-113.1675;-112.8883;
440319.264;529323.683;529325.845;-562.1283;-310.5923;-310.6838;
369941.888;375725.408;375685.017;143.4641;-33.8413;-33.8932;
483916.299;520015.280;520019.738;24.3368;-19.5622;-19.7959;
410186.626;506174.635;506138.157;-12.6233;31.0756;30.8057;
487882.851;528852.653;528854.897;-418.3513;-346.4410;-346.4931;
430830.313;532050.386;532033.614;669.4661;-116.6653;-115.8156;
456791.141;542698.117;542703.038;-722.0075;-80.8146;-80.7195;
468999.947;527369.351;527361.010;232.0030;-551.3326;-551.7454;
450977.009;538094.049;538099.902;-657.6143;204.5485;204.8045;
477440.422;539821.078;539821.446;-53.4221;152.5022;152.3660;
752180.946;282890.062;282909.692;111.2263;-85.6057;-85.5959;
273356.354;400012.327;400014.426;137.2947;17.0004;16.9669;
468701.197;530058.547;530074.370;1086.3978;-435.8295;-435.2329;
490176.559;533757.720;533764.719;340.2868;803.5156;803.8377;
302889.360;369888.032;369816.935;11.8117;41.1866;41.1855;
457508.997;531125.529;531127.669;82.6262;369.2201;369.2518;
930882.748;562657.154;562784.883;74.1771;-55.5615;-54.9523;
360514.507;388970.207;388950.300;-151.2357;47.5182;47.4951;
445942.635;521294.119;521310.879;-1132.5166;-51.8619;-51.9906;
475204.359;420847.198;420853.327;-121.2638;18.6556;18.6589;
737571.884;941236.767;941188.522;-32.4971;168.0087;167.9854;
423319.980;504018.190;504003.736;-170.2375;-254.3796;-254.5835;
742255.707;693292.587;693246.716;-87.2018;4.9856;5.0834;
467763.289;535172.691;535171.773;-10.5547;-198.5716;-198.6163;
508210.125;523983.150;523993.594;-334.3941;-490.0084;-489.9305;
504541.150;424021.753;424006.340;42.5560;-315.0652;-315.1872;
496266.844;504411.497;504433.050;131.9870;497.3077;497.0573;
500760.313;523074.234;523063.995;-492.5625;-46.4845;-46.0080;
680155.479;841425.199;841368.561;99.4237;200.1921;200.1240;
774877.448;214800.418;214816.284;73.3018;-105.0135;-105.0027;
432099.071;536057.580;536064.925;-797.1204;-203.5156;-203.5286;
961027.075;536710.287;536634.323;110.7307;-11.6825;-11.9575;
823664.285;562284.635;562259.610;64.8717;99.7564;99.7582;
556252.627;546404.202;546393.096;-448.0478;192.5421;192.5527;
497340.769;512966.560;512975.595;202.3889;258.1148;257.2700;
471143.882;512914.100;512933.600;-19.0227;-433.7397;-434.0951;
425894.715;536466.327;536464.047;-753.8649;248.1111;248.0065;
462289.809;544259.530;544265.736;-223.1798;312.0712;312.2808;
442472.971;527800.312;527797.346;475.3952;553.6936;553.7642;
588076.914;598435.826;598388.958;182.3727;350.3847;350.1974;
459100.849;531063.330;531068.092;-815.6971;63.2564;63.7018;
610056.055;561920.450;561850.725;498.4461;-61.3928;-62.2145;
403241.901;525570.436;525532.022;139.1333;243.1685;243.0321;
832373.809;566065.084;566033.654;223.5963;51.4381;51.4046;
496916.913;523612.193;523618.236;353.8344;-605.7760;-606.3448;
353161.496;365621.118;365605.011;-213.8138;-42.4469;-42.5030;
378977.010;543269.020;543291.112;-677.7973;218.5608;218.7408;
479917.355;479496.420;479491.391;449.9435;-356.0922;-356.2087;
511500.732;532352.574;532360.906;759.9043;187.2084;186.5575;
352276.701;499102.317;499079.100;251.3105;-116.0541;-116.0237;
496004.088;528028.275;528052.837;851.8809;-7.2604;-8.0253;
685979.067;543403.009;543381.472;-329.4278;14.0331;14.0062;
369295.792;456470.219;456390.831;56.6314;148.7628;148.2032;
336587.913;549638.127;549660.344;-17.4628;8.9110;8.9670;
522155.168;543741.300;543737.648;169.1561;-133.4793;-133.9312;
510738.398;485630.271;485597.725;-437.3527;9.3873;9.5759;
468617.312;535803.526;535805.139;611.9789;370.5528;370.8589;
322270.410;541442.569;541477.276;-95.7461;-6.2885;-6.4086;
516852.776;515954.416;515935.976;-268.8894;98.7338;98.6925;
613508.105;488678.801;488631.447;-223.1553;-211.2874;-211.1240;
452690.386;510464.194;510463.029;54.4037;-2.0914;-2.3245;
567368.009;567394.132;567396.340;997.5616;249.2257;248.9710;
666697.845;611900.490;611823.336;79.4437;104.8957;104.8046;
549237.740;428946.250;428910.294;208.1205;331.6284;331.4779;
26969.363;208777.936;208776.056;-307.9371;-178.2045;-178.2370;
431790.707;526093.370;526101.715;331.0145;-157.5702;-157.3536;
373360.803;453620.327;453593.627;249.1303;103.9914;104.3458;
437229.360;492179.614;492153.231;102.0494;132.6452;132.4525;
455267.379;537953.695;537961.459;513.8549;204.0172;203.7287;
447948.903;529083.600;529088.830;215.7759;597.1537;597.3063;
462308.701;522395.977;522393.745;208.3075;134.6876;134.3920;
562260.224;621454.964;621417.216;-53.1335;71.1243;71.3853;
123074.928;629789.616;629786.401;-361.9638;141.5857;141.5576;
439494.621;521326.338;521321.804;-200.3619;-417.7218;-416.7959;
455998.833;531550.491;531549.722;-238.3710;57.1833;57.1889;
433664.289;496259.636;496244.607;-367.6096;-102.2964;-102.7104;
455613.806;519771.849;519777.059;-257.4922;-697.0009;-695.9453;
483297.656;543708.564;543742.229;40.6785;565.0647;566.5892;
421515.877;541656.636;541642.479;162.4913;-511.7210;-512.5276;
467472.421;532661.580;532662.391;-469.3047;403.6266;403.5461;
558962.950;549266.669;549261.367;244.1826;-443.0795;-443.2603;
909133.163;701011.587;700873.635;300.0498;9.0125;8.7740;
837350.416;419478.197;419453.550;131.6995;84.8289;84.8116;
475588.699;527460.193;527463.091;-677.5277;373.7631;373.5771;
583614.674;574961.670;574954.737;222.5007;-85.4021;-85.7691;
637246.975;556190.019;556133.876;330.4007;-207.2146;-207.2602;
440437.455;528879.483;528881.745;-167.8076;-336.1088;-336.6826;
493946.193;613565.231;613546.022;-594.8812;196.0858;196.0437;
545667.989;644292.982;644292.486;201.3109;-67.8157;-67.7916;
497927.749;546455.704;546447.177;-718.4316;-340.1532;-339.6124;
471204.746;578847.564;578731.958;121.5549;488.5919;487.7656;
548910.125;484297.394;484273.245;108.8803;-351.2565;-351.4499;
459481.793;527251.671;527249.734;-730.4517;-246.9094;-246.9759;
710491.409;514714.339;514686.843;212.6328;-52.1667;-52.1645;
483127.180;525691.389;525699.195;207.6636;-43.7456;-43.9761;
522906.850;537368.180;537348.046;34.5758;-382.7631;-383.2254;
491489.511;515528.169;515523.245;-155.8432;-85.7723;-85.9172;
166750.277;356648.876;356644.681;-39.1910;-22.0555;-22.0669;
455220.715;614605.384;614575.370;-25.6618;-111.6868;-111.6811;
494354.626;609534.542;609534.886;-133.2834;427.6103;427.5354;
437134.277;559364.422;559396.728;-454.6640;71.1712;71.3847;
518564.422;512998.538;512993.591;-200.9805;-384.9630;-385.2071;
436954.271;529446.444;529439.253;957.0222;37.9611;38.4695;
428452.585;558638.450;558653.266;-88.2403;328.9497;328.8314;
499613.173;526313.253;526313.582;-201.9128;-149.5011;-149.6017;
557050.084;618629.608;618602.704;-231.8959;-114.1311;-114.0753;
427406.882;566682.661;566701.181;-198.5583;205.7393;205.5744;
471371.868;536935.887;536944.381;564.1771;-251.9451;-251.9904;
574290.820;566717.908;566670.889;-203.5300;91.4472;91.2055;
574001.416;511264.855;511247.446;170.6374;-390.3672;-390.5013;
380031.786;804346.709;804348.601;0.4802;160.1502;160.1434;
468543.009;531601.480;531599.660;-175.6038;-75.0268;-74.9655;
494878.766;542653.977;542648.206;-366.6032;-441.2015;-441.1789;
445715.051;541251.145;541259.682;-273.3041;157.9191;158.3369;
549908.267;621009.089;621107.456;623.8761;111.8477;111.5516;
530402.859;531506.884;531487.828;120.5024;360.9789;361.0571;
491648.677;549421.453;549425.149;298.8935;-73.6107;-73.6287;
51938.132;190270.113;190274.650;-247.0712;-204.3802;-204.3726;
455645.704;525491.327;525490.883;-433.5791;597.7571;598.1237;
481972.515;517712.783;517708.599;402.3921;-64.1218;-62.6806;
239263.749;308874.091;308888.866;-56.0774;143.8028;143.8082;
520710.713;536371.399;536348.491;-68.4256;375.5497;375.5203;
508252.886;525172.076;525159.690;-468.2605;506.2877;507.3754;
526454.123;537453.030;537459.936;-14.4544;-541.5157;-541.5839;
447641.949;533060.211;533064.418;66.6985;373.7773;373.7616;
95732.923;348011.554;348006.769;55.9487;-139.6212;-139.6057;
555957.241;567794.094;567780.307;-249.1043;23.2420;23.6044;
430961.464;518098.005;518103.340;-70.9422;144.0502;144.0496;
451423.908;547965.006;547973.418;-330.0361;260.4342;260.8634;
454152.294;827790.764;827808.586;173.4599;6.8650;6.8781;
458238.242;528244.244;528238.660;40.7638;-192.7107;-192.7463;
545718.190;579646.101;579646.813;428.2886;215.2971;215.0181;
503628.029;527708.573;527696.244;-789.7104;-276.2237;-274.9339;
438341.819;529576.389;529568.006;489.7164;181.5008;181.5192;
421432.472;532715.637;532689.850;947.3361;-59.7775;-58.6690;
468016.453;547131.740;547137.632;69.0894;341.7577;342.0512;
674377.385;487784.375;487749.552;-517.0490;64.1530;64.1697;
436705.515;529890.759;529896.779;-171.3425;255.6129;255.1964;
454518.626;542306.082;542306.096;-137.3950;140.8806;141.0903;
454632.406;530116.007;530115.175;368.0742;-630.7463;-632.0185;
425449.516;529936.467;529915.399;519.1638;297.6587;297.0990;
436182.325;538304.350;538314.035;-6.2507;-142.1865;-142.5358;
497486.309;534770.402;534756.226;-899.2445;343.8593;344.5291;
537077.230;573551.266;573537.312;-192.2069;330.8831;331.1866;
666169.041;544101.507;544074.607;-440.4005;70.1579;70.1805;
572665.760;608357.520;608343.479;296.8917;-46.6914;-46.9306;
450586.105;544584.654;544602.426;516.2680;-21.9251;-22.1079;
476616.948;499348.858;499334.315;350.3273;131.7240;131.6706;
395360.802;427356.580;427313.569;58.6450;-398.5809;-398.7438;
486018.482;539789.204;539791.335;-320.7541;-132.6407;-132.1545;
440663.940;525932.056;525930.568;557.5252;-192.2292;-192.7339;
482580.497;531147.228;531133.708;-603.6526;415.7509;415.5980;
516004.284;528410.410;528381.664;96.3005;-63.2605;-63.8841;
480028.652;525987.573;525990.852;-553.9464;208.1699;208.0280;
507316.410;514917.683;514910.174;-23.8208;174.0413;173.5901;
449628.557;521585.348;521591.230;503.6893;-142.2560;-142.0349;
