# This file was created for the Modelling and Simulation course, RUG (September-November 2019).
#
# Project: Simulate colliding galaxies, using Barnes-Hut algorithm.
#
# Students:
#     Stefan Evanghelides (s2895323)
#     Hidde Folkertsma (s2759799)
#
#     X         Y         Z         DX        DY        DZ
497490.584;561688.223;560757.995;213.9180;-16.0631;-15.5318;
505032.897;536630.569;535976.270;555.6090;820.3115;855.9298;
777847.015;539035.495;538265.364;-107.4128;-166.3335;-166.9960;
483424.254;551526.728;550581.722;292.1543;-29.8079;6.1507;
518487.149;533417.453;534141.630;-267.5482;70.7090;64.6754;
424876.300;641564.547;638951.847;418.1687;136.3350;133.7572;
599609.765;926813.376;937661.240;-7.7430;50.2933;59.5864;
336763.847;511003.600;511706.838;323.3160;-146.2960;-139.2991;
492385.688;553045.361;551102.151;-1007.7888;-938.7319;-892.9108;
515369.848;527604.261;527670.048;648.4648;401.8459;429.0400;
485607.209;544820.175;543874.045;48.4472;484.4421;465.8106;
614486.950;574492.679;575459.221;283.5098;351.1711;351.3812;
454146.933;548925.856;546643.878;161.4025;-260.4245;-241.1823;
469858.997;577379.132;575158.509;268.9464;392.3805;410.2762;
574347.491;627908.199;623454.139;-208.6375;-231.7927;-250.3051;
432562.915;476960.395;471475.587;26.3939;141.7685;142.3041;
496808.290;544113.901;542807.703;65.6013;-422.1804;-414.9749;
47166.801;608617.821;606220.549;-268.2790;-57.4810;-59.5710;
543259.895;494699.788;497601.921;-437.9997;-42.1714;7.7944;
514607.093;540984.744;541315.614;-524.0621;-177.0705;-201.4932;
436192.390;505180.849;503859.752;-570.6549;-69.5680;-90.3711;
493290.491;538151.042;537630.013;-40.9051;297.8457;293.7883;
491995.503;539588.079;539049.147;-172.3329;33.9587;24.5168;
476758.154;527296.419;526214.922;404.5274;766.1001;754.9338;
455535.458;524107.307;521671.074;-5.8946;-207.2644;-218.3315;
461276.649;550488.520;548289.134;397.1917;-183.1792;-120.5910;
879826.666;143874.938;143831.505;-32.1761;19.0667;18.9832;
512598.825;559455.872;557631.213;-730.8458;-590.5556;-568.6295;
491617.615;540628.078;539923.437;653.8360;-161.2991;-101.3021;
460098.008;547515.685;545819.135;104.9915;561.0795;568.3085;
735229.705;494611.103;495183.258;103.4760;18.2341;24.9696;
488251.467;529211.261;527870.472;1031.2106;-226.9234;-200.5225;
415462.324;417707.356;412214.469;15.2170;-186.6943;-173.8147;
423299.300;561639.848;557351.093;-74.3010;215.6780;190.9176;
501243.205;546324.786;545153.412;788.8358;588.3800;603.1641;
495896.026;510975.460;510652.024;-211.0067;-93.9599;-89.1080;
475504.350;538380.281;536964.820;355.7518;-118.5730;-102.0500;
441306.077;434807.348;430777.490;-167.5965;267.3995;273.5135;
459766.292;534691.151;531636.194;770.2850;-340.3959;-257.7169;
483111.480;535179.339;534570.610;-156.6882;-171.0132;-125.4484;
446474.810;543007.849;543166.067;75.0043;-281.4423;-258.5849;
501025.263;570809.944;568136.559;233.2425;-391.2924;-391.8101;
515345.001;536228.039;536415.618;674.8360;91.4914;111.6458;
474234.410;509173.931;508522.276;604.2800;318.6278;328.8649;
603805.703;422334.971;421577.005;305.9870;-74.1661;-65.8972;
617112.313;433247.743;434233.496;323.0384;-142.3472;-127.3970;
477683.626;530216.067;528563.175;-613.8454;-365.6743;-390.3997;
454313.292;530882.852;528446.631;801.6773;-119.9575;-91.2108;
449085.081;499605.705;497092.122;-718.1992;118.3140;104.1665;
635599.497;289624.228;289328.645;88.5049;-319.3190;-327.3825;
513393.094;547122.252;546335.702;368.6647;491.5800;526.4753;
494466.377;506632.166;506110.628;-142.4127;-44.1079;-61.4487;
504247.684;539057.661;538333.767;1228.3391;568.9416;596.0733;
383426.900;582674.980;581385.340;327.2486;94.5265;118.8092;
481223.136;657809.270;656620.913;-237.5768;141.4688;127.1908;
562121.971;601497.495;602343.147;-448.0764;-163.4858;-158.3935;
493535.341;559983.717;558520.331;128.5692;380.6808;370.1847;
154564.160;671589.763;671120.808;132.8850;51.4788;51.2784;
472870.683;517866.024;516441.303;-907.3508;161.7924;170.8812;
477517.565;539170.293;537833.068;411.3528;257.6751;253.0069;
502659.525;529201.369;528699.416;158.0506;-724.9107;-696.4354;
475739.460;543702.113;542534.189;177.6876;-32.5383;-43.6973;
475966.036;545515.605;544125.464;721.2277;-891.3189;-883.6126;
501264.524;535524.996;535285.350;-524.8434;-530.9401;-551.5459;
518135.951;538443.273;539714.368;-449.0564;-361.8888;-344.7541;
430876.427;376433.096;377542.046;18.8059;222.0926;226.6705;
509545.269;501332.551;501684.442;-242.1075;-238.1260;-207.5191;
682048.930;491696.380;490778.183;-213.7633;79.6841;81.7934;
798258.417;444732.060;442711.354;440.8162;-276.7319;-307.8744;
444195.259;555712.549;553541.025;623.7799;-278.3018;-267.8820;
395973.970;487686.933;481924.652;-8.2445;-106.7306;-117.0944;
508949.091;584421.603;585989.755;107.9076;185.8938;159.1820;
562075.180;469174.631;471073.934;478.3282;-210.9664;-206.2215;
493740.669;550629.350;549369.271;-54.0355;475.9798;483.9506;
495743.509;533827.679;533147.313;75.3348;336.6752;360.0007;
619950.102;420220.048;418776.621;332.9929;67.2519;84.7679;
584432.731;470891.729;474857.669;447.5749;-296.3507;-327.3621;
474670.820;541007.305;539032.545;325.5783;-122.4679;-123.0699;
466788.439;537161.366;535238.396;455.8679;34.6419;33.1626;
492957.001;547238.274;546284.107;-1040.6093;-231.4654;-451.7269;
494178.444;530784.846;529677.397;115.6380;-172.9966;-182.8517;
508805.357;537104.706;536368.751;-120.7911;-205.4604;-207.7311;
484021.888;551881.941;550469.931;218.9938;-543.4949;-564.7020;
559916.281;592297.595;593207.210;238.9497;166.3869;181.1436;
487852.890;527485.698;527360.331;117.5974;-826.5726;-769.8146;
394773.213;247033.877;233952.718;112.5048;-164.7209;-171.7779;
478845.517;535041.923;533821.441;938.6353;-73.6624;-26.5677;
772576.171;617153.246;615905.008;25.3660;-54.9864;-55.5545;
945957.865;624049.894;622640.330;-14.6448;-59.8800;-60.9051;
554245.202;482952.774;480026.285;-160.1692;438.8035;443.7095;
466788.270;566339.300;564411.800;-944.6386;50.0721;53.1602;
433818.216;586487.827;584180.243;373.7279;151.0808;147.1281;
436776.089;503057.237;500473.616;-207.2877;205.8986;198.9393;
723233.265;632539.475;635352.075;292.8947;-19.9328;-19.5735;
459502.526;541169.054;539031.543;-652.8059;-55.1618;-71.4057;
594595.156;515894.740;517824.599;-363.2200;52.6782;76.0293;
493628.429;534596.422;534261.868;286.5533;484.2755;481.8047;
484038.074;552928.453;551943.686;857.6457;-582.8911;-616.3468;
558826.328;439475.433;443071.614;-130.7233;-242.5274;-229.8188;
908207.747;724585.471;721905.824;-27.1705;-33.9337;-34.4001;
503699.794;565274.947;564699.141;48.5042;266.1111;280.5540;
491924.708;543090.853;542109.598;-572.9958;-168.5079;-219.0704;
503715.209;557983.156;558111.614;-723.4416;109.6544;75.3262;
513423.457;553626.418;553775.632;-516.3791;467.6473;449.3323;
460007.042;542590.778;540555.862;844.7078;26.7862;52.3202;
488821.167;546866.350;544958.279;404.3282;-106.1081;-88.6023;
441435.081;250983.722;249168.283;21.0115;48.7584;47.3109;
435140.529;533209.810;531023.326;253.9763;16.6410;28.1801;
394366.327;531148.289;524836.001;-75.4204;202.3098;175.9060;
906545.516;391098.442;373325.094;106.0559;-137.2591;-150.3492;
334613.502;447711.413;444344.274;-181.6780;100.4379;94.5550;
484078.350;544132.526;542813.450;485.0962;-490.9035;-486.7098;
512912.183;537470.261;537029.119;211.7389;-710.4893;-692.7186;
501839.979;553156.226;551491.103;268.3921;-58.4036;-36.1020;
901984.245;929704.049;924094.282;240.8401;71.9533;65.7146;
419624.924;448479.273;449049.440;272.0417;23.8872;18.3839;
471207.741;520647.344;517465.648;-1264.8354;126.6768;-42.9819;
509238.724;504975.220;506639.654;-324.0803;421.9810;431.1455;
498429.224;545696.755;544969.101;-461.2115;-706.8862;-711.4673;
375939.048;403786.006;396082.542;-7.8672;230.5480;227.1430;
473481.148;546661.271;545406.505;-191.1446;-32.6691;-67.5004;
491286.261;539879.155;538700.461;-192.1994;493.5692;491.0925;
380231.183;612172.291;610605.936;134.2378;-203.9719;-215.4541;
481842.030;541683.462;540546.454;68.8966;-129.8779;-143.5186;
524166.676;547598.307;547985.370;-547.4934;433.8311;425.5013;
459211.623;542212.469;539676.065;145.3329;548.1596;526.3777;
822177.153;462946.682;455939.607;46.7450;-61.9356;-64.9459;
450839.824;462693.489;451321.143;-576.5887;149.1662;72.1578;
488406.902;534683.578;533626.435;-12.8494;270.2759;279.2303;
535770.223;506895.567;508547.533;-310.1009;446.2576;418.5344;
555313.433;519278.105;523389.351;-134.6174;-14.2893;-6.8114;
481533.052;543801.480;542901.418;104.5220;334.4115;334.0038;
519439.688;519110.450;521093.300;-700.9472;423.9848;372.4397;
514416.848;506452.465;505663.912;560.7096;-372.3715;-392.8434;
384304.707;606252.519;607000.066;274.6787;-71.9216;-39.0028;
490682.763;531507.196;530717.605;415.9297;512.7354;516.3941;
490303.153;541305.664;540856.417;-74.0840;245.2184;249.8178;
481420.395;542830.364;541716.591;-579.4542;-451.8760;-428.4746;
470044.586;551240.142;549800.957;-416.0086;-209.6593;-243.8965;
492628.027;521468.439;521076.462;-759.5384;-234.7878;-267.6704;
455504.196;551496.728;548928.828;-245.3928;-504.4208;-540.4490;
517422.070;545719.236;545901.029;-513.4710;364.1396;380.2427;
428180.199;553401.588;549082.992;-371.7000;216.6579;207.1360;
492364.215;508865.958;508080.881;104.1413;-272.0049;-284.6121;
607294.535;565463.045;568958.751;-518.3094;177.1499;164.6750;
487652.143;552805.010;551837.782;-405.6644;557.4140;470.3186;
589839.616;485080.244;485654.168;312.9844;60.7162;70.1860;
464421.352;538333.089;536082.051;357.8686;-272.6581;-276.3362;
492836.886;551285.535;550926.157;-251.0724;229.5698;213.3850;
493493.760;572045.203;569550.395;397.1540;15.6813;3.9653;
468422.522;528855.950;526788.959;83.2960;38.2831;44.7341;
