# This file was created for the Modelling and Simulation course, RUG (September-November 2019).
#
# Project: Simulate colliding galaxies, using Barnes-Hut algorithm.
#
# Students:
#     Stefan Evanghelides (s2895323)
#     Hidde Folkertsma (s2759799)
#
#     X         Y         Z         DX        DY        DZ
479282.330;536904.102;536900.383;3.5062;-151.6363;-151.9134;
441887.677;573619.690;573589.161;532.1220;-125.5686;-125.7091;
652108.838;889604.467;889594.062;103.9258;-29.3090;-29.3132;
414955.448;443416.239;443374.350;159.2090;191.2037;191.1057;
481398.757;526554.051;526515.426;-143.5997;-76.5124;-76.4038;
452436.316;559827.419;559892.778;-56.3901;-8.9693;-8.5144;
441878.468;600130.555;600185.293;-799.1502;-51.9810;-51.0770;
348361.097;478526.657;478485.623;-352.7239;192.5762;192.2108;
386497.352;552033.544;552023.158;736.4498;-57.3551;-57.6571;
343618.779;525485.488;525236.362;3.5454;-127.4550;-128.1578;
532375.665;640292.641;640268.173;-333.8300;-140.8591;-141.2382;
629055.001;611987.257;612105.941;-38.8928;26.5817;25.8708;
450260.312;526876.706;526852.445;-299.9541;328.4443;331.9865;
490433.255;541527.972;541614.181;849.3627;-436.2869;-437.9289;
487543.180;590857.886;590879.976;-640.5890;438.5972;439.8903;
428135.208;482164.039;482048.290;-110.9208;-190.2440;-191.2103;
458868.372;525531.838;525484.948;-351.1347;-317.8132;-318.9286;
449084.546;560279.785;560288.628;799.5620;20.9062;20.5074;
368067.459;544807.584;544731.960;-632.4609;40.5271;39.8952;
584976.876;640477.063;640483.134;64.5830;86.5131;86.7691;
454798.899;559547.205;559567.091;-597.1574;229.9215;231.0725;
552685.467;515025.422;514973.212;-75.8431;371.7531;371.8912;
435643.155;531937.270;531912.988;639.8969;-51.9926;-52.5693;
394595.015;521826.817;521626.728;154.3910;-83.8239;-83.7532;
488905.005;554087.554;554083.104;-7.8005;-454.9754;-456.5589;
479191.506;544985.160;544965.054;-65.0719;234.6117;234.8079;
453049.804;519892.117;519853.130;-307.2554;168.8677;167.9638;
437967.131;529839.540;529838.882;-589.8751;-40.3605;-39.3899;
455268.442;533401.080;533399.222;22.6134;564.3890;564.9463;
460527.595;529830.375;529789.478;191.9117;539.0481;539.5095;
849789.721;206459.875;206486.437;63.6785;-54.0867;-54.0841;
390052.187;639982.245;640056.145;-85.3509;-71.5605;-71.7007;
449384.612;515253.531;515225.883;-225.1244;-235.8707;-239.2855;
471570.135;571013.133;570976.001;-279.9774;-45.5468;-46.4694;
478259.831;546316.008;546283.683;-1267.4764;-537.0328;-533.0869;
436351.161;528471.108;528455.573;-643.2647;-80.4007;-81.3179;
846723.217;495315.253;495541.719;-274.5130;-36.8877;-37.6545;
411938.695;532148.798;532098.835;447.7218;426.9577;427.4971;
543890.960;541645.384;541760.678;-304.1920;-328.9021;-329.3642;
429706.626;537550.295;537563.410;-511.4826;245.7757;245.9513;
436971.921;526865.729;526825.852;186.7661;-42.7319;-42.8082;
345002.043;494082.631;493944.648;-585.5104;-210.7052;-211.6211;
448683.246;531006.046;530980.847;664.5901;451.0692;450.5560;
455112.879;550761.783;550782.542;664.1359;592.9903;594.3143;
462423.852;393957.762;393963.126;5.5255;214.0608;213.9088;
456213.298;546711.928;546733.572;102.3017;-334.3160;-335.3161;
467341.939;521907.503;521866.708;273.3396;146.5630;146.9431;
807006.315;157165.969;157188.471;-8.1537;-1.5517;-1.5512;
455218.464;558302.781;558321.562;-992.3732;-140.9238;-140.5126;
862957.172;664155.558;663822.890;-10.4876;60.8062;59.8048;
475782.440;398107.773;397957.519;126.6791;-13.4084;-13.2219;
474750.246;540268.028;540245.927;-520.5836;-101.6091;-99.6710;
462262.842;540858.040;540855.124;-99.1589;-336.5989;-337.2590;
435611.341;535208.182;535129.959;1340.9598;368.0660;369.6797;
498482.457;523269.504;523189.248;-486.6029;-153.6408;-154.8743;
408193.105;517399.284;517318.224;100.0362;-258.3091;-260.8471;
429506.812;580864.752;580898.361;-182.6833;-629.9201;-631.4034;
439494.666;514569.912;514510.040;-279.0306;328.0915;329.3909;
806622.507;445246.410;445137.451;19.0018;-70.9768;-70.8089;
440784.881;537912.455;537843.481;-203.9123;12.2788;11.9770;
968885.510;611867.679;611827.098;50.1081;37.2114;37.0895;
447763.993;519055.345;519014.300;-738.8261;-3.9922;-3.5163;
142608.249;403128.684;403010.730;-134.6118;62.5183;62.4488;
43440.215;656792.828;656789.327;-149.0376;58.6710;58.6151;
815126.099;340133.937;340180.408;208.6970;-54.4793;-54.3449;
476853.128;519356.302;519385.188;488.8959;-560.3665;-562.8427;
565620.627;524761.703;524628.606;158.6936;249.5162;250.0843;
443651.647;528612.827;528640.456;423.6967;428.2323;428.9676;
195084.543;305062.243;304563.317;-149.9693;-205.2790;-205.7053;
498209.921;649261.233;649379.767;409.4003;12.1221;12.2641;
365327.429;453537.010;453325.734;120.7047;187.8542;188.1847;
456701.858;524919.116;524907.446;-93.7659;-60.0664;-59.3764;
405830.011;603557.719;603524.138;392.3882;-12.3003;-12.1215;
487445.109;568458.594;568471.206;102.3944;-60.9406;-61.6979;
338422.692;472433.684;472309.657;-54.9619;-124.4400;-123.8065;
540817.816;531442.427;531466.407;474.5225;-75.2979;-75.4229;
579761.627;524351.819;524363.283;-129.1065;-444.5202;-446.2229;
441372.198;549045.806;549057.297;220.8391;-192.5198;-193.1389;
639562.600;666605.521;666482.297;-119.7489;-0.9466;-0.8756;
176343.894;718374.456;718490.688;-380.6107;40.3555;40.3756;
462419.332;517245.008;517187.445;-525.5432;-274.3249;-275.5475;
963164.253;649813.873;649035.337;339.9019;55.7986;55.8497;
400585.996;569858.387;569914.585;-95.2936;-52.8190;-53.6157;
458202.395;537138.531;537098.452;170.0045;138.7880;138.3448;
439331.629;521169.010;521124.628;-306.1489;91.9071;91.9246;
440201.124;527633.959;527605.843;442.0467;-167.5398;-167.6343;
553451.790;557261.052;557516.680;692.4840;1.9625;1.8253;
492112.034;511080.471;510988.500;-408.0602;64.6174;63.5404;
436726.070;520849.465;520795.082;-31.7441;-443.9118;-444.5162;
460771.486;584215.494;584239.478;59.5807;-61.3015;-60.5830;
459099.604;565032.228;565076.822;-176.4341;-60.2156;-59.7370;
442260.051;568029.267;568032.418;667.5124;-159.6123;-160.6454;
456427.627;542956.706;542915.820;910.2112;162.6207;163.9071;
468431.769;551667.664;551693.895;104.0213;375.3111;376.2634;
506895.707;480842.883;480764.030;-670.0745;37.2805;36.9097;
833978.220;557069.626;557045.072;-156.1982;122.3357;122.0016;
444485.769;526865.129;526829.147;-387.5727;367.2765;368.7721;
593574.417;461092.823;460933.711;-146.1152;-54.6602;-54.4404;
678752.008;402958.643;402934.466;-133.5906;-56.6378;-56.6187;
429019.189;536552.871;536529.365;-1027.4801;155.3523;156.4112;
510870.465;659477.029;659416.964;-262.5018;262.5523;262.8766;
439378.965;598942.228;598941.785;401.7450;174.5572;175.3575;
641125.328;581163.096;581109.358;263.3090;59.0138;59.0105;
402349.562;530308.861;530290.338;676.4039;182.1150;182.2019;
488877.629;344027.726;343989.678;-145.2419;15.1876;15.2372;
446443.465;525888.729;525841.519;826.1595;-394.9475;-394.9850;
860561.081;472755.553;472709.881;77.1206;-17.2785;-17.2516;
443013.768;547400.512;547386.267;-71.1411;230.4338;231.9818;
449273.083;558030.730;558048.324;369.7389;-649.5277;-649.9239;
488348.402;544303.461;544343.499;53.1799;-197.4469;-198.1939;
233920.444;382128.928;382064.363;167.6273;75.8603;75.6472;
414772.930;595492.012;595495.714;65.0162;-56.1530;-56.3227;
336994.654;854646.671;854515.398;-113.9687;130.8522;130.7602;
449733.867;549535.972;549606.006;105.6441;-162.5147;-163.6267;
479535.094;528440.135;528505.589;-348.1214;344.7381;344.5979;
480798.398;543435.065;543475.899;-131.4749;74.6754;74.4544;
474169.467;573201.268;573184.130;-243.0196;312.1300;311.5803;
448803.924;513628.005;513558.857;307.5039;-95.5785;-95.3403;
410401.179;367444.087;367266.647;-16.6848;-132.6740;-132.6583;
464810.256;566516.480;566615.223;45.5703;382.7609;382.1575;
463650.298;540588.942;540563.900;-401.8882;-181.5141;-183.3097;
615365.904;635501.528;635339.224;214.6442;14.2607;13.6336;
392433.446;308924.123;308854.751;-245.3291;-13.1810;-13.1557;
392555.230;961035.534;961029.351;16.3872;120.6323;120.6241;
505037.330;526968.793;526939.012;234.6537;-129.5700;-130.6332;
465272.860;591552.340;591570.801;-545.0721;-22.3694;-22.9922;
472538.508;540086.850;540089.781;-121.3826;472.7408;474.0514;
817011.624;521385.715;520753.053;20.1437;-119.9187;-119.2687;
566229.359;535225.534;535132.777;272.9653;141.3769;140.9855;
478559.558;533231.459;533223.358;414.3356;-258.5412;-258.0486;
467294.791;521519.307;521485.946;395.1016;261.5256;261.6784;
447381.926;565702.787;565739.508;-390.9568;64.3146;62.0844;
343759.831;552737.253;552694.950;457.7276;264.4121;264.2160;
394393.812;524613.641;524598.341;615.1008;408.2792;407.7055;
440849.823;517701.961;517669.615;569.0538;-699.5384;-701.4017;
533198.673;580943.847;581011.536;257.6567;-244.5881;-245.4726;
451375.010;512937.940;512896.088;363.9435;421.9177;422.0423;
276885.109;268376.219;268291.731;220.0207;20.0367;19.1113;
424408.353;541138.912;541056.621;998.4191;-103.8687;-100.4560;
453637.904;562398.171;562361.342;500.4063;-451.5249;-451.8563;
437489.687;577659.997;577720.780;-139.4221;2.3669;1.4568;
618112.912;669087.482;669095.286;25.2599;-352.0565;-352.1521;
448212.238;541163.665;541136.755;65.2712;448.9929;449.8345;
566816.647;541215.539;541092.788;-176.9784;83.2530;85.3467;
440224.918;534397.022;534347.023;-937.6946;5.9811;9.3519;
445388.331;521497.824;521437.945;-693.9058;-520.5206;-521.9996;
453458.768;528993.632;528976.227;-594.0774;-163.6071;-165.1052;
478285.418;525567.212;525507.045;702.5392;267.9252;268.9024;
341176.661;660191.925;660209.942;180.5363;-77.1333;-77.2827;
439060.299;521390.078;521359.733;-555.7808;-625.0401;-625.0241;
463602.990;548622.691;548634.037;-2.0618;154.7749;154.8508;
451145.185;531207.443;531197.328;83.0388;-429.3696;-429.3409;
460451.068;545432.427;545404.073;-10.6394;251.2967;253.1950;
471541.769;538420.969;538403.516;563.6265;385.0648;385.2148;
419294.230;547562.290;547552.233;-322.7734;-499.6927;-501.2012;
482501.215;548110.134;548067.089;-1044.4798;282.6746;283.2694;
235845.095;240876.632;240618.787;-156.5516;-307.8267;-307.4123;
623495.628;496318.993;496152.374;-210.6745;-85.4699;-85.3808;
447825.657;508533.725;508452.590;-109.4906;20.1648;18.9132;
452668.032;535200.973;535175.871;295.3012;90.8610;91.1122;
496407.458;479132.068;479081.506;-50.1672;628.0703;628.0586;
470853.142;535096.706;535070.607;-154.9546;777.3218;778.5369;
407590.132;562022.541;562050.517;-581.2796;-316.2384;-318.0674;
439605.514;528642.923;528578.262;741.5713;-139.6934;-139.0883;
393457.375;608060.105;608070.948;-103.6872;-86.1040;-86.5521;
472403.963;542178.945;542180.614;351.2254;681.1774;683.7384;
466866.585;543453.609;543441.385;-474.1766;436.1025;438.9517;
479455.905;538902.161;538925.024;343.1757;98.4586;99.1848;
