# This file was created for the Modelling and Simulation course, RUG (September-November 2019).
#
# Project: Simulate colliding galaxies, using Barnes-Hut algorithm.
#
# Students:
#     Stefan Evanghelides (s2895323)
#     Hidde Folkertsma (s2759799)
#
#     X         Y         Z         DX        DY        DZ
455608.496;540519.154;535811.146;106.1616;109.7647;132.5140;
508642.183;547716.317;544780.352;-1202.7197;-77.6365;-206.0909;
581193.674;411952.549;417731.348;-317.9107;-91.0745;-81.0009;
510157.269;558659.307;556743.414;511.8925;539.9772;491.1770;
525927.878;527268.748;527134.031;-151.8195;425.4151;344.9493;
671038.382;518946.882;520757.112;-75.0633;-290.2259;-279.0791;
587277.183;943399.354;961261.771;-20.4002;-11.3737;-4.6332;
548597.931;742046.349;754244.908;-106.2999;218.2151;201.5832;
498969.769;528767.855;530252.977;221.9107;926.7357;984.8498;
528280.491;531683.279;529279.546;1272.0534;383.9502;506.1100;
506630.523;558227.213;555172.448;479.7486;96.0630;111.9417;
592395.931;721801.284;722704.740;-174.8836;24.9900;28.2912;
510213.598;548879.131;546505.335;-382.1412;-58.4787;-38.9227;
503139.848;548915.151;548607.551;1294.6989;-784.3323;-1020.9458;
346856.082;381825.942;362513.805;134.9602;-30.0081;-72.5946;
547746.270;556753.692;554409.059;655.9056;203.4927;172.1805;
514777.377;544252.713;542509.523;-158.9916;-245.3173;-230.9739;
427812.097;585947.845;591793.044;339.9884;32.1194;-71.7758;
592294.341;538648.447;532712.347;-205.7564;2.9808;-32.4528;
500950.247;509006.217;503833.502;-49.4098;122.6074;177.2781;
520402.906;544999.854;544730.959;-26.0551;-23.8406;-133.7274;
487333.138;539498.465;534598.863;317.1196;-613.8965;-527.9574;
491744.644;543905.244;539665.205;611.7721;-447.8835;-348.6010;
495600.203;558235.198;554987.774;2.5897;510.6200;496.6705;
502224.511;549041.917;545922.315;1096.7426;305.7992;417.2484;
843258.920;169734.644;169513.289;-52.6110;40.9143;40.5642;
577429.748;604746.728;600660.682;464.8440;238.7058;316.4935;
534042.764;546408.376;544440.540;-117.1877;207.4809;161.7305;
508677.316;537894.295;536076.569;-376.8500;-337.4957;-384.2506;
400227.794;547523.302;534327.523;-709.1045;-83.5009;-113.5971;
542630.326;529153.657;529571.545;1019.0114;-166.6814;-84.9013;
400884.968;589583.131;590870.208;-517.5509;8.2889;131.7722;
492817.134;557106.429;550731.162;373.6767;781.3274;686.8813;
511257.011;491636.045;486150.896;297.7090;121.1399;141.5654;
514797.484;518435.144;513557.246;-185.6996;162.9983;164.1074;
518963.113;553442.333;552556.807;41.0537;-42.9256;-49.6914;
532871.582;504866.513;499217.852;-647.8663;112.2189;61.6342;
495030.615;563908.092;561172.956;42.4861;-175.5256;-179.5839;
533449.517;542173.709;541296.860;-478.4313;63.6447;10.0914;
528223.910;528516.853;526608.754;612.7473;-233.9147;-136.8960;
497740.591;550567.961;547039.445;475.0650;235.8887;226.8649;
419782.068;510576.554;500993.549;106.7583;0.2711;4.5950;
386631.739;649103.206;645038.753;-28.9425;9.3047;11.2427;
833296.814;424341.970;423388.250;206.6121;48.0620;32.1291;
801792.543;389434.837;380117.662;179.9413;-9.3957;-26.0245;
490011.309;549300.704;545176.297;-237.0781;-246.6096;-244.2923;
504767.909;550406.862;547907.508;-668.8814;306.2162;206.7428;
506528.351;574594.744;573084.857;451.2204;-371.4446;-335.7282;
688669.633;62991.447;55650.900;44.7954;-222.0575;-230.0424;
491537.934;533299.438;526444.656;-365.9838;-714.9009;-800.5855;
513601.003;536516.126;534313.155;-653.8798;-60.1974;-103.7920;
523689.493;533455.217;531092.214;112.7870;468.9719;491.6466;
399449.334;360898.294;372694.382;-202.4126;-97.4155;-153.5072;
327070.820;658250.394;647181.735;-83.6395;-98.6378;-104.6732;
647380.718;394135.237;410075.383;197.3164;-60.6262;-38.6314;
524841.498;519337.250;513517.260;-864.0280;34.9055;14.1753;
297783.146;701926.930;701132.906;200.9435;13.0151;12.2327;
512526.058;534989.872;533533.431;328.6596;-57.9376;-74.9196;
478983.721;551624.356;546843.185;77.4684;159.8713;228.1141;
504949.250;562366.357;559900.282;927.9257;433.2103;489.6258;
504341.616;558226.232;554591.325;270.4692;694.3507;642.3381;
500362.784;527156.003;525655.833;576.5865;-216.2805;-103.6429;
514793.370;561671.653;559310.538;562.5028;-94.2045;-47.9855;
583102.419;559800.605;566160.674;475.0663;-68.6138;-56.6757;
577860.432;492127.292;485182.055;-331.9199;-182.6451;-214.7853;
528625.936;521548.996;517777.774;-459.2593;422.1360;428.4336;
323682.265;606542.906;570498.740;-274.1912;96.3000;48.8674;
471734.275;548234.412;549311.140;-1023.9186;-205.2026;53.2409;
482316.336;585325.486;577135.898;-297.3781;217.1078;190.0450;
498763.407;520818.189;516530.122;118.5121;-235.9533;-226.5018;
838293.267;440220.444;440583.215;168.1842;-4.9324;-13.8884;
492238.311;557971.534;554061.114;257.9690;-272.9148;-283.7151;
504013.922;558400.532;555207.868;-791.5572;884.5812;759.2892;
453632.096;529477.063;524820.243;-386.6850;-458.0989;-460.2179;
831784.903;366353.998;371533.448;195.7602;-15.6112;-1.6914;
501646.224;551628.228;548319.112;106.8465;-43.5336;-96.0164;
498098.423;548397.356;545482.133;593.2587;-39.6266;0.4288;
426209.831;535617.126;527964.520;125.2041;-338.0497;-304.6289;
493798.662;539495.537;535955.221;-517.3164;-414.0381;-408.8290;
498845.293;556204.882;552206.096;-496.9775;100.8646;5.5172;
511894.644;557671.455;555440.626;71.0531;-366.3406;-427.4437;
346913.451;370812.793;348556.710;-151.0636;-158.2672;-145.6926;
493566.377;549864.222;547078.644;-456.9824;-696.4759;-737.5528;
507086.497;150801.974;134327.361;137.2258;-66.7256;-68.5855;
496233.694;550140.668;546912.485;-255.8193;636.9851;524.8531;
757166.203;563662.954;562762.901;-65.7225;-69.0575;-68.2748;
877673.723;565470.050;563510.277;-153.2069;-64.3431;-62.8801;
542508.674;531117.109;530029.515;298.5621;-271.9244;-90.0059;
553161.165;586850.570;584708.709;-306.6404;250.2082;291.4768;
349918.089;492795.648;478943.870;-233.2412;124.3591;85.0106;
601841.402;537817.256;539960.741;448.5929;-291.6186;-307.6776;
900995.219;584138.670;584972.978;133.3229;-84.5561;-90.0091;
497484.279;549912.760;547033.947;590.1191;-185.6181;-117.4572;
489994.455;548890.737;546832.437;798.3408;-118.3539;-216.1768;
507648.247;532628.534;531564.966;-167.1073;442.0612;377.9069;
471498.753;545323.743;541657.033;-143.1462;585.7697;587.9705;
407591.198;374209.220;381655.528;-204.7116;36.3107;66.6649;
845513.626;675405.922;672550.378;-124.9476;-82.4773;-82.3496;
479739.737;551007.259;546163.725;-612.1228;15.4530;-52.3066;
510154.970;544010.841;541467.768;-1212.0287;293.7863;254.5365;
517960.624;569580.007;565832.527;-21.0809;486.5513;507.9876;
522835.649;562059.129;560508.539;-413.7587;-285.3346;-282.8811;
421224.810;557788.230;552160.998;-309.0759;335.0283;323.1554;
506938.178;549038.826;545960.540;645.2589;-10.0388;16.6838;
460319.036;310524.524;306329.235;10.6927;105.7082;89.5325;
484551.901;542213.508;536629.121;571.8989;168.1695;124.2114;
461311.502;409349.712;426753.120;8.2089;25.3823;19.0604;
958699.704;318554.973;315777.146;22.9041;-43.8430;-8.6438;
430432.103;588322.574;584407.347;587.8831;120.5269;173.2264;
526942.177;559394.023;558101.224;359.7437;-319.0825;-298.4349;
507631.080;539245.200;537327.466;1168.4622;-454.4439;-315.9247;
519997.214;543221.617;541041.138;585.9974;-515.9866;-488.0844;
424149.733;594728.924;581520.117;-311.0632;-118.3048;-124.0744;
442659.751;387837.169;406878.022;-226.4209;-28.4029;-10.7253;
527641.403;621032.055;629322.106;121.9585;44.7500;111.0961;
506978.403;546075.449;543747.012;-448.6908;-596.9041;-635.5214;
655794.309;500540.062;508107.174;79.0939;-146.4442;-153.9768;
513721.762;550756.961;549609.981;70.7713;319.5016;295.6811;
497870.616;544445.974;541902.830;-753.3222;-374.8879;-412.8725;
352525.899;525476.741;539860.000;-331.9758;-140.8254;-38.8443;
512651.241;552885.588;551585.290;-67.9742;-240.2748;-277.0999;
476929.391;578423.868;576476.071;-18.9126;-233.8963;-189.1255;
499051.375;559076.160;557224.581;429.2476;-50.7570;0.7047;
790171.887;417166.316;413672.992;-110.4876;-31.7373;-9.0769;
593209.502;452325.867;483479.439;-167.5865;-304.2098;-136.8100;
513591.863;531929.877;528216.040;2.1078;-116.6267;-145.2189;
616897.338;602399.027;623144.868;-78.8088;15.6262;18.8095;
486606.649;485002.724;486910.885;419.4705;-166.7109;-150.6400;
522683.951;543120.767;542542.007;-236.8686;-151.5827;-185.3617;
499605.821;526245.287;519824.479;521.8612;-220.3302;-77.9071;
522464.621;563889.449;556995.362;356.3109;1041.4898;997.6138;
467685.618;547177.755;544304.697;-1082.8566;23.9997;-108.2081;
510531.586;528286.359;525873.217;975.9279;-367.0854;-328.7798;
501557.504;546090.917;542813.325;-465.7338;-80.7105;-145.4415;
509469.648;545319.851;542754.573;441.9978;-74.3949;-68.4156;
518397.340;545638.355;544617.861;38.7386;643.8321;582.6166;
501660.937;545330.347;542310.694;-316.0307;599.1372;508.2482;
487450.381;550468.796;546312.511;-183.7473;35.6564;98.4969;
418247.251;566485.326;557178.274;-188.7103;-114.0417;-203.1866;
562019.106;561578.199;562616.853;-47.2857;-405.9486;-510.5542;
555251.282;521969.286;521548.685;-592.1312;-17.3282;-29.3937;
450003.261;316088.351;298491.311;157.2750;-162.8952;-156.0111;
508280.016;526822.387;524851.257;443.6949;-143.2635;-148.4434;
597286.047;529393.105;533519.969;124.3362;33.8012;101.2338;
503690.332;544796.741;542704.421;404.1161;174.1604;189.1650;
526920.780;529800.300;525341.114;-967.4255;68.0327;117.1550;
467934.196;564655.695;559262.325;308.7413;56.6048;24.1344;
486726.673;537385.062;534538.821;-80.7178;84.3291;69.7639;
