# This file was created for the Modelling and Simulation course, RUG (September-November 2019).
#
# Project: Simulate colliding galaxies, using Barnes-Hut algorithm.
#
# Students:
#     Stefan Evanghelides (s2895323)
#     Hidde Folkertsma (s2759799)
#
#     X         Y         Z         DX        DY        DZ
516340.381;534185.842;534187.006;-134.5309;55.3820;55.3209;
462672.982;525399.864;525407.664;-100.3899;2.2281;2.0304;
440943.833;871423.640;871416.512;114.3893;53.3784;53.3766;
228713.346;302488.210;302493.833;54.7557;5.9935;5.9948;
832191.064;687018.381;686950.390;282.3674;265.6558;265.5642;
491029.260;526889.767;526889.048;-1090.2346;-190.9257;-190.6222;
505525.587;529530.717;529533.241;-115.3538;-388.9737;-388.9489;
818266.870;634813.750;634782.644;40.3082;243.2748;243.2009;
829128.701;467310.723;467282.511;505.4651;-115.0399;-115.0911;
697015.946;515299.404;515292.702;-50.9449;21.6910;21.6946;
365085.847;505060.172;505075.333;3.1056;-411.7011;-411.7652;
463230.472;687284.251;687277.940;166.6650;-24.3589;-24.4291;
360282.486;528158.747;528153.745;-17.7101;-64.8146;-64.7919;
512939.162;517871.132;517875.793;-484.9542;718.3353;718.5658;
693167.196;546708.230;546702.854;-120.1024;-203.4848;-203.4259;
435381.249;499286.814;499297.955;-559.9626;-732.8382;-732.7919;
815433.906;495066.376;495038.281;407.9494;41.9216;41.8856;
502840.656;536501.760;536504.611;449.6600;330.9269;330.9357;
771761.326;642933.319;642905.458;321.2527;-137.5899;-137.4065;
502762.486;525846.495;525849.240;-667.8789;44.0393;44.1963;
306161.416;154469.814;154457.615;111.1977;47.9419;47.9204;
537775.005;676118.290;676094.486;0.3277;112.8840;112.8671;
453394.271;525464.386;525468.650;446.0253;-14.0545;-13.9803;
493857.858;537347.362;537348.932;-141.1501;231.1351;231.0114;
445030.503;525401.316;525406.242;-398.2138;631.4923;631.4439;
453065.576;462338.307;462330.655;-59.0324;68.1613;68.1024;
482331.519;525468.504;525473.628;766.6293;-128.1712;-128.1977;
825902.047;716568.032;716523.376;444.6898;268.4491;268.3977;
346658.248;445504.628;445499.856;-135.9817;-102.7719;-102.7876;
506010.187;519950.324;519955.335;-336.1977;-23.0567;-23.0418;
426430.717;529290.613;529291.167;285.6188;-6.6932;-6.7242;
489635.525;526636.643;526640.124;642.4366;-34.4392;-34.4428;
560143.003;543150.041;543140.822;-337.0822;81.6614;81.5909;
502567.977;521868.532;521872.822;-351.9073;-107.8187;-107.7239;
460638.305;526157.673;526161.128;-209.8649;144.5229;144.6604;
498929.567;523781.838;523784.755;-373.2077;-195.4817;-195.4530;
491733.464;528862.910;528869.384;501.9856;608.7630;608.6604;
652182.472;363312.074;363321.844;160.0513;-140.3466;-140.3278;
355771.286;444142.253;444135.647;-461.1826;-162.5897;-162.6602;
455536.302;522252.694;522255.658;586.1945;-260.4100;-260.3789;
509308.235;535932.753;535933.274;-161.2349;-512.3891;-512.4593;
438217.398;494280.868;494296.825;-580.2516;-556.0720;-555.9469;
489863.079;520368.677;520371.209;-499.5615;-280.5135;-280.3572;
973913.755;492915.309;492876.396;706.5445;-39.4816;-39.5436;
769839.800;568471.804;568435.867;404.5896;29.0010;28.7902;
493778.394;419546.852;419543.313;-230.9992;-173.7795;-173.8417;
511781.278;515192.583;515192.313;-593.2537;341.1307;341.4243;
456387.030;567155.271;567155.363;473.6171;-158.3592;-158.3384;
751693.394;798371.988;798342.372;-4.3222;219.5553;219.5293;
508989.100;488130.310;488139.595;153.2146;201.5549;201.2609;
747058.300;661729.947;661691.870;83.5982;84.2735;84.1030;
494414.800;534180.660;534184.879;-423.6931;289.0806;288.9099;
472102.127;510736.490;510742.508;-989.1770;60.5815;60.7902;
365133.069;591054.769;591059.050;-141.1551;188.2036;188.2104;
452066.722;540346.911;540350.397;828.8648;-455.2494;-455.2287;
475251.624;531285.891;531288.814;-670.7272;-115.1874;-115.0897;
577579.538;641131.471;641131.073;207.8167;392.2326;392.1559;
684993.001;332479.414;332484.862;184.8234;-231.3639;-231.3463;
438572.300;536800.109;536798.203;448.2056;216.6198;216.4969;
814461.670;646277.409;646232.559;427.7740;175.4760;175.4168;
809865.449;544361.440;544330.338;283.6251;-13.9612;-13.9894;
710374.897;500285.846;500265.524;253.2515;41.5371;41.5069;
644371.953;469995.933;469974.169;84.4430;0.0632;0.0198;
526869.720;522511.519;522516.687;361.7145;-2.2864;-2.4646;
436585.924;518054.207;518051.467;791.2860;25.9990;26.2918;
696787.501;528638.521;528628.363;-439.3582;103.1022;103.2683;
511991.301;550486.891;550482.900;-524.0940;-98.8866;-98.9105;
496476.031;535894.299;535898.901;1179.1241;-339.2911;-339.1066;
480911.293;487617.982;487616.568;329.6674;440.0130;440.0494;
487406.298;521505.150;521509.367;682.3498;-229.5499;-229.4193;
497766.580;393202.992;393227.149;-176.9262;33.8167;33.8703;
470619.018;543756.168;543763.977;-623.9349;316.2866;316.5245;
598642.177;507835.853;507836.834;474.6191;49.2736;49.2228;
874568.044;596860.946;596825.468;569.9345;110.4852;110.4177;
490450.798;545639.309;545638.652;-305.5240;51.5121;51.3914;
508313.648;462029.912;462016.401;-167.8979;-257.6013;-257.6194;
703377.325;548454.061;548442.039;59.5831;93.4237;93.4064;
576060.675;623152.958;623131.543;-123.9324;68.6255;68.6343;
697140.951;528787.073;528780.962;-130.2319;11.7076;11.8156;
847566.644;536706.535;536675.043;434.1406;79.8235;79.7706;
828146.491;804149.642;804094.130;398.5296;400.6091;400.5173;
467412.020;493540.161;493548.432;349.9171;-411.9440;-411.9394;
453442.097;525768.729;525771.759;353.1210;-223.1426;-223.0774;
763564.624;510638.423;510615.912;102.0915;38.0724;38.0500;
415190.064;540025.841;540017.633;-33.7706;-87.6480;-87.7412;
693141.927;530734.263;530725.272;44.7565;-147.2476;-147.3288;
503220.167;528127.954;528132.464;227.2365;320.8789;320.8213;
520409.378;521146.587;521152.062;619.4740;157.0598;157.0248;
797965.403;460607.276;460587.177;412.4541;-43.4822;-43.5140;
495345.353;536693.938;536697.577;533.2772;-403.8664;-403.7558;
703153.560;525192.093;525178.699;112.0738;44.8077;44.7617;
464632.417;523453.569;523459.800;639.3087;264.2617;264.2149;
426048.666;465681.390;465658.275;-358.8625;394.9033;395.0215;
487822.034;500360.572;500368.099;157.2329;376.5622;376.4955;
348446.661;404539.542;404533.513;-150.2473;-84.0041;-84.0124;
453755.242;528895.531;528894.971;630.3270;-317.0532;-316.8188;
361916.191;308613.760;308621.646;239.2342;35.3843;35.3795;
275000.903;344464.488;344477.600;-347.2073;-207.3605;-207.3607;
458538.855;534098.567;534102.605;-282.8599;-195.9152;-195.9444;
445238.543;542900.139;542903.277;-39.4285;1.0646;1.0468;
471937.016;532844.767;532847.277;333.2881;350.3370;350.2959;
448849.154;514056.700;514064.410;-273.1012;-60.0758;-60.1148;
491130.212;535621.428;535625.512;-132.0189;723.6807;723.5610;
478460.989;538085.412;538083.664;-410.3355;-528.3572;-528.2109;
142257.114;414651.195;414663.899;-317.3695;-112.9276;-112.9402;
311580.863;533037.269;533029.907;59.1767;-100.7204;-100.7260;
449832.304;513416.620;513427.939;-760.4717;106.6122;106.7632;
487994.284;409497.962;409464.174;162.1287;14.0980;14.1829;
481573.176;531511.896;531516.445;491.5388;-374.2908;-374.3524;
485108.206;501945.900;501948.237;591.3746;392.6669;392.7577;
441655.293;549359.340;549364.082;-568.9699;226.4368;226.4834;
467862.924;540688.573;540697.932;-918.6193;-205.1327;-204.8045;
501033.030;509367.191;509379.224;-1268.9847;253.3620;252.8527;
484114.238;535388.050;535391.456;331.8783;209.4000;209.4500;
598619.473;571794.450;571782.317;27.3238;-295.6429;-295.5660;
631128.183;651175.176;651164.978;453.4046;174.0077;173.9522;
662549.658;394363.309;394355.406;353.2859;-41.0593;-41.0901;
462975.970;528072.555;528075.442;696.0074;-202.6063;-202.4898;
455221.530;452495.809;452490.158;-173.8514;218.1865;218.1043;
311179.479;477666.254;477685.698;70.3292;297.1340;297.2855;
495139.857;524204.974;524210.020;638.2595;-93.4061;-93.3786;
327904.960;442483.778;442497.437;447.9898;-250.4324;-250.4829;
462499.018;502669.070;502673.362;-588.4974;261.2676;261.3728;
746899.303;607035.706;607028.348;-187.6986;-8.5225;-8.5649;
428076.307;582877.230;582877.791;-158.1892;135.6397;135.4621;
514741.052;511756.726;511758.658;-280.5775;-517.1356;-517.0469;
498365.704;525796.452;525801.204;465.6431;-450.3270;-450.1252;
427022.291;512852.659;512856.144;281.8069;196.6493;196.6768;
487610.728;518971.818;518976.152;-623.8135;402.2907;402.2776;
457369.270;580910.365;580915.636;532.1087;-238.1519;-238.1787;
432919.760;519387.343;519393.216;-315.6403;-114.0079;-114.0378;
251136.775;400053.818;400055.749;-202.2691;-102.1362;-102.1429;
454904.931;447459.106;447446.022;136.5212;134.3404;134.2791;
334305.621;417716.487;417708.499;136.8838;6.5167;6.4200;
469253.520;515635.599;515639.365;-146.5168;360.7023;360.6216;
511099.583;525255.273;525259.943;-12.8115;560.1078;559.8507;
353561.906;495618.606;495601.981;110.6840;161.0558;161.0586;
528426.438;548437.544;548434.073;-17.2228;-74.3432;-74.4829;
502389.983;541234.866;541239.737;198.4104;322.9627;322.8848;
676191.876;650373.736;650357.090;-112.9376;-7.9765;-7.9986;
521984.911;535145.222;535139.520;-395.3832;60.0656;60.0113;
457846.326;526690.284;526694.760;29.7455;672.7558;672.7383;
480199.152;545085.987;545086.391;777.4622;461.2103;461.3077;
283245.946;548215.041;548219.528;160.4962;176.7516;176.7530;
390639.801;667482.181;667489.005;-35.9798;219.1803;219.1751;
464475.452;532344.305;532351.978;-1149.2523;-306.5635;-306.3570;
140175.325;392319.265;392311.763;-712.3687;-280.7424;-280.7701;
93773.185;733714.334;733725.502;-507.2791;261.1771;261.1950;
491528.377;538557.124;538556.191;-245.9054;-545.0106;-545.0591;
510371.751;523683.474;523688.225;-221.7998;-122.1867;-122.2199;
615659.324;506467.739;506459.436;1.1314;-330.6217;-330.5395;
361097.908;569139.083;569145.507;-81.0063;-137.8327;-137.7922;
484265.580;539850.067;539852.085;966.6376;-155.1637;-155.0818;
248837.591;363037.959;363044.573;-311.8200;-252.7799;-252.7977;
473227.525;545978.224;545981.335;62.4608;11.2453;11.2420;
445754.045;521075.829;521081.256;-34.5904;64.5827;64.5091;
307642.401;236566.979;236570.327;-116.1564;56.8342;56.8530;
460456.899;483424.105;483438.811;46.4503;-434.4625;-434.4121;
467870.056;526773.557;526784.638;-1209.2537;-261.9270;-262.2025;
566271.761;517108.896;517103.952;310.5545;-286.4119;-286.5969;
479958.093;531061.506;531064.992;-255.9950;74.0835;74.1209;
117061.506;465340.090;465327.239;-127.5770;-161.7811;-161.7818;
544485.366;468194.312;468188.521;34.9856;70.2507;70.1490;
472245.516;534140.348;534144.079;-35.9799;134.2876;134.3845;
503915.164;550937.056;550933.712;-439.6624;-295.1955;-295.0864;
343081.677;758337.954;758341.046;105.6332;187.1314;187.1551;
552258.502;541372.570;541362.196;-95.0099;-41.9511;-41.9936;
248746.187;513175.692;513178.158;-116.6029;-40.8350;-40.8323;
424198.304;534737.138;534739.909;-543.9719;-19.4859;-19.6949;
495316.041;547920.955;547921.737;370.8108;-324.2617;-324.2402;
451531.887;525676.507;525680.386;-26.9204;-118.4491;-118.3848;
479507.842;521025.919;521031.138;1020.6202;-51.9591;-51.9392;
194736.609;570983.734;570979.259;-366.9930;59.7192;59.6941;
916888.892;486475.256;486447.919;-178.7690;-41.7023;-41.7283;
542902.038;539658.251;539646.465;244.2226;-217.4623;-217.6048;
495757.433;541417.953;541417.727;-405.4669;-247.5243;-247.3552;
455546.319;538340.381;538343.351;186.3649;-86.4649;-86.4508;
489302.596;542111.426;542115.200;747.9284;830.0344;829.9853;
491303.469;545884.603;545887.562;61.5797;317.5717;317.4966;
416591.436;593036.839;593021.022;-150.8788;286.6596;286.6664;
179795.764;113280.168;113266.386;-293.0742;-100.9413;-100.9453;
414927.970;501224.331;501225.961;213.9087;-170.3494;-170.4511;
879447.070;517151.219;517137.554;-159.6009;18.5427;18.5439;
457691.270;459536.679;459538.317;-359.6727;212.1944;212.1208;
451821.767;525140.608;525145.222;5.6431;632.2856;632.2983;
492742.106;559390.672;559388.501;-289.0015;247.6711;247.6664;
485795.783;563938.356;563938.961;-945.8946;-159.9380;-160.0552;
455103.825;530122.876;530126.290;-696.2710;-465.2041;-465.4532;
502404.443;534688.161;534693.176;231.3013;298.5928;298.5003;
484466.806;518629.535;518633.473;1123.7675;309.1339;309.2608;
428621.136;511088.862;511092.109;37.0883;-10.9898;-11.0977;
479344.523;529329.483;529335.774;377.4060;381.2864;381.1977;
501428.179;530317.173;530316.924;-425.6901;-465.0415;-465.0491;
436635.692;516224.227;516225.111;-279.4492;105.7323;105.7440;
