# This file was created for the Modelling and Simulation course, RUG (September-November 2019).
#
# Project: Simulate colliding galaxies, using Barnes-Hut algorithm.
#
# Students:
#     Stefan Evanghelides (s2895323)
#     Hidde Folkertsma (s2759799)
#
#     X         Y         Z         DX        DY        DZ
467144.243;529951.163;529948.734;155.5198;-42.9288;-42.9111;
498817.343;519651.669;519669.064;150.8964;495.1900;494.5891;
525870.903;897546.216;897538.046;114.5395;17.9937;17.9926;
279441.014;321819.658;321825.795;85.2173;47.3022;47.2952;
464323.501;538441.918;538436.026;404.6899;-573.1707;-574.1919;
450168.469;548043.738;548059.044;-247.4805;-197.9132;-197.8180;
811842.627;799909.274;799817.149;-45.6433;196.3272;196.2513;
268195.186;540949.627;540975.053;-490.0963;26.6413;26.5759;
556526.686;360936.433;360936.357;243.8314;18.9519;19.1185;
493571.594;500570.887;500579.173;-743.9508;-284.8914;-284.7008;
584663.083;570087.482;570036.916;-307.2885;-201.4320;-200.9324;
411316.681;544080.453;544076.082;-209.3764;451.4495;451.0902;
349071.236;588388.658;588360.171;-339.7830;102.2975;102.0564;
297642.777;354023.924;353964.571;-48.4967;26.7386;26.7187;
410101.052;531204.265;531217.779;-121.0321;-319.5342;-320.5138;
965950.595;516908.778;516758.608;244.7841;-149.7675;-150.1007;
445569.219;526053.534;526045.027;955.1499;-54.1086;-53.8718;
397082.284;222940.539;222914.547;133.9494;144.0358;144.0202;
524564.171;707543.404;707517.056;-33.2109;-20.7782;-20.7717;
461917.675;539139.615;539142.978;557.3449;626.8917;627.1266;
454798.423;537692.977;537700.912;-385.4732;-472.3454;-472.5909;
472924.485;528840.572;528846.862;800.4195;895.0166;896.2942;
567447.731;537045.452;537026.533;-402.5481;-120.4057;-120.1365;
446032.081;532275.866;532278.695;-723.5042;-335.8102;-335.8560;
368648.063;376041.120;376001.208;144.1418;-36.6412;-36.6961;
483568.117;520617.935;520624.404;54.7913;-127.1613;-127.3737;
410437.175;505956.281;505922.390;-46.6035;15.4136;15.1050;
491264.647;531974.187;531976.860;-310.4591;-338.2448;-338.2890;
425800.961;533036.779;533014.117;425.3465;-102.4381;-102.0402;
463313.109;542685.433;542689.454;-698.3234;108.8588;108.9569;
466297.105;532542.891;532539.852;363.1663;-586.7969;-587.5454;
457298.487;535858.095;535861.386;-751.5135;294.1150;294.4270;
477138.421;537904.658;537906.281;157.5601;288.6734;288.5285;
751178.027;283662.084;283681.625;111.6972;-85.9988;-85.9890;
272142.895;399864.831;399867.218;131.7507;15.6212;15.5906;
458598.883;534006.339;534015.722;1143.3060;-437.3977;-436.5581;
486578.639;526508.722;526512.515;468.5821;797.7871;798.1728;
302791.392;369513.478;369442.428;9.7108;42.1879;42.1778;
456989.453;528138.536;528140.452;56.1006;272.6785;272.6948;
930206.999;563154.373;563276.598;76.2176;-54.8491;-54.2346;
361881.706;388546.247;388526.541;-152.7428;46.6406;46.6193;
456272.990;522361.564;522378.168;-1159.9997;-205.4411;-205.2340;
476298.475;420695.215;420701.308;-121.9423;14.6570;14.6618;
737863.173;939722.718;939674.684;-32.2003;168.5015;168.4782;
425139.079;506524.264;506511.753;-243.8336;-311.5102;-311.7452;
743031.866;693241.905;693195.154;-85.0393;6.4373;6.5348;
467311.241;536615.644;536615.791;110.8831;-104.6787;-104.8773;
510591.420;528448.698;528458.004;-192.1496;-497.1270;-496.9292;
504144.440;426893.811;426879.502;46.0036;-324.2075;-324.3309;
494928.427;500241.492;500264.861;166.6860;422.5422;422.3895;
505036.723;523544.424;523530.152;-452.5475;-60.5122;-60.1017;
679258.247;839619.287;839563.263;100.0294;201.2400;201.1717;
774214.174;215749.537;215765.305;74.1923;-106.0139;-106.0030;
440326.877;537177.337;537183.645;-1057.6005;-35.8154;-35.5799;
960026.445;536813.850;536740.361;111.7427;-11.2683;-11.5431;
823082.398;561389.363;561364.316;65.1561;99.4725;99.4749;
560228.179;544665.085;544653.882;-433.5266;192.5008;192.5108;
495322.254;511135.081;511151.098;252.0268;134.9449;134.2641;
471309.561;517574.401;517595.595;-5.5177;-631.3089;-631.2726;
433493.508;533902.914;533901.586;-962.9347;334.8599;334.7422;
464132.745;540710.690;540714.899;-166.9774;496.4374;496.6680;
438724.427;523136.099;523132.873;357.0539;466.4793;466.4536;
586369.008;595245.244;595200.123;198.9661;359.9560;359.7541;
466028.621;530595.286;530596.069;-707.9859;35.0485;35.4637;
605502.175;562467.056;562404.790;516.0121;-59.9612;-60.7985;
402192.891;523427.229;523390.339;87.2152;230.0023;229.7828;
830349.215;565598.466;565567.344;225.8879;52.0070;51.9726;
493291.321;529237.136;529247.411;457.0854;-632.5995;-632.9520;
355088.668;366010.028;365994.419;-214.5506;-44.2022;-44.2566;
385219.364;541278.317;541298.721;-715.0769;224.6751;224.8735;
475858.737;482779.079;482775.103;452.1559;-376.0332;-376.1510;
504027.323;530451.838;530465.003;924.4394;234.3140;233.9120;
350096.755;500169.953;500146.481;230.9023;-121.7932;-121.7675;
487860.755;528117.703;528146.815;968.3589;-14.4328;-14.6269;
688893.736;543275.696;543254.397;-316.8652;14.3114;14.2858;
368844.689;455171.438;455097.146;41.9542;138.8306;138.2561;
336816.793;549526.597;549548.309;-35.2611;16.8371;16.8930;
520320.649;544740.695;544740.942;247.5358;-86.2193;-86.6349;
514605.501;485637.788;485603.640;-420.0177;-13.4578;-13.2933;
462785.890;532376.721;532375.880;683.2557;377.9630;378.1799;
323221.656;541509.570;541545.310;-118.2317;-8.9394;-9.0470;
519099.152;515142.187;515124.285;-225.0949;79.7504;79.6705;
615463.023;490602.130;490553.327;-209.7833;-216.6792;-216.5214;
452285.786;510853.288;510854.284;32.7898;-94.8265;-95.0708;
558311.475;565102.243;565106.291;1014.6792;263.0354;262.8834;
665974.130;610952.495;610876.165;81.6299;105.8803;105.7882;
547343.194;425985.317;425950.727;213.4557;325.7128;325.5597;
29743.061;210382.092;210380.505;-308.5051;-178.2827;-178.3152;
429286.910;527632.989;527639.044;209.7323;-186.5707;-186.2762;
371168.010;452718.227;452688.349;236.7216;95.6363;95.9877;
436387.590;491158.562;491134.043;82.5707;89.8000;89.5757;
451108.369;535666.199;535675.761;389.3885;312.2932;312.2347;
446846.491;524164.581;524167.809;7.3952;454.6009;454.8874;
460368.856;522051.573;522052.375;214.5141;-75.4201;-75.7929;
562677.424;620776.261;620736.593;-39.1656;80.8426;81.0131;
126335.141;628514.560;628511.598;-362.6005;141.7824;141.7543;
441700.208;525692.545;525680.605;-310.6709;-550.1050;-549.4224;
458514.312;531012.679;531012.235;-300.1310;52.1081;52.0113;
437098.831;497497.141;497485.960;-400.0764;-182.4642;-182.9075;
457993.779;526732.610;526728.343;-259.1113;-856.7799;-855.7864;
482377.998;537997.289;538014.584;196.7220;722.8100;724.9289;
420738.542;545850.862;545844.534;-2.9487;-412.9418;-413.8671;
471401.662;529031.704;529033.479;-388.4949;385.7351;385.5997;
556622.610;553256.054;553252.319;278.7150;-443.6201;-443.7833;
906427.171;700928.167;700792.363;301.4382;9.5908;9.3517;
836156.251;418718.065;418693.574;133.9191;83.9947;83.9773;
481025.419;524583.898;524588.336;-517.2758;253.8986;253.7291;
581579.971;575713.256;575709.584;230.2943;-81.1185;-81.4749;
634231.657;558050.965;557995.251;340.9828;-206.2071;-206.2574;
442665.263;532086.930;532093.846;-366.2118;-369.4977;-369.9151;
499292.480;611722.776;611703.965;-593.0139;215.5147;215.4671;
543849.986;644879.409;644878.705;202.8995;-61.8771;-61.8549;
504249.240;549381.502;549368.252;-684.0651;-308.0698;-307.5643;
470099.358;574307.543;574199.820;124.6714;525.4922;524.5498;
547876.321;487496.280;487473.890;122.6517;-360.7605;-360.9585;
465926.766;529866.756;529865.910;-689.8271;-338.1459;-338.3415;
708568.669;515185.119;515157.604;214.9010;-52.4902;-52.4881;
480978.268;526284.010;526293.532;291.8797;-92.3282;-92.4472;
522246.722;540686.601;540670.889;119.9979;-348.5607;-349.0780;
492738.214;516543.292;516539.893;-113.4451;-146.0162;-146.2121;
167108.977;356850.174;356846.081;-40.6878;-22.7566;-22.7679;
455464.297;615578.316;615548.264;-28.7404;-103.6484;-103.6459;
495549.377;605647.806;605648.818;-132.0632;437.2773;437.2036;
441348.636;558356.734;558386.463;-482.4483;166.5112;166.8922;
519725.685;516749.452;516746.719;-37.6578;-455.0579;-455.2949;
428890.614;529257.833;529246.735;803.1047;7.0869;7.4253;
429456.311;555508.704;555524.523;-144.6793;372.9407;372.8391;
501294.329;527686.965;527688.193;-165.5737;-153.0519;-153.1529;
559119.335;619646.716;619619.460;-226.9854;-111.5512;-111.5354;
429366.265;564588.877;564608.797;-242.1127;266.4862;266.3448;
465928.060;538815.009;538823.404;644.3395;-136.2027;-136.1144;
575901.246;565863.981;565819.618;-150.5955;97.2705;96.9131;
572396.040;514799.289;514783.097;188.3233;-395.6829;-395.8195;
380028.658;802903.690;802905.643;0.1812;160.5671;160.5603;
469750.282;532224.115;532222.214;-85.5684;-68.3172;-68.3751;
497543.334;546072.983;546067.612;-215.0180;-308.5583;-308.6621;
448412.215;539348.935;539353.412;-337.3322;271.9888;272.4633;
544321.554;619953.954;620054.303;617.7615;124.0851;123.9447;
529156.519;528289.399;528269.754;160.9328;354.1720;354.2238;
488605.403;549614.994;549618.893;377.7274;44.8847;44.8741;
54162.110;192111.211;192115.679;-247.1549;-204.8008;-204.7931;
459555.991;520808.871;520805.510;-436.9745;411.3495;411.6032;
478147.420;519019.803;519004.066;444.5949;-247.8732;-246.8053;
239773.615;307585.019;307599.744;-57.3672;142.5143;142.5202;
520853.587;532893.590;532871.663;50.8168;394.6346;394.4224;
511633.734;520780.330;520759.798;-268.6728;458.7748;459.4425;
526280.159;542220.610;542227.948;60.8486;-513.0233;-513.0398;
447560.430;529536.504;529540.327;-81.4080;387.8931;388.0125;
95237.931;349271.166;349266.241;53.8112;-140.3742;-140.3587;
558139.099;567530.442;567513.413;-229.4903;37.6052;37.9679;
432365.272;517499.953;517504.730;-256.3686;-32.3472;-32.2062;
454537.113;545286.110;545290.558;-371.7229;354.0881;354.5386;
452592.009;827721.017;827738.720;173.2443;8.8557;8.8691;
457896.399;530266.018;530261.774;54.4403;-257.7226;-258.0316;
541781.832;577535.379;577538.391;447.6124;260.4145;260.1933;
510189.407;530186.712;530163.593;-665.2297;-266.0194;-264.9298;
434404.977;528102.362;528094.456;371.3401;140.7522;140.6285;
413616.624;533245.368;533211.005;768.3983;-55.4149;-54.6267;
467206.464;543129.820;543132.982;123.8468;570.7458;571.0551;
678997.974;487217.774;487182.806;-508.9084;61.4740;61.4895;
438877.672;527820.565;527829.677;-313.6784;192.1098;191.8579;
455866.937;540804.430;540802.657;-163.0699;196.6064;196.7814;
451663.702;535671.299;535681.666;274.3308;-580.9224;-582.0505;
421918.207;527407.834;527393.574;257.5337;255.0132;254.0785;
437132.323;538893.900;538905.262;-240.0582;23.1197;23.1100;
505048.431;531444.251;531425.426;-763.0153;394.4615;394.8140;
538835.841;570553.274;570536.745;-198.8157;334.4956;334.7524;
670118.503;543469.797;543442.698;-437.0728;70.2428;70.2642;
569971.828;608763.365;608751.472;302.4771;-43.2199;-43.4579;
446298.452;544159.923;544178.305;424.5866;139.2732;139.3585;
473485.892;498406.106;498392.321;346.1206;71.6752;71.5595;
394851.155;430996.502;430954.973;54.1682;-411.9524;-412.1193;
488483.636;540494.806;540492.623;-210.7757;-15.7991;-15.3446;
436465.619;528019.270;528022.337;336.8972;-277.2141;-277.6853;
487426.081;527511.914;527501.436;-452.1394;390.7007;390.1670;
514938.422;528997.238;528974.460;150.7028;-63.6762;-64.3913;
484603.996;524444.880;524449.381;-451.3307;125.4709;125.3485;
507061.688;513793.624;513790.684;90.5203;60.3526;59.7985;
445170.029;523074.188;523077.959;479.9629;-192.7169;-192.4710;
