# This file was created for the Modelling and Simulation course, RUG (September-November 2019).
#
# Project: Simulate colliding galaxies, using Barnes-Hut algorithm.
#
# Students:
#     Stefan Evanghelides (s2895323)
#     Hidde Folkertsma (s2759799)
#
#     X         Y         Z         DX        DY        DZ
491522.036;517790.560;517763.425;-210.7690;-141.4332;-132.9042;
512601.625;518721.293;520010.210;858.6885;-201.9994;-109.1827;
754079.299;507270.867;506431.528;-155.5892;-178.3830;-177.0685;
498324.105;528212.869;528504.531;-540.1733;108.4435;118.3311;
530750.577;532263.719;533787.899;253.4005;201.1758;226.5441;
507617.230;653587.343;650760.114;447.6726;-7.7910;-7.7284;
597885.061;934915.893;947457.079;-10.6483;36.5318;45.3464;
439704.100;496106.241;494359.122;850.9165;66.7021;11.5015;
458735.876;487852.990;485135.076;94.3505;193.6314;169.8234;
456358.391;495727.881;492866.095;435.9080;-410.7139;-375.2538;
501586.799;531914.504;531875.249;-141.6868;-376.8633;-355.0692;
642170.660;629869.804;631114.311;62.3995;254.6802;254.9665;
473031.345;533818.846;531966.681;367.6121;-50.8894;-66.5430;
495109.533;519257.457;518766.792;-935.2123;-686.5236;-659.1208;
490647.473;528549.524;529111.646;-984.8491;-1097.9435;-1076.5018;
481461.674;535592.837;534975.039;957.1550;543.4700;612.4004;
491416.198;534640.870;533548.711;-461.9552;431.1581;357.5670;
487186.082;583642.839;578259.595;398.6469;425.2219;464.5103;
419074.567;541781.004;536936.892;-162.9313;85.4195;72.8526;
403122.283;525328.013;519895.405;143.8415;213.2392;201.1123;
487998.345;541597.966;540664.473;182.7047;-218.2797;-190.1436;
493172.639;540765.528;539967.311;375.9807;-82.5602;-47.6498;
490097.631;520767.910;519704.115;-35.5789;-581.8014;-542.0008;
496013.377;534523.597;533692.160;-1031.8117;-328.5193;-331.1579;
483909.832;538824.387;536395.298;826.7859;-93.5649;-69.3585;
873425.704;147854.417;147792.565;-36.3002;23.5170;23.4014;
413398.084;469994.266;466289.565;-207.3076;-208.6328;-244.4372;
504059.056;534900.514;534480.560;-721.1326;162.4368;176.0960;
471458.102;507286.202;507750.461;-607.2062;231.6878;192.0478;
741211.171;500144.389;501749.111;-30.6067;45.8808;48.7745;
521834.402;541651.334;542332.877;157.2226;789.9955;748.0970;
430298.811;395735.183;395079.773;138.6687;-42.0506;-3.7334;
443650.581;572340.436;568810.498;267.6261;-115.8984;-76.3828;
485807.223;528976.468;527370.714;108.2604;-720.2399;-695.7640;
511549.868;559048.778;557555.916;361.4365;150.2521;150.9891;
508031.219;540844.863;540501.412;-214.6843;223.9674;218.8668;
422310.543;510664.143;507492.017;67.5441;549.7114;561.9369;
499218.300;515283.666;515266.044;507.0082;161.0645;133.2855;
506532.386;543777.327;543661.279;485.7720;280.9146;337.8780;
481890.888;540353.923;536768.912;-564.0738;-248.6038;-315.6337;
474104.322;524548.183;521705.598;422.0459;331.0782;341.9847;
567606.170;554027.156;555082.961;47.1286;62.0150;59.7362;
490234.710;578639.657;577577.610;-25.5886;-395.0414;-420.9179;
664474.751;414496.355;415611.850;325.2098;-11.3556;0.4771;
670914.085;409373.962;411899.904;251.3756;-98.6012;-95.1190;
477951.193;542782.070;541026.870;95.4633;530.9266;477.9709;
488833.239;522325.322;521579.066;591.9789;-403.6374;-356.5130;
403177.744;560483.189;556573.177;274.7288;372.5250;362.2390;
650461.002;233147.247;231329.669;72.0005;-286.8918;-295.0692;
506835.325;511431.597;512082.885;741.3928;-112.7714;-34.5120;
506597.893;540393.913;539598.791;-252.4036;-751.7324;-728.1088;
487261.438;529838.925;528195.497;546.0733;-962.8276;-907.0073;
466888.436;584455.581;585783.683;581.9460;-154.0957;-181.9839;
437686.585;676354.647;672526.202;-222.0131;61.6862;47.9571;
472182.600;538152.251;535986.681;-180.6666;-650.5389;-699.2776;
489424.416;507457.477;507421.850;-74.0832;390.3552;378.1617;
180625.456;680680.117;680170.110;145.8920;45.6288;45.3884;
519543.790;515190.289;517689.951;-693.4617;-346.5357;-364.0469;
506998.260;544095.559;543634.656;89.1917;69.8055;71.3965;
517621.162;546408.060;546209.368;-239.6513;-621.0011;-621.6808;
505544.806;537511.952;537536.606;-432.2292;-47.2115;-74.5516;
474061.511;555417.163;552989.947;314.9245;-177.2816;-148.3884;
508269.788;525840.263;526174.193;-797.4023;102.1778;79.9265;
432363.970;559441.761;554041.284;95.3829;218.3469;254.2316;
431431.379;428522.580;427967.367;-8.6521;329.8190;307.1271;
515867.725;572470.043;570427.017;446.1315;252.3692;277.5854;
635756.949;507606.110;507129.416;-291.9720;91.1642;94.0205;
875878.956;395897.583;387865.565;392.9915;-251.3192;-283.9600;
590299.027;505974.367;509758.088;402.2950;-84.7321;-60.1616;
405731.268;474166.031;466160.499;113.9855;-33.2681;-42.3709;
502083.145;556978.213;554831.105;-291.2875;-641.2378;-620.6163;
641535.691;445689.458;447286.859;391.6666;-88.9800;-95.9111;
494036.817;553441.350;551522.680;-395.5087;354.2443;293.5434;
484737.793;543589.312;542453.118;-31.3813;-295.8742;-261.7864;
663629.051;441460.421;443987.994;126.0043;139.0364;156.5970;
649446.646;428158.057;425632.663;306.2240;-180.0375;-206.8701;
506402.488;540295.814;539831.074;-20.1496;81.7690;58.7165;
512442.242;545545.502;545106.389;33.6556;106.3336;105.0868;
487677.446;534656.165;535777.735;-593.0624;-687.2392;-782.9084;
506710.530;533040.618;533520.642;-226.8776;682.7219;623.1490;
490874.371;539909.181;538396.822;-913.7704;461.4371;381.9474;
501628.238;526241.316;526086.587;-287.7338;-24.6131;-46.1514;
558618.840;599663.869;598253.757;-224.4546;-113.2500;-139.9017;
501470.061;565943.421;564473.965;35.3075;-205.4375;-256.7306;
416981.477;218801.348;204595.812;123.6793;-138.0262;-143.1875;
492823.937;542180.771;541078.336;-620.4360;-316.4965;-332.6106;
775470.056;606519.693;605206.465;5.6699;-57.8452;-57.8212;
940933.442;612434.462;610833.776;-39.2133;-64.2898;-65.3051;
423242.107;564055.456;557815.741;-377.6217;97.2267;44.6866;
403817.676;519206.928;511495.032;119.1565;-266.4224;-304.4797;
519729.280;581974.820;580030.081;430.1263;-252.2584;-241.3092;
508132.512;557968.516;556488.464;1041.6159;-97.5605;-44.4921;
773779.334;626783.918;629546.200;249.5025;-40.8753;-41.8670;
520516.321;540120.712;540822.401;-997.2991;65.1882;22.5642;
495670.643;535167.171;536483.366;-850.5573;275.9523;153.0434;
508960.667;541337.107;540883.762;-252.9806;590.4108;569.6022;
469841.962;527714.227;526412.879;0.8843;635.1448;530.7892;
531149.421;403078.633;408497.791;-161.2505;-154.6339;-147.2596;
901480.303;717394.672;714636.281;-44.8708;-43.0032;-43.3769;
495923.021;521190.211;520420.814;199.9118;-420.3822;-381.1550;
492589.493;539775.064;538596.439;680.5006;181.7427;195.6078;
488922.503;564291.214;560911.051;-791.0479;176.2802;136.7950;
481996.862;500083.482;499196.848;465.6353;-195.5916;-148.8939;
467473.694;540692.210;539290.941;-265.8315;297.2897;272.8873;
488376.589;534937.980;533552.542;33.8514;181.2194;174.0874;
445216.074;260765.786;258592.016;20.1762;55.7419;53.5166;
543316.222;532741.205;535061.432;-378.1422;8.2331;12.3297;
459598.067;561333.568;558697.593;839.4125;55.7106;140.5981;
922237.645;367022.417;347055.483;61.8130;-119.6751;-129.7529;
310190.197;470699.969;466306.050;-78.3006;143.3880;138.2614;
509431.080;529047.418;529427.195;51.3880;27.3814;44.1176;
535409.081;544069.735;545047.057;-39.7453;-485.6710;-460.0826;
513321.317;545580.274;546362.468;-143.9619;75.3031;50.8623;
946028.054;942197.623;935435.375;230.3874;61.9345;55.8465;
474581.857;462407.273;459773.132;301.7197;131.8238;111.6858;
397668.514;576595.428;574199.330;145.3643;254.3065;303.4694;
471000.056;593820.692;589984.669;87.9293;-30.9466;24.2519;
486597.165;533728.533;533103.522;-610.1088;357.8283;323.8117;
381992.076;452647.656;444847.229;77.5737;296.8749;299.7579;
493300.853;532417.448;531858.743;722.8446;125.3780;167.9451;
499437.773;533484.422;533531.434;700.9571;-142.8700;-78.2021;
458032.704;554150.869;552728.961;863.0254;-436.8092;-480.3740;
499721.456;540790.380;540312.865;-450.6211;51.3199;13.8077;
480940.850;510369.399;509253.333;657.4182;124.6376;177.9084;
490383.619;557811.913;556274.407;715.5124;250.1895;231.7580;
827227.069;450868.834;443567.422;10.9033;-63.6919;-64.5999;
373346.594;512541.655;501085.649;-158.5478;352.2440;426.7889;
498204.180;546988.968;545562.563;97.5018;34.4976;29.0009;
387377.682;583873.208;578401.387;-411.9817;47.9604;57.0933;
440010.123;566080.765;562440.818;-259.2846;306.3861;331.4654;
498675.558;546214.414;544767.104;213.2182;136.5514;130.4671;
417367.766;576389.906;572808.883;-104.9489;-29.9395;14.3427;
503805.804;539700.739;540009.145;-1442.2118;897.6212;866.9680;
456767.717;559693.630;557248.316;606.4247;-557.6407;-654.9226;
511119.541;537444.246;537692.566;-229.9469;792.7386;760.4635;
508988.646;523637.089;524890.881;133.8134;89.0743;110.7554;
507670.963;543861.246;544077.315;220.9762;555.2537;566.2355;
509268.653;531971.503;532267.886;800.4046;194.7755;225.3261;
488037.011;528449.172;528265.714;-257.4135;533.1179;506.3619;
490260.595;561295.007;558479.637;-715.2958;27.2517;-6.2828;
467534.517;506045.572;503547.149;568.9533;-311.6230;-239.6617;
460557.155;561913.555;559589.724;542.0426;-210.1432;-216.7300;
499408.771;577418.039;573982.743;80.2164;203.5176;172.7055;
447638.214;554833.816;551162.419;-876.4054;-624.4006;-664.0435;
490456.611;548062.526;547124.108;279.8029;-400.5763;-402.4538;
602734.832;508933.944;510845.642;-193.7199;199.8241;203.5027;
515245.634;543999.045;543652.263;188.5531;336.1010;324.7339;
499697.568;539530.469;539417.477;60.9286;-729.7931;-664.9452;
465247.908;517761.974;515092.104;248.5166;421.1345;431.5623;
512671.521;537897.611;537607.767;-255.2317;-214.3638;-211.7405;
