# This file was created for the Modelling and Simulation course, RUG (September-November 2019).
#
# Project: Simulate colliding galaxies, using Barnes-Hut algorithm.
#
# Students:
#     Stefan Evanghelides (s2895323)
#     Hidde Folkertsma (s2759799)
#
#     X         Y         Z         DX        DY        DZ
517917.718;532055.749;532058.834;27.0048;87.7214;87.6529;
469391.142;528565.907;528571.942;-372.4311;-185.1789;-184.8839;
437629.353;869855.231;869848.154;114.1854;54.8395;54.8377;
227145.866;302333.405;302338.990;53.2957;4.6466;4.6479;
823894.714;679260.253;679194.968;290.2196;269.5979;269.5027;
513808.129;533561.270;533560.510;-297.7826;-186.6765;-186.9465;
497096.688;537261.505;537264.308;658.1130;-95.9290;-95.9610;
816949.889;627801.394;627772.357;50.8795;240.9198;240.8504;
814421.914;470665.849;470639.128;508.9980;-116.4293;-116.4809;
698404.047;515681.150;515674.050;-47.6818;-50.5531;-50.5264;
365961.760;517132.841;517149.312;-68.7807;-423.2777;-423.3039;
458425.821;687815.501;687811.233;164.5815;-11.8962;-11.9669;
361736.389;529895.351;529889.870;-85.8704;-52.8565;-52.8501;
521499.532;501426.562;501425.388;-163.2752;443.1759;443.3334;
696415.918;551892.683;551885.428;-102.0353;-152.3901;-152.3202;
456134.960;523918.395;523926.016;-972.5538;-980.1136;-979.8616;
803517.788;493870.237;493843.197;414.2173;40.5024;40.4656;
480443.530;524976.678;524979.821;957.9702;341.4791;341.4199;
762317.274;646890.079;646856.888;331.0688;-135.5299;-135.3461;
510137.109;528074.752;528075.436;203.3417;-166.6427;-166.6866;
302950.748;153123.248;153111.673;110.1968;44.8228;44.8011;
537744.292;672750.829;672727.535;1.8528;119.6213;119.6029;
449621.847;526369.370;526372.197;-226.0546;-23.8044;-23.7937;
492220.263;527209.451;527214.241;189.9711;333.1017;333.0583;
462566.629;510396.367;510401.737;-764.2368;317.9917;317.9988;
455020.896;461023.592;461017.783;-77.4475;22.6622;22.5952;
463809.958;532310.611;532314.875;493.8536;-256.0712;-255.9826;
812975.987;708747.837;708704.667;446.8472;270.9875;270.9364;
351023.716;448565.928;448561.695;-165.1397;-109.7451;-109.7656;
508732.594;524437.791;524441.238;197.8122;-274.9223;-274.8491;
420783.925;529435.507;529437.014;98.1305;-2.2165;-2.2487;
472050.025;531046.760;531050.577;535.7670;-192.7876;-192.8020;
566618.204;540220.963;540214.123;-96.9331;118.3339;118.2410;
504118.158;529104.176;529105.949;272.2788;-342.1774;-342.1315;
471943.916;525438.776;525440.899;-525.7530;-102.2127;-102.2753;
503610.145;532477.918;532481.305;108.9476;-323.1712;-323.2170;
475142.255;517948.956;517953.954;600.6236;81.0010;81.1629;
647507.776;367440.616;367449.825;162.4564;-144.5959;-144.5760;
369054.599;449159.043;449154.629;-459.7688;-184.4017;-184.4804;
445563.121;530760.043;530763.127;59.9968;-264.2637;-264.2999;
504373.929;545443.634;545446.917;457.8768;-123.4378;-123.5212;
458459.218;514511.427;514521.026;-866.7063;-935.4275;-935.0467;
500602.386;534744.842;534746.416;-112.4062;-528.1099;-528.1954;
953381.367;494062.206;494025.095;709.8578;-39.5821;-39.6445;
757788.662;567541.777;567512.040;427.8109;35.6362;35.4193;
500357.038;424696.872;424694.896;-222.6457;-183.2671;-183.3159;
524379.625;509021.567;509015.602;-287.2841;116.9220;117.0460;
443061.954;571049.340;571048.928;447.3427;-112.9016;-112.8880;
751809.089;791966.343;791937.477;-3.7066;222.3393;222.3136;
503092.624;484519.830;484536.912;251.5008;44.1404;43.9068;
744594.104;659148.190;659115.099;85.6936;94.6193;94.4462;
498435.402;524664.685;524670.394;105.5816;232.8117;232.9176;
500449.770;514793.940;514794.213;-889.8293;-366.9066;-366.7630;
369833.557;585211.554;585215.613;-185.1781;216.8126;216.8210;
432180.801;550008.720;550011.495;552.8853;-222.9828;-222.9531;
495370.017;534318.301;534319.010;-671.3127;-78.3714;-78.3277;
571413.147;629405.762;629407.433;216.3139;419.1793;419.1182;
679524.453;339311.620;339316.553;192.7279;-240.2343;-240.2164;
435021.663;528437.224;528440.845;-271.8886;337.3724;337.1613;
801985.695;641097.071;641054.035;432.8718;181.2869;181.2216;
801526.370;544760.338;544730.068;291.8747;-13.4978;-13.5271;
702875.423;499238.694;499219.325;263.6907;30.1396;30.1040;
641760.190;470089.980;470069.511;96.0743;-6.7409;-6.7869;
504582.373;524158.130;524165.717;1209.9315;-149.3577;-149.2904;
421761.409;519028.741;519021.812;247.8149;-81.1639;-81.1538;
708587.392;525853.004;525838.384;-365.0961;87.4390;87.5764;
523250.254;550073.375;550071.279;-239.9024;117.0383;116.9442;
462103.770;539724.256;539723.820;1071.0365;121.0472;121.1396;
471107.711;477137.580;477135.899;337.6392;286.4453;286.4346;
468615.524;533919.414;533921.361;557.6048;-466.6476;-466.6610;
502795.357;392548.474;392570.738;-169.5609;11.1155;11.1913;
489971.477;531175.752;531176.045;-653.2468;515.7589;515.9880;
584491.611;506547.426;506549.800;505.5588;38.3428;38.2967;
857994.781;593650.292;593616.776;573.2063;110.9493;110.8815;
495373.631;535871.602;535876.226;11.0082;590.9118;590.7285;
513043.301;469819.774;469806.927;-157.0074;-281.2150;-281.2446;
701270.392;545322.678;545311.258;86.9172;122.2317;122.2064;
579510.655;621083.075;621061.596;-111.8703;73.0421;73.0328;
700374.246;528530.468;528521.224;-73.1838;-6.8469;-6.7436;
834920.598;534388.437;534358.485;438.2505;79.9906;79.9371;
816504.361;792462.055;792409.223;404.7260;405.6697;405.5765;
458442.174;508349.306;508356.786;244.8461;-649.0289;-648.9673;
451334.636;531612.126;531615.015;-250.8003;-143.1016;-143.1495;
760287.588;509607.292;509585.473;124.8898;32.7536;32.7282;
421195.879;541049.175;541045.351;-394.2841;24.0691;23.8648;
692617.625;534505.270;534498.196;-28.6853;-98.1019;-98.1459;
996462.669;611933.553;611875.582;788.2014;139.6094;139.5235;
490353.703;522250.926;522255.797;592.2155;24.7312;24.7802;
497561.059;518898.361;518903.715;915.1682;-62.8569;-62.8122;
785963.785;461894.298;461875.123;415.3844;-45.3869;-45.4188;
477904.259;543175.783;543176.614;604.0579;-28.0857;-28.0264;
699010.169;524067.024;524055.425;168.6759;35.5347;35.4569;
447183.562;517311.822;517318.498;525.8198;161.5813;161.5944;
437312.530;455050.557;455024.709;-419.8059;337.0735;337.1397;
482421.119;491818.490;491827.327;226.6652;211.0371;211.0218;
352936.747;407372.785;407367.023;-159.9022;-111.8051;-111.8155;
437452.492;537642.935;537637.157;480.7957;-273.1842;-273.0666;
355013.167;307681.000;307689.020;236.7418;28.7318;28.7274;
285106.303;350531.050;350544.160;-349.8628;-211.2006;-211.2002;
471021.437;536567.766;536572.237;-548.4264;56.8188;56.8311;
451419.462;538136.135;538139.476;-418.7306;358.5841;358.5890;
465846.110;523294.317;523298.882;96.6516;250.4115;250.3418;
460734.391;520771.366;520777.781;-599.8636;-396.0707;-395.9296;
490476.243;517171.427;517176.356;178.7176;346.1128;346.1535;
491669.386;546011.540;546011.861;-444.8313;11.4589;11.2486;
151608.698;417905.336;417918.321;-328.6941;-111.1637;-111.1698;
310288.763;535915.308;535908.169;29.1575;-97.4992;-97.5090;
472314.361;511579.136;511585.295;-772.8135;16.6146;16.8113;
483372.952;409554.754;409519.211;156.8261;-18.6484;-18.6083;
473923.775;537193.240;537197.300;95.0131;141.4184;141.5274;
467023.443;495219.477;495220.494;626.3207;65.2244;65.2062;
461964.904;539098.690;539101.729;-866.4920;536.9200;536.9849;
498388.158;535714.884;535712.306;-971.1755;502.4762;502.7445;
533984.980;507773.823;507795.088;-959.3610;-69.7569;-69.9282;
477149.809;527377.586;527380.753;212.8220;254.4937;254.4535;
597038.596;579960.978;579946.735;82.4761;-266.5421;-266.4741;
617808.857;645950.323;645941.745;465.9134;187.1673;187.1111;
652147.587;395670.014;395663.021;364.5277;-49.3910;-49.4230;
452002.277;532779.823;532781.834;-31.6856;-74.7204;-74.7792;
460310.765;446473.802;446470.588;-177.1177;197.5181;197.4329;
309488.465;469105.490;469120.460;45.5215;293.9033;294.0602;
476039.072;532281.615;532284.697;651.6252;-332.6388;-332.5709;
315617.526;449980.217;449995.059;401.0828;-267.5063;-267.5402;
480082.670;496764.307;496765.859;-599.8894;141.2764;141.3557;
752264.081;607242.403;607236.249;-182.0481;-5.6584;-5.6990;
433360.022;578230.090;578235.403;-209.6490;185.6466;185.5061;
519031.364;528563.212;528563.641;19.3309;-618.4800;-618.4586;
479925.558;538779.061;538779.244;702.1557;-261.8619;-261.8333;
420009.279;507642.179;507644.722;208.3205;162.3810;162.4176;
504175.326;513258.125;513262.683;-478.7864;13.8932;13.8915;
442220.512;586502.614;586508.470;518.0593;-145.5939;-145.6044;
445983.543;523479.811;523485.889;-602.9955;-176.7233;-176.6939;
257130.331;403078.050;403080.177;-211.4693;-106.6180;-106.6248;
451044.161;444066.172;444055.013;129.5894;98.8251;98.7553;
330574.580;417635.389;417630.254;119.9148;-1.1706;-1.2702;
474648.571;512420.577;512426.696;-146.0303;-152.2668;-152.3212;
502588.790;514080.059;514088.548;526.7531;139.8113;139.8194;
351092.593;491210.203;491193.925;60.4306;143.9952;143.9731;
525963.296;548855.043;548855.697;189.1673;51.5496;51.4108;
494581.977;530848.036;530854.273;329.8398;388.0097;387.9978;
679426.658;650570.597;650554.597;-110.1570;-5.5086;-5.5310;
527095.092;532323.547;532321.723;54.4457;122.0492;121.8558;
460457.621;510750.848;510755.877;-199.3315;363.9079;363.8888;
463926.548;524528.254;524530.282;373.2069;810.5834;810.3627;
278879.010;543014.744;543019.170;139.9341;181.9988;182.0017;
391724.794;661065.222;661072.191;-38.9899;223.5691;223.5642;
499785.020;538084.729;538084.538;-1160.0550;-66.4888;-66.2343;
160926.825;400572.675;400566.049;-718.5068;-289.0678;-289.1013;
108572.541;726092.595;726103.241;-513.6670;264.6246;264.6427;
494217.271;544707.563;544711.515;5.7933;164.6254;164.4404;
509544.712;529007.208;529011.751;310.5605;-232.8354;-232.7967;
614733.203;516209.264;516198.721;63.8132;-340.5865;-340.5138;
363707.728;573066.879;573072.111;-99.9890;-133.3269;-133.2851;
461083.121;536335.304;536337.382;604.6704;413.1250;413.0476;
257942.233;370410.958;370418.088;-316.2777;-255.8969;-255.9147;
475964.544;538327.416;538330.296;-209.0164;539.8388;539.8525;
454430.328;521777.347;521782.854;-655.8830;-144.8085;-144.7296;
311031.840;234958.143;234960.945;-117.6420;54.0201;54.0389;
460424.869;498680.898;498692.615;-62.4773;-649.7792;-649.6047;
505238.718;534625.028;534629.540;-1137.1532;-185.9802;-185.3641;
555270.094;525807.733;525808.274;460.7447;-314.6281;-314.8188;
489353.798;529717.580;529720.796;-274.5044;7.2900;7.2742;
120911.945;470033.652;470020.837;-138.4102;-161.9304;-161.9321;
542512.274;467065.106;467062.401;103.6801;5.1622;5.0513;
478997.337;528586.310;528589.463;-354.8836;214.6819;214.6099;
514634.985;557365.354;557359.894;-316.4139;-154.3656;-154.3327;
340091.898;752793.216;752795.619;100.3255;195.5939;195.6177;
552255.002;541984.947;541976.503;83.8062;1.5832;1.4880;
252629.686;514377.314;514379.697;-152.7434;-42.1956;-42.1925;
445348.487;534261.196;534268.831;-985.7659;91.3522;91.2574;
483653.640;552282.225;552282.883;392.3986;29.2630;29.2477;
460473.130;528914.700;528917.790;-590.2575;-68.9665;-68.9845;
453623.976;527949.550;527953.217;603.4893;-317.6757;-317.5993;
205460.581;569231.960;569228.216;-372.8859;61.1751;61.1498;
921938.603;487719.320;487692.745;-169.4371;-44.2311;-44.2576;
532824.640;545180.597;545174.422;485.2115;-153.6814;-153.9307;
505920.371;546253.954;546250.087;-282.1464;-90.6118;-90.5343;
457296.935;534811.053;534814.194;-364.0737;375.4447;375.4212;
468586.442;516101.885;516106.097;713.1817;709.4719;709.4702;
485275.544;526943.234;526947.493;319.0072;791.2339;791.2344;
421941.064;583768.725;583753.458;-228.5037;357.4687;357.4112;
188315.379;116231.960;116218.297;-294.5502;-102.7031;-102.7072;
410913.008;507083.075;507087.732;56.7169;-235.9313;-236.0326;
883971.265;516612.335;516598.622;-152.3110;18.6583;18.6604;
468020.031;453745.333;453748.849;-349.1054;184.7634;184.7093;
457290.646;510211.906;510216.097;-334.0256;347.4705;347.4792;
500041.530;548093.532;548092.625;-190.3339;562.2080;562.1153;
512427.827;564027.707;564031.526;-870.4684;153.5736;153.4819;
483154.608;537925.283;537932.873;-1157.5786;52.8979;52.9983;
487451.727;524788.179;524792.675;716.9428;237.7747;237.8917;
453686.641;518618.656;518621.037;901.6714;-288.1345;-288.1849;
429684.247;512300.948;512307.140;-105.0677;-77.6587;-77.7420;
471908.977;522886.090;522890.617;186.6475;6.5309;6.7015;
502186.715;539707.774;539711.397;342.2081;-116.5974;-116.7722;
447061.277;514142.052;514143.455;-457.5286;29.3912;29.3366;
