# This file was created for the Modelling and Simulation course, RUG (September-November 2019).
#
# Project: Simulate colliding galaxies, using Barnes-Hut algorithm.
#
# Students:
#     Stefan Evanghelides (s2895323)
#     Hidde Folkertsma (s2759799)
#
#     X         Y         Z         DX        DY        DZ
471443.634;541424.492;540354.569;336.6224;136.1472;131.0266;
466446.366;542059.271;541236.656;-534.2244;-189.9897;-165.8527;
809616.142;608590.406;608107.807;-44.0430;-156.1420;-156.7945;
466423.684;530788.443;529847.090;777.7146;381.1347;351.5664;
478714.018;515888.486;515255.555;786.8444;-464.1694;-468.8616;
430511.753;925689.166;921983.727;-144.2762;285.7018;282.4479;
289749.683;542654.154;541782.637;116.9775;268.3345;272.0032;
601173.872;897891.760;904504.229;1.3180;84.7172;95.0960;
331259.924;580905.257;578037.710;-278.9650;-129.2381;-126.9174;
576598.983;587836.310;591013.906;295.1390;211.7401;222.8832;
482827.445;513673.167;513144.358;841.6276;-579.5060;-569.2965;
469952.966;528694.401;527639.517;-543.6376;238.6843;238.8013;
377357.382;543619.909;538701.997;84.6201;-285.8044;-289.4223;
480340.732;515260.392;514698.530;118.7139;-216.1367;-201.0384;
550362.721;530276.209;531292.822;-282.2447;-163.7226;-161.5574;
599820.370;643251.057;648402.688;73.6332;137.3206;119.2226;
491787.526;577077.066;574972.434;116.0155;-268.7907;-256.5099;
500117.355;522300.833;521644.936;-77.9189;-375.4777;-399.9345;
171106.438;630358.773;629141.401;-310.7258;-39.0406;-42.5398;
386639.701;560794.073;557773.393;102.0477;51.7540;48.0572;
459278.571;501490.671;500722.259;-381.4679;-144.3859;-143.8482;
440474.854;590948.893;591307.087;203.4174;283.3154;295.3917;
481016.585;526979.139;526134.182;-12.4338;-20.4019;-23.2388;
484306.188;535024.668;534413.461;-292.7808;7.7081;24.5430;
473514.719;526961.820;526287.225;-699.0909;676.3339;666.4765;
463093.817;514097.515;513464.493;714.7341;-401.8849;-394.0844;
454739.895;529156.260;527815.766;462.2412;-488.7833;-485.6221;
891710.080;137727.012;137710.555;-22.9773;9.5845;9.5367;
540275.156;569263.123;570506.083;353.6527;337.4468;355.8124;
480494.117;524321.067;523278.134;600.7216;-52.8070;-51.0581;
440140.434;532662.737;531960.658;435.6550;331.9557;357.0958;
612860.540;510125.731;511560.508;588.0512;-116.5318;-106.0025;
475330.038;515117.247;514721.763;-359.5307;-14.0220;-3.9390;
581260.749;579429.226;579252.043;-513.9385;-179.9296;-165.4919;
456807.730;525570.342;524563.705;659.8007;205.9528;229.6332;
462584.269;514287.842;514144.387;-671.3999;-286.5724;-279.6460;
462459.800;522044.642;521006.768;-705.4694;200.0476;194.3324;
474463.243;528860.496;528070.281;-111.0079;-490.7481;-469.2041;
521636.982;389882.702;384983.512;-184.2875;-35.8508;-39.5460;
522072.636;546442.328;546675.273;-2.6333;774.0400;759.3883;
475520.901;512990.429;511485.643;-393.4181;-298.8842;-260.5380;
497277.656;513672.928;512567.265;149.8582;825.5083;737.1038;
452855.919;499294.517;500008.864;-516.7034;206.7441;206.2196;
448764.096;552237.534;552272.149;-408.2111;104.3061;95.7969;
141178.996;590399.381;592588.048;-426.6912;41.5045;41.3547;
527011.558;536957.022;537398.214;-244.3313;141.4354;134.1954;
466774.720;490908.161;490350.788;340.7572;-380.1006;-386.9474;
466059.609;566287.592;566525.523;-142.7527;-438.3807;-439.3499;
503033.914;538621.017;538596.488;468.2824;-288.0488;-275.7956;
521699.122;533554.788;533426.718;11.8965;595.8047;598.4675;
397477.290;513787.499;511203.629;-280.5829;352.9859;338.7890;
573480.219;459767.693;462436.547;273.0940;-529.8722;-532.7103;
486317.523;557987.276;557544.931;-353.5035;-111.1350;-97.0663;
494957.845;519116.426;519060.733;1032.3206;-458.5709;-441.3610;
487753.775;519642.656;519172.152;-173.2563;921.8366;901.7937;
378247.752;518449.931;511338.903;-372.1626;143.9259;129.6172;
564083.567;544236.574;545368.718;18.3619;375.9480;389.8510;
705615.743;642940.585;642172.540;-253.3415;-62.8102;-63.1056;
464225.909;529972.293;529578.379;-343.3890;627.3820;627.7855;
103328.671;646334.981;645934.138;103.5542;66.6006;66.4675;
515303.654;541175.464;540024.651;878.6383;-490.8423;-506.9271;
498325.041;516371.491;516001.368;100.9747;12.9912;-5.3844;
501601.215;524478.658;524281.124;813.9723;-147.6511;-141.5542;
480674.523;532439.621;531674.979;-80.9490;535.3205;515.3722;
473521.905;526430.552;525518.134;96.1884;1039.5077;1042.7424;
498694.148;531238.023;530814.737;535.2019;-122.9246;-116.5143;
448424.533;528944.834;527253.260;33.0289;356.3541;382.0527;
429190.935;312221.954;310176.285;2.9534;88.0266;97.7979;
532710.318;533533.103;533067.661;122.0744;-76.2501;-63.5258;
757366.512;471196.625;470568.553;-133.6713;24.3872;22.6917;
496891.461;555657.777;556387.473;1290.3508;50.0410;82.3686;
543230.414;498804.168;497760.738;-37.3971;77.6413;79.0128;
528998.746;541205.344;540858.036;-565.1500;118.2551;126.1168;
488635.850;557475.150;555906.457;60.1081;-426.4965;-438.9760;
447445.155;588155.162;587893.496;-159.1608;174.7210;161.6616;
466765.633;524335.383;523717.332;313.9960;587.1810;570.9491;
480431.800;529263.215;528639.215;42.9769;-263.3680;-249.2057;
441861.345;507759.876;506818.170;65.4608;-800.0314;-831.4205;
346137.766;610924.607;610667.116;215.7848;-143.5982;-143.9975;
480595.185;509754.675;508984.590;218.8930;-244.9220;-261.0159;
479836.021;503263.213;502539.378;143.4484;-268.2596;-242.9206;
470069.796;555289.680;555166.609;-678.0095;-333.8061;-458.2332;
467767.408;534779.657;533904.523;-743.5919;8.2487;10.4524;
500704.493;525858.448;525654.162;255.4288;46.7057;73.8537;
497897.378;528424.119;527995.883;705.2049;-283.5076;-262.3067;
486563.965;525903.447;525269.459;-871.7231;-865.1179;-942.8064;
432669.400;535238.787;533928.605;-131.5583;232.3535;202.3485;
356345.279;334810.176;325980.633;50.0937;-251.2358;-264.9375;
474296.834;517287.934;516718.537;217.1158;-262.5979;-252.5727;
753015.839;637825.206;636869.164;65.1281;-40.3050;-41.0571;
943097.391;646648.599;645654.919;21.8768;-40.2322;-41.0103;
504793.843;456845.472;458957.184;345.0794;-340.7397;-325.3658;
539876.454;551741.651;552539.788;-555.0697;118.8280;135.2586;
502705.493;509487.465;508713.881;-574.2393;-397.0657;-406.1289;
75345.255;396907.418;393981.294;-236.8069;-85.6823;-89.1062;
451547.628;511294.697;510289.423;-809.4895;389.4835;395.2550;
563261.210;620283.728;620918.321;477.5781;117.8087;126.6600;
491426.766;528799.228;528202.917;-588.8710;-231.8658;-254.3715;
709488.283;497581.099;493697.509;-190.1679;43.2547;38.0590;
449638.417;513124.016;512284.107;193.3822;-37.8893;-17.0975;
571976.652;519007.385;519049.197;187.8969;-102.2504;-86.9216;
462309.558;568069.533;568290.349;674.1841;11.9784;-33.1552;
911609.319;734769.830;732336.939;11.1898;-13.1873;-13.8712;
516811.639;535829.710;535699.262;275.6609;296.1372;303.2722;
488846.160;535320.505;534777.563;-92.6718;203.3087;214.6663;
474262.562;542317.369;541923.316;-160.6840;-333.2093;-310.2457;
459696.606;522748.432;522099.767;-599.0939;-344.3553;-335.6241;
503552.016;512638.146;512682.840;-10.6284;221.4284;226.1989;
466594.381;529216.231;527894.633;-60.3734;185.6519;179.0533;
431814.206;234396.188;232939.397;21.9014;28.3120;27.6581;
465451.526;555298.438;554878.275;-519.4484;-28.9701;-12.3931;
479003.796;570703.854;570821.678;265.9146;368.0245;347.0607;
835458.640;458566.127;447632.265;236.1219;-177.0312;-195.9783;
459442.245;440908.643;440665.881;-386.0548;-117.3007;-125.2810;
464862.107;531422.664;530553.790;-525.9600;-17.7981;-10.1511;
529947.520;533210.880;533798.738;284.6162;-105.4958;-99.9258;
467275.026;507601.951;507602.997;-222.1168;184.8702;171.3813;
792414.660;892728.721;889885.365;268.7705;101.4518;94.8483;
335769.992;459898.997;459947.589;120.5678;-67.9928;-64.2753;
509379.634;604580.951;602789.842;307.5180;162.2164;139.9954;
407380.089;537753.820;535210.421;-31.0668;208.2790;200.0573;
484863.754;519497.462;518510.540;-568.1003;89.9750;81.7499;
399759.636;325171.529;320354.196;-85.6693;147.4909;138.8768;
490740.327;508711.862;507728.106;70.6465;-62.2846;-58.1068;
471696.824;529818.822;529391.270;-223.5278;824.8765;835.0207;
389941.147;585200.945;579315.093;-206.9871;252.6472;247.6045;
476221.668;533189.847;532404.856;75.4342;247.6769;242.2342;
520155.230;535999.392;535509.639;-567.8741;208.5807;209.1392;
461883.162;524791.664;524085.248;336.7117;197.9118;187.8069;
779069.238;492012.698;487289.981;151.9948;-72.6872;-79.2603;
599295.162;573494.228;575435.187;216.1546;-441.1702;-387.6135;
470890.750;533924.193;533047.914;-172.7340;139.1018;139.8951;
431361.299;558572.396;557221.256;-22.0420;190.7128;209.6117;
505805.194;515436.557;515685.160;-531.0376;568.0565;520.8358;
489615.644;506158.764;505291.615;-302.1094;97.8578;105.6681;
495686.649;504429.321;503752.660;754.9550;-611.7124;-633.5088;
477733.633;532097.114;532069.222;-206.1081;-1140.6362;-1140.3822;
406820.298;593160.108;591354.928;-330.2957;284.6704;271.3626;
506982.056;543738.488;543517.331;225.5105;386.9965;390.0189;
467016.676;525133.973;524319.191;204.0131;-9.2951;-4.5957;
459690.638;525938.935;525072.506;-506.6854;-392.3823;-423.2716;
503532.905;522427.290;522190.597;636.7768;-553.7838;-529.3332;
511957.438;539935.795;539792.313;-370.2370;-352.3420;-338.3858;
502024.183;517390.717;517541.855;846.1514;444.4931;459.4815;
447474.741;508518.147;507089.411;529.6287;-201.9852;-199.6221;
957012.174;632177.009;630818.220;145.9551;-40.6504;-41.7818;
500338.696;522512.433;522597.105;-426.3264;575.8635;556.7916;
498314.199;529481.908;529529.642;859.1798;-483.7189;-475.4677;
644080.145;479274.960;479101.397;252.2234;148.5447;154.1614;
453781.756;514362.388;512713.623;666.2528;-370.1387;-366.9077;
555124.230;612150.249;613398.085;-345.9253;37.5130;20.9863;
469943.645;517552.354;516729.655;245.3678;478.0281;457.2546;
485355.148;538663.032;537998.954;-367.9178;-302.9618;-288.5131;
459463.885;524801.513;524159.412;544.2819;-7.7950;27.7487;
480012.842;514064.044;513502.523;-227.1545;-194.1966;-190.6182;
