# This file was created for the Modelling and Simulation course, RUG (September-November 2019).
#
# Project: Simulate colliding galaxies, using Barnes-Hut algorithm.
#
# Students:
#     Stefan Evanghelides (s2895323)
#     Hidde Folkertsma (s2759799)
#
#     X         Y         Z         DX        DY        DZ
533357.453;521412.629;521414.000;-100.6768;-147.4083;-147.3729;
583209.881;533371.922;533364.230;-149.7044;29.8313;29.6284;
375066.435;830553.820;830547.926;106.2562;85.2319;85.2295;
205668.408;306194.819;306199.539;20.3533;-18.2173;-18.2157;
517704.223;494026.403;494024.126;1422.7598;18.1868;18.2605;
538851.720;523917.079;523915.250;676.1284;-309.0465;-309.0542;
511609.220;528121.059;528119.376;-275.0285;-572.2521;-572.2026;
729322.496;491748.053;491746.654;285.5792;231.2174;231.1834;
492983.559;548483.481;548485.706;646.3233;19.6678;19.6570;
514606.855;511179.524;511180.956;1472.6977;-294.7537;-294.7952;
627053.215;497544.480;497546.167;-25.0117;466.2642;466.2758;
388893.455;624003.900;624033.441;45.3487;259.9733;259.9461;
529561.140;521603.040;521601.813;893.8836;-673.4919;-673.4896;
520931.456;548674.168;548673.779;-236.1590;671.8383;671.7561;
481480.435;520372.375;520373.029;1514.2327;154.6215;154.6479;
550921.610;522783.799;522781.528;1394.2334;-255.6095;-255.7721;
492065.553;520988.168;520989.407;795.6861;-378.3429;-378.3232;
513065.679;520455.755;520453.835;-871.2975;-324.6145;-324.5743;
546520.689;667604.131;667548.647;427.4720;92.3727;92.3273;
521872.045;508596.461;508595.645;364.4203;74.1919;74.2648;
243221.945;145535.214;145529.504;85.9378;-20.1399;-20.1400;
516250.085;531931.937;531930.534;69.3412;614.6676;614.5793;
526314.937;517352.127;517352.227;533.4227;422.2412;422.2236;
519402.847;517985.605;517984.313;-593.6356;-191.9664;-192.0051;
518612.348;505872.555;505872.522;-641.8427;-235.0187;-234.9689;
510578.447;531841.767;531842.475;-150.9409;708.8303;708.7925;
522309.032;516306.870;516306.541;-99.2354;-106.0338;-105.9080;
532263.116;522588.249;522589.176;760.2804;592.2319;592.1255;
525955.559;519534.309;519532.979;410.5955;-112.1856;-112.2474;
521264.239;505165.062;505162.516;-69.3165;-342.7079;-342.7315;
521370.198;518216.689;518216.522;762.5157;-23.8474;-23.8605;
511511.832;517105.767;517104.919;-456.1493;141.2926;141.3173;
537769.179;526761.085;526761.877;919.0389;496.8848;496.7345;
531089.000;518217.496;518216.476;318.7970;404.5891;404.6027;
538035.466;500042.758;500040.472;244.7582;-44.4291;-44.4548;
522446.634;518638.122;518636.397;-78.2025;-228.7510;-228.7077;
530458.238;522641.815;522640.228;-329.5494;257.7433;257.6960;
526128.664;506709.437;506708.858;413.5950;-631.6419;-631.6283;
515442.474;547521.913;547518.947;182.9902;713.9923;713.9114;
530728.484;507783.966;507781.869;-518.0624;126.2181;126.2201;
530609.554;511491.168;511490.277;606.8748;3.9855;3.9603;
536105.428;516180.397;516180.027;1726.3153;-371.6099;-371.7480;
550107.387;518396.660;518394.273;940.0554;-227.9746;-228.1098;
505987.497;523806.968;523806.517;1051.9570;16.8384;16.8351;
331119.308;501540.593;501550.585;442.5471;24.4909;24.5275;
403590.780;551546.635;551546.635;374.6464;126.9744;126.9603;
542019.514;529632.843;529631.617;206.4217;671.1976;671.0734;
307296.971;541211.157;541211.678;61.0854;116.3386;116.3424;
740508.605;639512.400;639494.344;82.3162;320.4312;320.4063;
523267.391;492370.355;492369.119;709.3890;208.5971;208.5097;
629832.062;559696.898;559696.834;485.5631;318.8589;318.8489;
540743.897;521564.134;521563.806;277.8777;-242.2117;-242.2285;
559975.825;468162.077;468163.135;-329.1348;-168.9530;-168.9006;
604431.847;537015.788;537007.925;407.6401;124.0163;123.9777;
532770.372;530055.786;530054.725;1169.0704;194.0190;193.9377;
521417.715;517403.485;517401.632;540.7707;-144.0955;-144.1629;
280171.271;486888.894;486895.126;292.2528;-34.9050;-34.8993;
410058.798;556942.691;556941.538;795.4873;-110.5190;-110.5079;
523287.690;526456.050;526455.853;1455.3205;180.7159;180.5396;
491090.490;502016.934;502015.050;904.4785;27.5434;27.5950;
520703.979;513216.524;513216.304;1073.0844;20.2929;20.2483;
456017.874;522275.163;522274.574;651.8337;68.9677;68.9445;
449727.312;529963.951;529964.298;535.9825;9.5872;9.5665;
531715.216;511267.475;511265.455;-243.6467;177.7141;177.7304;
530817.304;524265.140;524263.351;56.1581;882.3176;882.2825;
519793.268;531100.410;531101.101;1592.3068;468.1611;468.2053;
534053.858;522985.801;522983.348;-273.1586;267.5044;267.4870;
537492.578;513269.266;513267.942;216.2367;-142.6297;-142.6233;
519708.145;505750.803;505749.052;259.1751;-690.0322;-690.0977;
511035.296;519937.287;519937.938;-186.5908;-64.1175;-64.0504;
537190.076;546801.805;546804.037;617.7590;-522.0028;-522.0858;
409011.560;532646.883;532650.794;90.5254;55.8134;55.8237;
295466.938;569647.754;569643.588;257.4726;-25.2936;-25.3057;
494710.474;507450.015;507450.180;820.0649;99.1715;99.1727;
561784.490;541331.612;541327.882;-448.9089;-107.3324;-107.3312;
410453.114;606730.041;606724.919;238.7906;-58.5849;-58.4987;
522298.967;526623.872;526623.569;1105.5162;559.8927;559.8643;
472706.573;496705.601;496704.966;661.1280;-75.0013;-75.0326;
511327.147;522761.943;522762.398;1263.2299;759.3563;759.5189;
518253.756;521262.193;521263.073;1385.6453;596.3769;596.2915;
516281.032;518528.650;518528.657;898.8246;-130.2189;-130.2393;
489109.284;485913.286;485912.778;1222.2858;341.4846;341.4749;
527909.058;527933.454;527930.360;428.5340;-447.3224;-447.2844;
503450.034;521709.830;521710.321;-427.6549;-631.9151;-631.8211;
544319.551;531245.601;531245.302;1188.8483;543.2323;543.1124;
596304.254;532120.265;532111.072;-296.2830;209.5678;209.5985;
491168.316;510581.447;510579.505;1325.6881;585.2834;585.3529;
479900.370;506107.542;506107.504;1204.3970;99.0192;99.0497;
518666.837;511379.507;511378.396;-382.0565;-106.1675;-106.1344;
529941.654;538020.246;538019.932;489.1890;-13.3422;-13.3215;
508387.466;522661.351;522661.647;691.8204;-272.6010;-272.6515;
531362.177;523350.821;523349.677;476.6135;-246.8502;-246.8592;
521936.825;530198.186;530198.335;1129.2388;493.9051;493.8229;
525580.176;523515.717;523515.673;245.7317;-5.3398;-5.4175;
595942.104;496130.763;496135.627;249.7082;-464.1659;-463.9818;
522516.757;517812.709;517811.187;-113.6954;-480.1127;-480.0470;
533002.338;506091.642;506090.471;984.4934;-513.2451;-513.3495;
314378.263;615550.556;615564.016;124.3406;-77.4716;-77.4998;
241943.113;322725.089;322733.970;156.1618;-74.0408;-74.0389;
523540.303;539534.722;539529.565;-596.6487;-475.2847;-475.1791;
474265.724;519796.456;519797.614;-363.0511;-240.6219;-240.5501;
485438.475;521996.611;521996.468;227.1874;-113.7183;-113.7467;
472428.822;527590.848;527592.345;-618.7808;-409.0424;-409.0101;
498158.050;521637.685;521637.316;-1718.1332;-705.4597;-705.1882;
470674.440;513809.008;513811.439;-221.3234;-194.9968;-194.9626;
482574.051;525874.803;525874.367;-857.8942;290.6248;290.5718;
464156.696;514052.254;514053.012;94.6253;130.7869;130.8112;
486058.326;524878.248;524878.655;-1621.3956;-439.7233;-439.6666;
523022.627;500581.415;500580.974;-1098.3707;256.7591;256.8094;
682069.195;586542.857;586539.354;-231.6463;-88.4716;-88.4981;
576508.927;584497.183;584480.722;-378.9265;75.2984;75.2207;
481622.860;522323.854;522324.641;-18.3355;473.0404;472.9452;
473458.287;505450.172;505453.112;-1027.0580;-115.0175;-115.0142;
464851.442;523257.441;523259.961;-697.7655;-740.6105;-740.4667;
516122.880;516364.873;516363.327;1152.3159;-201.8940;-201.9750;
453360.227;490112.558;490112.817;-398.8052;647.6118;647.5713;
482998.192;534166.608;534167.158;-259.7001;-104.9307;-104.8531;
477007.783;466934.314;466932.744;-505.8635;457.6889;457.7394;
486841.691;401938.971;401946.239;-228.6004;248.2747;248.2537;
473567.046;565420.571;565415.247;-599.9487;-359.9287;-359.8707;
469549.159;533857.627;533856.067;-790.5774;324.0231;324.0220;
556743.335;386678.416;386683.238;-162.9470;37.6333;37.6353;
347200.118;349800.265;349781.671;-146.2051;125.5460;125.5556;
468246.107;517386.653;517388.491;259.3391;-231.5327;-231.5305;
290997.298;620031.249;620021.617;-272.9523;-233.8390;-233.7786;
442097.177;484057.843;484057.699;-81.4355;355.8690;355.8640;
816222.622;598346.609;598344.015;-45.7170;37.4207;37.4295;
469533.967;493639.856;493641.916;-608.8675;-291.7479;-291.7338;
422632.904;530538.010;530536.686;-464.9762;266.1550;266.0762;
445117.149;521475.216;521478.874;-897.1625;-218.0838;-218.0428;
569764.801;543701.234;543694.182;-516.8924;-70.6629;-70.6211;
476009.307;526324.459;526324.767;-1090.7149;-55.4709;-55.4677;
446097.599;482437.507;482445.188;-938.0257;73.8124;73.7881;
503272.641;509755.185;509757.033;-663.0404;-81.6553;-81.5660;
509190.062;533485.957;533484.271;-951.1101;-503.9129;-503.8123;
550531.332;553861.005;553854.354;-730.4426;-94.8429;-94.8137;
320703.850;466018.645;466031.649;-109.2730;-168.7254;-168.7021;
473598.741;508883.605;508887.928;-398.6697;-841.3654;-841.2201;
507343.454;516977.057;516976.694;379.7164;-3.3334;-3.4049;
581534.486;580049.065;580037.349;-520.6215;-274.5016;-274.5068;
532156.734;515658.352;515657.211;-1157.0737;47.2081;47.2426;
531575.422;497250.010;497251.030;-452.9632;100.4214;100.4195;
731853.820;640759.783;640746.033;-71.0627;36.8841;36.8920;
469467.703;524077.818;524078.361;424.9454;-429.5281;-429.4604;
469768.237;521905.432;521906.183;-1157.3627;-58.6602;-58.6268;
459359.231;521067.252;521070.026;-260.2228;197.1839;197.1753;
315594.527;433078.761;433087.417;-249.0519;136.4919;136.4715;
484442.470;486186.522;486185.950;-498.5703;284.8475;284.8366;
469148.231;508363.848;508366.115;-1289.7146;-166.3144;-166.2831;
660848.019;503231.359;503228.910;-507.0095;131.8269;131.8171;
498185.429;502571.447;502572.485;-1221.0472;841.1770;841.0880;
495327.312;496543.184;496545.215;-23.1218;-55.1440;-55.1829;
484746.171;521097.142;521097.878;-214.0686;424.2962;424.2778;
410701.932;460451.254;460449.220;-259.8346;332.6785;332.6804;
516816.027;563985.714;563979.835;-433.8485;278.8633;278.8279;
490209.566;514570.497;514571.267;138.8778;-60.0521;-60.0771;
507420.317;541755.194;541752.565;-803.9208;-16.1224;-16.0841;
468253.966;527670.385;527669.948;-448.4300;636.1600;636.0557;
499416.091;533260.645;533258.957;-239.9731;-189.5003;-189.4976;
383381.479;219745.326;219737.503;-136.0077;1.1749;1.1932;
476882.657;524996.170;524997.083;-1274.9179;17.6720;17.6977;
486572.822;506894.962;506895.991;631.8448;226.1081;226.0322;
517729.109;534036.965;534034.936;-332.9564;-750.9773;-750.9125;
464728.479;529959.229;529959.079;-172.8254;-230.8007;-230.7655;
278857.335;560926.978;560920.763;-480.9278;-151.6967;-151.7200;
436746.381;527451.529;527452.260;-703.8632;555.2305;555.2407;
479592.364;523353.511;523355.476;-229.0028;-407.3930;-407.4109;
471626.472;521609.681;521611.861;-1085.0529;108.3757;108.4186;
337860.448;577891.235;577884.884;-181.0587;467.4027;467.3803;
461226.548;509735.841;509738.897;30.6089;-222.5030;-222.4940;
630928.413;464027.906;464028.539;-745.7709;199.4669;199.4567;
494422.173;519811.157;519811.060;394.2763;-217.5146;-217.5592;
476469.821;530515.054;530515.932;-395.6924;500.4037;500.3990;
488320.813;506260.644;506262.651;-533.4067;-353.5022;-353.4523;
468494.334;527986.842;527987.149;52.9081;187.1596;187.0865;
520779.427;507184.392;507183.352;-1026.3044;94.8522;94.8805;
955620.390;524188.216;524175.080;60.0281;-52.0884;-52.1127;
500356.340;520793.913;520792.851;554.2074;-66.4150;-66.5348;
508542.503;507723.743;507722.954;-697.0482;75.6045;75.6599;
467287.218;530998.156;530998.724;-1271.5478;-23.3695;-23.3376;
477849.061;512441.583;512442.892;-817.1290;272.4817;272.5087;
467857.135;522016.301;522016.749;-1137.4519;306.6004;306.5508;
482961.878;534328.699;534326.092;756.3223;362.4119;362.5178;
367212.768;184734.701;184730.606;-326.7159;-142.9965;-143.0250;
470591.627;512732.451;512733.358;-158.1181;499.6999;499.6792;
949129.018;505909.424;505891.164;-103.2198;-1.9187;-1.9132;
624450.961;424507.050;424507.071;-208.2635;-69.0886;-69.0948;
472737.073;523244.775;523244.659;-1098.9091;-256.6466;-256.6231;
463740.842;490441.763;490440.118;474.6879;-411.3862;-411.4515;
559478.530;596293.969;596279.414;-662.5651;87.7768;87.8424;
480820.675;506765.366;506767.262;423.4421;-238.3356;-238.3828;
475981.267;527806.761;527806.970;10.8030;75.1036;75.1275;
461754.221;500905.520;500909.615;-833.0581;-291.9124;-291.8864;
994412.998;832953.190;832940.894;82.6780;142.0219;142.0142;
487238.083;514180.875;514182.004;-619.2346;-152.4938;-152.4259;
467505.395;523074.947;523076.882;-360.8672;430.8386;430.8395;
476478.632;522614.489;522616.277;-430.3265;-698.8108;-698.7227;
434185.443;510889.891;510885.137;-43.8598;-242.9934;-243.0667;
