# This file was created for the Modelling and Simulation course, RUG (September-November 2019).
#
# Project: Simulate colliding galaxies, using Barnes-Hut algorithm.
#
# Students:
#     Stefan Evanghelides (s2895323)
#     Hidde Folkertsma (s2759799)
#
#     X         Y         Z         DX        DY        DZ
485080.926;535050.103;534863.965;36.2790;50.5546;48.8551;
478671.745;553440.376;553172.899;-26.7311;-347.2979;-348.0186;
785548.061;794998.522;794970.390;55.6746;-89.0337;-89.0644;
321636.784;930764.509;931614.140;-101.5802;244.7330;245.1951;
468382.228;546625.193;546373.718;-4.0617;-543.1934;-541.9126;
481081.005;540859.754;540600.001;889.2585;-667.9922;-672.6286;
328454.862;568306.571;567854.170;-29.5796;-264.6901;-263.8323;
620715.434;519823.212;519873.141;-53.6412;-352.1150;-355.8915;
450463.086;514822.245;515248.651;693.8176;361.4280;356.7895;
587748.121;616985.749;616715.501;-130.9275;202.9918;202.5184;
303865.765;554820.642;555158.533;-496.9276;-42.3835;-46.9325;
585182.516;567141.450;567680.456;879.7567;102.2874;97.3289;
489792.405;512879.704;512636.274;-132.0410;418.5847;419.9241;
501375.881;537058.532;536738.288;-215.4331;-425.9058;-437.4284;
134653.690;531573.864;531153.528;152.1966;-148.6360;-149.0782;
320362.856;514954.150;515351.428;-466.2668;-40.8768;-40.9438;
486970.326;529178.641;529076.195;-122.2814;64.4782;58.3489;
482243.356;550152.219;550080.491;-626.4676;735.5697;735.9850;
291949.797;476257.605;476015.763;-363.8120;-70.4560;-76.5878;
465496.773;549629.503;550382.444;1376.0501;-84.9041;-119.4858;
463041.228;549949.550;549872.452;412.4242;-645.9997;-641.7364;
378447.963;439986.858;439021.239;282.8572;-11.2661;-10.7312;
549543.264;521879.157;521510.022;338.0351;5.9194;4.3089;
449037.992;554677.820;554663.144;-167.1625;173.0119;177.9852;
451983.478;487347.361;487231.892;-256.3216;-137.4350;-140.5715;
469065.074;558894.430;558700.856;477.0846;492.6341;495.4052;
483336.057;533977.715;533793.466;538.1525;-106.9117;-109.1100;
487756.769;541963.195;541862.826;348.8057;190.8859;189.0243;
457684.221;558408.117;558269.837;207.6992;23.2458;20.3276;
474291.618;540267.711;540199.646;-58.3189;409.1198;408.3114;
902645.556;145731.427;145753.749;8.7427;-20.1585;-20.1685;
485045.038;425238.977;423037.052;236.9878;-210.3267;-215.7950;
468374.083;528953.849;528971.228;-1030.2159;-107.3489;-103.7206;
472341.087;545732.699;545613.777;-494.9332;-46.0327;-48.4850;
527664.109;547788.174;547716.868;-832.0595;18.7384;17.7322;
487722.797;554993.436;554814.764;-684.1156;-649.2007;-650.2462;
234579.255;456991.453;455824.905;106.5375;-70.5883;-68.3291;
485305.249;527696.741;527506.027;109.3558;253.4879;252.3159;
422367.862;536645.491;536716.673;126.0292;582.3906;590.7530;
469363.633;540671.997;540567.292;815.7379;-155.8773;-159.4557;
485235.704;558370.190;558178.112;-208.7839;-206.1263;-209.2252;
192505.881;432321.762;431449.450;82.0889;92.7544;90.8418;
470880.799;552282.984;552173.360;381.2739;181.9336;181.3174;
475149.372;496041.538;495523.833;-589.5862;297.9936;297.3965;
489056.197;501375.814;501317.401;129.8127;-463.0611;-464.9819;
429453.834;544553.673;544597.570;324.6463;-135.6751;-136.1417;
499237.771;556678.724;556446.697;-104.9112;-65.2273;-63.8376;
723557.721;262075.555;262072.582;-113.5740;141.0178;140.9525;
490180.962;543961.594;543741.124;431.6418;531.8825;543.9087;
745992.038;715048.257;713380.897;-139.7686;-7.3459;-7.7249;
378932.189;533230.621;532821.722;246.2761;-86.6572;-87.2562;
489779.021;561382.810;561124.083;443.2264;-313.6780;-319.7395;
488971.027;533096.427;532911.097;469.9377;-280.0760;-283.4677;
475932.184;537438.323;537265.023;-1522.3851;174.8599;173.7232;
262710.824;387064.930;386844.489;-204.2152;37.6966;37.4771;
462570.123;546673.445;546785.779;-8.8338;-903.1743;-876.3382;
471542.023;556739.008;556561.146;-937.0750;-701.8271;-687.3594;
486164.207;546739.522;546573.954;47.8946;306.9483;314.9604;
453724.151;561563.564;561662.138;-61.1901;771.7556;793.9839;
483794.699;531464.567;531376.590;794.3726;263.6246;256.4581;
944480.939;658192.057;657837.343;-79.8374;15.3217;15.1323;
479965.825;553890.952;553677.783;791.1042;163.8765;161.4359;
29004.333;528625.336;528408.616;-7.7440;86.0883;86.0162;
557080.676;543770.213;543164.336;249.4109;152.1501;151.6611;
456874.954;593855.493;593456.344;-725.4602;9.0963;7.6086;
503817.494;551168.338;550896.133;280.6840;-416.7180;-415.1589;
71191.650;73708.966;72792.396;-34.6009;-99.1649;-99.3384;
507400.559;532766.167;532757.276;-219.7924;-364.4093;-369.1378;
471074.514;550677.902;550523.556;-513.0364;1086.4302;1051.3702;
479853.000;532882.687;532872.893;-922.4660;434.9347;430.2484;
500949.225;519805.993;519838.360;-246.6256;-507.9307;-512.0016;
456498.646;373679.901;371117.916;-55.4088;-202.4982;-207.6043;
463117.469;540879.319;540799.552;-538.8395;-202.4425;-191.6692;
822108.547;496064.426;494359.829;34.0433;-33.7427;-35.3745;
577673.589;557977.940;557708.194;29.9542;-517.0411;-516.8293;
463807.727;547278.895;547039.719;1083.1112;328.6368;330.1642;
583418.938;423175.173;422435.589;145.3187;-20.0822;-20.5456;
505641.775;542565.021;542291.385;235.5989;-414.6579;-412.2398;
462672.836;541093.277;541102.259;1096.8790;94.2048;95.5586;
478241.334;534685.556;534534.545;680.5512;-494.2586;-494.5094;
488148.409;546100.281;545994.347;-227.2109;684.3145;688.9481;
439602.015;560814.490;560776.732;19.7292;-257.2794;-259.5693;
712161.416;508302.289;507629.467;-240.9325;25.3179;26.1945;
427507.229;577727.167;577998.570;-12.2508;111.0901;106.3705;
487555.295;531124.299;530936.596;642.7148;27.7068;25.0682;
468447.449;626000.833;624966.170;-103.9626;-144.3667;-148.1280;
467630.611;556631.673;556408.978;-505.6140;-218.1380;-220.7666;
471795.889;537660.290;537535.195;-976.8179;-649.2845;-639.4322;
485827.579;547354.155;547167.302;-567.4373;-309.9383;-309.4969;
490892.827;542976.790;542709.934;-1361.2919;314.1031;323.7709;
410459.363;547327.539;547819.251;-208.3746;351.6893;347.6034;
642310.590;431199.779;430431.159;199.0692;60.6978;60.9263;
501451.630;551618.755;551389.037;64.5042;-419.0679;-421.7506;
552395.923;656063.623;656337.481;227.1634;58.9110;59.1067;
678574.917;646797.565;646589.186;343.8424;36.6566;35.8077;
473184.689;582197.191;581574.626;516.3524;150.8164;142.4500;
455512.593;673824.167;673727.088;-354.7645;-147.9639;-147.9352;
548954.771;665979.645;665874.329;172.5585;-61.2936;-61.3059;
658122.233;597379.523;596976.688;-230.6618;-49.3141;-49.4204;
552794.527;559290.331;558720.529;-38.3326;-90.6772;-86.8116;
649113.952;535740.690;535881.876;149.4763;-162.1684;-162.3331;
464344.891;547269.569;547169.985;650.9037;17.4776;16.8492;
879119.369;466172.906;466165.544;-43.7578;6.0460;6.0230;
467385.422;551553.247;551347.869;96.1659;603.7630;608.5772;
494456.587;535602.291;535469.443;436.1829;166.7522;167.4339;
496448.853;572340.131;572061.718;424.2050;-43.5953;-45.7002;
774460.196;686428.172;685911.012;201.0297;85.2910;83.3870;
456586.715;576081.086;575976.932;-323.4300;204.3671;198.8467;
189321.327;989926.002;989674.635;-72.7220;49.2523;49.1890;
459412.286;543016.641;542895.958;502.2780;-452.9295;-455.7577;
473395.854;539282.546;539042.743;-70.0789;740.1091;738.3800;
494072.911;534028.049;533814.556;456.0848;418.0121;415.4498;
467376.482;529162.384;529119.444;407.0372;139.9541;136.7287;
455736.601;572495.372;572188.778;-175.0680;8.5071;6.1572;
408164.019;242322.933;241654.009;8.9036;-36.9355;-37.3910;
450141.388;550131.500;550128.709;84.2326;419.3158;418.9429;
491620.573;556374.155;556087.779;51.9329;370.6727;370.9016;
155112.207;398915.716;399004.397;73.3220;-22.7978;-18.8336;
142696.708;452941.013;451928.092;28.1926;178.8428;175.4467;
494711.451;547945.545;547787.579;-386.8010;-306.5140;-302.5117;
416775.605;546388.879;546497.130;-396.8448;-227.2263;-222.7293;
473796.826;520109.088;519876.924;-171.7728;289.6402;285.4927;
359378.998;567891.419;566881.768;-24.0405;558.2861;559.4210;
523056.240;469022.462;468528.332;149.1965;17.2536;14.2454;
300731.461;488335.605;488187.417;-76.1573;73.9923;76.8035;
472861.822;532053.707;531869.240;-32.2389;-459.3975;-459.1519;
471072.120;536966.850;536851.704;545.9033;-18.2558;-14.8627;
546826.067;284832.169;283482.121;-74.0899;-73.4208;-73.9886;
503901.569;536146.537;536066.724;869.7785;-159.3866;-158.6676;
469592.933;524012.030;524216.512;-21.5221;-512.0232;-506.9620;
389575.801;590940.502;589929.538;431.1811;139.8967;134.3762;
475822.067;546134.150;545926.914;-968.5560;352.1705;357.2311;
330997.635;603102.480;602916.262;-695.5854;-80.6293;-82.3757;
486384.643;553478.421;553289.873;1099.3396;252.6104;249.5565;
473690.739;531359.280;531311.046;-1334.1487;306.8202;311.9173;
405298.744;428817.379;427389.499;-43.4133;2.4314;2.1606;
410450.402;673397.029;673021.674;464.5390;15.6528;17.7318;
484448.831;549779.910;549527.380;322.7440;-81.8098;-86.3669;
422626.954;554538.948;554057.836;-513.3912;-35.0225;-49.9135;
480625.588;523340.471;523173.851;210.2303;322.9772;339.7747;
479999.354;524171.042;524097.550;-835.1060;44.6920;47.6653;
553416.945;564236.503;564256.857;-301.9044;-120.6196;-117.1049;
451277.966;562993.110;562800.264;-897.3971;-315.1296;-316.7585;
312961.590;563341.569;562895.198;-144.0564;131.4354;128.5428;
487653.073;527196.882;527036.815;642.1124;748.8765;742.7558;
421396.982;561719.027;561816.834;229.9854;167.1867;164.1138;
488662.096;557183.461;556923.909;113.3690;-628.2772;-629.1172;
449779.807;573481.344;573413.559;-27.0198;135.2387;138.1472;
479338.561;538479.785;538286.278;-778.4499;768.5505;770.6229;
463627.162;554696.185;554535.889;-133.2241;-967.3645;-957.4490;
394666.997;529217.790;529401.676;165.6910;-335.3400;-330.2507;
703391.132;692516.322;692890.977;225.6186;4.4755;4.6598;
463973.015;544524.625;544317.644;453.4284;-822.2122;-819.0394;
491948.724;533295.091;533100.803;288.8642;308.8100;310.1183;
152076.068;569232.142;568854.317;152.6962;-79.5012;-79.8686;
477906.206;541390.745;541273.578;-975.9051;531.9268;537.6000;
561443.312;499759.236;498989.138;257.5308;376.6264;382.2782;
482280.563;556216.331;556111.259;-276.7714;341.7864;350.5072;
204359.847;412753.239;411963.053;-333.8257;-178.1164;-179.0196;
484312.788;545220.048;545007.309;-226.6903;-296.6056;-297.4637;
480128.690;545330.985;545078.367;447.0202;-151.6638;-154.2731;
524204.632;525770.891;525607.910;45.9520;25.2456;20.5019;
