# This file was created for the Modelling and Simulation course, RUG (September-November 2019).
#
# Project: Simulate colliding galaxies, using Barnes-Hut algorithm.
#
# Students:
#     Stefan Evanghelides (s2895323)
#     Hidde Folkertsma (s2759799)
#
#     X         Y         Z         DX        DY        DZ
453873.988;536343.556;536331.165;-47.6217;-60.9818;-60.7699;
441605.503;505332.961;505305.739;304.4625;199.5167;198.3686;
577201.176;900958.422;900949.778;111.9578;-2.6068;-2.6080;
323298.780;353253.341;353249.732;109.3753;91.1284;91.0966;
491776.790;537235.343;537249.360;-114.4113;-581.9731;-581.4561;
504291.507;534285.047;534298.154;203.6298;496.3722;497.7066;
784245.914;883487.810;883363.609;-75.1493;174.1848;174.1195;
108364.631;549702.128;549691.651;-260.3861;14.7484;14.6650;
632613.449;412731.101;412775.121;72.7469;200.7773;200.5685;
450917.072;593290.990;593268.033;539.2619;-64.7285;-64.3201;
294537.115;519380.690;519309.314;-260.8211;49.9696;50.0207;
509829.562;567006.010;567008.652;882.7896;-0.9620;-0.7724;
372010.776;548533.620;548512.048;583.4785;-316.5373;-316.0838;
355149.209;434267.491;434264.523;254.8797;227.2295;227.4206;
442834.872;535261.827;535293.346;884.2380;-106.6570;-108.2938;
487828.904;554444.611;554451.237;750.9192;324.0268;324.2643;
459527.552;308620.364;308588.058;137.5112;249.1645;249.1486;
505584.066;678297.592;678276.337;-51.5027;-114.8735;-114.8563;
467392.737;532131.347;532118.375;539.8169;-343.6583;-342.7734;
490988.993;539371.005;539365.870;-238.9296;375.3631;375.2901;
362294.688;492431.597;492315.842;-127.5087;146.1659;145.9590;
345016.710;515184.758;515114.828;44.5515;4.0535;3.6828;
458890.277;532814.586;532814.698;774.7111;131.0627;131.1585;
454841.979;384937.074;384864.741;223.3569;67.4514;67.3758;
479532.684;534722.539;534718.461;-241.4505;-329.7500;-330.3867;
416951.649;536811.766;536806.577;-170.1064;57.6314;57.1292;
470243.439;554555.952;554563.860;81.1900;-97.8471;-98.3264;
508276.045;554558.473;554585.488;271.3485;158.5913;159.0241;
463876.344;542721.769;542696.392;-813.8279;-496.8211;-496.6899;
465537.846;544452.282;544447.921;200.6359;-20.7941;-21.1697;
464581.812;539952.811;539917.649;-628.6514;-168.3352;-168.9732;
460794.584;540060.351;540040.479;-783.2341;-322.1496;-322.2620;
796763.566;248658.445;248681.762;90.4257;-69.6859;-69.6790;
377305.486;417661.035;417602.786;231.3942;121.2918;121.1684;
491631.397;565982.860;565947.904;-232.8671;-164.7381;-165.1969;
492144.770;515837.803;515790.512;-364.6332;587.6727;588.2330;
340241.095;426163.233;426139.953;275.6101;358.1591;358.2908;
460589.281;543125.990;543123.881;-362.8958;249.5513;249.8316;
941969.389;534066.883;534386.586;-24.4033;-65.7551;-65.5215;
312716.215;415543.029;415499.642;12.6223;50.3214;50.2537;
495990.753;491939.357;491833.154;-272.5355;-30.1872;-30.7847;
425223.323;479033.559;478994.232;-88.8363;284.1619;283.8093;
475278.913;537943.389;537951.560;1344.0622;-162.5322;-162.2073;
676788.242;676430.380;676427.725;-214.1361;-89.5667;-89.4860;
486329.984;546844.095;546846.171;-337.1086;-198.6416;-198.8008;
447471.759;535039.191;535037.691;475.0904;919.2858;919.7005;
501587.857;351986.428;351929.532;-42.4532;-49.9679;-50.0375;
445654.656;511417.339;511389.383;178.3887;-415.6044;-415.4873;
496792.731;521529.152;521491.281;-66.7328;-2.1732;-2.5409;
718654.625;920308.974;920223.936;76.1223;157.3159;157.2554;
798566.201;178342.741;178362.579;35.2327;-60.7713;-60.7642;
523939.220;556374.462;556413.732;396.6176;228.5454;227.4968;
996628.907;532414.550;532259.384;47.8371;-6.4183;-6.4744;
852766.448;606270.018;606239.747;44.6975;97.7782;97.7386;
393740.598;476401.443;476365.547;42.0007;-270.6463;-270.9739;
455614.880;540443.612;540428.629;595.6859;365.4752;367.8895;
465311.202;557968.247;557993.445;-491.2703;-152.0143;-152.6314;
490809.567;570812.240;570837.457;149.4191;559.4953;559.4045;
442797.274;541501.580;541490.813;339.6195;65.4116;65.8193;
465131.226;525503.269;525504.587;847.3855;-141.7445;-140.4915;
575557.425;684114.934;684200.419;-127.2148;71.0802;71.4049;
488791.412;545547.993;545542.228;-212.5444;-366.7151;-366.5215;
744529.499;513726.253;513553.309;180.6285;-118.4592;-118.4722;
474068.573;512993.210;512975.602;-357.3562;305.9521;307.2489;
906361.690;585794.190;585760.677;132.1386;40.8158;40.8319;
444074.991;512481.532;512434.717;-236.5415;323.8815;323.8661;
258527.818;366314.080;366254.531;-198.0216;36.3063;36.1990;
189880.643;603811.839;603843.323;-294.9446;101.4113;101.3722;
645699.701;395711.545;395660.693;297.8271;-120.6509;-120.5238;
438572.384;540943.789;540996.401;-908.2322;-261.1972;-263.4567;
463347.755;623949.583;623954.051;-255.8412;154.8447;154.3862;
444425.233;543676.749;543619.927;802.8155;2.2866;1.8196;
370160.192;492258.861;492284.113;-548.9548;-408.4210;-409.2058;
591524.154;576038.089;576087.897;166.2019;-82.1839;-82.2467;
561114.131;556187.014;556196.430;-34.1329;196.6447;196.4271;
431110.480;542237.909;542252.216;-317.9082;-296.0427;-296.3845;
507418.856;596677.988;596702.215;128.0448;-134.8429;-134.5829;
448696.785;537364.276;537355.294;-641.6921;583.4260;583.7877;
551537.199;534437.567;534457.827;506.1015;50.5628;50.5191;
341870.693;549929.339;549862.489;-145.1949;-0.7527;-0.9278;
383412.041;543565.706;543550.345;-190.6624;562.1820;562.3813;
444323.957;544724.564;544708.353;319.4753;303.5629;303.6709;
853663.092;631570.877;631383.059;508.2146;102.1741;101.8078;
680452.933;646617.457;646505.773;-5.7147;54.1630;54.0846;
492680.886;626594.296;626637.014;-519.0230;348.8600;349.2591;
452232.604;553696.028;553692.739;12.6162;183.0812;182.8794;
663327.689;592745.770;592541.776;583.3934;137.7042;136.1883;
417519.638;535750.693;535762.657;-739.9738;355.7428;355.2210;
477805.282;540458.481;540449.842;-25.7552;187.2770;187.6567;
473852.027;532860.863;532864.334;-160.4051;57.5488;57.3461;
469021.581;528305.498;528302.689;-251.2011;482.4463;482.5007;
477947.146;550043.628;550064.829;-646.3592;-820.6680;-823.1578;
456305.118;541639.993;541641.799;-338.8044;827.5130;827.1604;
468267.951;537618.468;537612.675;-238.8605;-51.9403;-51.4950;
484804.068;510657.530;510644.866;-319.4515;40.5952;38.9394;
423090.012;545259.872;545231.443;510.4037;-108.1573;-108.5771;
453584.931;538210.623;538223.881;47.1010;800.3596;799.6922;
443731.126;531015.831;531031.412;-489.4373;213.4311;212.7061;
484483.627;545143.535;545151.933;562.6858;-264.9216;-265.2016;
415067.258;544070.249;544076.413;260.0455;762.4170;762.3626;
872382.984;465034.106;465003.367;26.8010;118.7427;118.7344;
486200.458;544599.352;544608.921;15.4001;175.5187;175.4259;
634922.832;524609.764;524454.039;34.5698;-116.3730;-116.6328;
710970.687;475851.716;475811.288;56.2262;-150.5316;-150.5028;
467470.407;549562.563;549559.544;-1020.5409;99.8483;99.8751;
339952.579;535644.036;535598.964;135.7450;-343.8979;-344.1843;
593348.464;558043.272;558038.574;-73.4395;-273.3579;-273.4186;
342463.141;499681.785;499532.176;-7.7735;46.3923;46.2866;
506764.439;633487.515;633476.102;14.2535;-151.6918;-151.0223;
551979.595;390663.775;390600.518;-13.0910;-136.1856;-136.1731;
457071.823;523557.708;523539.882;-109.7883;-418.8734;-418.3137;
787221.754;494299.393;494272.459;141.3562;-40.4566;-40.4617;
430955.723;562714.981;562708.255;-196.1116;-405.4778;-405.3749;
441416.301;510972.027;510921.398;-573.5595;87.2727;87.0798;
461122.213;550938.023;550943.581;-458.0584;-180.8964;-180.4280;
165567.499;353548.114;353538.418;34.5168;8.1979;8.1857;
486429.165;471780.379;471743.440;20.5844;-118.8996;-119.3246;
425151.678;738834.530;738777.477;-145.0153;217.8162;217.6893;
486239.058;498531.783;498492.829;272.9472;113.2123;114.2369;
441690.175;505762.079;505714.783;-256.1734;435.6021;435.5000;
432479.525;553059.847;553058.438;-228.8235;12.8005;13.2146;
549838.792;499149.185;499071.976;-15.4687;125.8401;125.4787;
490522.638;527933.148;527923.140;40.7665;-14.9447;-14.9698;
441802.292;502163.512;502120.788;-107.7437;-357.1631;-357.7996;
433424.600;554548.149;554593.843;-822.0320;59.2080;59.7522;
473372.773;536485.645;536476.516;902.4334;457.3211;458.7268;
425433.514;438342.181;438242.276;25.3111;-42.8413;-42.6805;
553283.257;377610.472;377550.379;-175.1176;-211.1894;-211.2612;
382843.790;871125.521;871124.432;10.6720;141.4256;141.4188;
453339.328;528360.552;528344.579;243.2756;-17.0828;-17.1569;
499837.676;515202.543;515203.523;-156.4521;102.6424;102.5028;
472609.439;544551.466;544550.248;394.5223;96.7927;97.6941;
737383.956;601511.494;601151.800;268.6191;-103.2811;-104.2093;
452271.164;609521.310;609547.269;-220.9624;-30.0349;-30.0462;
482333.061;531168.077;531176.620;-619.6929;378.1510;377.8415;
468520.035;523468.086;523464.230;81.9814;220.3143;220.7326;
468929.448;487237.114;487255.019;203.0762;-8.0685;-8.6007;
230873.143;386112.090;386122.446;24.7637;200.6134;200.5861;
474435.035;580082.625;580069.016;86.9018;387.6749;387.0688;
444048.592;577882.328;577863.712;-77.4244;-411.8150;-412.0563;
547705.956;556944.471;556929.169;292.5868;-332.4661;-332.2110;
465080.916;537159.658;537160.610;-357.0897;111.7120;112.3917;
142416.458;296318.342;296319.620;147.9951;-89.9930;-89.9818;
509482.977;567903.941;567917.958;378.0776;128.0150;128.1205;
473155.090;537770.833;537775.784;927.3143;598.7980;599.3028;
455772.409;521118.777;521105.459;627.8995;-47.6139;-47.5441;
531858.912;808676.662;808697.298;171.6586;-95.1678;-95.1693;
480405.835;550890.607;550900.919;-208.4070;23.4517;23.2105;
427244.343;536510.872;536510.126;-1330.7006;63.9646;62.9352;
462694.989;557153.757;557121.798;465.9939;-497.0647;-497.2854;
468097.530;534175.933;534180.313;589.7457;19.0615;19.7509;
476770.750;547257.661;547238.533;-832.2539;-359.5462;-359.0129;
485065.768;533243.900;533231.649;-486.3237;-145.3942;-145.8341;
356350.513;602077.857;602146.139;-294.3609;273.8920;273.9995;
477689.751;541764.897;541774.959;601.1061;297.7608;297.8682;
466314.151;522143.052;522125.821;320.5182;-69.1836;-69.0120;
462674.119;544420.987;544438.554;266.3553;113.8159;114.1888;
468817.069;539206.816;539234.408;-898.7922;-620.1042;-620.1391;
463730.082;535646.242;535637.997;-1302.4324;-130.9464;-130.5535;
436383.911;582582.708;582549.189;-701.1361;11.5465;11.4326;
469211.116;507426.996;507405.562;537.2484;-516.3023;-516.3567;
384153.720;490800.897;490816.364;-343.6384;-490.2974;-490.8161;
660995.549;569544.295;569429.090;89.4820;-107.2013;-107.3927;
473476.655;545513.159;545513.470;289.5493;-524.5367;-525.6744;
449692.341;539673.949;539680.284;-83.4568;-779.0188;-779.3785;
427812.315;336000.126;335941.266;82.3151;-54.1152;-54.0652;
455842.287;527342.221;527340.248;171.3107;-434.6949;-434.5611;
469307.092;542441.186;542439.791;555.8949;-589.2066;-588.8866;
444338.372;537457.645;537457.863;827.4364;-18.3093;-15.8307;
484112.898;551729.549;551715.184;-593.0685;101.9351;102.2539;
453139.186;540414.832;540394.819;-733.6096;-14.4799;-13.6196;
471522.455;528015.329;527987.055;-408.3064;-4.4309;-4.4404;
482725.242;545565.067;545570.059;114.0434;-55.5294;-55.5581;
