# This file was created for the Modelling and Simulation course, RUG (September-November 2019).
#
# Project: Simulate colliding galaxies, using Barnes-Hut algorithm.
#
# Students:
#     Stefan Evanghelides (s2895323)
#     Hidde Folkertsma (s2759799)
#
#     X         Y         Z         DX        DY        DZ
517162.497;533767.221;533768.826;-94.2236;65.0035;64.9381;
463448.875;525595.568;525604.383;-145.5834;-63.1312;-63.2031;
440143.250;871048.936;871041.820;114.3415;53.7304;53.7286;
228331.115;302447.247;302452.861;54.4031;5.6630;5.6643;
830209.128;685156.087;685088.739;284.1717;266.5655;266.4730;
498527.578;528476.723;528474.400;-1016.2485;-255.7567;-255.6114;
505701.129;532179.954;532182.365;89.4212;-356.6615;-356.6561;
817977.241;633113.861;633083.267;42.8240;242.3181;242.2458;
825588.037;468116.954;468089.100;506.2732;-115.3586;-115.4099;
697364.313;515200.023;515193.283;-48.4128;4.2319;4.2399;
365109.188;507946.583;507962.159;-12.3437;-413.3878;-413.4411;
462065.264;687445.647;687439.828;166.1818;-21.3222;-21.3926;
360454.245;528606.414;528601.260;-33.6906;-62.7439;-62.7236;
515953.378;513116.984;513120.064;-363.9407;631.4232;631.6372;
694008.523;548093.046;548087.240;-117.7232;-190.2380;-190.1748;
439437.778;504557.749;504568.499;-607.9367;-783.2924;-783.2216;
812574.005;494773.924;494746.081;409.3786;41.5876;41.5514;
499045.373;533936.645;533939.415;654.0071;406.3274;406.3412;
769506.523;643894.480;643865.335;323.2913;-136.9438;-136.7601;
506805.621;525776.721;525778.421;-458.2975;-36.7627;-36.6296;
305383.769;154136.489;154124.440;110.9537;47.1862;47.1647;
537771.629;675323.282;675299.598;0.6899;114.4926;114.4754;
450734.605;525662.650;525666.411;287.8207;-46.1251;-46.0581;
494499.532;535431.580;535434.081;-23.9725;326.5456;326.4051;
448212.709;521043.483;521048.684;-527.5055;603.5050;603.4770;
453487.964;461899.000;461891.766;-61.9705;55.6468;55.5863;
477161.605;526539.422;526544.643;706.8174;-193.1004;-193.0943;
822787.676;714687.093;714642.796;445.2047;269.0490;268.9977;
347624.919;446227.129;446222.474;-143.1328;-103.7096;-103.7272;
508018.553;520322.400;520327.228;-222.6707;-90.4898;-90.4488;
424564.582;529330.860;529331.635;241.4974;-4.5081;-4.5401;
485102.918;527124.507;527128.046;645.2535;-113.1080;-113.1184;
562353.244;542546.188;542537.485;-288.1504;92.0688;91.9909;
504595.383;522904.844;522908.405;-202.2672;-198.0743;-197.9623;
462470.589;525317.103;525319.690;-316.8252;84.7740;84.8716;
501305.468;525377.931;525380.718;-292.1910;-276.3184;-276.3164;
488057.962;524818.306;524825.203;555.7082;521.3203;521.3101;
651060.428;364297.450;364307.087;160.6147;-141.3346;-141.3155;
358996.331;445295.189;445289.086;-458.3154;-167.7573;-167.8312;
451743.078;524219.676;524222.476;468.7094;-304.7862;-304.7735;
509849.284;539248.571;539249.673;36.8247;-415.1972;-415.2956;
442414.647;498304.847;498319.846;-627.5288;-601.7947;-601.6409;
493334.054;522772.665;522774.263;-480.8507;-423.3876;-423.2874;
968965.957;493191.806;493153.327;707.2171;-39.5226;-39.5846;
766991.735;568264.454;568229.998;409.9262;30.4638;30.2515;
495388.852;420766.739;420763.617;-228.8411;-175.1052;-175.1618;
515662.972;513021.533;513019.395;-505.2951;269.0168;269.2498;
453095.500;568223.303;568223.255;465.8451;-145.1159;-145.0969;
751723.082;796833.133;796803.699;-4.1369;220.2125;220.1865;
507835.238;486837.466;486848.780;179.9053;162.3605;162.0767;
746470.425;661133.330;661096.449;84.4632;86.5286;86.3573;
496949.666;531929.678;531934.914;-271.1681;354.7520;354.6366;
479127.626;510599.577;510604.097;-1015.7917;-32.6572;-32.4394;
366151.712;589718.384;589722.616;-151.4012;194.5818;194.5890;
446490.402;543335.620;543338.959;754.6295;-390.0831;-390.0608;
480015.509;532094.572;532096.824;-696.5731;-115.2588;-115.1666;
576116.866;638369.481;638369.615;210.4582;397.7765;397.7015;
683693.762;334105.189;334110.514;186.6559;-233.4472;-233.4295;
435907.638;535158.982;535158.116;289.6708;256.6920;256.5162;
811463.497;645043.460;644999.031;429.0052;177.2902;177.2290;
807874.300;544458.897;544427.993;285.5573;-13.8686;-13.8970;
708593.530;500002.858;499982.751;256.0904;38.9161;38.8846;
643772.417;470000.514;469979.055;87.2583;-1.6064;-1.6505;
523789.327;522599.317;522605.652;550.1424;-24.6079;-24.7564;
431530.764;517995.151;517990.630;638.1509;-9.5553;-9.3484;
699841.545;527916.504;527905.189;-432.0033;103.3843;103.5482;
515446.995;550983.682;550979.938;-455.5657;-35.5288;-35.5780;
488036.106;538016.173;538019.395;1228.3111;-251.9538;-251.7479;
478580.664;484663.794;484662.175;336.8733;398.6061;398.6264;
482646.119;523544.017;523547.344;682.4128;-362.9327;-362.8130;
498999.933;392983.827;393007.590;-175.2040;28.0095;28.0696;
475090.814;541372.310;541378.384;-659.1089;376.4799;376.7398;
595304.003;507496.858;507498.189;480.1901;47.1932;47.1442;
870576.224;596087.205;596052.200;570.6979;110.6001;110.5325;
492424.476;544812.570;544812.917;-244.8553;205.1197;204.9503;
509482.573;463848.685;463835.306;-165.7434;-262.8539;-262.8740;
702929.617;547778.329;547766.440;67.3185;100.4187;100.3989;
576921.733;622667.191;622645.721;-121.7475;70.3568;70.3632;
698030.288;528706.194;528699.325;-122.8064;11.4152;11.5239;
844524.886;536147.533;536116.410;435.0725;79.8982;79.8452;
825352.538;801341.828;801286.959;399.9518;401.7975;401.7054;
465009.298;496552.082;496560.289;333.0937;-454.2029;-454.1884;
451315.664;527385.673;527388.322;217.5922;-237.2929;-237.2567;
762833.814;510375.628;510353.276;107.4971;36.8322;36.8090;
415691.136;540562.479;540555.028;-121.3571;-62.2236;-62.3497;
692844.403;531754.704;531746.270;39.8737;-143.8850;-143.9625;
501156.097;525994.976;525999.834;379.9322;283.1332;283.0917;
515750.164;520120.842;520126.508;724.1125;128.6735;128.6547;
795076.182;460912.953;460893.077;413.1380;-43.9188;-43.9507;
491449.477;539316.621;539319.456;579.7174;-324.3110;-324.1939;
702314.746;524890.039;524876.992;129.6411;41.0349;40.9806;
460186.607;521667.789;521674.308;630.8596;240.9523;240.9202;
428605.935;462961.163;462937.256;-373.8397;380.3576;380.4641;
486692.227;497855.539;497863.510;167.6691;333.9591;333.9003;
349505.276;405148.806;405142.835;-152.5307;-91.0358;-91.0445;
449434.781;531102.761;531100.630;599.2737;-312.0313;-311.8207;
360243.345;308370.926;308378.844;238.6374;33.7677;33.7630;
277433.178;345918.710;345931.823;-347.8186;-208.2629;-208.2629;
460731.151;535316.476;535320.722;-359.2061;-145.6378;-145.6663;
445778.235;542647.615;542650.855;-128.0512;81.6825;81.6709;
469716.299;530330.326;530333.199;294.7276;367.7472;367.6816;
450924.923;514799.086;514806.920;-330.9280;-160.3409;-160.3331;
491958.786;530315.363;530320.126;-80.2603;765.0181;764.9527;
481513.764;541439.491;541437.151;-474.0765;-407.9002;-407.8927;
144485.675;415440.982;415453.769;-319.7272;-112.6681;-112.6794;
311188.854;533740.214;533732.895;51.7850;-100.0189;-100.0256;
455189.982;512735.438;512745.652;-771.4967;84.7775;84.9441;
486863.889;409424.408;409390.070;160.6322;5.8228;5.8934;
478550.537;534087.114;534092.009;367.0432;-357.4497;-357.4742;
480915.586;499455.519;499457.265;611.1597;307.9794;308.0546;
445811.813;547613.204;547617.595;-626.5771;279.7763;279.8299;
474649.228;541554.531;541561.215;-1032.9289;-8.4150;-7.9798;
509777.390;507985.816;508001.054;-1227.1257;121.3245;120.9513;
481972.728;533696.978;533700.082;279.2993;280.4193;280.4492;
598385.987;573843.023;573830.357;41.2851;-288.6600;-288.5852;
627945.878;649948.268;649938.459;456.2512;176.9794;176.9237;
660068.598;394656.673;394648.987;355.9761;-43.0466;-43.0777;
458389.517;529481.544;529483.725;570.3167;-200.1108;-200.0327;
456440.909;450985.745;450980.673;-174.6696;212.5435;212.4602;
310705.397;475589.770;475608.149;64.2767;296.0052;296.1582;
490568.790;525191.078;525195.820;668.4993;-204.1893;-204.1296;
324810.431;444249.123;444263.115;434.6001;-254.4811;-254.5254;
466665.218;500924.299;500927.866;-603.6187;232.4297;232.5314;
748209.179;607093.251;607086.188;-186.3594;-7.8193;-7.8612;
429217.318;581890.726;581892.516;-169.5240;148.0149;147.8422;
516530.932;515502.375;515503.745;-218.8437;-559.7042;-559.6385;
494815.499;529097.725;529101.018;554.2737;-493.3690;-493.1575;
425121.077;511502.489;511505.774;258.4657;187.9241;187.9540;
491951.820;516505.644;516510.057;-605.3415;288.0070;287.9975;
453665.423;582504.934;582510.385;525.4521;-214.3979;-214.4219;
435312.923;520224.206;520230.268;-380.0814;-127.2801;-127.3031;
252559.145;400771.914;400773.892;-204.4437;-103.1934;-103.2002;
453953.817;446545.414;446532.769;134.9467;125.4874;125.4231;
333359.788;417676.580;417669.271;132.7606;4.6300;4.5323;
470431.546;513518.085;513522.445;-187.8622;227.3997;227.3109;
510555.815;521519.335;521525.646;186.4158;496.5587;496.3579;
352829.695;494507.126;494490.514;96.8958;155.9375;155.9305;
528388.713;548868.999;548866.521;35.7215;-44.9105;-45.0545;
500885.076;538910.047;538915.427;235.5039;343.9172;343.8511;
676980.222;650427.801;650411.311;-112.2074;-7.3855;-7.4077;
524394.491;534651.663;534646.499;-279.5553;83.1439;83.0400;
457863.526;522069.360;522073.978;-35.4434;639.8222;639.8017;
475085.106;541414.360;541414.264;671.6289;616.7182;616.7484;
282137.257;546973.852;546978.329;155.5593;178.0556;178.0573;
390893.771;665944.831;665951.690;-36.6857;220.2134;220.2083;
472682.670;534379.181;534385.224;-1214.4945;-275.8807;-275.6129;
145167.120;394289.828;394282.523;-714.0879;-282.5594;-282.5882;
97328.613;731883.685;731894.728;-508.7759;261.9834;262.0013;
493077.528;541888.901;541888.600;-172.7923;-376.7502;-376.8924;
511553.782;524659.273;524664.184;-95.3085;-161.9407;-161.9503;
615603.323;508791.488;508782.619;17.0140;-333.6230;-333.5435;
361678.178;570100.016;570106.155;-85.4314;-136.5455;-136.5047;
477706.505;540559.669;540561.264;891.6672;-20.2964;-20.2629;
251023.491;364809.520;364816.259;-312.8755;-253.4858;-253.5036;
473036.703;545540.879;545543.991;-17.6873;130.8426;130.8473;
446311.844;520692.431;520698.276;-142.7953;33.5687;33.5276;
308456.586;236171.173;236174.389;-116.5193;56.1565;56.1753;
460178.279;486581.454;486595.746;29.8834;-474.2836;-474.2120;
476676.660;528676.123;528688.443;-1310.9855;-279.9239;-279.9568;
564002.781;519134.135;519130.494;342.7344;-293.1887;-293.3765;
482050.260;530551.404;530554.674;-340.7622;64.0113;64.0363;
117962.275;466472.641;466459.796;-130.1578;-161.8103;-161.8113;
544191.308;467749.384;467744.312;51.4137;54.6287;54.5245;
472745.685;533130.962;533134.075;-130.4397;158.3304;158.4070;
506858.140;552873.122;552869.076;-396.6391;-254.0355;-253.9458;
342346.000;757021.977;757024.903;104.3782;189.1529;189.1766;
552745.078;541632.184;541622.138;-33.9783;-30.7247;-30.7774;
249588.153;513462.283;513464.730;-125.1850;-41.1003;-41.0975;
428256.876;534851.154;534855.326;-625.5068;-9.8972;-10.0881;
492630.538;549936.613;549937.269;397.6538;-242.2294;-242.2148;
452141.617;526579.888;526583.349;-167.7824;-142.7010;-142.6485;
472457.555;521798.063;521803.086;990.4617;-185.0787;-185.0407;
197309.661;570564.702;570560.402;-368.3652;60.0536;60.0284;
918133.088;486768.954;486741.799;-176.3842;-42.2961;-42.3222;
541059.253;541150.000;541139.287;287.7677;-206.6664;-206.8340;
498527.168;543013.993;543012.649;-381.7389;-202.6627;-202.5156;
454598.726;538634.250;538637.169;76.1177;8.6503;8.6517;
483954.438;535878.459;535882.519;758.4457;958.5732;958.5411;
490664.810;543065.703;543069.154;138.7707;517.6001;517.5366;
417691.369;590983.682;590967.848;-165.7902;302.3413;302.3377;
181848.328;113988.012;113974.259;-293.4229;-101.3603;-101.3643;
413543.811;502462.865;502465.218;176.4724;-185.9597;-186.0645;
880558.735;517021.413;517007.738;-157.7621;18.5491;18.5505;
460209.973;458067.058;458069.203;-359.8848;206.9750;206.9043;
452172.316;520829.404;520833.929;-117.6325;587.5684;587.5837;
494730.021;557443.895;557441.800;-274.7066;316.9094;316.8876;
492398.680;564826.877;564828.313;-939.4020;-80.0762;-80.1944;
460397.636;533255.069;533260.253;-839.4100;-394.2354;-394.4806;
500219.846;532341.002;532346.483;402.2513;371.1198;371.0874;
476649.554;516917.291;516920.389;1094.4209;152.5360;152.6432;
428478.173;511217.814;511221.806;-2.2256;-28.9306;-29.0338;
476988.133;526738.546;526745.215;299.4139;329.3653;329.3597;
503769.650;533523.844;533523.945;-227.4750;-430.8491;-430.9486;
438701.816;515525.276;515526.116;-317.1260;91.3178;91.3161;
