# This file was created for the Modelling and Simulation course, RUG (September-November 2019).
#
# Project: Simulate colliding galaxies, using Barnes-Hut algorithm.
#
# Students:
#     Stefan Evanghelides (s2895323)
#     Hidde Folkertsma (s2759799)
#
#     X         Y         Z         DX        DY        DZ
466070.142;540791.938;540780.085;4.9085;75.9865;76.1592;
477398.922;576067.819;576107.454;28.3283;-232.4259;-234.4026;
597781.179;899741.748;899732.824;110.4772;-10.4133;-10.4151;
344666.364;371643.955;371634.123;121.6813;108.1595;108.1236;
469390.860;529781.010;529769.357;-495.8044;456.6942;457.6198;
474905.085;518201.397;518215.356;603.0580;377.1982;377.0272;
769294.797;915110.315;914974.566;-86.5058;168.2551;168.1961;
65112.774;552230.138;552204.315;-209.3697;12.8335;12.7513;
637512.514;455148.343;455147.934;-27.2765;261.1829;260.9258;
532132.566;531510.969;531520.173;72.4839;-482.4569;-482.9180;
266693.769;529347.137;529290.910;-54.2956;57.5075;57.6119;
586792.899;540245.952;540255.783;120.9688;-77.0433;-77.3208;
553028.750;571565.864;571581.792;436.6073;410.9244;411.3493;
408939.776;497580.126;497550.687;486.2222;552.1898;551.6643;
418569.599;519861.521;519806.458;-89.0403;-65.2645;-63.9054;
406550.779;528270.695;528252.621;-358.9717;-64.1905;-64.8279;
484797.178;361862.774;361820.465;172.0898;306.2898;306.1199;
494909.128;651919.708;651903.260;-65.6998;-172.6703;-172.6356;
474937.368;551909.808;551908.782;-304.7520;153.3904;153.8679;
475358.056;559304.824;559321.115;-303.2271;-69.2982;-69.8345;
379959.738;534336.477;534283.088;459.9597;257.6138;258.1747;
390150.786;518344.610;518246.063;483.9166;80.7703;81.0910;
461211.153;543699.990;543704.930;845.5465;382.8627;383.3051;
495640.405;402402.055;402318.893;214.8374;121.4278;121.3893;
461114.807;548433.005;548440.202;-211.7579;380.9955;380.6278;
499112.711;535198.241;535229.517;528.3553;-24.0269;-23.6597;
486387.550;550674.061;550686.034;358.8322;-288.6029;-288.2763;
422169.440;526453.959;526454.903;44.3154;216.0983;215.8463;
453313.188;532771.651;532757.384;-364.9360;148.4918;146.7857;
474510.862;544082.837;544067.369;-216.9005;297.6689;296.8652;
457213.535;539377.894;539382.391;193.8796;32.6201;30.6497;
446230.813;534443.935;534427.475;120.0463;105.3382;104.4718;
812787.872;236250.125;236274.611;82.9295;-64.6134;-64.6077;
428649.205;461651.954;461587.768;366.1641;374.9782;375.0249;
433230.978;533980.494;533931.299;634.9721;467.1372;468.9941;
391177.031;568921.025;568919.270;-128.7157;-100.4904;-101.2920;
428290.333;514038.381;514015.174;692.1800;725.6760;725.0303;
474467.238;540970.571;540971.888;-98.7336;455.7592;455.7892;
933088.196;522205.676;522555.274;-74.1646;-62.7543;-62.6531;
321063.001;429186.845;429131.391;71.7881;97.8521;97.7434;
464253.129;581364.402;581364.883;366.5419;476.4950;475.5261;
453896.495;552612.768;552615.098;697.7217;353.2016;354.9686;
436604.041;525786.080;525762.532;467.0338;-86.9845;-86.6646;
631210.550;654441.588;654448.488;-280.6238;-148.9376;-148.9146;
456172.819;541963.165;541956.106;-896.4921;-63.2066;-63.7801;
535384.147;542992.653;542982.348;-193.8930;-233.3703;-233.3153;
488985.976;349416.394;349353.360;-121.8651;36.1093;36.1920;
453017.266;566841.672;566854.695;-545.2201;268.0417;268.3374;
431386.459;552057.446;552079.201;-136.0598;41.8014;41.5024;
732185.197;947867.308;947771.144;70.7389;140.5752;140.5149;
803842.516;168643.332;168664.332;22.0876;-44.2983;-44.2928;
438450.538;524707.975;524699.789;-1019.4371;-347.5419;-349.8579;
859823.374;624527.049;624484.247;31.0842;97.1332;97.0500;
406997.574;435663.886;435580.924;113.4753;-171.0760;-171.2511;
490189.587;540168.312;540170.966;-182.1068;-93.9810;-92.2038;
469305.246;534788.458;534808.392;336.5916;-587.4643;-587.6482;
478921.900;587685.255;587660.502;-103.4641;-383.1096;-382.3902;
422991.038;535685.937;535685.105;-304.1489;-196.5274;-197.2491;
450887.832;519252.060;519245.720;544.1523;-246.2302;-247.4525;
546937.323;689031.333;689168.328;-179.8982;-18.0633;-17.8362;
457103.656;542779.528;542768.396;-777.4959;115.5986;115.6234;
772250.934;492398.948;492229.867;122.7223;-111.5783;-111.5249;
456107.764;564523.880;564477.180;201.2118;-174.1947;-173.4923;
928594.939;593189.706;593159.322;108.9722;39.4987;39.5133;
463961.057;534441.431;534438.643;-1099.2468;163.9503;164.5235;
223244.635;374416.142;374338.020;-183.3009;50.1798;50.0849;
140405.665;621045.476;621068.826;-242.8105;85.7886;85.7408;
697248.731;376268.838;376244.258;263.2922;-93.2603;-93.1152;
481120.660;549844.265;549764.138;-1034.7087;-372.2508;-370.9927;
424689.160;628206.781;628147.048;-171.5338;-104.6834;-104.8904;
442594.343;530865.298;530891.739;579.3959;-265.4892;-267.9213;
297301.764;429622.130;429458.736;-288.9458;-303.5602;-304.4997;
571885.611;543082.308;543084.744;-368.8376;-306.9715;-307.3741;
441107.338;529751.112;529767.769;-742.6854;-968.6670;-968.4233;
451939.246;535630.802;535618.257;-366.0529;-433.0282;-432.7666;
477789.082;528482.044;528462.569;-915.7735;-435.8889;-436.5658;
476288.943;530945.862;530939.446;209.3085;-518.1556;-518.2879;
585654.048;552492.424;552491.539;-144.8027;71.5085;71.5625;
330924.674;547360.233;547272.042;37.3264;-10.7344;-10.7903;
411337.277;616951.716;616963.681;352.4204;230.1437;230.2109;
444116.808;548705.650;548724.786;-162.1853;498.4551;499.6434;
942331.337;647963.779;647716.833;453.4014;78.2142;77.9263;
676648.085;655681.934;655559.732;-36.1498;43.0432;43.0080;
397083.981;672836.484;672921.450;-500.0550;175.8643;175.9976;
458549.341;542857.082;542847.664;-49.5981;654.2170;655.1030;
759809.841;614021.489;613557.189;477.7030;94.3590;93.0355;
387201.229;581526.316;581473.678;187.5070;80.9366;81.0470;
469667.206;545153.500;545147.185;-190.7926;-240.4133;-241.2214;
469518.534;542249.404;542254.281;287.6873;-515.1196;-516.0105;
466518.432;549030.073;549035.375;244.5099;691.2281;691.9335;
391460.267;481948.082;481918.079;-264.3509;-91.3739;-91.0202;
458767.945;517475.725;517424.677;-262.5585;335.3208;335.4215;
475827.537;544917.298;544921.975;199.5842;79.1654;79.2470;
473542.169;530292.326;530266.637;509.5601;-892.2960;-891.3919;
475695.949;545604.807;545583.373;-1166.9247;70.2441;70.4448;
484283.854;543007.078;543029.577;678.5252;-628.5871;-629.8026;
434391.589;552426.021;552466.915;-52.9614;247.9127;249.3177;
501081.770;535381.074;535387.042;409.5127;10.3941;10.2799;
544385.623;582951.490;582938.966;542.1240;-146.4709;-146.3959;
873195.378;488221.681;488190.677;-18.1466;131.7723;131.7823;
473647.228;540947.550;540949.089;-748.6371;-499.0491;-499.8017;
636304.539;504047.583;503850.607;-18.4768;-105.5318;-105.7156;
715615.969;450114.317;450078.858;-4.9171;-127.6873;-127.6613;
458607.076;530191.381;530177.427;-42.5110;-202.0830;-202.3961;
419467.459;479870.173;479795.268;701.4396;-131.5470;-130.7823;
551164.730;509725.861;509726.210;-389.3919;-231.2149;-231.0820;
373075.745;517736.841;517657.821;359.9036;165.4048;166.1689;
487082.358;574321.065;574373.022;-357.7374;-576.5753;-577.3644;
545430.239;367787.914;367728.863;-58.9159;-107.2866;-107.2572;
466127.338;529464.614;529462.281;411.1343;-547.7698;-549.0246;
811364.307;487237.408;487207.976;120.1527;-35.9531;-35.9770;
512427.951;544502.174;544488.085;-42.7648;469.6918;469.9426;
513836.473;534101.961;534084.696;231.1998;-318.7757;-319.4642;
469530.554;555043.235;555071.896;25.8532;214.8417;215.1375;
174821.003;356469.730;356457.686;65.6624;23.7287;23.7147;
482803.166;471614.901;471518.146;-52.1681;104.9488;104.7691;
399358.282;776036.310;775956.862;-134.2853;186.1105;185.9950;
437614.027;543644.513;543653.783;440.4884;-481.8793;-480.5575;
490493.632;532948.736;532908.935;-975.5726;-260.2528;-259.9722;
489488.749;539435.002;539434.498;-527.6403;476.3411;476.8843;
486691.163;545528.292;545504.748;-1161.2206;357.2994;359.8083;
432484.739;546576.235;546570.698;-168.6191;-11.4757;-11.5833;
429136.436;452451.034;452317.244;-61.5136;-225.8835;-226.2129;
395703.404;524867.214;524765.218;285.6901;-177.4368;-177.9062;
437477.684;530569.599;530581.704;201.2218;224.5695;224.1475;
427630.430;455728.461;455682.815;-34.6132;257.2944;257.6195;
517526.253;344608.041;344536.517;-217.7582;-151.1128;-151.1600;
385037.937;896679.210;896676.836;12.9090;134.9764;134.9694;
436969.641;521065.084;521059.761;-298.7142;-52.8766;-52.8121;
433252.287;555012.123;555033.675;639.8855;-362.3542;-362.7526;
484081.656;545278.726;545285.471;539.0792;4.7546;3.9311;
777117.999;580984.023;580474.225;164.1705;-113.1135;-113.8067;
417720.489;591049.515;591063.536;-145.1339;-173.0534;-173.1559;
469490.447;549867.867;549879.926;-736.3983;608.0340;609.1161;
454589.011;533399.287;533391.563;-5.7245;570.3262;570.7643;
421123.766;571515.766;571575.208;-478.7442;67.2591;66.7630;
239769.039;425116.811;425120.501;74.0107;221.9028;221.8568;
491953.203;582462.342;582468.213;-48.8014;-321.7108;-320.9488;
509496.486;491211.723;491186.080;162.1869;53.5372;53.1145;
552950.652;505864.364;505903.832;-214.1184;-177.1490;-177.0882;
474625.245;542181.088;542201.144;587.8666;-70.1081;-69.7758;
172405.804;281852.022;281855.105;175.3670;-66.4400;-66.4317;
433325.782;535881.984;535893.325;-1057.8163;-23.0314;-23.0097;
473431.812;549104.957;549110.770;1155.2396;536.4657;537.4229;
480740.953;576321.728;576339.629;-281.2705;128.3781;128.4150;
562565.463;786523.249;786542.924;158.5932;-144.9511;-144.9598;
472285.376;544589.007;544595.574;-346.7241;-456.4470;-456.6643;
338089.368;558135.096;558046.552;-71.1239;63.1177;63.0008;
449146.826;530714.356;530669.629;-75.8260;845.0386;845.7975;
459546.359;534868.695;534861.622;473.6069;273.8642;273.3903;
468334.431;538765.991;538764.782;-670.7051;-223.4091;-225.3666;
453377.177;552283.013;552279.710;-37.0125;-49.7642;-50.1412;
320834.627;640120.673;640193.449;-109.8663;149.8853;149.8482;
482012.087;546713.180;546716.266;728.9404;201.7330;202.1694;
452582.757;549826.968;549821.026;-192.5704;-224.9967;-225.1341;
476624.620;541128.317;541145.488;-315.1107;233.2752;232.4490;
444395.419;532934.541;532959.385;48.0540;376.8123;377.0069;
445022.957;545041.808;545029.146;-234.4877;-160.8483;-160.5774;
365217.446;538575.814;538566.388;-54.2673;-349.7865;-349.7453;
539324.137;467882.912;467859.231;239.4181;-59.4283;-59.4173;
332645.708;410659.264;410569.558;-228.8596;-388.1691;-388.7054;
670608.291;549491.608;549344.254;14.7150;-110.6501;-110.7974;
486365.893;533098.122;533115.535;215.9598;52.5586;52.0298;
451252.146;556627.751;556633.542;-182.0943;-20.1614;-20.7657;
449103.294;334895.555;334849.629;150.4307;48.9250;49.0073;
473144.832;524007.649;523987.504;290.8264;326.2427;326.7285;
481889.386;539936.324;539932.647;-98.8546;627.6820;628.1245;
452937.076;532126.047;532084.680;933.0588;71.2200;72.6746;
450986.672;510245.162;510195.553;241.0099;79.7201;79.5249;
455730.240;535686.450;535669.224;649.3467;-69.6985;-68.0287;
470381.426;555101.777;555089.996;343.7842;128.0079;127.6829;
430214.010;535115.492;535108.621;2.5051;87.9597;88.0727;
