# This file was created for the Modelling and Simulation course, RUG (September-November 2019).
#
# Project: Simulate colliding galaxies, using Barnes-Hut algorithm.
#
# Students:
#     Stefan Evanghelides (s2895323)
#     Hidde Folkertsma (s2759799)
#
#     X         Y         Z         DX        DY        DZ
467607.269;522035.073;522036.592;446.3616;-0.7250;-0.6933;
476696.728;525915.318;525921.035;-1087.1375;380.3208;380.1483;
419919.010;860682.485;860675.705;112.7759;62.8608;62.8589;
219442.940;302132.519;302137.887;45.3901;-1.9836;-1.9822;
774329.426;635239.392;635190.794;350.8303;296.5518;296.4296;
442996.131;506981.320;506988.676;-576.3903;-42.5198;-42.5539;
492467.899;527806.208;527808.664;-176.3072;472.6724;472.6677;
804977.261;589666.580;589648.171;104.4067;249.3220;249.2533;
732960.413;489944.911;489926.428;538.1773;-133.3773;-133.4316;
696441.898;540910.987;540896.282;132.2315;-131.2794;-131.2769;
416985.557;577534.964;577534.381;-576.1896;-271.5586;-271.3438;
433835.757;684577.252;684584.036;149.2356;53.6295;53.5593;
411928.801;536485.930;536491.186;-652.9885;-26.2416;-26.3268;
503905.235;482582.530;482578.489;321.0856;-228.2108;-228.3417;
704683.954;558476.463;558459.636;44.8237;41.0120;41.0105;
585316.253;557341.651;557336.644;-412.8900;10.8375;10.7734;
735416.776;488455.604;488434.863;463.0407;23.6129;23.5678;
489728.897;511957.495;511961.663;615.2673;-172.5934;-172.5001;
706204.002;665526.982;665473.252;368.0877;-85.2816;-85.2101;
480615.278;524965.228;524971.091;-1013.3922;-496.8899;-496.8129;
286107.122;147369.607;147361.451;106.6983;29.2944;29.2724;
536785.061;650952.814;650933.006;10.9400;162.5256;162.4989;
457964.726;525164.989;525170.235;370.4276;86.8256;86.7947;
495580.441;515274.434;515276.048;-86.5302;-14.9873;-14.9377;
465798.401;518528.095;518532.840;96.6293;697.7884;697.7130;
471235.965;482519.885;482524.701;-116.0026;-364.1277;-364.1968;
491691.416;529167.703;529168.105;775.9203;81.2492;81.2312;
742114.147;665213.623;665178.438;464.7237;288.9057;288.8535;
385012.595;470557.507;470557.005;-274.6044;-179.4752;-179.4988;
459790.211;507459.345;507462.818;-453.2027;-124.9058;-124.8852;
489447.361;521181.636;521185.717;-1043.5314;49.3056;49.3267;
487839.639;528022.587;528025.400;455.4914;152.2515;152.2786;
465316.511;520120.500;520122.043;1514.8989;-169.8637;-169.8631;
466370.020;516213.828;516218.471;-443.3904;-446.1492;-446.1778;
457271.416;509861.299;509865.879;-548.1856;89.8981;90.0183;
443598.540;504579.299;504585.209;-191.2171;-25.6801;-25.6707;
486687.327;518727.741;518730.948;375.0891;-385.4963;-385.5864;
620809.233;392098.442;392103.947;181.5364;-172.0077;-171.9801;
459515.472;496200.864;496208.179;-789.9808;-609.2036;-609.2372;
484963.313;527244.392;527248.532;925.3783;-196.2948;-196.2910;
455674.045;520981.749;520987.659;-647.5556;-356.5086;-356.5040;
576842.085;561780.024;561779.331;-559.7686;145.0647;145.0337;
442414.648;514388.759;514394.327;-617.8949;-150.1240;-150.0648;
841456.652;499789.737;499763.936;722.4431;-38.0298;-38.1069;
676990.137;555019.937;555023.158;566.6863;148.2597;148.1166;
530355.932;460768.544;460773.346;-149.6399;-290.2465;-290.2847;
477254.369;532171.053;532176.689;1152.7598;-170.8917;-170.8550;
383045.137;577092.753;577092.066;327.9814;14.2129;14.1987;
752642.971;755508.461;755483.020;-4.9662;250.3220;250.3054;
460125.101;560894.714;560879.899;-185.6467;-516.4596;-516.3314;
730618.567;640936.087;640922.888;116.4431;125.1023;125.0265;
493238.527;516349.509;516352.792;-394.3694;-161.5327;-161.6440;
517250.966;582396.273;582396.741;185.4203;-133.1961;-133.1797;
425708.398;535162.334;535165.479;-652.6118;458.7966;458.8051;
403527.553;551480.209;551479.455;-110.3027;129.5311;129.5093;
560163.480;535933.729;535934.639;-224.2554;40.6534;40.6546;
530567.247;547795.231;547797.812;428.8549;717.8543;717.9028;
645204.825;381194.919;381196.922;255.1639;-301.7950;-301.7756;
531140.493;540476.344;540476.324;306.4129;75.2381;75.1096;
731722.467;611596.858;611565.639;467.2138;196.6895;196.6016;
751655.107;546402.287;546377.342;354.5107;-5.8960;-5.9366;
659045.053;498172.889;498160.075;299.9222;-11.8284;-11.8747;
621578.797;474024.974;474012.629;166.4467;-45.3076;-45.3655;
504339.168;521092.353;521093.391;-708.7817;-301.6796;-301.5813;
528440.395;514212.826;514207.392;-206.1783;282.1316;282.1301;
712336.151;523491.990;523475.317;255.2231;-68.6139;-68.6804;
440697.502;523482.048;523486.842;267.9376;-138.8718;-138.9417;
487912.022;523751.287;523752.624;-1072.9170;-558.1264;-557.9656;
432279.405;464070.970;464072.877;135.1529;-100.1520;-100.1776;
491931.647;536314.744;536318.310;628.7127;-21.1017;-21.0541;
526321.100;398884.014;398890.976;-132.1207;-93.5486;-93.4374;
542391.602;491015.875;491018.126;-124.4148;74.3835;74.3128;
472368.996;521919.761;521923.464;969.2835;-421.8936;-421.7198;
766889.292;576238.642;576215.908;596.1894;112.4118;112.3407;
485988.965;530200.159;530204.015;-863.8991;655.9616;656.2144;
524461.762;527427.694;527428.606;108.2823;-451.2466;-451.3933;
690200.787;519827.402;519817.689;-24.0461;100.8495;100.8953;
588243.629;604331.562;604318.711;13.2475;151.9937;151.9284;
920786.564;606288.246;606240.972;851.1327;127.4667;127.3421;
690139.626;531297.122;531286.795;19.6144;0.7917;0.7976;
764167.053;522055.917;522034.540;473.3383;77.3957;77.3389;
749743.851;727036.713;726999.537;453.0303;432.4141;432.3045;
514725.306;544094.811;544094.170;-168.4556;441.5284;441.4172;
461683.110;530739.558;530744.135;568.7950;66.2291;66.2323;
729439.233;507964.531;507947.822;283.6010;-20.7790;-20.8183;
540697.563;515827.784;515821.153;24.0336;-117.8683;-117.9103;
699506.886;526380.228;526365.346;185.6896;82.0979;82.1074;
871591.750;589829.333;589785.049;814.6713;143.9172;143.8270;
494787.590;518664.629;518666.903;107.6304;-36.4903;-36.4900;
443568.415;541758.481;541761.334;-372.8475;131.1471;131.1159;
719687.636;470097.854;470083.675;435.7591;-61.8185;-61.8506;
485092.331;527403.298;527405.537;-291.2713;-562.4483;-562.3983;
697926.344;535436.149;535424.192;-125.3753;-108.6302;-108.5380;
415501.797;512665.497;512665.597;-81.0078;-32.3325;-32.2955;
511090.860;423594.137;423582.123;-459.1863;78.4562;78.2688;
460105.585;530006.335;530008.727;-323.2620;-672.5828;-672.5178;
384585.633;435525.848;435522.755;-265.1346;-257.4268;-257.4499;
387414.813;569490.388;569480.927;235.0610;-164.6762;-164.7132;
319320.258;305851.494;305860.089;219.6857;-4.6984;-4.7013;
341044.793;385429.648;385442.437;-368.3750;-238.9594;-238.9553;
473725.684;531822.766;531826.977;174.0301;-87.6608;-87.6384;
460710.430;526204.746;526208.705;707.4738;401.9773;401.8872;
477319.472;516781.154;516785.064;54.2538;110.1282;110.2112;
47849.915;429975.660;429975.053;-906.2692;-151.2047;-151.2325;
464910.140;521897.758;521900.428;419.0616;-490.7063;-490.6914;
489199.136;511589.855;511593.403;-596.9332;-137.5042;-137.4584;
461457.957;534080.824;534088.140;-315.5820;-221.0702;-221.1685;
209985.694;435880.394;435892.186;-419.7049;-126.6257;-126.6116;
317847.257;548870.317;548866.254;-126.6410;-64.4683;-64.4959;
560108.357;532867.898;532856.838;-387.7805;-172.1871;-172.1693;
461003.735;428716.542;428686.612;113.3481;-242.1222;-242.2496;
479440.522;517510.130;517515.093;-310.2524;441.6659;441.6041;
515911.919;531966.440;531965.937;-238.5937;508.3481;508.2419;
469003.550;540245.941;540247.702;668.4971;-136.9416;-136.9537;
450170.629;536078.217;536081.019;-28.5988;143.3009;143.0957;
598600.051;538192.986;538188.557;-17.3482;-238.0311;-237.7657;
480865.976;518764.448;518768.220;-484.4314;-83.2106;-83.1108;
565301.172;610171.741;610153.051;299.7365;-112.1380;-112.1690;
539706.281;607356.304;607355.422;521.0068;332.1487;332.1202;
590510.328;407497.397;407496.054;427.4478;-109.5819;-109.6216;
465035.322;524979.080;524983.298;142.1269;367.5842;367.5882;
486634.165;420908.539;420913.268;-170.1114;138.2422;138.2357;
308942.321;425073.381;425065.278;-35.2855;273.3920;273.5106;
480709.613;524193.122;524196.781;808.5241;369.0709;368.9848;
269750.213;497012.106;497027.548;194.1368;-327.2199;-327.1993;
547913.098;508215.820;508215.680;-224.0660;-235.8496;-235.8425;
778105.177;607402.202;607400.908;-147.1048;2.7265;2.7090;
496312.605;499383.427;499382.364;-593.6295;391.4412;391.4167;
461388.316;581434.583;581436.157;400.5486;-96.2814;-96.2811;
497364.010;541358.907;541362.451;190.4336;-172.7304;-172.7766;
405642.164;491639.692;491637.565;-15.8682;54.1731;54.1950;
454112.024;521305.177;521311.520;309.5875;450.0469;449.9851;
376729.621;579974.425;579975.837;282.2614;180.5700;180.6183;
540305.740;523491.509;523491.251;-180.8232;172.2699;172.2641;
294761.418;421920.540;421923.830;-286.5549;-139.1657;-139.1715;
437675.802;440611.781;440608.902;45.3244;-43.1977;-43.2448;
316968.726;421415.702;421425.899;75.8385;-52.2306;-52.3084;
468950.546;518823.937;518826.187;-513.8209;-453.6477;-453.6026;
494687.871;511150.475;511151.474;-878.4034;548.6792;548.9353;
359156.692;473607.506;473599.034;-168.6869;78.7351;78.6617;
412872.564;505857.725;505859.082;595.2492;71.1890;71.1679;
431602.306;512531.784;512531.934;219.6950;-95.1308;-95.1458;
695972.225;650439.805;650427.127;-105.0062;6.1436;6.1276;
414249.042;510985.919;510986.948;227.2713;274.0754;274.0159;
480128.281;543284.185;543286.085;124.9227;357.2237;357.1925;
489752.030;549535.752;549538.054;-179.1463;-78.5079;-78.6014;
265943.876;511151.961;511154.964;3.6273;220.8720;220.8841;
399343.279;623981.810;623989.414;-60.6802;254.6683;254.6654;
561407.504;525182.451;525187.179;88.2421;121.4770;121.4087;
275503.962;448278.575;448279.137;-767.5320;-318.4015;-318.4531;
191928.730;683065.858;683073.592;-558.8908;289.1577;289.1771;
496115.603;529155.323;529156.405;-946.1081;544.4046;544.6366;
451812.915;504016.635;504022.022;-267.5392;58.2225;58.2708;
573823.812;566684.498;566670.198;503.4741;-249.0341;-249.1161;
389361.420;589978.529;589977.260;-217.8961;-68.2321;-68.1943;
487094.378;529183.449;529187.152;752.4007;493.9103;493.8815;
309347.960;412404.969;412414.595;-344.4735;-291.2896;-291.3000;
470611.107;543499.383;543500.965;-404.3943;177.4905;177.5065;
469100.116;529109.280;529113.280;-140.2626;-118.5133;-118.6119;
329950.714;227708.361;227708.208;-124.6131;38.8329;38.8519;
517729.885;572808.053;572807.032;-343.5335;-36.7780;-36.8523;
442470.964;514935.407;514934.744;907.9206;97.1435;97.4701;
428444.069;525657.119;525654.768;445.4012;575.6327;575.6355;
489273.526;519376.792;519380.034;-1065.6960;-254.1473;-254.0989;
147431.432;495411.310;495399.139;-203.9079;-163.3404;-163.3470;
492137.634;508417.692;508423.762;641.0917;-861.9203;-861.7854;
491096.471;522732.269;522734.446;-378.3553;-174.7836;-174.7339;
535115.146;545545.005;545546.038;77.0822;231.0201;230.9591;
327016.372;718500.440;718499.129;64.9272;245.8446;245.8681;
437572.305;510408.860;510407.475;680.9242;237.2794;237.3174;
291992.146;523402.914;523405.377;-335.5221;-61.6296;-61.6368;
509333.661;522370.899;522375.233;727.3092;-170.3338;-170.4764;
467320.662;498245.874;498250.042;-48.2991;-110.8928;-110.8804;
473484.102;525318.760;525323.228;-118.4007;161.9787;162.0058;
470818.540;529700.562;529704.580;928.7513;79.2144;79.1172;
266652.804;558848.168;558848.446;-415.3065;73.5263;73.5001;
944195.366;496418.048;496394.705;-112.5506;-63.6111;-63.6316;
422143.622;491490.187;491483.685;117.1426;260.8217;260.8585;
508045.374;520799.644;520805.829;392.3733;299.4978;299.4621;
463348.802;517952.234;517956.828;-4.5034;184.8381;184.8150;
504668.604;542516.171;542517.590;-586.5790;264.2478;264.2752;
486191.301;514976.520;514979.999;162.2836;688.7664;688.7298;
513886.528;492449.047;492452.378;-705.9412;303.7751;303.9707;
234998.362;133074.952;133061.967;-305.1825;-113.9247;-113.9294;
509222.129;530482.788;530482.589;-886.4488;433.3186;433.3112;
905289.016;513402.434;513387.973;-121.7842;22.4916;22.4992;
517784.006;433792.172;433798.745;-285.4357;87.4571;87.4807;
481420.532;542305.545;542306.540;277.6435;394.1498;394.1258;
438099.542;512021.627;512025.038;344.9400;-489.7647;-489.6376;
544277.940;488727.807;488722.353;451.5694;410.9555;411.0437;
484987.657;520390.810;520398.882;1537.9663;-262.1784;-262.2063;
491924.397;517040.464;517044.219;435.0692;-189.2450;-189.2974;
506468.324;505727.986;505733.678;332.2662;-121.4106;-121.4487;
508760.306;533991.199;533990.284;-428.3367;72.5301;72.4791;
482483.992;526193.200;526198.315;-303.6492;56.4694;56.4547;
496441.813;530312.405;530314.540;-1004.0408;176.7480;176.9244;
522800.105;541733.475;541733.482;-185.9469;-124.5297;-124.4314;
