# This file was created for the Modelling and Simulation course, RUG (September-November 2019).
#
# Project: Simulate colliding galaxies, using Barnes-Hut algorithm.
#
# Students:
#     Stefan Evanghelides (s2895323)
#     Hidde Folkertsma (s2759799)
#
#     X         Y         Z         DX        DY        DZ
496844.323;561726.495;560794.116;217.5023;-6.1490;-5.2255;
503268.260;534199.127;533438.222;643.0191;786.7845;821.9860;
778168.724;539534.429;538766.286;-106.8835;-166.2666;-166.9295;
482579.226;551521.720;550465.575;262.7445;58.8078;97.0972;
519193.869;533221.083;533954.944;-170.4961;48.9542;51.4185;
423622.972;641153.143;638548.223;416.9910;138.7374;136.1139;
599632.945;926662.271;937482.248;-7.6945;50.5187;59.8192;
335799.198;511443.326;512125.458;318.0336;-147.1301;-140.0185;
495385.349;555787.621;553717.258;-981.6858;-868.2396;-832.8746;
513355.768;526449.171;526432.251;716.4029;352.0978;380.5716;
485457.072;543366.401;542472.658;49.0411;486.4210;471.1145;
613628.018;573432.793;574400.106;291.9382;358.0233;356.6636;
453727.308;549665.134;547330.318;98.4034;-218.8072;-204.5409;
469064.872;576171.931;573898.544;255.6271;422.9713;439.9001;
574970.200;628599.543;624201.285;-205.4488;-227.7836;-246.5565;
432487.956;476539.170;471053.034;22.1748;137.6966;137.9504;
496564.459;545355.335;544032.790;115.0991;-390.6509;-388.5658;
47971.949;608790.215;606399.214;-268.5898;-57.4318;-59.5226;
544562.982;494835.453;497586.133;-426.9664;-51.3363;0.1512;
516148.823;541513.300;541915.432;-494.9259;-174.7582;-197.2789;
437921.306;505397.587;504138.438;-587.6095;-77.7191;-98.0675;
493364.757;537285.877;536769.776;7.2377;268.7230;271.6747;
492489.020;539508.673;538991.059;-139.6678;15.5566;12.4986;
475593.839;525055.179;524004.939;356.6092;709.9231;700.4137;
455590.009;524750.121;522348.564;-42.5620;-228.5316;-241.0676;
460149.141;550992.520;548609.593;329.4066;-138.7332;-80.9480;
879923.129;143817.807;143774.624;-32.1117;18.9976;18.9145;
514749.666;561198.639;559310.612;-689.8529;-561.1134;-541.8649;
489650.343;541099.256;540213.020;657.0002;-151.2566;-90.0872;
459857.687;545808.405;544091.553;30.7813;583.8325;590.0393;
734916.858;494556.705;495108.625;105.8965;17.9297;24.6934;
485174.709;529963.565;528549.843;1012.2228;-297.6615;-277.3482;
415418.559;418270.148;412738.752;13.3080;-189.4073;-176.6597;
423532.242;560987.956;556774.040;-84.4590;220.5182;195.1948;
498823.662;544526.968;543315.430;840.4087;624.2146;634.7499;
496527.867;511268.209;510930.019;-209.8664;-104.7687;-99.7224;
474486.615;538756.200;537291.886;304.1639;-139.6013;-123.9268;
441809.513;434008.232;429959.969;-168.2351;264.3312;270.5069;
457529.846;535749.538;532458.052;697.4554;-370.4578;-298.5556;
483642.850;535744.752;534994.033;-211.1104;-222.2439;-172.3827;
446320.676;543856.395;543935.013;4.3162;-285.1459;-251.2427;
500314.805;571951.421;569282.535;243.5773;-359.5114;-362.8653;
513293.623;535956.938;536082.469;702.1102;88.0883;109.8654;
472439.956;508265.011;507580.022;585.1028;272.8498;285.5512;
602888.467;422558.168;421775.374;305.2687;-74.8601;-66.5689;
616142.184;433674.864;434615.625;324.0581;-142.4389;-127.3510;
479566.241;531379.674;529804.976;-652.0727;-432.5858;-461.2597;
451979.653;531276.192;528757.299;731.0106;-152.8016;-127.6163;
451245.603;499267.772;496797.451;-724.4601;101.2527;86.2757;
635333.631;290582.817;290311.421;88.8573;-319.9523;-328.0121;
512219.361;545620.629;544731.345;438.3925;513.9961;546.9216;
494895.761;506786.503;506317.017;-144.7015;-66.0779;-83.4324;
500460.390;537376.995;536571.461;1321.4718;536.2210;563.9086;
382449.846;582389.931;581027.446;322.5581;95.9936;120.2719;
481935.882;657383.499;656237.974;-237.5904;142.8349;128.5589;
563463.564;601984.364;602814.637;-445.4213;-160.0224;-154.8273;
493139.138;558769.366;557341.963;140.5489;454.4645;439.4887;
154165.709;671435.239;670966.884;132.6813;51.5665;51.3667;
475617.853;517420.509;515970.245;-930.9047;120.7402;127.9905;
476322.510;538410.486;537087.430;370.6673;244.4697;239.7215;
502136.543;531429.356;530840.962;209.2490;-773.3869;-743.8910;
475263.855;543786.988;542650.542;121.2682;-18.7283;-27.7793;
473870.038;548156.216;546744.275;645.6632;-852.7830;-846.5628;
502770.338;537152.848;536968.663;-447.3382;-562.2426;-576.2533;
519431.728;539534.649;540747.410;-399.1159;-367.9486;-344.0806;
430820.305;375768.223;376863.370;18.5079;220.6922;225.3384;
510260.913;502063.434;502322.870;-231.4088;-254.5722;-223.3598;
682689.418;491457.505;490532.988;-212.9636;79.5064;81.6088;
796935.153;445562.869;443635.522;441.6335;-277.3428;-308.4175;
442354.458;556531.036;554328.497;594.0825;-262.2632;-252.0474;
396000.663;488008.036;482276.954;-10.1956;-107.6392;-118.1096;
508620.335;583854.034;585501.276;112.9912;195.8551;170.2113;
560636.246;469815.133;471698.971;482.4428;-218.9557;-212.7986;
493846.769;549159.210;547877.895;1.7378;519.2837;524.5008;
495449.347;532860.296;532107.730;146.4282;291.4435;316.7333;
618947.995;420020.731;418524.937;336.1140;64.8133;82.1504;
583085.321;471785.419;475843.346;452.2690;-301.0852;-330.9995;
473733.352;541370.348;539402.932;287.5699;-117.1669;-123.4590;
465523.425;537076.873;535163.814;347.6224;11.3070;4.3062;
496012.361;547878.856;547580.965;-971.3929;-179.4550;-393.1793;
493815.756;531356.325;530280.675;129.7610;-225.0691;-237.0323;
509074.428;537731.854;537005.682;-28.4955;-217.0026;-222.3323;
483394.935;553411.051;552066.189;182.9789;-445.2069;-469.5503;
559193.027;591794.781;592659.875;245.3645;170.1766;185.1813;
487505.629;530029.880;529726.963;112.9648;-888.5732;-825.0020;
394435.942;247528.493;234468.543;112.2610;-165.1738;-172.2687;
476101.502;535312.128;533951.778;869.6079;-121.2759;-75.6322;
772499.774;617318.124;616071.593;25.6646;-54.9052;-55.4764;
946001.415;624229.461;622822.972;-14.2607;-59.8071;-60.8322;
554720.447;481640.931;478702.127;-155.1399;434.6392;436.9608;
469647.554;566153.678;564217.875;-969.7616;86.1110;88.1836;
432701.501;586030.329;583734.687;369.2479;155.3304;151.2945;
437413.738;502446.276;499883.822;-222.8662;199.0809;191.8305;
722353.788;632598.892;635410.395;293.6887;-19.5506;-19.1732;
461531.627;541344.028;539259.112;-726.8173;-64.3090;-84.5189;
595682.486;515736.932;517596.682;-360.9000;52.4545;75.8597;
492768.310;533183.442;532851.542;286.4697;442.6263;444.8496;
481495.516;554619.596;553732.809;832.4282;-527.5862;-558.5175;
559217.694;440204.924;443762.842;-129.9128;-244.4458;-231.5988;
908288.982;724687.130;722008.883;-26.8946;-33.7915;-34.2593;
503542.129;564459.513;563839.110;60.7723;283.5106;299.2238;
493588.679;543579.339;542749.100;-517.6477;-149.2032;-198.5561;
505822.251;557600.514;557823.468;-658.2464;162.9892;137.2872;
514924.022;552199.015;552399.970;-467.2363;491.6456;477.0950;
457522.712;542509.566;540399.681;796.3683;27.9152;51.8999;
487606.825;547176.263;545217.972;404.1106;-97.4731;-82.3362;
441371.999;250837.572;249026.458;21.0593;48.6323;47.2032;
434414.271;533165.788;530945.093;218.3324;10.7088;21.8661;
394604.521;530542.234;524309.944;-87.3627;201.4064;174.2178;
906226.635;391510.481;373776.442;106.7699;-137.5208;-150.6492;
335160.094;447410.869;444061.392;-183.2354;99.6693;93.7729;
482657.630;545590.233;544261.182;448.9240;-474.1771;-472.5342;
512157.019;539612.042;539116.034;329.4607;-713.2694;-694.6356;
500996.019;553289.493;551562.522;305.5340;-20.4035;-2.6540;
901261.552;929488.018;923896.969;241.0135;72.1249;65.8838;
418810.031;448408.707;448995.181;270.8157;22.8014;17.4958;
475029.016;520306.242;517641.208;-1289.8907;89.0801;-87.2775;
510194.415;503731.641;505365.806;-308.0503;399.9431;411.7698;
499736.530;547768.318;547051.815;-389.1782;-661.7544;-663.8543;
375963.731;403095.298;395402.125;-8.9445;229.6131;226.1328;
474109.400;546728.869;545577.159;-241.9450;-3.7297;-36.9924;
491839.958;538428.973;537261.390;-164.4520;465.9868;460.2938;
379831.958;612781.707;611249.804;130.7499;-201.4738;-212.9593;
481700.850;542062.233;540966.472;11.3971;-122.1516;-135.8858;
525733.884;546280.990;546689.827;-472.1332;449.4527;444.1472;
458857.171;540579.552;538116.037;63.8310;537.4092;508.4092;
822036.014;463132.359;456134.398;47.6511;-61.8088;-64.9026;
452571.055;462251.198;451111.219;-578.0732;143.9483;65.6121;
488420.455;533914.973;532830.485;5.1599;225.2069;234.2095;
536677.426;505567.647;507301.637;-287.4820;435.5124;408.9204;
555699.328;519324.172;523411.359;-116.7032;-17.4738;-8.3785;
481266.106;542789.428;541889.246;63.8769;342.5978;343.6539;
521508.889;517861.627;519993.688;-667.8198;402.2378;355.8927;
512714.740;507595.803;506869.645;581.2199;-398.9586;-420.3979;
383484.725;606465.377;607114.037;270.6284;-69.0226;-35.9739;
489428.000;530023.414;529221.432;418.0342;460.0894;464.9321;
490522.184;540565.147;540099.996;-72.5802;249.1684;255.7710;
483234.237;544168.502;542985.953;-643.4930;-432.8511;-410.9879;
471365.504;551804.788;550467.905;-488.5875;-145.5267;-178.9767;
494876.817;522253.465;521955.467;-728.4171;-315.1024;-343.2157;
456286.102;552980.676;550524.425;-291.7961;-473.2350;-512.9055;
518905.528;544614.000;544744.603;-455.8511;376.7330;395.6473;
429325.604;552745.425;548457.932;-402.6048;222.8839;210.7301;
492049.743;509705.416;508958.255;106.3934;-295.6678;-308.3223;
608844.454;564934.876;568466.172;-513.3569;173.3755;162.9013;
488871.069;551056.936;550347.980;-406.6512;635.1573;551.9554;
588890.358;484899.196;485445.092;323.3928;59.6844;68.7383;
463455.924;539170.097;536938.261;250.3978;-292.0955;-303.9096;
493557.481;550537.146;550218.554;-204.6561;286.1558;278.4695;
492298.178;571953.674;569497.444;401.3256;60.1031;45.0382;
468186.186;528754.893;526669.440;69.8323;24.4136;29.9316;
