# This file was created for the Modelling and Simulation course, RUG (September-November 2019).
#
# Project: Simulate colliding galaxies, using Barnes-Hut algorithm.
#
# Students:
#     Stefan Evanghelides (s2895323)
#     Hidde Folkertsma (s2759799)
#
#     X         Y         Z         DX        DY        DZ
449627.538;554057.142;554153.287;-32.6183;75.4236;75.7151;
462687.359;530760.436;530393.309;-631.6270;-128.4135;-131.0755;
809424.838;736845.380;736777.192;28.6663;-115.9935;-116.1619;
502198.291;541825.543;541798.498;-301.7946;-413.7339;-420.6254;
483298.815;518907.350;518773.613;-71.4816;35.9010;31.4463;
551166.430;564253.467;563846.849;157.1892;698.0296;694.9989;
463769.780;401094.228;399168.588;-356.9255;-51.4106;-53.7646;
587796.692;754333.319;752862.406;60.0467;267.7942;269.6190;
491984.796;503904.740;503812.351;711.9031;-200.4138;-201.2257;
194801.044;524802.211;523146.043;-7.4078;-59.3437;-62.7621;
902824.809;590441.730;587368.725;418.5321;27.4747;21.7310;
477787.673;541775.962;541674.806;556.9133;664.8472;666.8196;
467994.524;543019.208;542893.764;-272.7345;178.2508;170.7823;
296346.294;452832.667;451427.070;397.0606;-118.1708;-120.7839;
100164.254;494531.991;493928.915;-332.1457;-29.2046;-32.3380;
461319.444;546644.009;546568.980;-547.7846;-720.4194;-716.5521;
454243.505;568516.744;568483.862;-265.8106;73.1829;70.9043;
220563.594;465099.065;463952.187;110.8736;23.1604;26.4673;
438873.537;552704.810;552194.977;-755.2549;296.4585;328.4839;
446725.803;544288.708;544324.760;428.0077;-312.4986;-311.7520;
542115.315;533996.519;533631.363;-39.8840;508.8762;512.0185;
428974.675;534550.656;534209.370;871.5058;35.9278;47.1629;
468606.469;529134.036;528750.911;-134.8707;454.1700;456.2693;
644901.926;581333.588;578364.747;257.5827;-70.2623;-78.6229;
465431.982;548336.734;548303.274;532.3290;399.5869;388.5130;
466593.800;536361.753;536041.176;-653.3623;186.7960;183.6395;
482672.488;544506.273;544398.083;-44.2549;313.0979;308.3188;
430798.473;567439.025;567625.575;-439.8860;-85.3995;-80.1884;
472344.061;529142.903;528842.141;184.3130;-340.4144;-337.4447;
904060.475;137473.030;137486.654;-3.6375;-8.8485;-8.8696;
582912.699;416429.876;413588.135;74.0229;150.9893;154.1132;
467269.925;543349.611;543286.674;60.7011;269.6164;271.6890;
489309.679;547861.976;547798.889;-259.9705;-721.2734;-726.7671;
506083.483;502695.665;501567.461;-628.2376;126.2208;123.3914;
467763.364;543537.609;543374.733;-194.7252;204.9016;210.5707;
378253.136;489749.385;489875.948;510.6202;262.3692;262.7957;
467291.530;529875.068;529603.643;687.4704;56.4985;52.4415;
460020.747;544705.217;544760.922;-204.4967;285.5211;297.6110;
506398.920;557746.474;557679.933;100.6772;23.1825;25.9273;
478970.446;523765.934;523463.562;-112.9874;0.0988;-4.1346;
302215.870;525963.852;524130.898;354.9481;217.8769;217.9913;
487450.001;548746.862;548617.788;-244.3552;21.1686;27.0635;
506661.301;518867.621;518948.900;-948.5592;-169.6786;-242.8865;
428425.996;602956.252;602416.286;-183.5207;-143.4436;-143.7971;
519364.346;547925.795;547476.865;-416.4875;-208.7607;-211.8332;
447844.132;522350.207;522452.698;-197.9066;-152.2364;-152.3030;
633965.432;368876.766;368772.670;-217.3229;250.7141;250.2707;
465849.089;518452.811;518278.892;786.5472;50.1261;42.7029;
652179.126;695484.958;694018.380;-192.6984;-61.0251;-60.2508;
568715.425;623209.607;621062.847;54.9937;118.1521;112.5847;
471304.075;561879.710;561679.577;889.1480;-299.9793;-287.7317;
469265.910;534380.668;534216.549;517.6651;-533.3517;-532.9187;
500041.712;569460.620;570466.291;1018.4173;137.4734;143.6886;
186448.709;437105.006;437536.005;-5.0156;121.9521;123.8492;
494750.534;552847.635;553077.204;-223.3871;-166.5697;-147.5972;
484451.671;530313.065;530513.469;1044.0737;355.8557;358.9076;
472895.420;548012.138;547933.039;-912.6731;-199.5599;-190.7267;
516989.605;682129.160;681280.100;106.0962;8.4925;3.6834;
510091.214;545909.782;545580.808;-139.9727;529.8707;524.6554;
882917.035;663431.757;662963.930;-140.2042;1.8324;1.5782;
467231.667;530878.877;530713.220;180.4646;-785.7963;-795.4990;
37890.749;576956.392;576687.821;38.3715;81.5376;81.4138;
524844.518;538895.455;538801.386;-430.7069;-133.3714;-139.0826;
532686.210;562574.384;561982.767;-43.4430;332.5878;330.1003;
481564.613;530376.777;530260.486;-681.4094;-634.7803;-639.7514;
56862.578;23847.947;22841.346;-16.2456;-76.1489;-76.2924;
471696.064;534504.281;534619.778;-721.0686;-201.8819;-202.1046;
479636.421;534379.405;534608.690;1024.6753;-545.9431;-533.5173;
481130.839;516546.226;516616.865;135.0211;120.3821;121.5470;
520538.200;514596.326;514698.745;-249.9085;-352.8012;-341.6799;
430537.683;302891.997;298196.939;-34.6070;-62.0650;-64.5090;
484029.157;549445.390;549233.010;-436.5214;241.0289;237.3918;
824480.776;479025.460;476596.239;-20.1527;-27.2554;-27.6084;
338857.429;535803.873;535202.176;-54.1962;348.1631;343.4438;
425744.944;580235.379;578928.469;155.7105;-158.0765;-155.1712;
642528.272;435190.380;434259.685;57.1107;56.6136;56.3734;
465263.297;563238.879;563232.376;226.4657;30.4052;27.2714;
488175.428;462752.884;462529.116;-75.3631;-143.3044;-144.7194;
483739.177;535920.620;535809.996;309.8707;-294.1143;-294.9419;
480577.578;542739.801;542597.846;322.8397;264.8170;269.3986;
472840.144;559045.606;558972.669;-575.5657;-560.3891;-567.9418;
389995.628;580851.156;580700.651;-441.1905;282.7695;282.8746;
419689.554;517289.191;517377.996;-361.1404;24.1399;13.7376;
463065.317;537914.035;537693.943;444.6905;11.4420;11.0212;
388123.479;545521.893;543462.290;-424.0371;-266.9624;-283.2398;
457698.307;530822.111;530546.138;147.2279;-155.7365;-162.7349;
470099.365;555054.381;554900.195;32.3819;-699.5139;-698.3228;
480412.632;525305.003;525075.220;-551.0747;-200.2941;-201.9162;
449758.410;564967.004;563990.194;-154.8310;497.3725;470.4835;
437211.921;525637.551;525461.356;-229.4911;546.1979;525.8710;
651090.544;513989.457;513650.218;-231.0863;205.3036;206.4803;
448414.570;538768.164;538568.457;104.4714;-140.3787;-139.8963;
655865.293;666734.634;666680.318;146.1899;-9.3805;-10.2823;
831743.065;650962.766;650284.300;212.1913;-9.1815;-9.9626;
481457.111;492760.951;493011.793;-311.3081;-141.9578;-133.3291;
485238.302;487830.880;487652.271;894.4526;91.9191;93.2155;
573144.888;559836.422;559326.200;-199.7797;-320.5748;-322.8964;
368415.612;509160.133;509492.649;-507.4826;-201.2769;-202.4283;
493844.136;535418.878;535366.652;-112.4359;-942.8320;-938.1517;
644940.996;460584.420;459734.143;-125.8537;-82.0022;-84.3157;
477716.132;568504.620;568164.941;844.3841;-123.6513;-114.0167;
841222.317;472689.795;472555.744;-94.4573;18.9763;18.0052;
530825.971;536795.542;536642.289;119.8861;271.6773;277.3240;
502882.936;543690.778;543725.617;376.7619;-323.6580;-319.8425;
447513.929;584694.852;583889.987;405.0582;0.5318;-1.5058;
860235.787;723113.546;721599.196;107.4791;43.3847;41.9396;
462743.069;543277.395;543579.574;-862.3811;117.4864;118.7630;
465439.911;553431.466;553136.135;105.9806;-458.5895;-465.1982;
478733.096;537002.720;536939.826;1144.2681;709.2747;708.3511;
483372.301;543424.576;543391.418;469.2754;-379.7173;-378.3436;
469893.346;524649.113;524314.583;-57.8518;158.9868;161.9484;
416959.510;538981.997;538712.618;-150.8076;-114.1291;-116.6441;
414655.728;227826.742;226897.716;14.0350;-13.7304;-14.2019;
432588.422;544883.771;544812.209;89.1684;401.2168;393.7500;
425913.239;553656.439;553147.674;61.4841;-78.4158;-82.4955;
279203.359;449174.878;448025.273;354.9444;252.5271;246.7926;
229145.019;556042.201;554772.545;309.9550;136.5455;141.9968;
494302.240;535561.955;535429.004;414.8217;-324.9637;-323.5039;
429374.139;559521.285;560025.713;89.9266;-14.3818;-17.9743;
488979.818;553119.687;553208.740;242.0347;34.0144;22.5568;
504033.606;762359.777;763364.780;326.4804;190.5287;193.9727;
446950.144;557673.314;557938.032;-676.4450;-18.1072;-20.5741;
524922.577;536296.458;536535.272;1009.0743;-397.5368;-382.6576;
448638.784;542059.518;541859.539;593.4416;-51.4582;-49.1243;
465239.439;527776.129;527536.805;920.7378;-303.0946;-296.2769;
499595.760;262731.420;261127.241;-90.4933;-4.2044;-4.5775;
460191.633;538891.023;538654.181;307.6296;-227.7248;-229.6127;
461737.753;521194.093;521468.515;526.8491;-35.9156;-26.8237;
443281.632;539649.841;539794.254;868.8269;592.1091;571.9948;
467672.405;541118.344;540953.127;-538.4408;-572.9747;-570.9411;
52087.039;505356.140;504131.642;-352.3247;-202.1976;-203.9019;
474588.191;556472.175;556536.863;247.1794;-658.7608;-656.3898;
463283.730;544151.244;543903.127;-875.6310;-330.6439;-331.5840;
455022.090;545318.218;545512.599;800.1835;556.0047;549.8172;
487415.847;481997.572;481399.004;-909.1114;-162.0814;-124.8617;
469069.386;535252.324;535136.295;-1219.5775;-149.1266;-156.1158;
441951.424;509739.452;509551.486;329.4796;362.6474;373.6314;
486393.595;543043.283;542881.386;133.2016;121.7365;133.7117;
449133.316;536354.340;536111.430;-189.3876;239.0801;239.1249;
532506.204;516366.414;515525.057;-274.4906;-5.6175;-17.6527;
527772.582;558309.321;557839.970;-335.4383;323.9250;333.3338;
492148.559;535992.305;536009.920;1115.1347;-730.6498;-722.0301;
460792.297;506220.412;505563.278;357.5790;117.4898;116.9713;
478984.975;529279.172;529164.093;-67.9682;-222.0461;-222.9683;
470856.916;537194.683;537017.320;-1179.1820;125.3657;122.0483;
505586.356;553897.898;553686.855;-226.3732;377.0358;384.7814;
454446.236;565329.591;565695.919;-851.4552;551.3000;563.9646;
392524.895;530556.275;529532.280;-61.0536;-194.4466;-204.3972;
405292.763;575483.460;574926.096;-157.1496;-363.1525;-372.3471;
814987.301;684173.304;684242.669;170.2947;-32.2529;-33.2405;
456182.703;539890.620;539877.106;-504.3972;372.3543;366.1780;
471746.877;539397.059;539199.008;1102.8965;-61.5262;-56.0432;
392037.732;517332.208;515787.671;949.7432;-45.2969;-33.8336;
525031.857;533361.889;532921.526;-688.2727;323.1255;346.6516;
530189.942;555761.932;555083.057;-494.1157;370.4981;385.2839;
475676.179;545781.853;545797.894;-975.4616;-211.1845;-204.7507;
29433.124;329749.254;330411.993;-277.8852;-127.6723;-124.3805;
467024.581;539786.370;539559.703;-544.3257;566.9904;566.0370;
472774.240;533990.721;533719.891;672.9561;494.5659;492.2355;
479778.826;531354.309;531083.039;-327.9270;225.3506;215.0673;
