# This file was created for the Modelling and Simulation course, RUG (September-November 2019).
#
# Project: Simulate colliding galaxies, using Barnes-Hut algorithm.
#
# Students:
#     Stefan Evanghelides (s2895323)
#     Hidde Folkertsma (s2759799)
#
#     X         Y         Z         DX        DY        DZ
138064.198;564269.336;564271.841;-9.7484;35.1894;35.1839;
179733.067;597722.932;597726.813;66.8621;-223.6332;-223.6061;
243530.290;626206.380;626205.650;76.2306;215.9469;215.9413;
236565.924;402839.154;402841.089;-49.8149;-139.5468;-139.5408;
143943.316;646688.538;646698.278;11.2437;114.2761;114.3086;
221800.610;498034.845;498035.797;-751.6658;622.3703;622.4056;
184845.629;513821.565;513822.886;-197.8800;76.2453;76.2336;
235147.081;576073.231;576075.143;-102.0244;-3.3491;-3.3450;
240203.156;516592.335;516593.212;101.9434;-262.9110;-262.9057;
222238.105;480002.379;480003.233;326.3540;-393.3051;-393.2872;
162251.645;500178.998;500180.791;-328.6045;256.9740;256.9902;
204840.163;527529.204;527530.701;130.6795;468.4872;468.5073;
202701.333;494005.252;494006.807;486.3973;126.6690;126.6490;
226321.626;486779.080;486780.013;-624.4281;-359.9844;-359.9685;
239492.414;513182.642;513183.124;750.2892;239.2868;239.2634;
161159.325;494100.257;494102.842;-39.9725;-10.4708;-10.4664;
236876.188;496405.178;496405.351;-32.4738;248.5531;248.5716;
223038.032;502666.838;502668.332;154.6674;-625.2663;-625.2854;
283242.575;361623.402;361617.336;39.9873;-67.0418;-67.0669;
230221.389;497101.982;497102.649;-882.1325;-285.2712;-285.2404;
189426.771;284745.462;284741.629;-18.2353;-186.1968;-186.1998;
223057.600;495310.892;495311.393;-268.0009;39.5274;39.5555;
226350.010;502792.732;502793.859;-40.2721;-375.2885;-375.2944;
223847.786;515444.932;515445.977;159.2187;464.4372;464.4342;
258889.805;479907.236;479907.804;550.7563;170.8895;170.8812;
205453.466;392676.291;392669.410;-63.3229;58.2148;58.1985;
215188.193;532455.291;532457.514;-243.4901;196.0541;196.0525;
179859.175;543659.266;543657.973;-173.9531;177.3622;177.3496;
230890.457;506383.406;506383.916;698.8139;38.2729;38.2761;
224336.230;511473.882;511475.111;718.8899;-9.2329;-9.2208;
245817.875;494280.354;494280.826;220.9017;-140.5627;-140.5666;
235538.198;494661.913;494662.367;436.9823;284.7203;284.7185;
292873.292;508786.710;508784.587;-181.2049;138.5686;138.5653;
227618.914;503512.356;503512.987;-181.3316;-362.6872;-362.6976;
230564.313;495966.663;495967.450;-425.4687;532.0275;532.0556;
231336.258;491458.345;491458.579;-101.0700;314.3025;314.3071;
217526.286;493967.422;493967.784;-580.0928;-181.8695;-181.8663;
192429.456;436277.293;436280.711;-13.9120;97.7499;97.7470;
187070.802;514599.994;514601.943;332.7485;-22.8863;-22.9008;
199972.137;458998.335;459000.936;270.6639;73.6754;73.6770;
225965.524;491910.972;491912.341;368.6180;200.2813;200.2735;
191499.624;526410.810;526412.314;-125.8493;27.6603;27.6902;
229392.770;494425.221;494426.150;-494.4880;119.5012;119.5136;
253752.874;492443.031;492442.806;91.8742;-92.2753;-92.2903;
179640.515;597055.925;597058.513;51.8214;-101.2764;-101.3228;
172516.354;488387.233;488388.827;71.3889;219.6368;219.6368;
227130.105;495426.671;495427.205;107.4017;-77.5510;-77.5554;
300098.242;612492.212;612493.215;102.7477;65.4348;65.4306;
244756.193;507223.195;507224.199;-581.0041;-101.3297;-101.3046;
223794.600;506554.261;506555.104;448.1756;-64.1114;-64.1133;
165554.824;503545.159;503547.495;-94.0858;-146.2072;-146.2092;
228292.086;509074.333;509075.725;778.0041;-411.2669;-411.2641;
36080.445;578301.080;578302.559;-192.6172;148.8066;148.8147;
250549.097;487092.577;487093.164;-506.7781;-517.4196;-517.4267;
206316.139;513234.436;513235.758;291.6409;-433.8272;-433.8832;
232917.710;496265.407;496266.169;325.8777;642.9047;642.8789;
278270.118;477111.380;477110.928;-86.5199;118.3651;118.3708;
180819.336;603527.156;603527.626;99.7465;-135.0466;-135.0624;
302691.699;609781.675;609780.476;246.4150;66.9116;66.9148;
224469.767;500998.911;500999.745;89.0244;781.8815;781.9055;
204209.183;520303.161;520304.061;249.8922;-165.1613;-165.2143;
231148.433;521897.211;521897.762;125.3401;-226.4757;-226.4787;
232633.565;503597.982;503598.979;273.9051;-3.4042;-3.4022;
208024.650;524841.998;524843.343;272.0351;-101.6941;-101.7012;
219994.137;509303.160;509303.897;-458.3807;3.8336;3.8275;
229899.324;505364.395;505365.325;1142.7134;-130.0813;-130.1119;
286011.466;508238.767;508237.021;-262.3297;-129.5263;-129.5157;
214957.410;522741.209;522742.152;326.8394;-128.2752;-128.2725;
195283.922;515787.974;515789.375;83.5917;-11.3318;-11.3310;
225831.150;495013.043;495013.190;237.8558;290.8337;290.8183;
224156.217;502986.063;502986.496;421.3787;399.3201;399.3208;
160715.510;446597.890;446600.066;-96.1626;-41.6149;-41.6181;
261239.014;470815.755;470816.258;300.0680;43.4441;43.4414;
333695.453;433955.865;433955.899;154.1289;4.8429;4.8450;
248722.619;497504.022;497504.869;16.8120;-96.2632;-96.2696;
156574.883;536278.865;536282.331;224.2272;-204.7432;-204.7340;
179901.950;522342.739;522342.885;346.0453;-72.9702;-72.9642;
211205.081;484141.239;484142.015;300.7541;-294.8224;-294.8180;
199584.233;488490.149;488491.188;196.2392;-106.6399;-106.6389;
257089.763;467420.197;467418.950;190.3051;240.1778;240.1833;
215479.310;513428.763;513429.722;-15.7302;-348.4406;-348.4656;
243592.629;491197.048;491197.106;-160.7649;33.9798;33.9906;
249719.088;503861.694;503862.125;537.7682;351.9849;351.9582;
231288.402;499430.401;499430.747;-75.4171;178.5245;178.5391;
310432.796;474043.416;474043.938;373.8912;232.6387;232.6552;
251559.490;477521.960;477522.425;519.3301;-75.1878;-75.1944;
222328.921;489144.927;489145.294;-960.8924;-529.3043;-529.3052;
221428.325;498326.510;498327.541;38.8790;96.3582;96.3642;
249847.774;481133.086;481132.748;206.1112;8.6506;8.6645;
224692.798;507542.422;507543.621;-52.2819;384.5344;384.5170;
249006.652;467287.508;467287.552;60.6815;-41.6583;-41.6736;
223626.331;485643.126;485643.167;260.5855;-37.8168;-37.8139;
204997.882;492140.308;492142.794;416.2091;-528.7116;-528.6819;
184998.258;538913.587;538915.361;-59.5201;-51.0216;-51.0013;
212244.141;503493.396;503494.424;-333.5887;271.4806;271.5189;
339829.017;369641.820;369647.096;159.7059;-20.2458;-20.2228;
229375.940;496065.912;496066.807;-608.2057;-180.0164;-180.0085;
274473.002;458488.882;458487.412;47.5581;171.3862;171.3935;
236551.354;596185.142;596185.046;30.2659;138.1537;138.1596;
302276.341;478778.277;478780.271;333.3580;58.7747;58.7728;
738500.027;500673.638;500674.424;64.3148;195.4225;195.4121;
723524.082;498075.203;498075.799;-400.4936;-374.5549;-374.5381;
807752.190;524111.826;524110.662;584.1132;146.2712;146.2424;
770103.775;499376.976;499376.615;-188.3203;-194.9494;-194.9373;
730474.457;491405.562;491405.185;134.4406;25.9276;25.9083;
772555.893;521325.816;521325.254;-375.0521;286.9610;286.9213;
755645.684;500754.908;500754.837;683.7434;130.0726;130.1062;
753126.563;471244.546;471245.192;458.3519;-201.9140;-201.9077;
751789.569;510132.574;510132.528;-931.3772;-18.5393;-18.5336;
702558.070;510474.326;510473.972;-126.6209;358.3758;358.3822;
850781.655;610874.905;610870.747;18.5058;60.3988;60.3986;
780774.783;509860.282;509860.756;62.0929;819.0511;819.0232;
742370.553;499131.915;499132.287;104.6048;-224.7797;-224.7663;
764702.877;524698.872;524698.482;311.9034;-305.1898;-305.1871;
737615.616;498405.652;498406.568;-871.7269;-156.1279;-156.1125;
756125.568;522753.406;522752.327;503.6985;226.3004;226.3101;
771430.663;538248.673;538247.313;-185.9871;-357.7872;-357.8577;
773856.629;508627.174;508626.734;-238.3370;-247.7686;-247.7760;
871047.232;542802.968;542799.859;280.8064;-53.4645;-53.4681;
726491.432;496851.842;496851.381;373.3361;315.1484;315.1845;
836992.074;501050.642;501050.270;-107.6949;240.5702;240.5803;
770083.842;521421.518;521421.007;-563.5486;-584.0904;-584.0164;
776705.466;534770.429;534767.332;-334.0962;-157.4868;-157.4709;
656538.855;398477.964;398476.143;-278.4706;-170.6411;-170.6707;
769352.028;501256.957;501256.714;-454.9048;256.9901;256.9750;
883412.464;382604.399;382604.901;-83.2142;-2.3564;-2.3576;
683889.566;435619.016;435617.942;-12.3532;33.8874;33.8907;
801868.962;480368.156;480368.241;-64.4012;120.1549;120.1523;
792517.074;530266.442;530264.839;603.4405;110.9266;110.8911;
881379.856;422960.695;422960.011;-102.9403;-23.9708;-23.9720;
758128.067;526562.596;526562.001;95.4278;60.6786;60.6769;
788473.045;537004.568;537004.633;163.4725;154.3627;154.3656;
781714.797;515458.903;515458.454;-966.3671;135.0394;135.0079;
697363.079;492302.587;492302.922;149.6320;-52.4240;-52.4363;
781805.080;510345.690;510345.857;-21.4070;51.8751;51.8577;
784036.932;518179.047;518178.116;-256.1323;120.6529;120.6398;
742761.177;466995.409;466996.077;231.4233;142.2927;142.2953;
761840.523;501728.531;501727.314;-354.0309;517.8300;517.8387;
759431.692;515730.857;515730.211;196.2731;-102.8694;-102.8398;
756268.768;523895.342;523894.552;-871.4222;-438.8714;-438.8285;
790136.280;458083.807;458085.445;-77.7093;-90.5103;-90.5137;
775353.271;496534.070;496534.326;46.2902;-83.0248;-83.0262;
752287.722;480994.488;480994.700;-208.5065;-14.1358;-14.1335;
730292.412;449502.822;449502.607;-64.2709;-19.8853;-19.8860;
834186.501;578180.059;578176.253;-2.7869;-149.0635;-149.0516;
773980.348;508140.981;508141.106;604.6797;-344.1244;-344.0978;
742437.341;513221.156;513220.925;-752.4301;144.0740;144.0798;
831611.356;606022.426;606016.480;-32.3511;-7.9740;-7.9535;
752893.450;499405.541;499405.375;-440.9255;137.1966;137.1937;
761506.070;511029.332;511029.185;141.6235;208.7621;208.7460;
692836.043;575527.521;575525.434;-74.4551;-57.2196;-57.2178;
658355.155;353636.608;353636.552;-81.3611;-18.7448;-18.7380;
765950.199;511382.294;511381.748;-509.9097;-396.4159;-396.4265;
751572.804;519059.455;519058.226;-296.0185;-347.5435;-347.5306;
788287.119;531844.320;531844.161;406.7916;469.0769;469.0643;
740982.094;452031.388;452031.793;-187.3292;-191.9388;-191.9324;
763667.841;513938.391;513938.117;524.6791;-589.7089;-589.6985;
760757.001;524271.065;524269.908;-318.7053;-386.7530;-386.7287;
735226.295;500828.522;500826.992;207.9615;215.0358;215.0309;
756889.620;522938.823;522938.087;-269.5942;109.1427;109.1483;
644211.601;323413.832;323411.466;-186.8736;-166.4834;-166.4924;
755990.319;517639.491;517639.311;-615.3133;-292.3984;-292.3935;
719499.228;496845.357;496846.323;-186.9627;-102.3419;-102.3615;
742462.605;511491.428;511491.175;-198.0131;306.4804;306.4682;
757445.922;524897.505;524896.490;-305.9719;-208.4640;-208.4496;
726943.741;399965.015;399964.253;-143.9688;97.7628;97.7698;
771135.886;548277.158;548275.363;-310.4059;-103.7431;-103.7509;
791997.895;528731.868;528730.559;-121.2544;-633.1576;-633.1339;
778182.990;514338.008;514337.606;-407.5928;-161.8091;-161.8070;
757368.065;502418.138;502418.200;-773.9947;562.5911;562.5995;
759104.822;504977.380;504976.967;153.8152;391.3098;391.2909;
588093.912;472353.621;472354.710;-9.9248;107.0874;107.0840;
784439.293;520599.297;520598.451;9.0152;-456.1080;-456.0990;
773166.094;511592.314;511591.918;-155.9144;-304.5123;-304.5066;
834115.662;596012.004;596008.967;-302.2017;-82.7732;-82.7949;
764009.177;518223.483;518223.465;650.4278;84.4885;84.4381;
874862.997;459269.705;459269.992;-63.7678;-43.0158;-43.0069;
742606.185;577375.084;577374.512;144.6570;-246.2891;-246.2885;
766752.261;530548.320;530548.357;444.1468;438.0497;438.0378;
752454.052;526805.086;526804.440;141.3905;-241.1700;-241.1752;
734469.640;510357.540;510356.831;112.4461;-161.9544;-161.9661;
769011.220;528175.365;528174.566;12.7417;-624.3361;-624.2788;
759648.776;520068.846;520068.088;319.9701;-240.4646;-240.4486;
738907.667;465021.539;465023.192;104.2860;345.3290;345.3115;
852217.869;597440.381;597439.168;-168.9421;-81.9137;-81.9119;
786152.823;506883.288;506883.228;-96.5421;493.6552;493.6411;
737887.153;507771.283;507770.682;599.4475;489.6966;489.7079;
720075.681;484648.134;484648.192;-191.1358;-25.4367;-25.4493;
762104.631;531456.846;531455.929;-569.8800;342.7934;342.7718;
854588.867;622626.971;622626.637;-163.3380;13.7735;13.7679;
874957.530;443262.164;443261.767;-135.9405;51.8487;51.8505;
749873.354;511991.276;511991.438;-936.4325;434.9920;434.9746;
754311.430;512566.448;512565.756;67.3631;105.3434;105.3574;
771087.809;516264.333;516264.143;-352.9498;346.8591;346.7949;
785317.595;552381.241;552380.210;292.0487;382.0590;382.0640;
782465.544;519264.816;519264.709;-119.6294;72.4616;72.4546;
764946.331;518175.049;518174.895;289.9694;-230.4100;-230.4308;
752073.261;510870.366;510870.296;1098.3698;214.1162;214.1412;
711600.911;485552.148;485552.722;-186.7569;40.1697;40.1527;
