# This file was created for the Modelling and Simulation course, RUG (September-November 2019).
#
# Project: Simulate colliding galaxies, using Barnes-Hut algorithm.
#
# Students:
#     Stefan Evanghelides (s2895323)
#     Hidde Folkertsma (s2759799)
#
#     X         Y         Z         DX        DY        DZ
286283.296;527184.935;527183.022;450.1062;-162.1938;-162.1719;
340953.825;519317.224;519316.510;-1099.1791;-126.4598;-126.4225;
321517.268;775908.924;775904.429;92.0196;118.1284;118.1255;
203749.334;323749.729;323753.830;-10.3168;-46.9541;-46.9530;
246142.409;639161.756;639187.684;219.6263;-133.0602;-133.0705;
304721.412;516697.843;516698.294;157.5553;282.7697;282.7158;
294582.647;500987.346;500986.199;365.0016;-8.5770;-8.5483;
500367.979;418917.364;418926.428;484.5485;13.7248;13.7220;
318947.645;518954.546;518954.644;301.5243;239.1985;239.1888;
342779.951;479282.237;479284.377;284.6653;209.6915;209.6592;
488638.429;383446.913;383442.713;310.4251;17.3334;17.3332;
354797.495;426135.908;426132.250;234.3222;113.1020;113.0512;
325058.089;510089.083;510090.300;126.6902;-296.1013;-296.1247;
424431.161;505728.043;505726.107;140.1942;273.8880;273.8914;
327628.034;500506.352;500506.628;1075.9816;-193.8351;-193.8403;
414439.610;516979.283;516977.220;384.8072;177.2799;177.2288;
337836.060;540902.076;540904.074;0.7180;-137.1373;-137.1498;
350605.368;515460.402;515461.742;879.9039;7.1332;7.1129;
331330.261;484373.468;484378.155;124.2834;571.3004;571.4023;
356606.799;515635.878;515637.700;165.1370;650.3234;650.2807;
206656.241;169649.009;169643.514;50.3627;-69.2517;-69.2525;
343033.360;490535.431;490535.852;498.2825;-246.7566;-246.7390;
327565.651;511905.068;511906.367;40.4814;38.2681;38.2448;
366002.789;515132.636;515133.069;19.7925;94.6923;94.6891;
358975.968;514947.298;514949.014;952.2784;4.2631;4.3024;
335394.525;480903.826;480909.971;-354.6778;37.2491;37.2870;
352819.957;518471.725;518473.349;591.1755;-46.9870;-47.0137;
230048.289;541485.044;541485.973;255.6527;-116.5806;-116.5914;
318223.717;509999.918;510000.906;594.1715;-265.3862;-265.3709;
328235.724;516832.398;516833.778;-54.9718;378.3906;378.3987;
333332.418;512250.488;512252.913;663.1012;-57.5960;-57.5628;
339297.603;514286.054;514287.201;336.8421;-253.8897;-253.8753;
341093.106;510277.951;510279.342;-834.4913;-82.1771;-82.0814;
342416.253;515690.953;515692.156;313.0150;66.5762;66.5378;
329451.863;513994.173;513994.305;1050.1363;213.0188;213.0320;
344093.415;511367.305;511367.950;-116.3611;116.8494;116.8438;
339389.927;517201.218;517202.116;379.7748;12.9504;12.9149;
357145.333;478445.162;478445.731;-112.4649;51.5446;51.5472;
297360.965;548447.403;548449.576;73.8712;279.8198;279.8158;
327356.824;510428.218;510428.459;755.4921;-231.4012;-231.3787;
331218.125;519734.384;519735.277;345.2549;-65.2002;-65.2261;
328045.701;528101.270;528102.964;259.4491;105.0694;105.0758;
382730.746;494795.971;494795.741;164.9850;64.2844;64.2629;
353530.030;517728.467;517728.994;443.8592;137.8235;137.8353;
346719.667;518544.939;518548.199;-1252.4830;36.1398;36.2658;
370382.555;544638.315;544638.149;395.3242;-97.9500;-97.9376;
349875.371;472959.590;472961.818;408.3451;-114.6804;-114.6829;
396724.628;536562.921;536566.013;-64.6141;-249.5018;-249.4974;
553557.762;488135.156;488138.448;580.3271;-38.1507;-38.1454;
289388.643;506321.176;506322.334;405.0172;-362.6216;-362.6036;
221622.649;564459.347;564459.061;302.5655;-17.8969;-17.8810;
332232.000;524223.342;524223.667;459.3875;248.7859;248.7576;
314885.667;496748.652;496749.655;249.8183;617.7386;617.6721;
396352.708;499826.769;499825.039;32.7369;30.7383;30.6755;
341992.178;516390.793;516391.764;-75.1613;-36.0960;-36.1116;
370392.966;524921.690;524922.690;129.0149;11.1395;11.1134;
350311.112;518061.863;518064.353;-1153.9485;28.3398;28.1476;
234550.637;517866.720;517867.291;-189.9778;159.3896;159.3718;
344988.573;511254.283;511255.182;-244.1592;214.6652;214.6759;
358278.112;516135.683;516137.406;154.6334;-293.1601;-293.0913;
342880.821;506342.495;506344.300;356.9753;-198.5877;-198.5718;
325139.913;510328.295;510329.476;62.8891;-354.2252;-354.2160;
346825.973;531689.253;531690.396;150.7043;-63.6363;-63.6240;
342736.691;523093.857;523095.413;460.1092;351.5773;351.5436;
322331.426;529952.938;529953.954;110.2839;-496.1795;-496.1958;
349566.123;519280.655;519281.895;1005.6025;-414.0236;-414.0318;
300055.395;535417.374;535416.814;264.1007;-234.4509;-234.4239;
361865.644;516415.522;516416.533;-94.9358;336.7041;336.6857;
345640.179;524574.600;524575.401;428.0075;157.9402;157.9325;
342835.259;515954.693;515955.753;183.1599;464.4858;464.4837;
403040.993;469574.784;469575.605;-182.2289;-28.4034;-28.3891;
316509.199;518213.737;518214.273;988.3658;-67.7468;-67.7386;
239147.290;552871.193;552873.247;-70.6607;95.9207;95.9115;
310870.273;522867.084;522867.674;182.2766;-82.4995;-82.4780;
229972.187;512811.191;512813.104;557.8656;-0.4281;-0.4384;
304126.535;596036.565;596026.923;156.8467;95.4537;95.4389;
343894.859;517950.493;517950.681;-378.1657;-130.6146;-130.6143;
359086.782;512112.247;512113.707;56.1078;-68.9836;-68.9625;
329710.220;515506.361;515508.362;-612.6147;92.8195;92.8509;
322675.557;522273.790;522275.012;-435.8682;311.8322;311.8063;
331294.715;513770.881;513771.790;103.0449;-188.8094;-188.8156;
327609.794;461032.433;461034.125;517.8419;-150.6150;-150.6095;
319518.346;507992.832;507993.663;728.5184;324.0394;324.0184;
306893.880;513814.760;513814.301;725.9272;347.0550;347.0889;
384187.394;495763.071;495762.451;65.4921;-69.4873;-69.4983;
344675.162;471044.296;471041.924;-359.4709;230.2913;230.3350;
315969.929;526721.683;526721.555;911.9486;-408.6548;-408.6036;
292297.380;522304.681;522304.776;275.1884;-61.6551;-61.6452;
328389.987;513984.143;513984.300;-180.7280;30.1744;30.1669;
338145.530;553632.099;553634.919;182.2419;160.9374;160.9272;
348633.504;515251.738;515252.948;277.3958;-98.6236;-98.6443;
315314.154;498016.280;498017.309;544.3829;37.9895;38.0333;
317741.740;519010.405;519011.185;665.9571;165.4240;165.4045;
367239.573;526354.586;526357.426;287.7536;-36.7083;-36.7083;
298979.030;527622.705;527627.304;-635.3918;-262.6694;-262.5662;
316861.423;515279.539;515280.851;-298.7889;-423.0623;-423.0990;
310014.035;521100.309;521101.742;-379.5779;-162.7901;-162.8237;
270186.655;646065.684;646071.965;51.4914;-15.2440;-15.2327;
186416.430;381348.508;381354.841;40.1827;-149.9528;-149.9456;
682929.693;567600.074;567595.672;-146.0257;180.4769;180.4519;
644079.991;506571.786;506571.485;-801.3357;-51.5537;-51.5396;
648552.975;511354.618;511354.136;693.8010;202.7130;202.7358;
648290.647;524930.991;524930.060;-95.7768;-5.8213;-5.7867;
795283.237;551004.860;551000.274;-86.2265;47.2026;47.2025;
660606.859;524162.920;524161.624;-253.0627;-322.7767;-322.7545;
674623.825;520967.139;520965.900;577.7582;247.9980;247.9525;
645958.051;533661.084;533659.308;-499.1365;-473.1162;-473.1178;
669618.761;484164.525;484166.267;-78.8818;235.3388;235.3117;
638261.662;465024.253;465024.622;-461.4047;-35.1132;-35.1196;
780677.619;620584.314;620587.833;-136.2589;-38.2073;-38.2010;
690403.754;509258.762;509256.741;-670.3705;399.1584;399.1473;
661647.436;520990.580;520989.127;-775.5245;-661.6703;-661.5810;
645421.356;509671.847;509671.813;117.3936;-103.8802;-103.8784;
660142.052;527528.265;527526.667;-934.3765;430.6081;430.6900;
644621.172;518512.283;518511.758;-447.1634;312.1228;312.1064;
637240.830;551269.281;551266.368;-235.6003;545.6525;545.5764;
657120.415;517246.364;517245.952;-502.3739;-24.4861;-24.4988;
594372.304;581489.204;581480.022;37.8717;-82.3315;-82.3260;
604763.668;362334.112;362344.902;-197.7729;-52.9846;-52.9787;
600449.726;524468.022;524466.947;-249.5145;-410.1315;-410.1131;
652020.847;510641.648;510640.168;-297.7172;-602.2322;-602.2186;
632857.313;390161.264;390164.135;-123.0376;-43.7989;-43.7945;
445425.077;316603.972;316584.839;-203.0749;1.9740;1.9670;
654090.577;513295.406;513294.770;-575.5225;-20.6678;-20.6816;
517136.731;642932.862;642921.704;-474.3419;141.0308;141.0120;
605372.007;465703.325;465706.113;-414.1892;-147.8328;-147.8255;
805596.459;568250.739;568243.693;109.4346;88.8614;88.8669;
612632.351;537016.755;537014.899;-549.2039;-126.9801;-126.9873;
672606.111;582518.618;582513.566;-62.5686;46.8999;46.9086;
682420.274;512605.890;512605.165;-544.7172;-160.8802;-160.9137;
646536.053;510622.477;510622.308;401.7599;148.6993;148.7278;
660428.041;513960.095;513958.939;-18.7080;187.4798;187.4700;
697720.609;647988.286;647981.108;-243.3747;-72.3410;-72.3379;
634735.139;503590.882;503590.946;-291.6430;61.0393;61.0204;
614897.120;523238.701;523237.130;-638.1082;-126.2958;-126.2947;
638957.819;511093.186;511093.085;565.6746;-307.7482;-307.7223;
535406.175;498077.283;498077.738;-434.0483;109.7352;109.7228;
680114.320;506368.164;506368.432;608.1778;7.4528;7.4029;
639948.026;526781.507;526780.901;23.5091;-136.6895;-136.6567;
661201.063;554711.286;554709.035;126.0961;427.1811;427.1305;
637993.126;507533.876;507534.653;-105.9230;167.7460;167.7481;
664976.039;505176.018;505175.247;-409.9525;216.2987;216.2858;
753541.875;604520.805;604506.430;-6.7015;98.5917;98.5734;
665695.500;468437.181;468436.716;-525.9849;190.8749;190.8713;
666903.905;510617.256;510616.146;-329.2025;351.1696;351.1447;
675936.744;520520.769;520519.828;-452.1232;29.6091;29.5999;
498997.702;419105.450;419117.723;-379.3905;-84.5634;-84.5507;
702148.569;474484.896;474487.390;-304.8560;-139.0774;-139.0667;
675559.300;537649.063;537647.530;-126.4377;55.9873;56.0045;
805959.598;446623.869;446627.257;-114.8707;60.1513;60.1436;
753169.482;520699.113;520692.738;180.5387;-198.9606;-198.9580;
663795.003;506205.834;506205.426;-222.1396;-218.4981;-218.5182;
669995.303;513680.654;513679.557;-142.2032;475.9098;475.9095;
676923.100;537938.497;537934.161;-653.0171;-524.5986;-524.4959;
599094.968;427183.047;427186.553;-110.7186;88.8960;88.8986;
657334.331;524736.390;524734.984;-167.0070;-523.9244;-523.8935;
642308.852;511159.607;511159.218;-111.6729;-329.4281;-329.4118;
648986.993;513756.904;513756.684;-1009.5447;260.7220;260.7280;
658093.512;531541.543;531539.010;-440.5815;-440.7405;-440.7018;
471060.551;228012.841;228003.458;-181.4178;-44.1355;-44.1414;
655971.686;518547.666;518546.068;-90.3911;498.4002;498.3954;
617753.709;531387.841;531386.867;-223.0155;151.5188;151.4936;
624884.253;531357.905;531356.622;134.2815;480.9505;480.9003;
645867.579;505347.089;505346.840;-25.4850;500.0144;500.0024;
697233.984;508625.752;508622.228;-926.1181;-215.0336;-215.0265;
606000.626;541676.070;541674.138;-108.5672;448.7040;448.6541;
666925.357;516957.556;516956.975;9.5830;-780.2521;-780.1617;
677119.510;510117.120;510116.060;-34.3395;-96.3058;-96.2884;
742958.823;510004.785;510002.137;-329.6694;120.3671;120.3163;
675804.747;506040.650;506040.259;-579.9357;-155.2020;-155.1835;
848893.263;446056.078;446058.869;-152.1598;-76.2856;-76.2841;
672735.892;514667.688;514666.617;162.0684;-43.5675;-43.5595;
666312.440;525344.325;525343.511;209.2548;-37.0076;-37.0011;
650181.661;508751.114;508750.025;-698.8220;-398.7466;-398.6791;
645224.850;512331.575;512330.820;342.1810;185.8542;185.9076;
675521.690;549286.372;549283.699;132.7223;73.7987;73.7662;
883903.654;537801.325;537797.657;235.9482;-10.6864;-10.7023;
674071.059;510902.620;510902.681;-278.7456;129.7098;129.7062;
651429.176;520687.035;520685.738;456.1096;178.2631;178.2022;
672112.048;510305.668;510305.111;-326.2231;-239.7776;-239.7743;
652094.509;528664.493;528663.410;-357.5364;-609.8267;-609.8309;
656672.449;515125.208;515124.932;850.7838;277.9698;277.9099;
687473.232;534458.805;534457.510;317.1418;356.9959;357.0018;
535259.606;288149.923;288153.264;-296.7995;-237.0918;-237.0970;
577377.606;528020.447;528018.102;50.2035;-198.0041;-197.9843;
972616.940;520646.031;520630.513;21.3579;-35.1485;-35.1593;
636605.638;533795.110;533791.512;296.6975;-192.9504;-192.8994;
669908.339;511854.292;511853.510;-611.5237;276.5592;276.5368;
685466.951;518988.226;518983.753;716.1785;-86.7076;-86.7750;
615838.704;583053.689;583049.610;-469.9770;-91.1743;-91.1924;
649983.047;524147.302;524145.607;-512.6903;176.8240;176.7923;
645202.509;497513.631;497514.678;129.5206;108.9022;108.8744;
667513.345;519655.272;519653.495;-1056.8961;517.2639;517.1880;
943331.429;752109.109;752101.145;108.8091;159.5162;159.5079;
657859.047;515020.179;515019.547;143.0126;-10.7313;-10.7670;
645523.334;527234.494;527231.944;457.9809;53.3619;53.3794;
649737.551;515204.505;515203.238;-471.0702;356.5001;356.4766;
691455.569;507104.998;507106.093;-89.6791;-17.7948;-17.8004;
