# This file was created for the Modelling and Simulation course, RUG (September-November 2019).
#
# Project: Simulate colliding galaxies, using Barnes-Hut algorithm.
#
# Students:
#     Stefan Evanghelides (s2895323)
#     Hidde Folkertsma (s2759799)
#
#     X         Y         Z         DX        DY        DZ
453210.084;536616.764;531119.517;19.0964;92.8496;111.4465;
527492.892;547776.670;547674.150;288.6511;118.5837;142.6520;
593190.654;415564.779;420956.669;-313.3104;-99.1764;-88.8819;
492618.093;534835.228;531348.784;51.5106;241.1305;323.4820;
523828.894;522140.861;521298.084;297.7572;-165.7121;-73.3711;
673113.739;529991.831;531388.130;-33.3976;-290.9247;-280.1794;
588042.996;943781.255;961385.060;-19.8930;-8.6677;-1.7941;
552632.278;733490.936;746289.341;-106.0358;232.5093;217.6745;
496811.292;506148.575;502132.473;-26.2944;368.0396;539.6211;
477875.944;530374.862;525504.884;1034.3804;-349.9812;-367.2139;
497801.945;540401.183;538007.260;-226.1043;412.3928;399.7056;
598876.901;720646.189;721434.212;-165.8130;36.0727;38.8011;
502908.469;546728.837;544047.991;569.4895;254.7338;237.1641;
468678.175;569924.088;570013.121;604.8400;-352.0896;-249.6049;
342330.011;382534.076;364658.991;93.5062;-7.9861;-38.0641;
511568.191;545932.920;544619.620;1414.3948;358.0972;364.7333;
501550.278;552158.486;549151.249;667.8471;14.0929;37.0535;
415952.327;584203.515;592489.443;273.9990;60.9943;40.8990;
598959.860;538323.372;534552.424;-129.6077;18.1715;-54.3822;
503759.861;508829.991;502290.025;-86.1709;-115.5927;-102.2596;
498520.214;548410.496;545373.796;872.7305;-3.0420;204.9620;
497379.941;561667.111;558310.707;-774.1129;-205.3084;-358.0587;
496572.813;556822.358;553911.292;-837.3754;107.8090;-29.5166;
505701.526;535094.061;532840.409;-350.6069;343.3878;326.0672;
483532.188;542428.824;538420.479;-288.3400;46.7026;-16.5075;
845241.166;168198.518;167990.303;-51.6934;39.9105;39.5694;
558200.938;594049.561;587218.339;552.9599;339.2362;401.8346;
518469.812;539591.533;538694.408;988.1475;28.8084;41.0839;
508897.157;556506.772;554125.269;487.2468;-239.1453;-179.5766;
431726.274;550395.624;539333.571;-971.1274;-68.4032;-154.8476;
488898.911;546167.180;542015.189;1294.8058;-841.3798;-777.9247;
423218.029;588191.293;584816.663;-648.8370;74.1935;193.2047;
488104.226;527980.543;527181.180;-94.2476;643.7761;493.9506;
499845.369;489344.002;483305.262;300.8055;-3.5814;4.8900;
521562.808;515110.820;510676.553;-156.9280;16.3802;-8.4471;
496651.122;546218.999;542802.651;791.7416;421.8271;507.1832;
555296.841;503568.476;500087.744;-527.1251;-36.8643;-98.4851;
504502.162;548954.110;546361.086;-495.2280;961.3564;964.7562;
533733.783;540191.181;539505.416;498.0874;-6.1751;40.1758;
497262.620;545889.248;541964.213;912.0693;-684.1037;-724.5342;
497363.924;543208.582;541096.316;-454.8316;126.4850;101.5411;
416310.415;510866.398;501176.169;74.8190;-15.5787;-14.3677;
388377.407;648093.690;643963.426;-63.9718;44.9434;46.4814;
825374.774;422603.116;422258.334;210.6400;43.4889;27.4321;
794925.819;389825.474;381164.213;181.4584;-11.2409;-29.1556;
514934.897;549616.633;548542.362;-319.8050;328.0651;278.4174;
510891.774;541341.941;539232.601;596.7872;-38.8051;66.6195;
489428.437;580016.676;576805.939;441.7502;60.7863;107.6267;
686949.293;71476.770;64440.073;45.7807;-224.6178;-232.6255;
513091.541;562492.078;563549.831;-505.8302;-549.3292;-743.9959;
524566.751;545698.114;544471.445;274.4878;-341.5418;-336.4108;
508469.195;528688.183;526114.137;646.3417;-308.9249;-322.8954;
407398.279;365069.183;378796.491;-219.7921;-125.4560;-167.4434;
330463.347;661873.867;651048.869;-95.1551;-91.8349;-98.6390;
639753.915;396578.440;411664.770;204.3569;-68.2529;-45.2637;
551443.323;524439.354;521172.843;-521.6120;-250.4439;-342.6104;
290212.039;701383.821;700618.211;197.4480;15.6172;14.9058;
497964.644;553100.817;549588.767;242.8875;-540.7085;-466.8537;
498502.042;543731.745;539908.562;-1099.4112;193.9097;36.7370;
487320.853;534648.283;531071.056;-253.8007;659.8811;642.4970;
500273.368;531895.598;530238.105;-55.4528;199.0368;223.7019;
491177.615;548072.067;543077.669;-367.2846;-761.1710;-803.6924;
490169.984;545883.963;542538.281;334.1586;823.7425;815.5149;
562288.893;562165.666;567540.471;628.4529;-63.4754;-16.4564;
589326.618;499781.541;494254.230;-267.7721;-220.1234;-263.0462;
541649.340;511248.601;507969.702;-252.5886;158.7660;137.3683;
334356.002;602795.181;568615.157;-288.2752;101.1938;50.3499;
522173.550;552648.092;544868.068;-1222.3962;122.8285;150.8041;
494325.370;575336.921;568631.925;-327.5823;320.0889;265.3970;
498052.980;537044.822;533634.130;-69.0952;-688.3898;-744.5028;
831659.518;440356.799;441050.072;181.3852;-2.2804;-10.7091;
499078.552;550610.197;548335.199;-577.3114;630.6293;584.3016;
517987.507;525542.708;524969.049;69.9883;465.4504;488.9074;
477326.079;548946.871;544731.239;-1048.2237;-533.3351;-565.2062;
824205.421;367056.048;371684.385;203.3798;-21.5453;-6.4334;
504854.289;546630.538;545152.624;-227.8781;294.1027;306.9009;
499076.926;549129.229;546288.718;-592.9717;164.7238;132.0853;
425433.727;549723.567;541014.218;-109.5080;-390.9248;-374.9703;
515233.082;558013.810;555991.081;-273.5274;-237.3229;-299.6899;
510798.718;539405.697;538270.022;364.4201;273.9776;362.4092;
498900.698;547562.521;544976.897;366.3270;831.6739;908.9399;
352673.820;377618.628;355212.302;-143.2592;-199.9153;-207.5830;
517178.316;559451.639;557436.462;-412.7421;274.6728;278.6988;
501875.489;153399.889;136998.717;137.0252;-70.1058;-72.1143;
513646.268;541128.709;539435.882;-91.9608;-280.5264;-203.0522;
759570.408;566276.479;565346.911;-60.7084;-68.4745;-67.7050;
883396.937;567938.229;565928.689;-147.8480;-65.7537;-64.6330;
512000.000;545079.013;539668.054;1472.5160;-481.2931;-569.8487;
561881.399;574451.488;571017.430;-136.3505;406.2817;426.9948;
359169.934;488211.560;475891.763;-254.4503;116.5133;75.2188;
581962.460;548184.091;550481.254;600.0899;-259.6432;-254.1283;
895785.502;587302.272;588337.448;141.0168;-81.7104;-86.7921;
497563.096;549863.266;546687.387;-551.6460;300.5142;249.6865;
465581.059;553201.497;553940.263;515.5959;-103.5496;-153.3115;
512504.909;527604.144;526546.000;-14.9173;-209.9062;-153.9794;
490700.502;528436.960;524838.264;-848.2214;194.7721;183.2835;
415274.474;372735.053;379142.414;-196.2094;43.9507;64.7694;
850159.605;678492.748;675632.940;-119.4696;-79.9302;-79.8342;
512120.454;548455.150;547065.351;-886.4736;142.0913;62.5040;
532722.126;539117.775;537947.156;40.0446;-15.3639;-34.5913;
501934.554;535690.814;533764.130;888.4120;853.2656;775.5260;
529314.359;565906.176;563833.666;48.8343;68.3710;86.6850;
435078.134;544892.021;539391.089;-430.3227;341.0684;347.2168;
485405.878;549109.363;545505.319;405.8184;25.9600;27.5203;
459709.072;306700.254;302884.428;20.1110;95.8178;90.0172;
480118.370;541763.197;539450.155;-447.0738;-113.0472;-194.2020;
461036.491;408741.084;426298.793;6.3038;6.8385;5.2117;
957716.374;320275.229;316160.754;29.0094;-46.7676;-11.6218;
409105.389;583147.297;577785.704;520.1432;148.2522;166.5100;
502445.793;561620.770;558921.768;808.8264;308.0730;353.1978;
484085.010;560512.379;555901.018;-138.6111;-244.1014;-289.4310;
489070.513;558733.313;555611.098;686.2895;-92.6540;-77.4986;
436269.029;598478.383;586104.488;-324.7561;-77.7757;-112.9062;
451440.854;389470.674;407722.166;-235.7882;-59.3437;-35.3806;
522731.771;618068.170;623648.391;137.1743;114.3362;190.6182;
507296.854;557107.396;554807.840;481.9717;359.3581;401.2424;
652247.394;506334.691;514129.189;109.1945;-158.3332;-162.7374;
497911.001;541593.322;538225.081;500.9011;19.7295;100.4706;
516337.892;556283.167;554026.608;122.8783;104.9739;113.1943;
366323.483;531033.580;541348.636;-398.1457;-151.9208;-39.6677;
499060.304;548065.091;544883.292;549.7631;511.8934;598.8011;
481937.761;581879.842;578142.655;-245.4092;69.6760;113.8337;
501797.397;540767.869;537203.685;-541.4047;634.3208;587.2773;
794321.059;418411.703;414062.232;-107.9975;-33.8798;-11.5501;
598571.332;465044.500;489323.117;-110.9635;-367.6544;-172.2927;
506542.512;546857.610;545440.687;548.6538;-666.1324;-683.6367;
618676.917;601212.638;621526.979;-13.8536;47.5636;66.9295;
472032.051;493646.263;494648.236;338.2828;-294.0624;-261.8310;
514342.574;549658.366;547611.650;760.3307;-109.8566;-11.1991;
489929.735;542260.799;536386.960;-173.3324;-607.6094;-855.8892;
488889.100;522326.147;524260.166;970.4357;612.0454;453.3544;
523647.635;547264.143;546315.370;-1373.6370;7.5553;81.1567;
484426.911;553571.544;549867.002;38.8731;-769.8525;-761.7395;
516299.835;549495.097;548553.125;-202.4204;-47.0577;-85.9478;
495479.373;551186.662;548330.455;-10.5128;54.5195;73.9583;
498456.421;537821.034;534660.930;683.9667;-403.7792;-293.9340;
511667.231;541073.203;539505.661;229.4405;-422.1959;-353.6015;
511047.766;546276.888;543821.279;-640.1311;186.6425;63.9255;
427701.473;569849.756;564253.474;-312.4531;-65.8012;-169.1940;
559998.382;575677.413;580195.952;140.1322;-332.0280;-407.5227;
573034.371;524405.326;524165.064;-360.9080;-101.5117;-99.5771;
444254.203;322395.470;304805.907;146.4936;-169.9084;-175.2820;
498675.529;548718.508;545490.703;-76.3868;-903.0860;-871.9375;
589022.835;529695.838;530587.247;320.5947;-43.4521;57.5558;
500867.674;549093.276;545696.429;-289.7642;-128.8700;-123.6005;
551495.375;530734.883;526640.969;-354.5295;-86.1314;-132.9109;
467868.763;557620.910;554350.298;-359.2637;308.1183;234.5526;
494739.075;538093.317;535518.566;-342.0607;-143.2996;-142.1285;
