# This file was created for the Modelling and Simulation course, RUG (September-November 2019).
#
# Project: Simulate colliding galaxies, using Barnes-Hut algorithm.
#
# Students:
#     Stefan Evanghelides (s2895323)
#     Hidde Folkertsma (s2759799)
#
#     X         Y         Z         DX        DY        DZ
484889.038;545212.671;545262.009;192.3587;-226.1622;-234.2762;
475215.676;543124.258;543023.096;-461.9791;9.8294;20.3815;
818105.674;657753.821;657471.345;-8.8948;-147.0013;-147.5686;
481454.454;552879.267;552648.374;433.4480;47.9435;46.1470;
468053.160;531469.232;531208.017;362.0299;-676.0042;-670.8300;
478579.668;827047.337;824474.169;-152.2798;327.0566;323.2864;
293984.982;459858.440;457906.094;-139.9137;225.2559;227.6005;
599326.068;865576.957;868688.050;10.0056;116.1691;127.4132;
513354.796;532515.891;533464.771;-190.5186;825.5419;814.5088;
329588.850;488900.087;489619.530;545.9987;13.3924;21.5980;
489394.980;513677.876;513409.386;15.2826;-346.2999;-340.0611;
462459.633;525110.095;524720.272;157.9618;-99.1560;-88.3195;
495178.079;575963.089;576837.857;-668.3525;319.3604;317.4533;
482338.899;527518.513;527262.410;374.2375;-323.8897;-317.1678;
383510.673;488748.848;487012.146;116.1351;49.1321;56.0859;
499253.957;536639.818;536777.708;1162.7494;651.5995;758.8389;
493815.588;484137.663;481463.145;-190.5129;243.6158;233.4121;
469825.384;557686.759;557684.881;453.3704;412.9887;406.3113;
282067.374;637683.451;637685.617;-386.8635;-1.3355;-5.1512;
562789.752;518764.671;518172.733;-511.8421;-13.7398;-1.2725;
457489.574;513010.083;512198.837;-73.1303;110.8092;110.8770;
601001.561;511429.691;511607.869;-492.8063;-121.3532;-96.8201;
457251.814;535479.703;535319.275;241.6165;29.4833;42.6306;
488834.712;545957.485;545731.282;251.8395;-194.7322;-187.5692;
478441.295;519117.330;518788.695;-350.0785;-227.2329;-233.0483;
460130.808;555172.500;555232.313;-605.2321;-343.9611;-353.7251;
490218.102;511524.791;511118.061;14.5845;7.3904;12.6859;
898058.912;135699.787;135696.570;-16.2042;2.9730;2.9378;
386863.116;508605.677;507898.534;-72.7987;-208.9466;-208.4024;
466586.174;529821.801;529234.381;863.6050;-258.9857;-271.3632;
447074.672;537474.681;537192.373;-120.8313;728.0357;709.9703;
363490.008;512578.274;511640.964;41.9680;84.6002;91.3714;
488318.409;531970.162;531541.650;216.0293;-156.2050;-155.9111;
645139.125;608311.902;608047.984;11.3051;-8.4748;-10.1654;
499921.900;546064.233;545672.858;213.0176;17.3969;11.1307;
503934.209;544107.376;543844.542;-415.1259;-18.5369;-8.5136;
440693.580;525147.857;524569.238;-106.0004;103.4479;100.6140;
468355.574;537256.789;536751.440;-9.0265;-772.5810;-787.5849;
566374.423;434531.385;431866.485;-61.3250;-261.0304;-271.4686;
474550.187;563783.622;563759.014;-991.3748;139.9797;137.3707;
475765.226;515495.191;514642.021;-787.0741;53.3895;79.9705;
559374.999;569853.944;575186.473;-335.5329;11.8734;17.2588;
486996.315;538710.502;538742.525;265.2444;-837.5617;-789.7701;
479228.727;496665.772;496810.964;226.0045;-136.8855;-140.1172;
306324.238;573129.332;574971.550;-636.8406;80.0250;83.2682;
468568.871;535044.454;534517.182;1275.2069;403.3933;425.9764;
508924.972;624469.775;623052.337;-272.8893;-218.9593;-222.1369;
530881.358;634315.764;632366.464;-174.6006;-87.5223;-78.8173;
469579.762;500174.375;499498.182;-211.7739;42.3543;29.6508;
461790.819;554019.644;553859.166;-235.5765;-271.4099;-281.2023;
443931.738;595982.337;596326.834;439.8251;-28.2651;-32.0483;
325624.885;544342.194;541922.900;588.0747;181.1439;170.4364;
516281.098;545469.761;545202.350;-179.0052;297.5011;300.0352;
489164.448;527333.972;527254.952;1062.6870;-287.1089;-288.4682;
512715.891;539572.064;539828.297;-633.1573;60.7889;63.7849;
549958.663;598126.222;595991.057;-78.2468;-320.5066;-318.0425;
435879.740;487573.439;486319.097;443.4526;-182.3372;-192.3737;
778666.121;656000.324;655319.546;-198.3489;-21.5006;-21.7160;
457941.125;529590.381;529452.687;-617.2143;127.2956;138.1414;
73689.964;623590.123;623236.881;79.9974;73.1362;72.9876;
478799.683;553210.942;552343.755;842.3652;-613.2877;-565.1879;
511729.918;517885.904;517710.608;569.1847;-189.4368;-191.1110;
462189.412;537077.242;536584.201;-743.6893;398.2513;375.2661;
463348.685;534463.377;534037.970;-391.5709;-233.3308;-229.3452;
496272.143;521076.390;521154.724;305.7877;-275.2253;-301.2616;
488730.158;531885.550;531815.764;-484.4574;77.1701;66.3342;
443506.134;554678.742;554610.729;322.0888;385.1753;371.3872;
420628.931;296501.056;291456.666;14.2778;32.9568;35.8454;
502626.372;550332.500;550282.434;98.3423;214.0938;226.7477;
794738.661;468025.798;467033.411;-93.2216;-3.8613;-0.6492;
528536.157;503243.920;503835.614;-414.8181;-500.1148;-503.2332;
411062.076;555911.844;554543.520;-50.0285;12.6470;4.0886;
622417.947;492474.666;491748.099;-150.7095;136.9990;137.2889;
470926.394;492204.318;491964.367;183.0871;231.9564;222.0112;
495341.319;501208.948;501077.257;293.2229;-418.8586;-409.6494;
468379.483;537121.865;536655.501;348.7396;397.6138;391.3544;
456730.240;525219.137;524666.840;-11.4324;21.0977;19.1277;
571830.586;542681.492;543272.066;99.1681;188.6848;180.6537;
307517.547;635636.802;635185.177;42.9815;-21.1877;-20.4681;
476155.865;514086.433;513265.811;-362.4494;308.3208;296.0455;
439717.570;551146.205;550752.394;166.7930;34.2011;20.7690;
508403.050;533062.122;534433.935;-602.7346;675.5306;563.0688;
455415.787;539814.164;539401.782;-366.4133;-239.7029;-257.4661;
488483.446;506631.764;506015.320;-54.0208;348.3549;349.0591;
496461.768;524597.933;524445.724;394.7296;-42.0621;-24.0093;
458244.266;482438.782;481313.224;-89.9871;27.6367;48.3829;
446514.499;498469.925;497533.671;-338.6762;347.6306;331.7050;
355316.327;432222.375;428670.518;-63.6299;-372.0578;-391.2184;
469849.788;541585.636;541423.070;124.0962;-468.8883;-477.3240;
726734.445;651153.194;650490.860;91.7534;-40.6878;-41.7103;
928180.460;651608.418;650715.896;91.1424;4.8431;4.8282;
506152.683;574721.646;577181.038;170.7879;398.6575;420.0049;
428013.511;584606.822;582471.047;-191.7785;-474.7016;-454.2939;
457883.634;595344.617;595333.487;365.7387;65.6202;72.3839;
157554.351;426493.991;424704.615;-274.2105;-98.0904;-101.6921;
459368.193;503281.567;502942.085;-640.8912;353.2117;363.5667;
462215.427;489886.827;489221.223;-448.7159;448.7363;451.8112;
457854.753;510667.693;509858.996;-243.8045;-22.8585;-33.0566;
764688.923;486065.389;483814.271;-153.7617;22.5051;18.4042;
449652.738;549524.026;549016.237;-657.0164;-136.0233;-130.2409;
424632.839;498597.676;497131.766;-295.6543;6.3341;-0.4749;
353953.173;515991.928;514236.952;5.1362;233.4926;255.8184;
903329.716;736409.311;734226.697;40.2763;3.4092;2.5433;
515332.245;535855.286;536106.274;-44.6506;-13.4006;-17.1192;
501539.260;536840.975;536746.246;13.0336;31.6070;33.7080;
440565.007;515991.188;515367.782;221.2520;-234.9079;-251.0528;
464031.240;526381.348;525916.722;515.8881;-321.3219;-335.1460;
479219.745;539075.228;538683.542;-239.4332;226.2688;217.0263;
451906.023;531881.878;531893.994;41.9290;126.5634;128.2873;
425014.891;227606.230;226354.914;19.9962;13.4731;12.8666;
482103.860;512853.231;512148.073;278.2617;424.8083;442.2945;
491495.886;527003.604;527076.381;649.7270;-769.0163;-754.5555;
727614.095;519203.315;516313.780;488.6138;-182.2687;-215.4534;
526494.753;554778.936;554033.866;382.1714;-470.9246;-460.5488;
463975.608;539782.248;539475.475;-211.3401;-168.5865;-176.0493;
510335.707;564453.199;565222.655;260.3539;-50.6358;-51.4010;
475483.372;530573.807;529594.850;471.6642;188.1246;188.6210;
701140.911;855083.965;854425.681;296.2242;132.8124;125.9236;
315073.812;489935.233;488720.088;-6.3394;-114.4572;-111.3893;
566026.333;453958.152;452312.419;-488.9919;98.9149;85.2184;
454247.539;532234.968;531880.260;488.6262;639.9716;659.0304;
485443.194;526579.236;526652.251;-1057.7214;120.2972;95.1185;
438653.153;284463.749;282381.439;-119.4798;84.6718;81.8782;
473122.941;549555.591;549382.624;47.2515;-532.1631;-543.5695;
472863.762;514855.654;514146.454;-94.0810;-223.6204;-251.3049;
595080.204;497533.568;494664.592;-330.7349;-1.3589;0.6317;
470457.809;522003.824;521699.339;-295.1850;-42.9839;-43.2556;
504873.459;511647.000;511227.774;310.3315;45.0110;52.4993;
480012.070;536722.343;536477.235;-478.0002;-317.1159;-324.0433;
718340.551;514398.645;511831.137;186.1341;-73.8139;-77.8328;
462471.270;646963.679;641503.328;474.3076;23.4499;22.4550;
464333.966;532869.205;532279.732;-52.1541;306.7357;294.6401;
405206.335;519005.185;519049.873;502.1259;290.8200;306.8306;
500146.479;568099.431;568312.033;-201.0168;297.7025;313.2116;
471699.702;528296.879;528195.048;108.5018;181.8633;183.2916;
455549.552;565130.842;564516.298;-412.4709;493.2931;462.9965;
424297.381;518178.701;517713.503;-159.2112;-290.5888;-301.4138;
559213.110;459812.571;457976.823;-93.1087;179.1945;181.8681;
467163.075;529537.095;529173.146;1040.1665;131.1857;141.0915;
457131.293;533642.006;533219.527;-185.9898;-10.4803;-13.1000;
475033.721;532267.151;532233.798;-454.7386;378.8467;396.2427;
503068.305;537721.323;537793.271;-170.5754;-77.6144;-69.2844;
477789.837;532901.619;532615.303;1382.9687;66.5016;71.0319;
501720.408;487266.275;486418.844;461.3899;165.3699;164.1099;
464053.047;491804.890;490910.886;461.5846;-164.0182;-153.4464;
906818.664;651293.566;650452.641;144.4463;-72.3070;-74.2071;
477597.243;542689.244;542038.303;-258.6095;-334.4163;-346.4599;
468732.389;548249.954;548278.414;572.6378;377.0765;381.2922;
459880.872;507228.091;506424.673;831.6857;-822.8529;-847.2703;
497382.692;538520.803;538528.809;-449.4289;771.3338;752.4881;
565547.814;542714.416;542084.450;503.0376;382.6199;389.8190;
460366.175;529633.182;529421.691;-686.2403;-455.7950;-462.4365;
467233.777;542248.409;542013.992;588.6240;-348.8172;-341.9537;
451496.335;544028.599;543188.413;-260.3664;-222.6529;-245.8833;
478643.191;521037.025;520634.106;-226.0135;-272.6928;-288.4374;
