# This file was created for the Modelling and Simulation course, RUG (September-November 2019).
#
# Project: Simulate colliding galaxies, using Barnes-Hut algorithm.
#
# Students:
#     Stefan Evanghelides (s2895323)
#     Hidde Folkertsma (s2759799)
#
#     X         Y         Z         DX        DY        DZ
478345.918;546603.007;546599.613;307.6572;-115.4719;-115.2225;
459749.387;569963.745;569915.246;223.1479;267.1225;263.7770;
720349.279;859388.750;859374.526;87.1412;-55.4044;-55.4117;
417711.645;695967.375;696354.918;-114.5535;298.6202;299.2682;
466568.145;546963.512;546910.557;1114.2615;227.1817;233.2400;
456213.731;537155.235;537123.423;-4.6683;-5.1781;-6.8542;
378983.451;438755.702;438304.312;360.8106;-39.9154;-39.9161;
347484.662;641687.624;641336.897;319.2041;150.0526;150.5111;
631170.626;535808.014;535470.208;-170.9068;13.7078;12.9560;
426145.040;669119.795;669216.045;-212.0859;-36.2156;-35.9022;
625701.211;429426.421;429041.291;163.5895;16.8853;17.2918;
353080.232;483159.591;482626.940;-266.2354;-175.2171;-176.0134;
456889.652;551227.317;551210.859;-439.3725;14.5289;14.1293;
502664.767;535079.591;535057.221;-726.9250;18.3454;20.2691;
186897.357;616861.798;616841.812;-175.5179;-22.6797;-23.0566;
470418.636;556208.215;556215.103;545.5259;527.2941;529.1639;
481183.611;538305.633;538231.256;320.4671;744.8607;740.8528;
389501.607;517254.399;517011.113;-83.0143;-105.1469;-110.5525;
603890.726;595855.629;596122.556;223.8200;166.5918;166.7086;
454889.528;537458.770;537420.701;-1268.5543;-263.3299;-264.8653;
483173.428;552309.734;552220.097;694.8579;31.9915;30.7223;
299954.708;559567.026;559536.192;-167.8836;-191.6941;-192.2848;
471087.115;551667.520;551643.754;-199.3224;709.7494;708.1793;
506434.104;523742.917;523734.824;275.7783;252.2986;255.0222;
506220.145;559304.172;559262.832;-189.4848;-508.0898;-507.4340;
473451.485;550169.757;550142.609;-525.1537;-510.4226;-513.6057;
469018.793;556461.702;556433.004;-452.4794;-284.7223;-284.9804;
461065.768;540293.470;540192.556;943.0962;-146.3235;-144.4101;
479868.730;537740.774;537700.046;380.3899;163.6362;161.6578;
469067.415;553256.410;553229.560;-550.1870;393.2941;391.2299;
884477.852;172532.026;172558.894;33.9973;-40.3860;-40.3876;
659132.058;537996.009;537588.777;144.1619;100.9186;97.7283;
450925.527;535115.545;534994.832;501.2853;12.5671;13.4571;
459843.693;561878.508;561852.380;39.9999;400.7359;404.0872;
407400.512;522623.116;522201.213;248.1751;135.7780;140.5975;
459399.366;540597.384;540539.668;1111.7755;-572.8393;-572.0665;
545265.644;536239.741;535642.813;-896.3660;226.4893;234.9472;
476728.748;539139.455;539100.405;-71.6027;-599.7679;-600.5181;
483078.903;511427.423;511331.719;-666.3648;-356.6478;-360.4345;
478884.262;520351.235;520361.049;276.9557;-88.0014;-87.6994;
484584.854;531343.305;531273.095;-202.6040;-220.9816;-223.1926;
175497.034;412962.172;412791.242;-83.6747;-50.4029;-50.3254;
464354.396;543414.642;543326.843;201.5381;-533.5475;-537.7086;
474244.658;597717.877;597797.574;327.8050;118.5038;116.8110;
391900.964;681785.529;682077.271;-60.9532;137.4777;137.2212;
444016.122;549867.221;549795.011;746.5075;12.5317;12.6187;
518271.256;560410.024;560439.661;-194.8804;95.2557;94.4572;
789208.731;176692.224;176712.167;-41.9027;55.7832;55.7751;
454514.728;547611.516;547563.325;-782.9503;-339.8621;-340.6200;
836141.114;698980.072;697967.822;-64.9344;36.9117;36.0191;
521123.655;472022.171;472121.623;-15.4284;255.6735;255.6610;
459057.621;535070.965;535013.217;-266.3240;16.0946;18.2239;
461789.224;541267.389;541211.019;-577.1984;-643.0063;-643.4103;
465709.077;550474.438;550436.648;1164.6067;615.8565;620.4362;
443036.996;591226.516;591369.023;740.3469;-110.4198;-110.4830;
481201.177;541932.335;542009.098;1437.2954;57.9495;63.9216;
408746.453;476343.954;475855.936;225.8841;-184.2999;-184.7264;
440838.304;533380.450;533297.648;570.2922;-440.0427;-442.4070;
766517.189;424657.578;424768.587;-153.3278;14.5787;15.3621;
432039.074;517240.141;517215.133;-16.5554;76.7188;75.8633;
983353.055;637265.756;637086.606;-8.2406;30.8191;30.6193;
470992.631;556963.435;556926.183;-431.6763;-333.6122;-333.4991;
67612.258;454015.256;453852.295;-77.5046;78.6465;78.5888;
944859.479;312228.278;312362.887;158.8909;-27.2668;-27.1521;
502520.073;517250.557;517087.632;16.8618;329.0584;326.2403;
527780.761;505950.363;506022.632;171.7517;354.9373;354.3686;
479018.748;544318.539;544196.676;331.3836;217.7134;219.4892;
119156.579;182250.959;181521.284;-76.4578;-146.0454;-146.3011;
413333.910;553825.352;553504.522;-403.3693;474.4203;476.4099;
573486.308;543057.793;542663.021;-436.3201;-179.2970;-180.8764;
481621.737;531992.968;531874.227;-72.9715;-203.8240;-206.7132;
296133.099;517089.221;516932.861;-140.8842;152.0009;152.6529;
471978.797;593012.462;593246.126;51.8936;399.7960;400.6984;
486134.102;557960.293;557922.269;-704.4892;-700.6053;-705.7665;
732516.906;517348.206;517009.077;158.5947;-5.9780;-6.9179;
295518.938;545782.863;545772.443;-51.5339;312.9752;314.3362;
469747.054;545412.313;545338.326;373.9749;763.0171;765.9805;
496326.944;600160.508;600223.050;-311.0105;-237.4806;-237.2400;
488902.958;535660.959;535618.516;-715.8610;-37.2767;-38.9130;
379557.743;534090.470;533657.820;-166.6991;-212.6935;-215.0956;
472944.123;557084.339;557014.581;-190.0551;-464.0368;-463.3202;
481716.360;547720.358;547681.234;-707.5418;217.3653;217.7458;
521790.371;544740.236;544698.819;159.3497;11.0569;10.9851;
773014.530;521691.041;520986.084;106.3681;-52.8919;-54.0964;
476957.614;520144.637;520105.798;-713.7708;239.9260;242.1072;
460365.214;561460.851;561425.100;221.7959;-313.3418;-314.2829;
428711.652;544974.959;544825.034;16.0226;56.5743;56.0780;
477307.501;545674.774;545601.077;-578.5070;-227.7117;-227.0632;
497679.821;535762.311;535734.683;80.2818;522.4941;524.4571;
459733.233;535059.942;534973.976;368.8093;112.5323;113.1650;
480084.801;550519.916;550448.626;-141.1870;421.5267;421.3540;
405881.405;537163.515;537019.360;-462.7079;399.6914;396.4833;
618732.537;616750.961;616573.361;-512.5372;-0.3012;-0.0596;
467718.574;536063.258;535985.726;211.7492;-329.0142;-330.8349;
442300.583;485017.405;484840.022;-244.9464;171.8916;171.4683;
526863.928;418555.731;418513.254;-290.0800;142.0375;141.8551;
426561.091;539876.422;539796.909;-438.0728;237.7243;238.9420;
390318.440;554675.858;554773.948;426.8710;-592.4143;-594.5548;
438316.593;521547.664;521414.181;-586.0996;303.4954;304.4059;
735189.576;609054.109;608922.128;30.1639;18.3273;17.9573;
470268.295;559917.154;559893.587;478.3898;759.3696;759.9758;
385443.069;419249.404;419222.054;-116.1943;221.5048;221.3752;
455721.202;560626.582;560593.673;76.7446;396.9010;396.4364;
891436.553;466100.099;466079.401;16.2019;-5.2687;-5.2336;
475142.358;551632.120;551578.811;712.2541;-406.7059;-406.8035;
478853.655;558428.870;558383.807;546.9400;-275.2766;-275.0975;
446183.923;520475.004;520402.387;-370.3318;62.5722;62.5317;
425280.688;502104.127;501885.282;452.0823;401.1719;400.7109;
469222.932;482132.332;481997.541;10.7856;195.3285;196.5140;
263612.050;930360.367;930170.702;-93.5106;85.8634;85.7889;
477544.055;529521.898;529490.459;-162.7392;-301.8851;-303.4883;
485146.626;543852.679;543873.368;979.2376;-301.2416;-298.3175;
483100.641;537158.503;537118.595;453.5698;279.4890;279.3829;
493002.654;566289.420;566232.565;-706.3862;-35.4586;-36.1694;
442846.152;561824.032;561786.539;-231.7019;-74.7942;-75.3947;
403997.351;293354.734;293114.044;-0.8186;-79.7453;-80.2429;
511191.098;540813.939;540885.210;44.3627;249.6343;251.3207;
469487.856;555568.933;555554.897;410.1308;-736.7866;-738.0356;
289592.673;477593.582;477512.092;-445.4780;-165.4623;-167.4388;
236588.717;331897.184;331807.524;-182.4755;73.4200;73.3499;
406819.806;524878.138;524574.088;-21.7670;384.0272;386.2447;
464170.368;577066.098;577066.387;-882.7099;383.8790;385.0432;
474181.132;568072.427;568108.363;904.8725;120.0272;121.6010;
710655.510;418875.499;420070.810;-289.2673;-110.3582;-108.5051;
576084.496;608279.910;608315.962;-160.3537;24.4230;24.8777;
442479.032;565139.506;565164.896;-138.8085;787.1915;786.1370;
475312.157;549932.691;549917.679;-697.7478;700.2278;700.5555;
473470.233;550005.959;549996.759;-148.0857;-15.3751;-10.3140;
586092.707;415315.844;414851.370;8.7530;-246.3125;-247.9619;
483987.550;547758.348;547777.673;82.6689;-1040.1221;-1039.1071;
468267.526;524922.468;524859.922;638.3902;624.1100;626.5751;
504284.571;621386.970;621546.944;411.3606;-147.3352;-146.5310;
479302.251;555967.570;555894.849;-878.4641;-798.6548;-798.1917;
451509.636;335365.633;334804.232;260.5959;184.5876;184.5575;
481207.604;552483.944;552498.208;-1181.3310;417.2397;413.7651;
448002.661;535035.894;534920.338;-458.8794;491.1445;489.4729;
443287.793;613905.195;613941.353;10.0050;77.3949;76.2250;
354575.858;466555.737;466509.644;-574.3451;196.8490;195.9933;
471731.594;543102.687;543031.419;-91.0272;-440.5605;-441.6074;
513183.338;516256.427;516326.233;853.6772;-68.9419;-66.0975;
437837.957;537516.392;537501.739;-692.1003;-340.2173;-337.3607;
445224.168;535039.712;534952.550;172.2204;-295.7432;-297.3669;
420792.535;535373.480;535167.118;330.3370;172.5153;173.5824;
474731.986;556826.460;556847.036;-1241.9959;-298.3540;-300.6706;
468272.756;452697.493;452551.495;-108.8116;75.0030;76.0653;
497820.705;561768.067;561772.525;567.8088;-110.3783;-111.6734;
457548.766;553310.584;553273.114;552.4552;100.6753;99.9867;
445470.589;554020.793;553944.896;227.9555;126.8329;126.8542;
464022.069;552847.656;552762.855;400.6033;-580.8063;-581.0529;
459719.902;543707.143;543646.119;500.3306;-966.9311;-972.6171;
460920.311;582541.643;582556.325;-236.9297;-408.6539;-407.7664;
535906.559;532274.089;532169.774;354.4512;186.0425;184.3230;
136196.006;40083.220;40120.945;-129.8551;-265.2908;-264.8828;
437632.391;601995.083;601905.540;333.0384;348.5044;348.9070;
466546.537;551008.387;550945.351;-135.3604;307.5124;309.6692;
481335.136;545485.076;545433.242;-299.0009;26.6880;26.3998;
150159.364;634074.972;634056.002;-237.9157;-62.9556;-63.3955;
457425.119;542243.955;542174.506;-326.8928;70.3246;70.1112;
435574.992;569678.044;569664.259;-338.4421;-582.3975;-584.2881;
477471.956;551469.755;551495.000;1279.7430;-363.8594;-360.2684;
581459.706;536529.596;536338.613;5.1843;93.3167;91.4056;
472489.798;539861.809;539795.953;741.7312;-49.3663;-48.4621;
474972.372;546974.194;546914.256;-316.6562;-545.1523;-548.7331;
478989.733;573074.464;573083.581;-275.9448;-64.4289;-65.7463;
