# This file was created for the Modelling and Simulation course, RUG (September-November 2019).
#
# Project: Simulate colliding galaxies, using Barnes-Hut algorithm.
#
# Students:
#     Stefan Evanghelides (s2895323)
#     Hidde Folkertsma (s2759799)
#
#     X         Y         Z         DX        DY        DZ
471340.109;514232.932;514232.126;340.0307;95.4889;95.4563;
474940.471;512055.313;512053.561;627.4354;17.0744;16.9749;
352477.684;810584.297;810578.937;100.8149;98.1390;98.1365;
202934.080;311393.472;311397.906;5.4490;-29.9572;-29.9561;
342124.392;574932.467;574946.139;415.6839;-297.2337;-297.3036;
440418.348;520767.116;520768.334;74.4276;294.2252;294.2583;
384614.030;530989.950;530990.666;599.2689;-17.7530;-17.7638;
651264.276;445024.732;445030.238;433.1828;177.7312;177.7063;
412282.473;501361.626;501361.836;53.7959;176.2285;176.2221;
421457.554;500429.172;500430.871;595.7055;-52.6019;-52.5397;
588456.917;419213.567;419211.972;293.9070;231.2687;231.2837;
400150.809;547949.423;547962.792;-198.8255;502.4309;502.6589;
410675.713;521977.112;521978.096;867.3321;-218.0011;-218.0556;
380319.243;490176.606;490179.688;539.1726;-376.4232;-376.4427;
423689.066;532945.140;532945.594;611.9798;250.7087;250.6959;
367736.897;489433.053;489434.440;26.3700;-122.9862;-123.0419;
421582.950;500507.526;500510.626;285.1391;354.8646;354.8423;
416653.504;511258.591;511260.440;573.9657;-181.0613;-181.0983;
452290.468;631744.799;631705.309;427.3584;241.2909;241.1877;
404341.584;518821.251;518822.200;-94.4895;470.4701;470.5240;
226127.263;152121.658;152115.984;71.0187;-40.2050;-40.2053;
464705.026;471056.425;471060.252;305.1445;80.4895;80.4878;
391626.158;519623.041;519625.615;-253.0097;-220.0578;-220.0318;
411816.204;511821.122;511822.762;416.1475;-261.6284;-261.6856;
419217.924;517851.606;517853.649;-615.0154;-154.4174;-154.4600;
456403.187;539261.831;539265.846;601.7731;-270.5731;-270.5661;
413778.061;510238.692;510240.388;208.1318;-207.5190;-207.4564;
359650.678;495571.578;495569.724;635.1576;-115.7993;-115.7927;
394977.065;509690.865;509692.929;338.6094;222.0703;222.0527;
415312.573;521866.362;521866.435;-230.0719;4.6190;4.6411;
397717.155;510796.098;510796.450;610.5308;296.8096;296.7882;
398733.530;505415.072;505416.680;-264.4630;-106.1370;-106.1187;
404411.828;506336.276;506337.784;759.3840;-278.0109;-278.1543;
396178.377;514099.216;514101.705;-30.9591;-319.3905;-319.3699;
401019.950;522308.643;522309.822;350.7564;-323.9805;-323.9763;
415133.788;505960.629;505962.083;16.9038;80.7256;80.7372;
399189.035;513128.323;513130.324;-33.1946;-378.8228;-378.8607;
411551.076;555832.275;555834.537;509.1925;75.7317;75.7269;
440247.277;484924.128;484927.111;445.2046;-294.0752;-294.0609;
428972.993;514843.813;514844.956;-24.2426;-390.9553;-390.9381;
392230.713;513127.334;513129.211;30.2210;81.1268;81.1160;
420634.998;534806.905;534805.382;187.8012;-88.6473;-88.6217;
437842.468;536601.332;536598.668;-64.1728;-89.3004;-89.3082;
379891.125;497613.690;497615.642;230.6203;47.8568;47.8640;
269291.995;500129.383;500129.617;134.6249;-14.9704;-14.9238;
354480.509;516440.708;516442.106;35.0252;215.7679;215.7641;
374780.022;541715.633;541717.149;118.1756;-164.5770;-164.5988;
307593.585;515099.549;515099.283;-81.5994;123.4252;123.4272;
711903.069;566631.185;566620.348;201.4833;358.1877;358.1428;
444866.876;571903.920;571899.020;171.1142;-19.8022;-19.8023;
426530.076;505297.736;505298.190;1362.0067;-173.6201;-173.6877;
405645.145;505776.202;505777.957;597.4532;2.1528;2.1751;
510048.263;556131.172;556134.960;484.0570;-167.8135;-167.8503;
397591.611;514642.540;514642.747;1409.7637;-94.6436;-94.5236;
430124.917;515673.244;515673.527;437.7341;180.1171;180.1114;
391647.201;512978.224;512978.857;706.2357;188.9484;188.9038;
240247.210;498192.471;498196.965;62.0056;-68.9045;-68.8923;
283641.297;555431.276;555429.187;403.2926;68.5457;68.5449;
423743.772;518754.644;518754.651;1000.1937;479.4430;479.4094;
437431.878;514201.837;514199.920;156.2673;283.8204;283.8464;
418349.914;505735.441;505736.463;420.1754;311.2544;311.2409;
431587.569;515440.364;515440.599;71.7528;-227.8348;-227.8310;
435461.911;515503.067;515503.071;101.1734;-185.7886;-185.7896;
399689.538;513679.345;513680.714;7.9194;146.3783;146.3427;
424839.286;525632.768;525633.424;254.5997;841.1622;841.0986;
441496.081;525208.415;525209.785;301.1751;378.2539;378.2176;
401584.748;496482.633;496484.646;348.3439;-52.8831;-52.8868;
397015.753;514063.811;514065.980;414.7766;202.1457;202.1266;
389796.587;518034.593;518036.362;-18.6424;-371.8224;-371.7923;
424541.991;513534.250;513535.528;-70.8609;-355.2147;-355.1436;
394986.301;559434.720;559436.400;553.2472;242.2431;242.2458;
455477.324;509709.944;509710.285;-111.7815;36.5731;36.5615;
252497.116;570389.037;570387.212;138.8651;13.3261;13.3145;
406205.956;522546.821;522548.142;-20.1704;55.6618;55.6660;
501745.421;503389.951;503390.382;428.5607;28.9814;28.9803;
361509.042;612049.810;612038.319;204.0753;7.9540;7.9576;
429642.189;521716.229;521716.854;-355.1651;191.1216;191.0941;
441255.057;523543.353;523542.743;321.6909;206.0206;206.0021;
387747.179;521553.988;521556.984;-362.9311;-197.7325;-197.6473;
430616.424;519191.005;519191.694;1200.0789;36.6857;36.6742;
414352.153;513181.017;513181.971;230.7406;145.9593;145.9676;
356659.604;524286.921;524289.055;-100.1181;-346.8474;-346.8326;
404882.587;523731.366;523733.195;1016.8877;-236.9365;-236.9961;
384684.051;531313.845;531314.648;779.0642;-244.7494;-244.7744;
331798.530;522598.401;522599.360;332.4355;-94.0777;-94.1182;
485863.173;543337.913;543334.875;593.1455;-256.8421;-256.7723;
434935.317;525572.991;525574.876;705.3565;259.5250;259.5087;
438129.888;515512.630;515513.626;-383.4932;155.2453;155.2654;
425967.228;511915.036;511916.048;-34.3015;219.8082;219.8121;
424612.448;479597.898;479604.155;369.4035;-76.0187;-76.0002;
411169.676;510519.831;510520.497;544.6831;82.7768;82.7616;
394180.492;510677.514;510678.696;260.9022;353.0458;352.9855;
436657.961;516351.427;516351.464;77.3447;228.5994;228.6066;
385334.422;519002.474;519005.683;647.8194;109.9856;109.9468;
427553.349;523121.201;523128.702;1312.4846;517.8651;518.1346;
402428.875;520309.429;520311.241;7.5180;352.6682;352.6232;
403554.770;519221.148;519221.518;1095.3246;-35.5258;-35.5709;
290717.927;632151.782;632163.863;86.2977;-67.0368;-67.0187;
212181.877;341790.131;341798.323;115.6243;-100.5913;-100.5869;
607040.566;586875.225;586865.901;-298.7164;-70.4874;-70.4982;
575787.214;526105.825;526104.714;64.2692;49.5755;49.5346;
562439.584;509250.537;509250.240;-254.1348;84.2282;84.2093;
577537.953;531159.727;531157.107;-383.4860;355.5468;355.5064;
704780.591;552207.085;552203.001;-529.2502;-32.9545;-32.9657;
576733.790;522634.682;522633.964;-758.1817;265.0003;265.0266;
583381.811;528683.007;528681.441;433.4406;-140.3702;-140.3905;
551823.224;516317.334;516319.413;134.9304;-147.4702;-147.4605;
571041.763;518569.245;518568.553;629.1532;-483.7926;-483.7977;
600820.537;533578.323;533576.158;524.1730;-117.9672;-118.0199;
727918.126;603599.561;603601.119;-192.4789;-65.8289;-65.8460;
613800.281;535840.974;535838.440;251.9395;517.6752;517.6269;
581439.190;528468.769;528467.183;-933.1122;-258.6755;-258.5890;
589941.778;529958.774;529956.810;-81.6865;439.4031;439.3596;
578275.333;530281.405;530277.974;-778.6348;-563.0386;-562.9643;
573533.684;519901.082;519900.680;437.9934;-91.2601;-91.3155;
591930.548;509272.702;509272.893;-382.6955;-1019.0549;-1018.9165;
574320.386;526845.959;526845.886;-328.0097;725.9565;725.9134;
581079.482;453110.344;453105.430;-421.5293;-216.4903;-216.5121;
536701.489;366936.063;366946.499;-223.8726;90.0830;90.0740;
610548.390;556807.812;556802.017;-590.9647;394.6516;394.6094;
583842.716;508021.893;508020.688;-371.2540;-295.4936;-295.5250;
590236.793;382727.475;382731.693;-144.8887;-0.1268;-0.1234;
383181.301;328248.303;328228.414;-180.8880;72.1379;72.1403;
570997.492;516978.554;516978.538;-1096.4659;286.1720;286.2027;
369497.498;654613.768;654599.721;-426.2717;-80.7532;-80.7512;
497324.293;449676.958;449679.403;-286.2626;30.8841;30.8744;
821174.120;588934.602;588930.086;1.8097;49.6395;49.6483;
613399.030;554798.289;554791.097;-457.9053;185.9087;185.9044;
614697.005;534484.429;534481.166;-464.0385;-421.8456;-421.8454;
550418.262;530658.256;530655.754;-89.1070;20.1973;20.1961;
651021.043;546869.421;546860.681;-263.2173;24.0144;23.9973;
592189.314;516784.602;516782.680;-234.4574;301.3287;301.3203;
603724.473;586511.125;586505.742;-341.1536;-387.9299;-387.9279;
558409.531;513920.846;513921.207;-726.1783;141.8002;141.8476;
613852.799;528315.281;528311.890;69.5434;254.6791;254.6196;
665100.629;542630.767;542623.871;-329.9790;126.1781;126.1650;
369040.881;511683.302;511687.700;-470.5008;-290.8467;-290.7621;
584265.052;537085.976;537084.392;-584.0557;-365.8767;-365.9346;
575181.217;522034.210;522033.530;265.3478;-105.1825;-105.1662;
649820.827;606653.171;606641.561;-193.5743;-5.8822;-5.8901;
535525.745;517555.149;517555.859;-135.7143;82.8018;82.7944;
578064.264;527529.389;527527.661;-71.7946;-332.0663;-332.0605;
745037.623;629826.025;629810.346;-46.8445;60.2136;60.2215;
638297.389;530480.361;530474.545;-348.1289;-238.4108;-238.4061;
595931.611;512992.464;512990.963;-128.2861;98.7269;98.7358;
598222.525;520894.856;520893.396;-599.0183;25.8153;25.8915;
381271.591;411481.320;411493.514;-347.3629;52.2228;52.2121;
583747.085;458844.818;458847.936;-408.5606;41.7018;41.6918;
583836.115;512902.531;512901.881;-729.0251;-439.6706;-439.5786;
745069.314;476106.099;476106.157;-288.4894;115.8212;115.8090;
678771.727;470632.348;470633.065;-547.5476;-62.8475;-62.8215;
588005.502;497469.158;497469.571;-180.7841;-186.0978;-186.0805;
576021.406;506435.870;506436.570;80.2164;11.4592;11.4389;
500262.784;430939.172;430938.563;-466.1595;-46.9138;-46.9269;
563795.722;477120.095;477122.713;-100.9732;251.1365;251.1234;
569616.664;517171.986;517171.747;-465.8653;8.0704;8.0815;
567544.634;509016.055;509016.711;-18.2555;-242.8826;-242.8570;
587262.514;505208.029;505206.288;-592.3079;-72.2677;-72.2351;
598725.748;525969.987;525968.624;-979.5332;633.4552;633.4831;
414451.591;220177.852;220167.105;-162.1198;-3.5361;-3.5350;
599587.407;511500.267;511499.034;-320.8964;291.1249;291.1000;
569325.940;526217.851;526217.124;285.2795;-706.4250;-706.4305;
594476.139;497457.988;497458.506;-1083.4402;36.9574;36.9663;
589148.294;509266.255;509265.048;-1099.8256;47.9821;48.0097;
411674.516;582117.306;582119.059;-744.1110;38.4668;38.4119;
621787.196;573678.381;573669.560;-102.8385;-206.9081;-206.8658;
592189.178;515145.642;515144.312;-770.3183;-369.1321;-369.0034;
577693.259;518700.791;518699.148;-618.6239;158.8093;158.8279;
458445.994;490447.110;490451.914;-874.1342;-51.4089;-51.4644;
558384.721;528768.609;528767.383;-200.3515;-195.0697;-195.0919;
755010.239;439778.243;439780.520;-434.1670;46.2766;46.2714;
575845.767;515960.707;515959.127;263.2027;215.6729;215.6457;
577909.076;521800.628;521799.022;-124.8120;500.1819;500.1262;
599426.435;528868.385;528866.494;-209.7844;87.4961;87.5021;
594921.080;527517.366;527516.276;-144.1375;-159.5914;-159.5775;
653131.368;526655.610;526651.137;-319.6743;-124.5725;-124.5614;
936702.804;532060.730;532051.935;111.5434;-25.1626;-25.1795;
579742.144;515779.868;515777.595;329.1211;91.4931;91.4905;
555974.027;524868.859;524867.768;-301.2712;184.2522;184.2689;
597057.926;505241.876;505241.235;-131.2203;107.4165;107.4256;
584402.799;515086.903;515085.164;274.8767;180.7085;180.6320;
593799.841;529184.512;529182.471;382.7844;114.9241;114.8839;
561183.191;499420.517;499422.404;-732.0376;-385.7101;-385.6006;
438377.379;220535.738;220536.865;-312.4329;-188.6842;-188.6962;
630074.490;548455.083;548448.314;-520.7434;70.2482;70.2573;
967034.758;509889.466;509871.289;-56.1305;-29.1476;-29.1526;
660561.590;448403.018;448404.364;-121.8883;-154.8994;-154.9062;
597900.757;516580.274;516578.245;-116.9206;252.5913;252.6073;
567958.087;522959.026;522955.946;-1275.9403;373.2717;373.1616;
639818.874;516401.231;516401.868;241.4945;472.9526;472.8281;
560206.792;528435.380;528434.786;-305.1190;68.4524;68.4324;
593176.669;523189.321;523186.718;-719.5167;-436.4897;-436.4341;
601747.100;526919.533;526917.699;-562.2072;210.5984;210.6054;
975411.079;801356.031;801345.452;91.9303;148.0490;148.0411;
590078.516;517035.400;517034.306;-312.5062;-43.9200;-43.9425;
584653.384;529103.984;529101.236;-293.8765;-219.5474;-219.4889;
568918.649;535812.461;535810.750;-164.2463;321.0470;320.9938;
514135.395;534324.579;534328.021;-443.2536;34.0045;34.0314;
