# This file was created for the Modelling and Simulation course, RUG (September-November 2019).
#
# Project: Simulate colliding galaxies, using Barnes-Hut algorithm.
#
# Students:
#     Stefan Evanghelides (s2895323)
#     Hidde Folkertsma (s2759799)
#
#     X         Y         Z         DX        DY        DZ
457787.276;526216.107;525705.420;70.6451;239.9693;232.0503;
496223.509;514759.868;514664.728;333.6771;569.7011;548.2569;
812270.400;618839.703;618399.833;-36.3646;-154.4037;-155.0457;
480419.788;514826.638;514145.769;-1050.9670;-267.2215;-250.8092;
471482.460;539858.822;539106.344;-399.8539;132.4559;124.7079;
440087.239;906616.300;903128.432;-145.9227;292.4752;289.1332;
283862.921;524971.488;523853.831;61.4205;266.9723;270.7127;
601030.806;892111.935;898033.813;3.0598;90.5507;101.1018;
353188.634;588234.845;585268.881;-388.2879;-88.4766;-87.9682;
554479.454;570258.409;571875.267;414.9764;320.1442;351.0723;
468765.937;543310.938;542621.432;-365.8895;150.9635;134.3845;
487736.577;519540.672;519140.982;326.3016;-122.3889;-103.4730;
378863.351;562159.998;557953.740;-134.1482;-264.2645;-282.3422;
477052.984;538770.345;538330.172;58.6721;20.3262;7.4321;
549730.284;541507.909;541680.699;248.2225;-121.7647;-100.3035;
593224.086;632340.825;638548.562;128.8409;196.6789;183.4488;
482562.468;587028.935;584796.749;147.8234;-39.7179;-49.8102;
458073.097;535532.438;534601.813;765.1468;178.1672;208.5834;
191947.508;632753.577;631772.357;-321.2931;-33.3162;-36.9681;
385899.300;555123.112;552277.370;-91.0135;109.3710;108.0922;
492615.125;524595.798;524042.691;-518.3447;-487.5346;-494.8688;
432290.814;566464.174;565823.890;32.0931;478.1345;494.1259;
477521.779;526261.138;525569.361;-52.0990;-56.6014;-44.0790;
475075.597;517192.098;516800.042;247.2392;145.1767;136.7543;
488837.591;516534.512;516123.935;305.4591;-490.5928;-486.2151;
460211.793;544972.963;543984.493;-576.7528;-278.5379;-285.6291;
470579.341;536277.100;536021.374;-742.5762;273.8005;267.1245;
893181.561;137139.337;137125.934;-21.5925;8.2056;8.1608;
504871.071;538004.183;537677.089;874.7881;661.8606;691.3754;
477397.214;527881.325;527439.068;-524.8268;-93.1277;-82.2344;
451300.989;511247.240;509422.111;-710.5025;140.1956;134.7386;
565575.036;519321.797;519904.287;908.7089;-176.7319;-159.7276;
477257.211;539004.328;538525.784;517.6137;-56.6762;-76.3617;
609511.272;589675.398;589216.564;-334.3890;-137.2374;-135.4519;
433241.391;514572.352;512778.083;131.0265;98.6006;102.1100;
502513.528;542589.678;541461.987;-159.3046;-240.0638;-253.9295;
508419.888;517816.434;517621.842;-428.2588;-40.5274;-52.0789;
486654.416;522679.548;522466.594;48.6057;540.3049;531.0524;
533421.102;393516.935;388905.875;-171.8639;-74.9395;-79.9737;
485918.214;496643.017;496102.759;1080.9922;373.4452;398.3627;
482169.830;542083.556;542894.300;304.6600;-157.4135;-161.3386;
472733.273;488330.580;491149.126;379.1460;-1.8609;-5.2561;
499110.694;513618.920;512693.412;-608.2278;-700.4341;-670.4685;
480585.094;538825.190;538860.740;-487.4702;355.1676;370.9808;
170170.646;587589.376;589774.926;-452.9065;43.9096;44.1641;
500361.333;525121.181;524611.076;1247.2970;226.3756;259.5274;
451342.265;524717.466;524418.099;59.9648;-642.3731;-637.3819;
477910.556;590485.301;590610.238;-207.7041;-307.6800;-302.6361;
455649.971;519515.269;518635.101;366.5699;507.7278;490.4352;
478346.140;511277.570;510723.993;1224.8803;-151.1808;-139.2315;
427853.949;495673.049;494051.605;-655.6824;159.7204;143.7044;
550788.579;498264.428;500842.968;465.7821;-656.3737;-644.6740;
498442.989;547070.231;546609.085;-14.2105;471.3073;452.0057;
442873.527;541957.056;540302.576;227.5323;-93.8138;-99.9361;
475377.508;506593.064;506072.612;59.0716;-533.4413;-530.9087;
409973.410;509709.624;504324.550;-608.1978;110.3119;71.0207;
556256.080;519055.965;519120.401;206.6482;367.5220;385.3727;
721894.916;646837.414;646091.243;-240.3718;-55.2718;-55.6310;
500274.183;511683.569;511038.715;-46.8302;-251.2035;-275.6832;
96663.591;641880.260;641488.578;98.3769;68.3489;68.2052;
443544.959;537330.057;537404.784;814.9023;598.4536;632.8135;
458161.886;535794.829;534643.443;589.6140;-424.3688;-409.5715;
444818.254;532612.185;531293.321;142.3207;-191.2355;-194.6321;
482422.265;516785.075;515998.859;-235.0877;-330.0037;-327.0226;
484775.746;496189.091;496260.506;-336.2911;-97.7187;-117.1764;
457734.513;524330.450;523435.672;169.4338;102.3074;100.6820;
476912.510;510976.156;510269.703;-851.2635;-3.6934;-50.9335;
428805.309;306996.362;304282.345;9.6095;69.9218;80.4103;
498906.508;535501.451;534895.139;933.3935;99.7295;89.7793;
765914.436;469739.515;469203.934;-125.3653;19.6553;18.6005;
426827.097;532421.152;530408.931;543.4588;579.3541;610.9873;
538218.966;498011.105;497087.383;190.1145;-55.0082;-64.0001;
559599.078;531607.523;530983.221;-397.6852;154.9116;156.4292;
482196.860;574174.491;574250.170;79.4760;-101.7892;-130.0313;
459339.045;570088.967;570586.493;-226.2037;403.1799;396.4072;
488378.884;514216.556;513484.785;-638.3825;-379.0930;-381.1682;
480729.418;521870.857;521406.663;-128.6470;211.6067;208.1145;
475512.690;557007.297;556654.177;-869.8312;-388.3615;-371.7221;
333416.538;619274.733;619014.491;170.0363;-110.1536;-109.7532;
477521.016;543512.912;542658.991;-37.6498;-243.9307;-231.5866;
477033.452;551782.901;551745.250;76.7139;-362.8535;-382.2210;
511914.910;555131.464;558015.504;-400.8603;298.0758;346.1435;
499507.173;515709.501;515460.615;327.3093;243.8960;242.3052;
454333.633;529847.585;529264.088;140.1347;-255.8940;-270.2086;
457214.881;526278.379;525596.206;-187.5627;-43.6445;-54.7907;
515560.475;561829.943;562905.658;-128.5507;-295.6101;-286.3016;
483303.004;518799.855;518271.481;-1475.9122;15.3106;39.5509;
353588.091;351883.822;343997.485;33.5448;-266.8156;-281.6466;
487405.170;534330.285;533853.035;-106.2846;175.5634;157.7707;
748495.278;640410.073;639504.525;72.2060;-38.0681;-38.8478;
941538.368;649050.196;648102.887;25.6670;-31.8456;-32.4577;
479999.403;489326.729;490040.746;385.4026;-773.4024;-741.2591;
559847.938;536135.956;535640.253;-52.3642;322.1587;341.1075;
522405.850;541655.438;541727.297;-43.0465;-489.0015;-499.7766;
91169.734;402628.123;399929.030;-242.9080;-87.7323;-91.1888;
513533.993;512018.921;511942.858;-620.5918;-351.3537;-373.6730;
531423.244;609785.838;609986.390;485.6982;192.8003;198.4889;
475537.033;529513.273;528799.063;839.4231;267.8632;285.2822;
721640.600;494776.273;491244.324;-178.5278;41.7186;36.2843;
472232.984;531828.297;530835.099;-846.2592;-440.0601;-472.9014;
549494.716;528109.573;527296.177;502.8772;-174.9122;-166.9230;
422217.780;563383.946;566054.213;533.3332;103.8577;84.7486;
910681.298;735534.397;733147.806;17.0182;-9.9276;-10.6473;
481102.049;517553.947;516907.546;811.9613;212.3152;220.9664;
468112.257;516772.839;516210.885;5.6739;-147.4704;-152.2987;
488550.180;519419.664;518983.398;129.9400;861.7265;830.6871;
507522.894;532250.490;531731.340;-254.2059;66.5145;50.7545;
475860.339;517996.150;517145.432;537.2004;-416.7933;-411.1266;
481402.380;516809.990;516563.465;-333.3306;113.8844;96.5810;
430380.403;232624.655;231210.813;21.5394;25.3258;24.6782;
503834.942;538245.721;537650.961;-401.6092;570.0476;557.2293;
468205.133;527418.254;527218.351;13.4285;944.3917;1005.4616;
818929.211;470474.069;460831.755;266.0770;-183.9197;-204.1921;
485439.024;451044.269;451321.514;-397.7714;-195.9578;-203.5928;
498072.559;519054.907;518781.740;54.5584;169.9043;159.5427;
470031.470;530304.324;529176.174;1433.3480;362.9782;377.1812;
492763.202;525527.241;524527.535;-266.1767;-496.9676;-483.9070;
774516.399;885853.299;883447.644;273.7155;107.0307;100.3699;
328529.037;464742.078;464540.458;98.3583;-78.7962;-74.9364;
487340.121;587298.659;587037.862;379.2490;393.3011;371.0435;
425732.369;522906.976;521308.975;-611.7620;207.4499;186.5404;
468424.782;535917.121;535113.473;500.5567;-276.0387;-245.6406;
405703.129;315731.739;311501.918;-95.8523;138.8220;129.5460;
467013.262;543051.297;542666.246;289.8896;-529.2828;-524.0181;
489035.259;512056.490;511662.635;-86.3687;-526.3017;-548.7563;
409198.804;565354.046;560491.743;-402.9691;361.7976;331.2140;
487596.442;516252.424;515660.340;-264.5838;-166.3864;-166.1903;
523518.612;522896.928;522734.065;480.4771;162.0201;156.2509;
501329.852;527440.864;526858.214;-376.4520;-219.6808;-237.4519;
768482.953;496789.556;492515.219;168.8727;-71.9340;-78.9293;
578298.225;600914.022;599231.728;387.5718;-383.4034;-336.0367;
491238.666;514241.682;513872.232;-72.4739;47.6603;48.7512;
457060.420;533595.144;532150.197;-1060.5185;642.2869;592.0186;
510606.106;496989.900;498211.473;281.7783;14.3991;29.6366;
488898.750;521957.533;521592.842;389.6433;-465.4364;-479.3805;
450497.215;556577.692;555607.445;348.5000;-520.2116;-498.1746;
495302.489;571110.597;570528.113;-236.9823;-226.3527;-240.8484;
433722.564;569538.394;568649.567;-509.8171;465.3164;445.8179;
462363.143;511365.631;510433.073;691.2725;258.8809;266.3336;
472907.074;525572.773;524847.334;-325.7670;-27.2315;-36.2938;
501860.508;523994.777;523205.129;223.0316;306.9861;313.2632;
448379.091;532686.503;531925.312;105.1874;268.1136;251.3023;
507738.396;539069.574;538674.953;622.1641;339.8910;335.1025;
440522.843;519522.999;517738.101;545.7274;-397.4652;-383.4029;
439667.192;532651.104;531691.689;-337.0380;-461.8109;-472.3308;
947063.232;635028.445;633749.365;155.4416;-46.4073;-47.7059;
491493.043;503396.664;502930.870;574.4512;-146.8854;-123.4766;
445547.983;536880.850;535311.802;363.6122;194.0394;201.5997;
623804.338;470895.112;470357.976;364.1604;103.2309;108.6460;
466168.779;542390.093;542180.747;-950.9268;-184.6881;-186.8542;
575285.276;606970.803;609055.677;-267.0512;138.6843;134.0699;
491463.975;533007.385;532265.159;-360.5645;-456.4483;-448.7936;
477923.877;518067.209;517677.942;438.1325;577.3283;573.8340;
486363.855;526697.670;526522.858;-960.1447;-46.0123;-90.7732;
487846.838;534209.038;533494.772;20.6519;-306.8879;-309.5710;
