# This file was created for the Modelling and Simulation course, RUG (September-November 2019).
#
# Project: Simulate colliding galaxies, using Barnes-Hut algorithm.
#
# Students:
#     Stefan Evanghelides (s2895323)
#     Hidde Folkertsma (s2759799)
#
#     X         Y         Z         DX        DY        DZ
475833.453;551617.613;549327.238;392.5781;130.6341;150.8179;
522617.433;547559.921;544975.289;1254.8719;-134.6623;-143.9168;
552494.639;404744.180;411400.435;-326.3177;-70.9385;-61.2569;
502230.051;527387.346;525293.718;80.1004;-168.4216;-174.1742;
487869.297;559121.314;556605.122;227.5080;-273.7791;-226.2238;
659532.634;492927.528;496081.175;-181.1981;-290.9964;-271.8661;
585408.514;942098.082;960545.910;-21.5754;-17.8050;-11.3896;
539102.444;760040.507;770612.348;-107.1139;187.1568;167.5173;
527209.328;604351.419;588640.695;212.5614;424.4430;387.1174;
575638.381;568640.249;572678.457;117.7033;340.6454;344.4230;
511595.743;544727.507;541275.115;544.7127;396.9850;436.1004;
576026.283;722833.806;724065.944;-191.7769;-1.7069;2.2160;
520450.199;540879.504;538652.168;-1.8521;-159.7106;-101.5750;
561912.878;504474.937;497946.166;307.3207;-278.8921;-223.6529;
359895.696;377839.353;355096.326;156.9264;-51.7094;-79.7995;
581741.605;565356.348;561876.370;180.8466;11.3747;27.5998;
516074.988;548640.539;545885.199;370.9245;-312.3086;-257.6989;
469854.772;582809.066;576803.417;649.1037;-135.7216;-278.1249;
566802.754;536549.460;532278.591;-410.5511;-34.6755;23.8301;
515339.082;560324.397;557352.227;388.4453;714.2646;635.5210;
514128.815;545905.330;544447.496;811.1564;-197.7125;-257.8828;
529670.419;553632.235;550025.785;-448.1078;506.1122;392.8719;
502597.564;545395.001;541306.976;-694.4130;-376.0115;-346.5131;
517116.350;529393.036;526753.361;-60.9097;-728.6416;-708.8288;
500024.493;534781.152;530461.678;-585.9368;-528.0563;-524.9574;
838480.458;173483.605;173230.235;-54.7437;43.3181;42.9495;
613491.852;619145.965;624501.570;352.8106;73.1392;227.9775;
477915.840;543998.407;540022.062;90.5449;-63.2813;-74.2762;
517054.309;554680.371;552561.315;245.0389;-265.5883;-234.6261;
349784.340;540084.426;526292.108;-465.3748;-86.1146;-72.6164;
577236.557;531941.449;533016.161;-32.0865;177.6395;136.8903;
363454.523;587309.405;598528.681;-343.7092;-49.7984;49.6196;
537354.157;598554.297;593901.250;462.2215;337.6911;387.6282;
533538.509;519027.299;516337.604;132.7400;562.5472;599.5748;
504240.428;556126.561;554261.772;107.8547;524.4225;523.7870;
511955.417;545222.406;543342.314;857.0333;161.6286;236.0370;
476639.271;538688.953;533465.123;-299.6062;658.9427;731.7577;
522021.379;535721.543;533687.286;-275.5814;513.4075;499.4914;
488870.958;556511.179;552391.562;548.1012;113.8493;159.2700;
525065.417;542256.381;540185.665;-937.9771;535.8872;375.9644;
506767.490;536007.807;532749.340;-236.1003;-168.1548;-205.8095;
433764.651;512363.698;503890.392;219.7979;27.5694;54.5134;
387659.649;646293.250;642449.576;50.8035;-71.2558;-68.1833;
851356.065;429287.809;426982.210;199.3868;65.0870;51.1854;
817625.585;388761.487;378107.258;175.8845;-6.0137;-19.4311;
511668.091;542679.827;539346.583;-841.5721;-201.0971;-207.3365;
524245.565;536067.808;533597.451;-110.9518;103.5990;58.4629;
500787.199;515500.589;510825.621;-265.4283;-184.0023;-175.4821;
692557.467;43488.254;35439.535;42.6251;-216.3411;-224.2703;
491780.150;495727.673;491616.821;153.1633;-221.2112;-162.1705;
511687.571;557305.012;553964.240;473.9220;-234.4900;-199.4042;
486658.367;550264.831;544975.801;304.2007;-413.7004;-393.5600;
381918.394;354068.878;360254.932;-195.5169;-57.9688;-128.8735;
320869.331;648787.301;637264.161;-55.9711;-113.7845;-117.9610;
664249.280;389483.913;407286.785;182.1678;-44.3760;-24.4693;
490480.563;572183.877;570436.334;491.6964;702.8834;637.7705;
316034.455;702793.879;701922.664;209.0714;6.4182;5.4729;
489122.805;554643.014;551516.750;88.6879;-232.3465;-190.7573;
534674.739;534947.379;531316.758;-46.3805;-395.3817;-406.4819;
529940.797;543887.993;540848.937;-736.9290;-664.8600;-684.5486;
508254.564;526958.958;523459.347;174.9013;-217.0974;-256.4696;
507118.483;556898.293;552936.330;-769.8388;-205.0223;-155.7931;
495821.865;536877.183;532283.876;106.6969;218.4652;238.7317;
613980.262;551584.544;557403.916;232.5514;-109.7262;-129.3541;
543244.050;480767.583;472081.553;-436.6231;-66.6042;-72.2904;
482078.050;578623.561;574826.980;-228.2792;371.5075;315.1140;
300555.162;614666.554;574720.629;-246.8855;86.6174;46.1742;
408814.050;535751.174;547195.056;-562.5074;-76.4136;-78.2350;
459196.782;598188.986;589171.402;-225.7673;91.1698;96.0726;
518795.618;531545.199;529198.745;199.7394;569.3022;582.5473;
851935.945;439337.997;438822.766;139.3279;-16.9156;-28.1408;
519395.032;541924.512;538947.839;-515.3577;421.1869;350.1020;
495471.762;549165.238;546129.973;862.1447;-739.4488;-646.0696;
435077.410;500887.495;495900.080;-80.3913;-194.0913;-205.0043;
848421.399;365553.432;371840.591;178.3843;-2.7289;8.2286;
512795.522;541331.841;538166.307;72.3613;64.9290;42.8685;
501426.478;542021.444;538736.876;24.4008;15.5501;46.1805;
461619.803;510618.133;507477.643;633.4539;-192.6127;-134.7269;
526667.738;554149.832;550665.183;553.8312;362.8297;354.0234;
514586.417;548193.320;544155.624;-638.3595;333.7628;305.8457;
518765.221;551711.253;548530.120;157.3497;247.2547;206.5579;
336063.504;359925.030;339501.245;-91.3391;-96.7553;-71.5235;
524104.561;552596.364;550579.458;-126.9448;650.9916;657.2630;
519314.385;145212.552;128588.215;137.5111;-59.0028;-60.5136;
514732.919;529820.803;527020.536;-291.8899;-84.1675;-155.0709;
750766.126;557461.168;556632.000;-78.1375;-70.2586;-69.4511;
863429.268;559787.559;557976.605;-167.3212;-63.8252;-62.0235;
494711.848;553706.306;546332.068;-756.4502;787.3191;603.6236;
511043.265;592142.656;591196.352;-554.3880;-107.6450;-173.7522;
331275.143;504576.165;487476.198;-186.7616;139.7099;106.5728;
626496.878;512595.930;513569.765;160.0373;-259.6753;-271.9395;
912065.546;576424.014;576751.797;116.0232;-88.2710;-94.1196;
504099.410;543842.259;540366.517;-149.3527;-10.0427;28.8697;
552225.774;538648.429;533169.114;433.2501;-123.1581;-85.3427;
508716.623;558073.031;554824.252;30.9516;-428.0450;-362.0783;
510890.517;578740.000;575457.119;651.4407;20.5308;20.7121;
389628.310;377722.127;387827.176;-196.9589;44.9819;72.6206;
833786.605;667788.086;664947.284;-138.6268;-88.7063;-88.5045;
459848.024;549057.099;542654.658;61.1048;-35.1294;-23.0778;
503417.336;555041.033;551062.674;1040.7007;-368.0130;-328.6319;
502260.998;533082.423;529092.326;332.1805;-957.5198;-1007.7996;
494351.960;529203.607;523950.125;374.6081;-7.6735;6.8029;
404204.923;585023.377;578208.089;-100.4563;274.8118;261.6709;
536747.588;545681.892;544198.968;-24.8035;-83.8014;-91.2141;
460565.612;320226.213;313350.870;1.1333;109.2563;73.7375;
531359.040;547718.135;547211.619;-417.1694;-246.4147;-357.4955;
462425.824;413982.182;430346.319;18.4465;80.2965;63.3145;
960093.735;314968.060;315325.761;8.5613;-36.7807;-1.5411;
487273.973;592796.175;593486.378;688.3011;-36.5369;7.2025;
489324.530;538946.668;534227.168;-187.2150;214.3784;200.7935;
500243.108;548943.380;544776.896;-1039.6874;315.4875;338.0319;
521020.390;526798.357;525061.790;-330.0979;351.4114;310.5584;
399918.444;581590.534;569716.751;-240.6976;-168.5504;-144.0874;
423526.959;387999.350;407921.541;-203.9591;29.0030;31.1456;
536851.142;618180.286;630972.971;80.5750;-107.4777;-76.8066;
522970.782;551852.825;549639.189;171.8524;-193.1906;-188.7503;
660426.519;489579.425;495864.369;25.9003;-99.8643;-121.3126;
513276.934;534965.167;533049.338;500.4607;-24.9639;26.0735;
525667.801;547351.470;545224.023;-420.7607;-345.2736;-353.9258;
328719.718;514255.254;536328.325;-209.1858;-109.5027;-42.0829;
518253.955;548491.425;546640.196;272.9473;70.3073;57.4978;
530641.686;529225.251;524442.323;1006.4403;-393.5285;-369.9408;
509755.266;548635.292;546924.445;102.1270;677.1632;686.6244;
779977.261;414580.414;413111.657;-119.0400;-26.2281;-3.4607;
573709.279;431644.850;474758.521;-262.5983;-161.9134;-60.8624;
499263.681;561617.951;557243.831;-138.6473;4.1064;-62.3585;
601744.430;601723.205;618693.548;-255.4068;-7.4855;-119.6939;
527234.896;483052.514;484799.024;462.1324;114.5802;96.0597;
495371.263;554032.549;550164.708;365.4917;133.8728;205.5067;
518302.952;560478.148;555789.824;-658.0508;415.9110;186.8268;
517219.214;602970.791;604824.800;-136.8076;124.3366;199.4125;
404505.328;548589.253;538676.716;-517.6299;-4.8416;-16.0203;
557456.847;537376.447;536298.895;29.9799;325.8197;309.3470;
503491.173;544735.254;541459.738;510.2635;15.3223;63.3931;
509766.522;543789.522;540447.048;741.1783;-223.2994;-149.5256;
517514.927;533460.598;531831.894;932.0854;-94.1850;-93.3533;
515568.066;532996.542;529433.254;-229.4522;-76.0786;-118.4519;
527652.808;537924.123;534252.734;-342.9854;-179.1699;-161.3987;
413251.997;553432.636;538813.339;71.3896;-183.2971;-201.3198;
513850.245;524902.225;520126.011;-1103.4214;-109.1001;-35.3736;
487101.047;558687.234;553988.969;-281.4697;735.9491;655.9985;
464795.494;302970.624;287388.966;168.5426;-129.7940;-100.1766;
497170.826;556301.465;553534.026;-711.2591;-181.0785;-225.5426;
587871.048;538471.499;542570.018;-383.7426;128.2867;78.9412;
505084.776;537641.271;535005.080;381.8354;-215.9849;-167.7050;
502636.364;569400.930;563148.415;520.5738;-21.4877;-64.6505;
537680.200;525079.624;524130.641;147.0407;-449.4700;-486.2302;
515769.862;552148.993;548539.375;602.5660;83.8804;97.9354;
