# This file was created for the Modelling and Simulation course, RUG (September-November 2019).
#
# Project: Simulate colliding galaxies, using Barnes-Hut algorithm.
#
# Students:
#     Stefan Evanghelides (s2895323)
#     Hidde Folkertsma (s2759799)
#
#     X         Y         Z         DX        DY        DZ
475058.365;540588.978;540560.187;48.3991;-184.6277;-184.9890;
424777.903;544564.431;544532.848;-837.0296;306.2930;304.8408;
689978.143;875799.190;875787.003;95.6442;-43.3833;-43.3886;
460469.112;578844.317;578873.950;-139.1117;480.5484;482.0499;
435593.842;542379.596;542305.630;214.4882;-25.3726;-26.8708;
463555.511;539899.546;539862.241;-577.7589;-513.9491;-511.4453;
310214.191;494049.530;493871.615;13.5586;-262.7960;-264.0457;
283444.677;570672.451;570317.526;50.7400;255.4304;254.9968;
628441.221;526980.639;526959.021;195.5988;23.4924;22.6267;
488475.318;619831.031;619883.414;-145.4657;408.9949;409.1993;
521592.794;462297.261;461988.239;487.5914;-265.4828;-266.9637;
555827.400;605247.326;605189.106;-309.3618;-202.5101;-200.5101;
449846.880;551144.216;551124.712;289.8211;16.0799;14.8790;
470042.247;536225.291;536310.167;-946.7186;-704.9122;-707.7530;
263539.805;624206.267;624302.372;-311.4613;-43.3642;-43.6823;
413296.033;467674.236;467369.697;25.4676;82.5585;82.4964;
486835.365;566536.999;566480.161;-325.3917;148.0126;148.5793;
419050.767;533484.610;533396.323;486.9569;157.8899;157.4703;
356021.540;543563.287;543502.750;530.9895;-36.9469;-36.3280;
586350.195;632545.532;632554.159;-95.7648;-139.0562;-139.2957;
459321.963;556867.574;556887.830;672.1452;267.1291;268.6925;
404086.880;607886.881;607994.950;-494.8949;-45.8175;-45.8566;
445939.778;553940.442;553908.874;712.4634;-200.1892;-201.3294;
477426.341;589382.181;589405.703;-317.1755;-12.6554;-11.4832;
488217.594;505507.230;505423.298;-330.9208;-190.1405;-192.0476;
453685.857;538211.146;538135.502;202.7064;119.0082;119.6720;
462939.209;541942.644;541911.033;236.3631;343.0927;345.4720;
436582.805;547011.547;546971.052;675.8373;-452.7327;-454.8055;
463996.779;547993.466;547977.150;435.0323;553.4437;554.5067;
448051.640;557645.802;557673.987;-335.3214;551.1393;552.3038;
870966.411;187178.013;187205.112;47.7940;-47.5829;-47.5826;
516292.507;521088.132;521048.338;874.1710;-91.6654;-91.1025;
480071.125;548798.985;548833.840;-698.5251;43.7201;41.1671;
484011.338;524308.169;524267.016;-63.7417;128.4366;126.4402;
524727.324;575918.904;575973.339;218.1218;147.7939;145.5105;
452757.929;541196.703;541144.260;995.1391;-604.3880;-603.8001;
726500.121;499941.221;499206.087;-372.7343;40.6355;37.6754;
481165.828;522830.859;522771.507;-552.0750;38.1568;37.7596;
412987.703;601829.337;601886.828;406.2722;210.7182;210.2267;
470601.571;527320.675;527245.864;-350.8116;125.6037;125.0401;
468486.902;533013.191;532990.155;-163.7508;378.5566;378.0456;
221238.718;437471.697;437281.976;-199.5687;-100.1794;-100.1519;
456661.523;547568.295;547504.396;638.8580;-102.1642;-101.5705;
458827.893;573288.149;573233.117;-257.8802;-409.9866;-411.1806;
447950.800;578014.513;578091.963;-349.5544;732.6941;736.2319;
467756.550;558243.264;558252.366;-40.4295;-439.9731;-442.1115;
407502.702;554218.133;554158.157;209.1364;-136.2971;-136.7701;
800416.309;162516.305;162538.218;-26.0722;29.4858;29.4819;
458068.774;544705.871;544665.919;878.8326;-319.6140;-319.7784;
853541.855;684827.702;684122.719;-39.6505;48.2682;47.3127;
508722.412;415062.357;415077.024;66.2665;102.8443;103.2811;
450134.639;540462.260;540382.695;-573.9621;-626.9573;-631.0678;
467517.669;550182.523;550159.427;570.8418;213.2172;214.4982;
464122.676;565036.192;565103.413;-550.8899;-328.0118;-330.8634;
396101.685;526318.578;526103.293;-686.8851;204.3415;203.0215;
475376.377;509893.857;509751.237;335.4482;-5.9564;-8.6250;
526768.334;547391.865;547320.768;-372.7932;299.5648;300.5087;
484411.735;523376.423;523325.433;501.4456;122.0304;121.9017;
800122.676;426236.439;426195.269;-55.1145;-27.9334;-27.7425;
450736.566;535915.877;535828.026;279.8648;445.6997;448.6364;
981766.852;626217.492;626104.935;18.1192;35.7021;35.5010;
461346.074;541723.263;541683.579;250.4611;309.8024;311.2492;
97608.355;428819.207;428676.215;-103.4488;72.6545;72.5918;
888645.291;322902.484;322997.732;180.2835;-37.6222;-37.4995;
477871.628;532770.200;532765.149;612.5056;-395.6686;-399.9704;
413923.635;543037.371;542890.269;-223.8664;-710.0090;-712.3075;
446316.867;552253.198;552262.775;-35.7326;-98.6058;-99.9841;
148456.068;234454.606;233818.687;-101.6590;-169.4317;-169.7445;
608290.297;585697.178;585680.838;20.9500;-249.1958;-248.0963;
574574.237;571241.887;571509.942;347.6791;32.7007;32.8350;
458404.965;534830.847;534751.595;250.2800;202.3851;203.6226;
397667.837;484838.260;484607.922;-501.3911;-0.7352;-0.9350;
479556.347;571720.200;571765.798;-189.5247;16.8929;14.1265;
406727.090;496381.254;496445.449;478.2326;301.2836;300.3582;
667234.131;520249.571;520159.319;241.5117;-9.3949;-9.7208;
403672.364;454501.852;454106.512;-551.9126;119.6326;119.9932;
474761.332;522652.190;522548.357;-329.6130;71.7632;71.9617;
576966.832;650052.919;650010.354;-200.6514;-93.8619;-93.5380;
43069.141;727105.032;727222.883;-326.4859;8.8061;8.7964;
449021.541;517612.688;517551.753;-514.0113;-45.7362;-46.3884;
557634.359;517062.521;516927.175;-12.7362;123.7185;123.0362;
466947.176;544394.944;544364.761;-415.3732;160.9897;159.5758;
447493.842;554577.998;554558.660;-172.1640;-425.4590;-427.3794;
433043.325;561929.754;561910.008;210.0199;-255.9996;-257.0312;
712682.727;539440.634;539196.448;266.2391;-50.7870;-52.2638;
405060.843;517473.783;517264.963;-230.6598;375.1349;374.0586;
456489.067;521505.840;521442.965;294.7096;-144.3989;-144.5251;
452426.256;531772.335;531742.081;-561.6501;-752.6738;-754.5749;
459675.537;554288.473;554259.903;-12.9025;-207.3450;-206.8220;
482693.643;555933.731;555979.576;412.2052;246.5371;249.7248;
438322.827;546438.278;546379.582;-421.8465;-307.1232;-308.0164;
455031.399;542959.001;542937.147;-410.0147;-319.5467;-319.3753;
509363.272;614417.247;614531.855;361.5586;-124.8456;-125.4360;
750527.971;598081.042;597912.996;-297.4949;93.2379;92.8767;
467349.264;551246.622;551234.514;-870.1544;330.0278;331.9565;
522683.455;453482.802;453418.760;-228.7963;25.4861;25.6711;
612039.275;394486.022;394467.190;-218.2843;16.6880;16.6927;
410808.483;511743.400;511674.927;185.3224;-107.3458;-106.2659;
407054.115;672173.597;672361.594;-248.3375;-150.8655;-150.3786;
548505.597;570795.641;570898.318;76.3688;-246.3907;-246.6269;
709520.748;599874.842;599829.622;115.9223;35.3670;35.3844;
463141.299;552436.924;552425.613;482.6623;724.5456;726.2016;
431466.524;367025.878;367003.125;-152.5080;106.6063;106.6301;
497488.205;528114.274;528066.375;-358.2357;232.0725;232.8246;
882233.130;468390.432;468358.306;39.9617;-8.4904;-8.4583;
456889.534;554172.050;554188.902;621.3653;27.8552;29.9685;
450509.671;561376.237;561367.434;113.0587;163.3188;164.7931;
453835.702;529898.155;529837.607;-295.0666;351.1997;351.4257;
313838.137;423154.637;423011.871;260.4454;150.5563;150.3679;
469837.192;474909.861;474694.934;-22.4437;-155.2471;-156.0431;
296092.044;898929.499;898765.590;-102.3174;104.1766;104.0956;
450046.418;531400.003;531393.916;-150.0441;194.6029;196.7417;
462797.893;558963.417;559013.250;675.8052;-43.6550;-39.8536;
475470.092;559825.167;559872.581;-222.1149;303.7138;304.3720;
410955.697;561386.929;561351.365;-417.5478;24.0273;22.5368;
435382.506;553030.956;553020.809;113.8849;-295.8126;-296.2314;
406211.281;323804.215;323641.100;-7.2947;-99.9961;-99.9436;
446627.599;557306.093;557196.131;228.5600;-657.3944;-660.4563;
471858.938;549297.024;549275.544;932.8273;213.4654;213.5833;
555251.044;588835.081;588741.855;-572.6695;-310.0449;-313.0437;
303222.494;313903.130;313834.679;-219.0585;34.2347;34.1835;
426853.674;591218.834;591107.701;340.0130;-101.9877;-101.8324;
526491.985;551743.015;551822.372;-482.4567;295.0222;296.2342;
457103.875;530863.736;530799.965;-93.4338;274.8083;276.3981;
788827.874;464125.183;464460.093;-179.0158;-152.6387;-149.4849;
605022.625;583835.151;583748.083;-2.5850;124.2601;124.3613;
415678.449;548963.044;548884.758;590.4193;473.9518;475.0257;
485095.833;528328.956;528255.751;183.1155;-250.5496;-250.3220;
470005.999;548701.926;548773.405;-528.0985;-271.4199;-270.0913;
563905.717;513799.007;513888.449;214.3009;-362.6552;-363.7148;
411139.909;564869.102;564893.553;-326.8204;499.8944;500.6974;
422403.380;544516.820;544466.840;1229.8870;-382.2279;-380.6867;
386315.360;556252.037;556145.443;-105.1479;536.9062;536.2540;
476574.468;578815.471;578849.464;-68.9752;-317.1919;-318.6148;
365947.877;289075.222;288651.711;247.8789;95.7786;94.9766;
451760.670;515697.944;515651.192;578.4018;368.1229;371.1972;
425230.692;556925.162;556838.539;576.2255;644.7301;647.8278;
472022.288;496881.372;496722.851;-132.8183;140.1061;139.0240;
569687.845;500051.075;499778.314;-485.1415;-422.1794;-421.0817;
461189.710;549310.551;549311.661;-719.8206;57.0238;56.6234;
474862.232;545989.430;545921.463;952.8072;891.3598;892.7633;
406021.051;513246.462;513278.091;76.0466;109.6573;111.3055;
466814.018;551604.666;551617.584;-985.3326;-244.4614;-246.8017;
455665.883;545441.135;545449.368;1144.4234;512.8706;514.8446;
454033.816;564872.147;564945.767;-777.5112;134.9316;132.9515;
470362.748;523739.433;523683.557;250.3206;-799.9105;-802.2439;
443779.842;533760.355;533715.319;-226.3798;-483.8121;-484.3308;
448456.797;543210.180;543159.762;-87.0625;-89.9176;-90.5520;
435779.971;546447.871;546408.857;323.2907;521.4714;523.1545;
448916.587;559416.923;559447.945;-440.9601;183.7868;183.0158;
425992.867;553681.052;553674.406;25.1747;-420.7431;-423.5169;
391901.799;542577.841;542418.941;118.2527;-296.1714;-297.4514;
483919.047;586558.190;586732.977;-391.1490;251.5863;250.3786;
180597.716;130330.978;130231.904;-138.2134;-279.3589;-278.9427;
498470.840;485920.917;485836.887;-468.3243;75.4178;75.6791;
440882.030;542731.505;542647.384;-512.0008;243.9287;245.4073;
459297.374;538215.052;538184.550;-203.0759;107.0447;108.1460;
269025.008;635998.835;636108.947;-489.9126;98.4259;98.1669;
465415.864;555809.129;555811.901;-21.1637;-438.1365;-437.6411;
415420.384;561732.740;561689.440;-19.6200;-637.4358;-637.9208;
451473.406;557289.021;557231.115;264.1743;690.1175;694.4298;
504508.756;526985.012;526914.194;552.4317;-79.4607;-80.1084;
440705.754;554532.196;554493.459;400.2974;-376.6652;-376.1464;
465861.642;540356.146;540327.247;-567.1395;371.9042;375.2757;
400669.310;529497.325;529428.969;225.8801;-77.1236;-77.4744;
