# This file was created for the Modelling and Simulation course, RUG (September-November 2019).
#
# Project: Simulate colliding galaxies, using Barnes-Hut algorithm.
#
# Students:
#     Stefan Evanghelides (s2895323)
#     Hidde Folkertsma (s2759799)
#
#     X         Y         Z         DX        DY        DZ
449488.262;554573.940;554669.077;-5.7265;55.6345;55.2292;
458656.968;530524.275;530174.515;-390.5137;47.6820;53.5618;
809652.835;735915.570;735846.011;28.3702;-116.4068;-116.5806;
498715.469;538470.467;538384.087;-545.1455;-421.0609;-428.6029;
482261.732;519867.936;519699.418;-184.7892;191.5413;187.2577;
552217.280;569757.882;569327.217;112.6144;680.3272;677.3557;
460916.025;400702.984;398758.781;-356.5473;-46.9578;-49.2518;
588271.979;756467.432;755011.205;58.9169;265.9677;267.8119;
497575.202;502521.694;502415.874;683.6898;-151.7626;-153.7402;
194769.144;524326.920;522643.592;-1.3324;-59.4685;-62.8452;
906162.979;590661.198;587542.339;416.2943;27.4019;21.6792;
480935.051;546734.454;546645.690;261.7816;585.7997;587.1871;
466361.140;544069.227;543887.846;-151.9117;99.7337;93.2665;
299506.677;451894.697;450468.920;393.3725;-116.3237;-118.7757;
97510.630;494299.030;493670.869;-331.3630;-29.0555;-32.1930;
457809.524;540428.277;540372.289;-343.9105;-797.4841;-796.0608;
452351.577;568695.298;568642.430;-216.2523;-15.7488;-18.3975;
221473.877;465289.040;464168.829;116.0380;24.2132;27.5669;
433166.087;554930.915;554691.791;-680.2919;265.5508;300.1625;
451235.379;541706.434;541735.945;674.3555;-330.1489;-332.2020;
541567.087;538090.286;537752.641;-92.2281;512.7651;516.5506;
436525.056;534925.746;534679.118;1005.4581;58.1902;70.4060;
467669.386;533031.665;532679.476;-100.6351;508.2214;513.3242;
646922.051;580760.662;577725.706;248.5996;-72.6530;-80.8427;
470059.921;550838.779;550709.851;600.2524;240.1350;227.9350;
461786.316;538263.876;537952.977;-555.1707;272.9654;277.7053;
481229.337;546563.453;546421.440;-289.8086;220.6355;217.0219;
427537.156;566525.802;566749.525;-380.9684;-136.1363;-131.9602;
473678.034;527126.179;526873.123;147.4005;-193.2942;-185.1807;
904030.609;137402.949;137416.403;-3.8076;-8.6914;-8.7127;
583487.570;417658.452;414842.286;70.1619;155.5846;158.8388;
468177.472;545106.441;545050.962;140.1739;173.0167;172.8825;
486514.586;541749.906;541643.099;-417.3321;-788.8237;-794.1354;
500766.171;503936.032;502803.839;-689.1289;178.2101;179.2487;
466749.263;544623.739;544508.543;-80.8371;76.1119;81.8748;
382423.115;491910.551;492039.689;529.7371;276.3651;276.6000;
472879.416;530572.439;530276.671;696.4873;111.6649;109.4208;
458920.465;546663.804;546793.644;-83.1154;209.3879;216.3244;
507069.646;557829.127;557784.591;71.8199;0.6314;3.3617;
477560.986;524521.013;524203.105;-215.0569;164.1883;164.1524;
305106.589;527710.101;525878.794;366.3934;218.6018;218.8806;
484502.748;548368.589;548289.031;-459.4316;-96.2144;-89.9758;
498689.223;517749.771;517243.870;-1037.6357;-113.3226;-186.3323;
427008.928;601712.082;601169.684;-172.0464;-164.9461;-165.2103;
515670.009;546150.418;545686.891;-499.4433;-234.5390;-235.2397;
446419.011;521247.115;521345.212;-163.1014;-127.1780;-128.0828;
632215.320;370894.705;370786.981;-219.8942;253.4415;252.9798;
472594.413;519836.107;519603.096;890.2341;270.0981;263.0219;
650633.318;694992.708;693532.375;-193.6374;-61.9277;-61.1421;
569140.545;624140.402;621949.462;51.7048;114.9518;109.4645;
478314.130;558735.563;558636.060;858.4494;-476.9539;-464.1430;
473668.795;530732.955;530581.045;542.3950;-387.3115;-385.4163;
507963.102;570238.286;571273.987;969.6650;67.3014;69.1690;
186427.583;438089.564;438535.487;-0.7923;123.9353;125.7762;
492493.622;551138.078;551493.612;-336.3035;-253.0294;-240.2669;
492008.677;533523.056;533716.111;866.2362;431.6950;428.0392;
465647.852;545533.255;545513.119;-890.3966;-394.5940;-388.8537;
517834.043;682181.177;681293.719;105.1327;4.9552;0.1630;
508714.321;550109.873;549744.213;-197.9778;519.7822;515.7882;
881790.319;663445.179;662975.299;-141.3373;1.5565;1.2980;
469094.068;525236.375;525000.107;255.8318;-641.7889;-650.1039;
38200.334;577608.119;577338.553;38.9517;81.4101;81.2854;
520863.224;537933.284;537790.591;-546.2909;-111.9639;-118.0592;
532106.811;565064.931;564456.398;-96.4496;293.9207;292.1432;
475331.347;525976.402;525820.150;-820.4449;-491.4683;-496.0120;
56733.671;23240.098;22232.351;-16.0107;-75.8505;-75.9937;
466115.850;533296.450;533364.304;-658.8355;-118.8307;-129.2196;
486818.371;530503.768;530763.647;798.6958;-443.2967;-445.6691;
481856.775;518171.711;518235.144;47.8048;269.9576;267.2429;
518384.047;511886.972;512071.565;-284.3524;-327.6277;-318.0448;
430262.412;302402.248;297687.809;-34.2545;-60.5608;-62.9667;
479900.177;550926.300;550698.337;-571.5472;138.4348;137.8808;
824318.325;478807.180;476375.527;-20.4180;-27.3102;-27.5744;
338508.794;538586.231;537946.608;-35.3682;347.4390;342.6800;
427108.872;578834.707;577558.957;182.5623;-188.8197;-184.1072;
642978.378;435647.755;434715.149;55.6004;57.6081;57.3703;
467093.873;563159.475;563124.657;234.8245;-43.6048;-47.5043;
487557.013;461699.189;461463.987;-78.8511;-122.7976;-124.2309;
485363.388;533935.696;533815.894;134.8346;-223.0002;-224.2554;
481951.002;544519.620;544420.227;51.2257;193.5185;199.3069;
468197.065;553921.293;553786.491;-576.4112;-706.3927;-713.9849;
386569.312;583060.896;582910.461;-418.9309;271.2888;271.2347;
417050.385;517609.755;517611.076;-307.3880;52.0174;40.6096;
467185.071;538045.471;537836.769;568.3685;16.4590;19.2325;
384987.929;543350.709;541169.919;-367.4045;-274.6045;-288.8851;
459808.727;530160.186;529845.747;354.4594;-27.4075;-30.2994;
470495.268;548401.888;548263.841;73.9884;-928.2501;-925.7392;
475350.681;524488.615;524264.216;-676.1886;-21.7367;-19.2930;
448770.316;568542.202;567376.636;-103.4497;409.4693;388.2522;
435951.563;530267.215;529930.476;-96.5363;601.6136;581.9072;
649201.423;515637.469;515307.624;-240.1001;206.5417;207.7139;
450757.535;537752.526;537561.767;450.5998;-115.8450;-114.2379;
657031.260;666657.486;666595.925;145.3995;-9.8473;-10.7559;
833435.622;650888.473;650203.770;211.0903;-9.3658;-10.1444;
479010.207;491843.491;492153.434;-296.5257;-95.6360;-89.4454;
492305.438;488758.378;488589.532;866.2336;135.0354;136.3460;
571465.980;557259.770;556731.260;-217.7079;-323.1255;-325.3813;
364408.288;507565.739;507887.942;-495.9852;-197.8389;-199.2179;
492193.398;528111.057;528092.847;-271.3454;-889.8814;-886.1916;
643916.845;459935.252;459066.516;-129.7032;-80.4847;-82.7873;
484250.760;566968.730;566715.246;796.4291;-242.4155;-230.9389;
840461.207;472843.191;472700.999;-95.6767;19.3307;18.2755;
531502.727;538997.684;538887.413;50.7658;276.1721;281.2329;
505284.081;541074.324;541132.266;245.3884;-329.1446;-327.1004;
450782.397;584588.266;583769.574;410.9467;-24.4552;-25.9296;
861090.714;723457.958;721932.100;106.3892;42.7920;41.3585;
456211.532;544065.596;544350.565;-770.0125;80.9033;75.7085;
466689.693;548800.682;548487.362;186.5937;-665.3482;-664.6626;
486869.215;542734.961;542657.424;924.9239;702.1813;700.1277;
486462.833;540164.751;540137.483;329.7885;-419.5495;-419.2502;
469516.846;526515.642;526217.368;-46.9758;287.7061;293.2605;
415856.066;538072.160;537782.597;-128.4344;-113.3325;-115.8629;
414768.379;227718.422;226785.620;14.1174;-13.3917;-13.8642;
433871.732;548062.059;547926.667;211.6029;393.9163;385.6098;
426866.647;552918.872;552388.620;165.8837;-99.0484;-99.8649;
282102.344;451216.675;450020.830;368.3060;257.1349;251.3205;
231639.090;557130.772;555904.773;313.1776;135.7060;141.1676;
496870.010;533169.473;533052.255;251.1713;-280.0475;-277.7961;
430638.837;559234.218;559683.160;206.2382;-55.4873;-65.4844;
490470.103;553023.268;553012.185;141.3141;-50.0769;-63.3359;
506645.664;763872.655;764905.096;326.5279;188.0120;191.4305;
441660.610;557455.443;557693.577;-650.3627;-33.6909;-37.5344;
532579.246;533199.716;533548.025;911.5416;-377.1090;-364.8457;
454618.899;541591.726;541415.248;878.0008;-69.8819;-66.5971;
473104.348;526263.578;526089.476;989.4475;-109.0242;-100.2571;
498870.820;262702.235;261095.071;-90.7144;-3.2152;-3.5884;
463323.758;537043.854;536806.637;445.4747;-212.1948;-210.5909;
466562.558;521935.460;522231.013;666.2041;193.0813;190.0743;
451060.973;544397.473;544368.351;1060.9011;588.7315;566.0450;
463989.225;536611.443;536470.512;-405.0515;-539.9827;-536.4052;
49279.459;503738.802;502500.712;-349.8805;-202.1418;-203.8368;
476340.813;550270.000;550331.702;195.1735;-863.7480;-866.3820;
457262.296;541123.155;540886.720;-645.5640;-401.0555;-397.7093;
461916.804;549531.159;549655.513;891.0401;499.3758;489.0207;
480128.583;480927.258;480631.843;-908.5932;-109.3468;-70.9325;
459682.471;534491.883;534321.435;-1128.2282;-46.8934;-53.4538;
444926.112;512968.814;512868.186;407.2738;437.2428;448.0720;
486758.001;543751.324;543691.265;-19.2234;68.5574;81.4230;
448390.121;538359.983;538122.656;-14.2309;257.5864;258.7965;
530030.549;516426.495;515497.567;-336.6430;17.4353;7.3500;
524662.890;560690.384;560301.508;-430.2751;277.4034;287.9778;
500224.096;530416.560;530494.443;940.1950;-668.6099;-661.9750;
463776.743;507482.461;506831.127;385.8925;190.1760;191.8955;
478200.932;527716.011;527592.925;-113.5127;-177.7856;-178.7988;
461731.821;538361.410;538168.429;-1089.3423;184.7276;184.3431;
503115.667;556476.789;556335.530;-369.0032;279.2950;288.6125;
447951.390;569257.381;569708.819;-788.8899;449.4158;458.7155;
392219.607;529017.179;527913.964;-20.0695;-190.7592;-200.6106;
404169.706;572512.610;571882.929;-126.6539;-377.7528;-386.6603;
816347.324;683913.318;683974.739;169.7770;-32.6889;-33.6859;
453372.133;542781.462;542704.714;-221.1443;346.9419;337.8016;
480272.346;538916.817;538772.462;1000.5640;-61.3791;-53.8203;
399855.077;517065.050;515620.259;999.8345;-23.6074;-10.2738;
519071.424;536045.611;535798.102;-786.7818;346.1486;370.9873;
525877.370;558625.936;558073.693;-572.9676;347.3841;363.9266;
467469.312;543478.711;543512.653;-1040.3971;-353.2657;-354.7578;
27212.348;328729.040;329418.107;-277.3737;-127.4139;-124.1237;
463242.224;544166.749;543950.342;-427.7387;528.9196;531.6842;
477636.142;538473.887;538213.891;532.3191;598.4653;603.5568;
476936.541;533273.346;532925.885;-375.9473;245.6279;236.9356;
