# This file was created for the Modelling and Simulation course, RUG (September-November 2019).
#
# Project: Simulate colliding galaxies, using Barnes-Hut algorithm.
#
# Students:
#     Stefan Evanghelides (s2895323)
#     Hidde Folkertsma (s2759799)
#
#     X         Y         Z         DX        DY        DZ
186585.404;524182.253;524183.136;-263.8339;209.6473;209.6642;
167596.051;598344.608;598348.896;-25.4475;127.0375;127.0551;
214245.803;502628.975;502629.637;185.6864;518.5854;518.5956;
233158.791;490541.939;490541.589;273.5312;-307.7673;-307.7726;
202548.957;570669.673;570669.857;-291.2221;282.4214;282.4208;
193341.051;502823.019;502823.319;15.9989;456.7022;456.7039;
225024.547;539913.975;539913.896;159.5939;182.4426;182.4486;
219713.456;522892.679;522892.765;296.9250;312.0516;312.0372;
173747.617;514892.166;514893.472;16.2450;219.4952;219.4958;
197633.421;449359.683;449360.602;38.2630;205.7268;205.7147;
176587.437;469556.345;469556.647;2.1107;344.7381;344.7502;
134191.291;497134.196;497135.744;301.0761;46.6719;46.6800;
209721.846;511456.283;511457.120;-340.5852;-79.0903;-79.0856;
189368.824;498247.952;498248.133;1036.4899;56.5404;56.5456;
213969.699;566626.161;566626.802;169.2615;-123.6306;-123.6265;
176558.093;540789.826;540790.884;-177.1650;-135.9496;-135.9412;
220963.058;468751.374;468751.553;-85.8364;115.2767;115.2825;
194062.437;488085.553;488085.760;419.0133;-658.4782;-658.4443;
266102.686;421859.605;421862.015;146.5070;-241.2043;-241.1933;
189252.845;488119.343;488119.859;-94.5907;39.9569;39.9551;
206056.074;383610.548;383608.470;-69.2256;-328.2004;-328.2068;
216515.897;485694.345;485694.987;-49.2703;193.5983;193.6141;
211366.856;498872.955;498873.355;52.1862;-188.7219;-188.7410;
225886.772;467064.525;467065.159;235.4652;-105.3350;-105.3408;
190364.695;487600.768;487601.580;119.5827;300.5165;300.5066;
246173.278;419033.472;419035.581;-140.9591;-219.0925;-219.1043;
232259.241;492423.310;492423.666;-94.3210;-68.4861;-68.5078;
245751.557;417826.196;417822.669;-10.8070;194.5488;194.5532;
229458.634;537551.904;537552.368;188.8341;-156.1280;-156.1334;
172628.026;514296.656;514297.183;-284.8835;104.2220;104.2148;
206978.935;488380.672;488380.926;-402.2189;-68.1358;-68.1393;
203633.520;501092.868;501093.253;-145.5239;-311.9293;-311.9211;
218772.152;488908.456;488908.245;228.1993;693.3998;693.4027;
184931.394;504883.830;504884.604;290.0526;-312.1323;-312.1266;
199172.622;502660.217;502660.787;109.6125;-128.2267;-128.2217;
204030.343;498925.687;498926.082;201.8280;-414.8208;-414.8147;
229916.003;512307.840;512306.962;138.8853;-123.6091;-123.6314;
221534.815;453711.605;453712.839;-126.8547;-252.3897;-252.3712;
187926.945;510930.240;510931.422;-195.0797;277.7013;277.7039;
169555.359;482162.097;482163.369;285.9305;-92.0495;-92.0776;
198710.852;491215.679;491215.446;-90.9205;7.2900;7.3190;
234187.846;528949.578;528949.544;252.7629;19.9971;19.9866;
196762.850;500999.458;500999.885;21.4626;1.4128;1.4253;
226714.683;491996.844;491997.802;-46.4190;23.3806;23.3793;
166523.294;598452.146;598455.946;-20.3943;222.7586;222.7641;
211465.362;532361.301;532361.994;252.8686;-212.4224;-212.4279;
192517.416;499412.025;499412.383;116.8418;-38.1028;-38.0893;
224441.920;554782.945;554782.716;296.3541;272.9762;272.9769;
190035.536;519390.124;519390.261;-305.3512;13.5397;13.5351;
208871.788;491291.709;491292.214;100.6305;128.7778;128.7780;
202206.799;505562.278;505562.369;232.0729;-752.1482;-752.1492;
147386.971;518371.178;518371.316;95.7227;-272.5406;-272.5345;
177714.348;500907.581;500907.200;-851.7434;275.2345;275.2087;
270803.773;476751.174;476751.074;-56.2550;-62.8923;-62.9001;
229738.319;472596.280;472595.761;341.7360;-380.5483;-380.5584;
189379.721;481805.553;481805.836;-441.4069;3.2495;3.2396;
211662.442;470931.265;470931.963;375.5100;-177.6337;-177.6363;
170767.677;605309.995;605312.334;-17.1126;170.9793;170.9889;
196204.513;481102.724;481102.995;-125.8691;826.5270;826.5693;
221929.354;485802.360;485802.757;234.8018;-34.9125;-34.9280;
224305.435;471517.183;471518.610;365.3764;-134.4219;-134.3825;
223371.291;486605.804;486606.543;422.1121;-153.2477;-153.2596;
210177.846;490412.670;490413.185;-80.1341;-125.6214;-125.6264;
189123.180;496369.934;496370.523;346.5336;-280.0343;-280.0385;
183416.369;504666.193;504666.801;-175.8430;-148.8600;-148.8566;
197433.357;495740.275;495740.504;-1151.7134;361.0524;361.0473;
140459.676;524448.944;524449.009;-271.5963;-128.5739;-128.5730;
203197.889;502934.610;502935.233;-729.8251;295.3924;295.4085;
207921.574;535001.213;535001.863;6.0198;-40.0554;-40.0747;
209763.249;495257.224;495257.661;47.7564;-67.6938;-67.7190;
220190.327;489088.933;489089.661;224.9729;-165.3690;-165.3556;
217400.226;550077.607;550079.026;57.5727;-0.3868;-0.3747;
208879.744;520802.152;520802.426;-79.8742;259.8394;259.8550;
215559.132;469711.991;469712.183;524.1824;-320.8231;-320.8347;
224673.849;496584.747;496584.579;-11.3744;45.8277;45.8335;
214453.399;474241.434;474241.661;286.0056;634.9971;635.0342;
140267.419;517694.915;517696.034;-120.8604;87.0359;87.0365;
198211.689;467909.024;467909.401;-76.5985;231.5664;231.5539;
205125.685;495533.677;495533.951;63.6207;232.1613;232.1581;
201406.272;511409.271;511410.423;-20.8158;419.4137;419.4264;
212404.209;485696.772;485697.383;564.6497;3.2146;3.2054;
209163.399;494826.887;494827.322;-292.4245;205.2300;205.2280;
210146.651;497457.249;497457.699;-593.5633;-624.3547;-624.3518;
207392.284;497261.528;497261.921;113.6861;-196.0440;-196.0485;
232367.050;527742.181;527741.906;346.8838;260.8348;260.8325;
199056.481;485107.850;485108.148;9.1459;138.0462;138.0431;
250162.533;475428.172;475428.358;-5.3639;-362.9669;-362.9717;
203085.425;501173.375;501173.695;-49.1533;-398.7916;-398.7872;
194547.262;494246.100;494247.124;-96.6035;74.9884;74.9756;
221930.756;472518.468;472518.492;52.9584;-327.5887;-327.5939;
221147.079;471928.654;471928.067;-280.6174;261.5974;261.6044;
209988.818;489947.592;489948.361;2.0141;-140.9797;-140.9838;
245849.470;542125.514;542127.297;108.9315;275.1701;275.1646;
234396.783;466425.409;466425.699;200.4263;-513.4758;-513.4877;
214656.959;471829.876;471830.459;349.0589;-157.5443;-157.5256;
236032.449;421246.961;421245.227;346.4718;-315.4963;-315.5184;
184518.055;484083.292;484083.693;396.6101;102.8123;102.8043;
187612.901;556210.582;556210.864;-193.4211;64.9400;64.9408;
213340.710;503096.440;503097.303;246.9349;419.1534;419.1424;
230491.565;535105.176;535104.610;-422.2444;140.1419;140.1818;
821335.404;540700.382;540699.634;-26.3812;-26.7258;-26.7134;
750549.838;496129.667;496128.931;206.9432;335.3459;335.3388;
738420.916;439779.348;439779.844;-375.8764;-5.8496;-5.8540;
795995.869;509036.362;509036.619;688.2351;-22.3041;-22.2849;
773652.073;460167.466;460168.419;-265.2581;184.8733;184.8770;
795815.537;529007.068;529006.822;57.4437;-448.6002;-448.6205;
769065.355;475354.340;475353.043;192.4186;241.7226;241.7334;
816403.876;576193.525;576192.315;-432.5444;100.2265;100.2230;
795249.150;505675.761;505676.122;-486.7531;207.0163;207.0212;
747248.339;512834.056;512834.164;288.3193;279.8219;279.8186;
839307.142;568227.163;568225.960;50.1231;163.2216;163.2177;
691823.277;467197.663;467198.697;-176.9005;-59.9177;-59.9234;
791157.070;530685.678;530685.322;-664.6369;-99.1053;-99.0834;
777145.973;504794.432;504794.603;-142.4222;-93.2633;-93.2743;
748177.965;447627.621;447627.799;108.2679;157.8766;157.8725;
781099.917;501893.240;501892.588;600.1084;0.0639;0.0929;
764754.702;492894.316;492894.420;-308.3512;136.5384;136.5032;
801576.811;523787.793;523787.715;547.1327;-439.4956;-439.4964;
770529.433;455878.798;455878.421;-152.1339;-133.0252;-133.0374;
822008.969;556329.778;556329.389;-44.6878;59.0980;59.0712;
781543.109;545216.184;545215.532;-573.4659;-129.8185;-129.8004;
836180.924;534428.820;534428.086;223.9061;150.7840;150.7669;
760257.354;482472.935;482470.919;77.5416;122.6610;122.6571;
817712.716;536464.156;536462.970;-422.1984;-417.2932;-417.3149;
774596.192;509919.383;509919.298;151.0093;-24.0833;-24.0849;
873662.592;428105.693;428106.179;169.7828;-246.4972;-246.4956;
730856.691;462925.250;462926.151;-192.4740;-176.1128;-176.1168;
802791.529;546331.998;546331.563;-357.4093;-62.1710;-62.1799;
716051.237;434464.163;434464.791;-176.2827;-87.9588;-87.9711;
856801.529;467683.152;467682.573;281.3376;-148.4330;-148.4312;
786167.513;498158.358;498158.542;174.6416;-34.5662;-34.5696;
775703.640;489738.991;489739.221;-196.0908;-221.1148;-221.0945;
760498.022;496555.459;496555.396;-778.7638;216.5228;216.5265;
773649.911;482775.131;482775.538;209.5408;369.9340;369.9258;
778040.382;495757.443;495757.897;-294.7385;-208.3910;-208.3878;
777527.003;492485.203;492485.485;-184.1593;-250.4074;-250.4185;
705297.270;468757.990;468757.435;-24.9821;-41.9759;-41.9790;
779889.313;519767.488;519766.607;580.7750;-437.2025;-437.1743;
779257.229;496648.493;496648.650;401.6212;27.1312;27.1214;
800611.864;532192.906;532192.426;-111.9987;-297.3301;-297.3445;
736420.078;573429.235;573429.214;27.2879;-59.2371;-59.2402;
777834.215;503421.175;503421.124;363.7852;113.4204;113.4220;
775024.900;533269.766;533269.549;-102.3834;114.2756;114.2729;
787794.600;513399.094;513399.043;-441.2997;-286.8336;-286.8196;
834585.666;586033.128;586030.413;-9.4981;190.5724;190.5530;
809914.405;518546.922;518546.560;-297.9381;284.8955;284.8902;
799453.622;522246.449;522246.414;-6.5194;-225.0628;-225.0495;
840410.275;558402.040;558402.561;104.6621;235.0017;234.9922;
805685.080;545663.991;545663.426;219.5263;-66.3333;-66.3300;
781937.603;518216.885;518216.824;679.7998;-3.8398;-3.8355;
808041.975;508974.816;508975.227;-232.4544;645.8356;645.8256;
711769.168;395146.235;395144.753;-214.4336;-259.9238;-259.9282;
776179.450;512784.835;512784.976;-480.7888;-193.7296;-193.7269;
767815.291;493659.465;493659.648;290.2351;-355.6097;-355.6018;
717299.452;444719.763;444719.184;-371.2158;145.7582;145.7578;
807780.275;550516.149;550515.552;-187.1323;28.0684;28.0688;
778060.492;505724.049;505724.062;651.0088;-425.8512;-425.8666;
815101.616;511090.112;511090.389;-190.1133;-30.9101;-30.9022;
768306.758;485051.662;485051.544;-144.0820;180.8638;180.8503;
797411.935;501935.523;501935.670;172.7787;-36.0388;-36.0253;
720574.218;417262.048;417262.345;-188.5052;-286.5720;-286.5726;
789290.331;508755.286;508755.512;-249.7435;-136.4630;-136.4425;
785494.315;529525.205;529525.750;-60.7878;336.0121;336.0101;
800203.787;508680.016;508680.308;-363.8355;167.7008;167.6975;
796749.453;528546.410;528545.869;106.8322;-25.8435;-25.8470;
943374.313;516569.278;516572.772;270.4990;101.0319;101.0395;
779344.409;414773.678;414771.285;-77.2402;-199.3015;-199.3070;
813710.786;530597.001;530596.833;314.6625;66.5219;66.5192;
772326.529;510646.863;510646.594;-700.2195;510.6963;510.6760;
782458.331;503566.259;503566.220;-53.0990;0.2803;0.2792;
783919.261;489586.931;489587.339;-949.6739;-214.5899;-214.6031;
784330.943;488731.417;488731.944;-114.6169;-521.5617;-521.5557;
660012.018;448675.940;448677.370;-407.2190;-11.2479;-11.2445;
777506.462;493942.151;493942.330;-896.0272;163.3490;163.3311;
809999.729;511060.420;511060.640;89.3218;-220.5805;-220.5787;
854448.085;590836.436;590833.315;187.1407;178.2951;178.2966;
786073.807;497741.066;497741.019;-60.0223;218.7387;218.7306;
862092.849;482609.065;482606.171;160.3071;-74.5984;-74.5966;
725470.600;580681.456;580680.418;-99.7710;199.3325;199.3315;
804879.288;516891.359;516891.772;640.5060;357.1147;357.1325;
777811.188;517138.877;517138.608;-346.5450;-3.3723;-3.3719;
778660.866;504007.014;504007.189;469.6995;115.7226;115.7530;
809013.312;516185.239;516185.019;-713.4200;-143.9679;-143.9872;
782833.687;508548.439;508548.892;230.9264;102.6771;102.6790;
720622.193;485162.662;485161.688;-98.8233;-288.8336;-288.8234;
872036.108;591286.926;591286.132;70.2561;142.8875;142.8849;
814832.305;503359.320;503359.694;485.5332;84.2246;84.2280;
724893.527;442491.525;442491.289;-105.0037;-71.0892;-71.0823;
838816.711;551761.284;551759.823;-56.8171;36.7181;36.7169;
756934.380;498033.194;498033.043;-380.9010;-249.7875;-249.7865;
831079.301;554201.106;554197.106;398.9767;312.5029;312.4768;
856161.738;469877.228;469876.976;289.2518;-289.4846;-289.4867;
790572.945;509615.037;509614.858;-125.3843;419.3726;419.3633;
785091.728;498875.692;498875.893;490.8832;-45.1028;-45.0821;
797520.105;522924.154;522923.732;-461.2878;397.5002;397.4973;
756419.978;408864.502;408868.281;14.1799;174.9740;174.9756;
772873.025;496621.013;496621.155;-88.4005;-194.0553;-194.0468;
780850.625;500136.770;500136.742;146.5136;-79.2429;-79.2137;
792355.190;508353.493;508353.270;299.5462;806.9503;806.9642;
812601.927;547638.871;547639.858;-109.7885;-28.6106;-28.6136;
