# This file was created for the Modelling and Simulation course, RUG (September-November 2019).
#
# Project: Simulate colliding galaxies, using Barnes-Hut algorithm.
#
# Students:
#     Stefan Evanghelides (s2895323)
#     Hidde Folkertsma (s2759799)
#
#     X         Y         Z         DX        DY        DZ
460201.728;535700.716;535704.750;143.2768;19.1535;19.1962;
469202.907;554125.957;554162.369;219.0099;850.3993;853.7880;
585020.147;900668.550;900659.811;111.4409;-5.6227;-5.6242;
331115.217;359847.581;359841.699;113.9225;97.2135;97.1803;
437120.702;542032.505;542010.197;-189.7234;490.1818;490.7960;
464544.269;558867.809;558875.087;-1017.0092;-135.0433;-136.6136;
778835.110;895585.872;895457.168;-79.3901;171.5702;171.5069;
90881.497;550701.414;550685.106;-239.7255;13.8505;13.7673;
636593.439;427460.452;427488.604;40.3026;220.8950;220.6573;
490421.094;581279.881;581286.492;568.9067;-264.9179;-264.5307;
279513.804;523016.143;522949.367;-172.7064;53.0360;53.1133;
555404.757;558707.983;558725.984;440.0433;-161.4193;-161.3270;
436186.281;527741.118;527742.212;1547.6312;-176.1612;-176.4405;
371605.805;450936.422;450937.831;225.4612;267.8923;267.8266;
499814.384;546319.426;546332.975;-81.7816;161.0247;163.2391;
506985.373;553801.539;553808.751;-154.4163;-210.1257;-210.2488;
468877.751;327111.161;327077.437;128.2464;279.5216;279.4950;
501851.866;669552.088;669532.268;-55.4390;-134.9719;-134.9482;
456835.465;546857.990;546841.614;-716.4867;4.4518;3.8473;
436796.444;530204.183;530199.003;-173.1882;-509.7346;-510.1990;
358565.721;504962.072;504855.759;2.6541;234.7194;235.1023;
352834.079;516570.730;516478.968;181.9907;24.9324;24.6622;
477318.820;545054.655;545054.930;-422.8376;-160.5524;-160.4577;
470446.110;390374.306;390297.085;222.1166;87.6679;87.6040;
449765.443;541966.830;541965.200;-55.7018;80.3396;80.0830;
420436.423;541529.946;541497.515;272.0797;37.6723;37.4578;
454516.358;519711.913;519706.527;-521.6394;-154.2180;-153.9910;
500091.865;557186.962;557202.444;-483.6063;-129.0733;-129.7394;
456018.837;531823.123;531826.262;501.0247;394.6024;393.0716;
458492.850;534434.831;534433.371;-630.1953;186.9077;186.3113;
460132.869;535804.490;535816.260;408.3777;43.2840;41.6974;
464016.937;537971.001;537964.862;625.2618;235.8468;234.6720;
802990.041;243852.564;243876.349;87.5311;-67.6734;-67.6669;
394003.552;428829.022;428764.726;249.7625;200.1314;200.0800;
455923.759;526234.941;526258.313;-874.7880;-680.1780;-679.6888;
435926.434;563143.742;563187.568;-761.2888;333.4804;333.8145;
366490.108;454606.690;454597.667;464.3138;458.9556;459.1994;
467380.346;531897.689;531890.253;-227.0317;105.7706;105.7935;
939678.115;529509.202;529843.080;-40.9561;-64.4494;-64.2768;
314557.089;419674.444;419626.670;37.9701;67.1725;67.1135;
468792.244;501621.083;501543.663;-449.6774;321.5077;322.8366;
421230.494;501842.817;501781.154;-11.7388;373.3154;373.0510;
500956.265;540428.567;540420.309;-445.0603;108.3631;108.2163;
660942.233;669409.827;669412.191;-238.2027;-111.2062;-111.1455;
442095.091;532431.121;532419.442;114.2177;228.6390;228.5074;
504545.465;562997.789;563000.785;724.7348;-53.8075;-53.8523;
498226.075;349490.689;349429.221;-53.6819;-22.3104;-22.3707;
464958.211;502374.595;502357.534;339.1656;134.5881;134.7233;
479513.238;528908.885;528877.319;-439.6326;234.6794;235.4313;
723894.632;931098.737;931009.481;73.7000;151.0545;150.9944;
800849.131;174314.084;174334.397;30.1078;-54.4449;-54.4385;
525729.673;567077.647;567039.626;-246.9099;47.7802;46.9990;
999642.963;531975.236;531817.218;38.5125;-6.1641;-6.1910;
855713.450;613194.433;613160.346;39.9453;99.4517;99.3856;
397614.509;459075.769;459018.293;63.5506;-229.8918;-230.1793;
467349.844;531534.368;531493.421;-841.2882;-192.0901;-192.2905;
461513.337;518700.505;518691.124;148.3563;7.0601;8.0778;
493542.858;595001.394;594999.045;-66.2492;186.3334;185.7699;
494622.127;536004.427;535997.093;276.9577;-17.0915;-17.8008;
480899.661;548080.497;548064.280;-588.4588;405.2310;404.2703;
565878.825;687906.771;688013.842;-148.5888;37.6933;37.9849;
436790.734;535992.196;535972.452;-40.6272;244.0532;243.5423;
756291.163;505509.353;505336.429;156.3216;-116.2448;-116.2319;
450449.986;548533.514;548542.541;-204.2587;508.2992;507.1745;
915283.575;588620.159;588587.859;122.9700;40.0143;40.0321;
467000.034;550634.902;550656.727;867.9714;349.9482;350.6122;
244854.542;369070.942;369004.092;-192.6356;42.2840;42.1825;
170018.457;610675.627;610704.229;-273.3245;94.9233;94.8803;
665946.919;387773.311;387732.127;282.0448;-107.6011;-107.4584;
442486.812;529849.618;529775.055;1059.7489;95.1862;98.5654;
446754.131;630924.745;630899.291;-217.2340;52.3753;51.9965;
493180.391;532794.200;532843.453;-131.6097;42.4449;40.8627;
336787.890;466455.205;466409.831;-415.0360;-343.4029;-344.4886;
596459.107;567982.540;568022.324;-26.0927;-143.0713;-143.2828;
543637.386;566266.202;566257.100;-455.6440;85.0140;84.7847;
460678.397;530280.671;530255.914;1053.5013;246.0518;246.5479;
512114.834;581939.095;581976.103;-6.9742;-288.1890;-288.1329;
438028.705;564391.414;564407.540;150.4710;161.6997;161.8292;
577898.947;540069.547;540081.754;258.2506;103.8016;103.6121;
333905.385;549298.952;549221.627;-84.3262;-14.7045;-14.8347;
381789.431;579165.989;579164.699;123.1267;443.5150;443.6866;
483877.201;533926.321;533935.492;245.1496;-406.1236;-406.5471;
888427.620;638298.398;638086.492;485.5191;90.8100;90.4845;
679689.287;650270.841;650154.135;-16.2684;50.4247;50.3610;
456174.400;648063.201;648127.925;-524.6901;265.8161;266.0605;
467086.651;536265.675;536261.790;230.8178;-583.7390;-583.4303;
702117.830;601688.959;601382.372;529.8069;119.7218;118.2982;
387663.782;559618.340;559591.052;-214.0085;275.5601;275.1119;
448665.441;532484.349;532471.148;-238.3850;-267.5406;-268.5485;
454889.369;537836.562;537835.023;-41.4358;-487.8127;-487.6985;
459251.276;549544.101;549540.512;-24.0911;-346.8893;-346.8910;
433690.069;504148.980;504085.839;-486.0131;-347.6467;-347.6023;
458166.744;559185.670;559172.892;217.5645;-298.4981;-298.0834;
462646.677;537261.582;537248.851;-92.6285;-102.3776;-102.6770;
449027.000;553050.288;553090.177;-322.8129;725.0918;727.7100;
490950.533;532474.020;532494.985;824.5705;-77.0581;-76.5573;
480798.131;531234.652;531244.916;-277.8726;-539.5297;-538.7122;
482181.710;539430.986;539441.818;646.3151;-507.4586;-505.9956;
444771.176;533948.330;533941.162;-1058.7456;237.4536;237.5077;
460613.014;580477.035;580471.270;830.1535;262.5773;262.3705;
873667.858;473522.406;473491.202;10.1109;123.7351;123.7306;
440096.640;528280.139;528269.708;-249.4822;-188.4921;-188.2780;
636602.288;516591.175;516418.205;13.8714;-112.6326;-112.8655;
714057.027;465619.951;465581.465;32.5299;-141.9512;-141.9243;
454238.575;524487.492;524475.689;703.3003;-5.2731;-5.6339;
357990.144;510676.088;510609.385;375.5287;-373.6500;-374.0599;
584507.599;538975.696;538968.073;-187.3202;-272.1261;-272.1397;
345604.686;503752.896;503606.689;107.5754;75.3315;75.5760;
505482.461;619604.478;619641.663;-45.4438;-247.1757;-246.4977;
550516.934;381373.706;381311.692;-29.3398;-128.2825;-128.2610;
461485.874;541397.810;541389.902;-40.8832;843.2112;842.5464;
796820.502;491528.534;491501.056;133.0705;-38.7298;-38.7405;
447695.795;523047.651;523042.018;878.7845;-481.6367;-481.9810;
425605.106;532451.973;532425.300;276.1076;511.6299;512.4755;
453461.455;524819.935;524807.707;208.7158;-244.7737;-245.5024;
168395.282;354318.308;354307.757;46.1104;13.7869;13.7746;
486572.921;466962.383;466897.746;-13.1993;-24.7035;-25.0670;
415155.116;753605.503;753539.728;-140.6890;204.6800;204.5575;
487562.347;522786.884;522803.539;-347.2959;632.2889;632.7544;
465274.676;553202.593;553226.622;998.0633;455.8315;457.2709;
446861.010;537734.440;537737.538;852.4374;-467.6787;-468.3741;
542746.106;510804.676;510709.311;-189.8917;208.1524;208.0168;
478574.192;533702.064;533698.440;-386.0474;181.7201;181.9048;
436083.288;480670.311;480587.590;-66.3269;-274.0881;-274.6105;
396787.468;546911.538;546925.606;-301.4076;-188.9313;-190.0099;
486445.709;552457.550;552476.421;-357.8457;-108.6005;-109.6413;
427595.196;438770.782;438686.451;31.8473;54.0160;54.2968;
540576.852;363860.507;363795.591;-187.2423;-183.9195;-183.9850;
383624.667;880935.463;880933.892;11.6077;138.9089;138.9020;
480918.885;550237.140;550249.384;69.6747;181.5702;181.4579;
444197.951;550361.256;550358.929;-977.1309;535.8532;536.3286;
462333.518;533047.032;533035.016;-632.4349;-142.8473;-143.8968;
754751.242;593992.536;593570.842;227.9714;-110.9123;-111.7552;
437607.397;605570.832;605594.223;-197.2496;-81.3464;-81.4033;
447087.834;544217.842;544218.493;267.2096;-442.2420;-441.6256;
465335.051;555621.301;555618.112;-125.5275;-23.7818;-23.9579;
483605.618;503976.339;503930.887;114.5690;494.3296;493.3911;
233199.821;400412.748;400420.948;41.6251;207.9696;207.9356;
480397.542;595941.336;595899.943;110.9036;87.5561;87.4513;
464333.278;520991.903;520998.824;782.8061;-894.6348;-893.8958;
560608.158;534213.518;534225.534;86.8036;-308.1502;-307.7304;
467056.124;536019.812;536009.215;59.1863;-174.9772;-174.5468;
153166.062;290332.764;290334.787;158.8542;-81.1390;-81.1289;
521801.748;562257.110;562269.357;-42.2064;-250.4731;-250.6412;
467628.637;542028.842;542023.210;-965.7523;-595.2839;-595.2428;
493951.876;540199.804;540201.787;222.6414;490.4124;490.6502;
543751.147;801373.284;801393.714;167.9523;-113.3741;-113.3784;
446957.268;524136.325;524127.100;-230.2663;-113.2628;-113.0433;
369766.688;545555.673;545502.420;-523.1813;141.2613;140.7573;
472946.383;509492.713;509534.793;-212.2091;-371.7317;-371.4725;
472715.397;545377.086;545364.021;-492.1392;-2.4764;-2.9598;
442002.513;527073.313;527067.288;171.4545;148.6578;147.3807;
449159.879;542724.013;542722.479;419.9576;-277.0219;-277.8405;
338899.924;619175.440;619248.583;-210.2569;218.2120;218.2493;
464117.377;537489.431;537480.189;-844.9109;-346.4800;-346.3194;
480968.991;533678.628;533683.054;-2.1407;363.0804;363.3626;
459905.609;532200.382;532198.974;-661.5940;114.5677;115.6668;
460027.087;539232.659;539224.908;578.1305;545.6275;548.7157;
450072.201;537565.295;537546.787;1177.7742;-162.1675;-162.6303;
396455.792;573658.888;573628.469;-467.7908;-230.9977;-230.8379;
503368.021;483332.601;483309.512;399.7980;-229.0985;-229.1224;
361225.989;458504.729;458478.403;-305.1051;-450.7773;-451.3874;
666258.101;562046.353;561917.978;61.3235;-107.6189;-107.8006;
454326.679;531666.138;531669.029;-641.6131;389.4816;389.6776;
472056.806;513883.381;513848.672;329.2376;69.5179;69.2792;
434273.181;333402.492;333347.680;104.4448;-20.5821;-20.5159;
469976.922;549770.580;549762.487;-416.9213;408.3411;408.6620;
457014.948;538753.214;538737.361;-815.1127;526.0355;525.9167;
495769.677;541276.149;541236.268;-235.0333;17.5934;17.0174;
442518.125;533443.541;533455.221;-336.9656;-496.8721;-497.1664;
474127.279;536050.220;536027.101;470.2821;7.1415;5.8758;
458889.510;547311.026;547309.817;112.1017;-298.1436;-299.7335;
470078.716;535069.055;535063.254;-464.5276;-168.4977;-168.7014;
