# This file was created for the Modelling and Simulation course, RUG (September-November 2019).
#
# Project: Simulate colliding galaxies, using Barnes-Hut algorithm.
#
# Students:
#     Stefan Evanghelides (s2895323)
#     Hidde Folkertsma (s2759799)
#
#     X         Y         Z         DX        DY        DZ
471621.016;529161.986;529165.856;-28.0433;26.4958;26.6320;
470089.003;550304.305;550290.309;-856.2076;-13.8886;-13.1154;
533875.522;898689.385;898681.144;114.1677;14.7173;14.7163;
285522.474;325353.506;325358.972;88.5024;53.7056;53.6934;
466876.783;519502.936;519520.385;-183.1664;461.7144;461.7248;
468008.910;516562.276;516551.071;628.5935;98.5062;98.9363;
808467.977;813508.870;813411.486;-50.6635;192.3284;192.2540;
236121.459;542690.017;542710.550;-430.5467;23.3158;23.2423;
572990.108;363339.037;363350.508;226.3200;49.0109;49.1738;
439410.263;495071.295;495085.179;-758.6389;131.2790;131.2444;
555912.841;555570.793;555562.374;-515.8423;-197.6209;-197.0243;
422544.585;564286.292;564272.932;459.5106;142.6676;142.9628;
329676.065;592919.703;592876.190;-219.4400;31.2632;31.0752;
295673.541;358284.397;358223.328;-5.8216;94.3958;94.3685;
459871.550;522728.558;522705.561;1518.3112;311.8810;313.7052;
982558.356;506673.771;506501.393;230.2287;-143.4271;-143.7320;
492584.213;538170.198;538177.052;-128.8184;10.8178;10.4987;
406516.439;233433.843;233406.776;135.5505;155.7426;155.7276;
522159.235;705655.302;705629.476;-35.4398;-33.0781;-33.0698;
480552.139;532346.474;532352.278;-323.0101;-593.2984;-593.6582;
454857.961;524430.628;524426.173;545.7534;422.6007;423.0925;
500351.855;568032.021;568052.544;130.7151;261.0381;260.7639;
529490.490;530895.548;530895.143;-740.1363;-56.0101;-55.9478;
447269.036;526769.601;526765.359;866.7761;220.1772;220.3157;
378635.135;374229.434;374186.228;142.7222;-15.4669;-15.5094;
467977.907;533497.199;533499.079;-566.5712;337.4586;337.9447;
416890.585;510656.779;510613.490;238.2884;105.8764;105.9386;
449884.894;525979.708;525980.751;-570.1419;358.8281;358.8416;
488162.844;532935.496;532942.864;469.5748;105.9744;105.1013;
447245.266;518574.708;518567.553;531.4225;-262.8469;-263.0347;
467586.568;527634.997;527646.160;-297.0471;484.1538;484.1095;
444204.770;529116.908;529114.133;590.3039;-307.3117;-307.5049;
451923.561;528177.240;528187.151;-512.6224;-454.2763;-454.3925;
758868.101;277748.879;277769.093;108.0910;-83.0228;-83.0134;
282908.306;401313.823;401313.182;175.4792;25.1594;25.1026;
511124.563;515407.476;515392.967;328.9975;-68.9403;-69.8407;
487499.600;566806.675;566824.608;-229.0342;291.4100;291.4442;
303990.034;372233.180;372163.917;22.9514;35.5996;35.6604;
463053.374;528784.732;528790.577;169.1888;-444.2263;-444.2133;
934983.900;559129.368;559293.061;60.5772;-59.8908;-59.3213;
351619.398;392139.215;392117.645;-140.5440;56.7307;56.7003;
401782.110;533659.151;533633.956;-368.1440;273.5246;272.7629;
467905.579;422780.927;422786.961;-118.8253;44.1587;44.1529;
735528.561;951382.437;951332.778;-34.4469;164.6987;164.6757;
426210.408;498250.644;498227.834;246.9051;69.9218;69.9123;
736474.927;693286.142;693246.304;-102.2081;-5.1113;-5.0115;
453986.063;528874.790;528877.878;0.2797;73.1196;73.1347;
466145.140;512999.781;512994.764;-915.4366;255.8545;255.5029;
506466.473;406596.486;406573.919;21.9114;-259.1155;-259.2283;
484941.529;546211.605;546198.638;-668.1223;568.7421;568.5339;
463901.742;523580.628;523599.426;-714.6375;112.2682;112.4706;
686096.491;853422.800;853362.045;95.4685;193.3550;193.2881;
779165.132;208601.647;208618.155;67.4162;-98.3709;-98.3607;
442024.841;520158.862;520144.971;1085.1373;-48.4526;-48.4964;
967561.051;535954.613;535862.129;103.4939;-12.6784;-12.9423;
828017.689;568518.254;568492.977;75.1241;102.8173;102.8098;
525865.919;557029.484;557019.208;-550.6782;150.4188;150.4381;
476046.766;541439.366;541430.782;-1032.9928;311.7242;312.8551;
467666.001;521342.926;521326.663;-163.7874;845.1756;845.3851;
414618.059;541191.280;541184.541;255.4255;-29.8632;-29.8555;
454994.736;527486.832;527487.224;112.0493;-654.6923;-654.9667;
479628.264;542207.004;542215.982;520.5870;-310.7438;-310.6545;
595270.496;618195.904;618144.009;54.8597;301.0703;301.1676;
449263.994;531112.957;531104.445;786.2342;-130.3279;-130.1699;
637908.933;557780.555;557664.778;427.3419;-78.0295;-78.6774;
423810.231;540228.110;540199.351;551.1179;210.1448;210.6716;
845094.685;568992.920;568959.915;196.7225;46.3752;46.3546;
497557.326;502792.058;502769.179;-260.7625;-68.6555;-68.8739;
340197.531;363341.213;363321.416;-212.1856;-32.8171;-32.8817;
341779.425;555638.617;555669.481;-576.2496;184.0743;184.1865;
506620.036;460883.474;460871.464;423.6844;-266.7775;-266.8901;
531393.729;538577.042;538539.249;-6.5252;15.5741;15.0861;
372117.775;493334.776;493314.200;401.3201;-72.0984;-72.0459;
521593.332;527108.975;527060.767;51.3315;-3.6170;-4.4695;
663019.861;544306.564;544282.680;-432.0749;17.1748;17.0968;
378110.748;467039.868;466947.241;268.0221;188.7567;189.1222;
339948.018;548873.251;548898.374;136.9721;-25.3085;-25.2702;
515496.955;527836.870;527811.335;-398.3430;-304.6072;-304.7970;
480730.598;491906.479;491890.248;-536.9255;214.7701;215.1072;
491572.599;545071.056;545087.191;82.9167;-116.7096;-116.7674;
320968.687;541519.129;541544.711;50.0263;8.0151;7.8455;
490794.318;525533.786;525526.258;-607.1815;223.2058;223.6253;
597052.196;477066.045;477029.781;-316.9205;-167.5334;-167.3344;
462656.927;531279.964;531277.651;295.3163;596.4049;596.8237;
620848.530;580392.038;580369.292;792.7044;186.4508;185.9869;
671092.512;618098.090;618015.625;64.9052;98.4451;98.3620;
560718.597;450524.048;450479.520;166.8546;377.9917;377.8632;
8298.742;197925.572;197921.719;-304.3455;-177.6042;-177.6363;
470128.913;530662.347;530659.562;753.8393;218.8037;218.5516;
389057.004;463028.235;463006.658;233.2966;221.8810;221.4658;
447118.494;511901.051;511879.318;283.2521;587.7467;588.3168;
470701.152;529571.812;529574.910;-91.5681;-236.3108;-235.8328;
471031.478;534583.459;534585.239;324.9724;-666.1821;-665.8994;
461960.313;543544.456;543554.412;-136.1960;22.9863;23.3420;
557819.477;623928.518;623916.444;-74.9067;14.6998;15.2307;
101122.470;638386.816;638381.887;-357.9373;140.3321;140.3040;
453299.561;528042.834;528050.642;716.4018;530.9806;530.1236;
459345.900;533836.550;533842.448;320.6772;-48.3980;-48.2906;
422278.674;504413.872;504382.549;57.8373;345.8130;345.7621;
445510.358;501433.941;501466.380;-64.7363;-26.2012;-26.4140;
469453.842;538560.183;538545.362;-468.4799;-829.6821;-831.0687;
480884.980;517824.696;517842.045;1271.4774;207.0151;207.9501;
445035.271;531983.668;531987.731;299.9055;-392.3919;-392.3451;
563669.113;521751.929;521734.545;-81.7398;-441.2144;-441.4072;
927151.634;701443.720;701291.340;290.9556;5.2667;5.0321;
844923.339;424822.831;424797.150;116.8978;90.2517;90.2350;
433604.192;537274.015;537277.304;-60.7268;-194.3763;-194.2343;
595558.391;569043.686;569012.726;180.7363;-100.3131;-100.7088;
655853.777;543326.786;543269.712;284.5275;-210.6098;-210.5691;
466795.008;534458.723;534466.032;813.9094;255.8013;256.5450;
458056.041;621458.394;621437.536;-573.5935;62.6649;62.6357;
557686.962;638839.583;638840.933;193.3489;-110.9704;-110.9374;
444519.450;521541.740;521562.401;-857.0053;-332.9449;-333.0322;
478294.925;603336.409;603187.973;108.8767;336.5019;336.2146;
553388.776;464550.974;464515.854;46.3492;-301.2333;-301.4023;
438975.136;534957.609;534959.147;402.7180;198.6112;198.6133;
723020.289;511593.718;511566.384;198.8562;-50.2414;-50.2385;
476836.918;532034.338;532029.553;-535.1386;216.2621;216.5507;
505565.584;515754.985;515730.571;-582.0981;-263.0909;-262.8065;
476251.120;522096.645;522096.906;-466.9861;305.5941;305.8809;
164669.332;355445.968;355441.053;-29.2508;-17.5233;-17.5354;
454606.980;606094.922;606065.713;7.7538;-164.9361;-164.9247;
485327.626;633694.932;633689.263;-163.0747;366.8410;366.7192;
420960.882;550421.881;550434.034;-22.9502;-321.9183;-322.7887;
481247.778;507991.365;507981.075;-913.0614;269.1798;269.2820;
494514.755;537762.248;537774.832;562.6303;102.9070;102.6726;
428927.848;570211.156;570215.359;74.1660;50.1061;49.8808;
480630.577;518853.145;518849.715;-434.7703;-54.7809;-54.7821;
543038.101;611365.008;611343.754;-228.6327;-124.8101;-124.6955;
422233.327;568981.265;568987.095;5.8371;-106.0067;-106.2814;
484291.474;519726.258;519722.305;-241.6059;-62.3262;-62.3569;
554902.345;570165.542;570122.541;-431.7561;8.0763;8.4497;
581509.981;488424.822;488399.651;86.6413;-361.4471;-361.5706;
380122.177;814028.751;814030.233;2.4278;157.3464;157.3397;
448125.731;534608.650;534612.993;-156.6471;113.7171;113.8186;
442687.519;519605.398;519612.535;-846.6249;133.2628;132.7859;
456984.964;528242.613;528240.379;664.0040;-402.8952;-403.3180;
586542.164;625317.273;625379.309;567.7899;27.9903;27.0873;
531415.753;552768.267;552756.671;-50.3631;323.0083;323.1412;
477309.690;526860.914;526869.190;-925.2265;-442.1481;-442.4370;
36885.799;177886.182;177891.169;-246.4434;-201.7551;-201.7480;
450042.096;547079.594;547084.595;284.2088;-149.2115;-149.3212;
485615.274;534426.414;534439.559;-629.7704;440.2662;438.6828;
236121.399;317916.504;317931.491;-47.0063;152.5223;152.5239;
500419.638;550125.618;550120.654;-601.4782;62.9515;63.4652;
444693.710;540845.138;540854.944;-1240.9684;-380.9374;-382.3284;
505349.766;508033.746;508024.995;-642.6549;-364.4846;-364.8785;
468061.763;530263.491;530267.644;469.0671;-429.0366;-428.7784;
99592.435;339659.140;339655.290;70.3210;-134.2327;-134.2175;
538434.833;566727.183;566730.522;-342.4461;-72.2333;-72.0911;
473957.185;542392.076;542391.842;1235.6052;5.1371;5.5689;
439094.123;548794.820;548816.874;-65.0268;-200.3937;-200.4319;
464773.279;827792.107;827810.682;174.6895;-6.5925;-6.5809;
462843.626;536450.634;536457.542;168.7988;203.6379;203.6193;
567552.874;586648.678;586628.343;286.3577;41.3673;40.9936;
442936.056;524069.330;524088.134;-880.1411;333.3214;332.1062;
478809.459;536977.302;536990.463;585.8532;-76.3764;-76.0956;
497886.760;530957.395;530981.426;962.7732;40.3613;39.6609;
463175.351;524494.051;524495.282;-305.4339;-812.6338;-813.3315;
640882.494;492296.326;492262.791;-583.7716;83.9111;83.9368;
467997.098;535465.574;535464.368;956.0888;-207.9750;-207.3769;
451509.535;538198.679;538208.711;80.3776;-272.0144;-272.0035;
470370.935;527418.824;527428.097;-58.8605;497.0228;498.1411;
493759.342;533447.212;533479.067;798.2627;-193.4251;-193.3090;
476810.198;524182.710;524185.925;709.7059;82.6670;83.6363;
428984.569;537161.534;537185.175;-859.9068;-307.9837;-308.3691;
525120.347;590668.724;590674.200;-217.4696;226.7634;227.0686;
637945.755;548521.270;548494.585;-482.4517;76.2975;76.2398;
590363.117;604882.780;604852.947;283.7636;-60.4262;-60.7029;
473050.066;521388.451;521380.163;-2.3257;-320.9400;-320.6410;
491754.016;522881.776;522880.623;4.2989;631.5797;632.0345;
399854.130;405357.179;405305.148;86.1245;-328.8541;-328.9873;
442107.030;524826.448;524821.159;-532.5804;-2.8022;-3.4726;
478381.854;539004.331;539015.172;261.0991;159.9910;160.5096;
436768.969;533411.698;533432.516;-164.3235;-405.7028;-406.0003;
510831.755;525510.223;525470.799;-245.4992;-36.2162;-36.0114;
440414.983;540619.222;540622.488;-203.4518;-80.8311;-80.5790;
473206.113;536776.931;536780.594;-1235.3833;338.0132;338.7644;
479661.139;523640.273;523646.958;400.8681;178.0014;177.8284;
