# This file was created for the Modelling and Simulation course, RUG (September-November 2019).
#
# Project: Simulate colliding galaxies, using Barnes-Hut algorithm.
#
# Students:
#     Stefan Evanghelides (s2895323)
#     Hidde Folkertsma (s2759799)
#
#     X         Y         Z         DX        DY        DZ
465993.938;546252.989;546199.694;12.2285;-140.7121;-140.2608;
480717.764;545981.318;545942.261;-625.5370;-123.0290;-123.7973;
777569.915;806735.850;806711.407;61.6109;-83.5605;-83.5840;
335523.088;897271.161;898057.273;-102.6864;247.9359;248.4081;
470695.147;539908.462;539932.029;-586.9027;-541.2376;-542.0393;
486854.938;526456.756;526460.471;18.6285;78.4699;74.9013;
345601.498;596431.121;595998.254;-237.8442;-150.6282;-151.4632;
617684.869;568832.816;569299.640;93.1527;-340.5545;-342.0190;
387473.659;493082.109;493333.998;318.2321;30.2325;35.9769;
590251.580;580401.652;580211.073;124.6467;336.4984;335.8187;
393408.510;560968.363;561137.848;-872.8587;4.3310;12.3984;
421261.439;528832.054;528322.613;829.1884;374.8496;370.9690;
464963.458;564925.192;564822.385;240.5618;-279.3987;-277.2740;
476709.132;537446.769;537499.797;-1464.6849;117.7169;109.9465;
117557.920;552396.118;552037.979;98.6335;-158.7188;-159.1925;
390290.575;522375.152;522644.803;-583.9815;-71.0836;-68.5096;
474572.037;544870.558;544910.432;-959.5491;865.3524;873.8329;
472372.052;555558.708;555550.946;-150.6852;-998.6503;-991.6759;
349145.089;494169.225;494530.072;-480.3840;-165.0417;-167.1087;
367697.154;553222.791;552318.255;438.6885;-19.4422;-3.3651;
477747.003;524261.623;524177.176;232.3196;187.8207;193.0811;
342983.036;444637.123;443624.786;238.7443;-57.7163;-57.6274;
443344.258;554693.104;554677.297;426.5505;-328.1544;-327.4868;
503510.294;529974.092;530024.137;8.5351;43.4809;41.7623;
488163.757;561659.277;561432.653;419.7956;-746.4185;-741.7530;
487910.326;548374.432;548207.371;869.8839;-651.1729;-652.8564;
474844.266;535228.320;535179.243;7.7332;443.2086;441.7429;
476405.295;542687.931;542538.666;74.2163;489.9101;490.5086;
482666.748;536606.276;536535.655;505.1707;-281.7423;-286.0069;
464632.567;549109.671;549048.808;123.0582;-249.3437;-244.4999;
901245.386;148661.423;148684.975;11.8859;-22.9595;-22.9676;
453006.403;464567.218;463310.090;220.9112;-392.5775;-401.4252;
528360.787;569846.648;569507.559;152.1474;-79.0685;-82.4176;
465445.951;544785.655;544763.092;-628.1044;-75.8919;-69.4348;
567180.659;540106.752;539582.095;150.0654;34.7488;38.0682;
451098.663;529542.983;529596.265;-367.3126;-117.8940;-115.1334;
225244.496;467841.657;466424.652;28.4777;-87.0561;-85.6438;
472533.803;554079.717;553992.428;-76.9463;-314.7959;-313.8175;
444659.984;481829.109;481204.878;-321.1835;239.4351;241.3992;
436638.743;562616.168;562559.750;-113.9965;-40.8798;-39.6482;
474159.155;545730.625;545682.289;-897.6225;-395.4542;-391.1281;
184608.548;420611.944;420016.769;41.1284;78.0648;75.9394;
473865.954;551481.505;551324.145;537.7136;-305.0413;-302.2952;
543442.833;495131.545;494917.866;-299.1808;-170.2174;-169.6500;
446817.532;601742.617;601519.375;281.5034;-491.2087;-491.4260;
493281.728;543845.912;543708.157;-867.2655;527.3071;527.1638;
456632.734;540648.836;540697.320;256.8494;236.6867;233.9491;
737988.186;244001.589;244006.054;-98.8541;125.0032;124.9580;
475032.531;549740.547;549632.374;206.4017;728.3529;719.6791;
764167.650;715307.637;713707.172;-127.1329;3.1906;2.6060;
357759.314;547212.305;546933.460;77.7197;-118.2457;-119.6566;
487112.596;544941.052;544876.044;437.2005;-453.9434;-453.1708;
481681.859;529587.030;529508.090;53.2590;59.6324;59.6932;
488538.835;544388.070;544148.304;1458.5067;-77.1673;-83.4416;
292741.144;384905.381;384707.963;-238.8490;-6.9508;-7.0780;
498143.583;577208.953;577134.051;-84.6337;250.5016;236.2921;
543085.748;563375.175;562967.379;-74.0149;262.2429;255.7050;
480781.239;550433.730;550313.553;41.6306;441.3150;435.7215;
531676.216;488495.306;488629.687;-610.3458;274.0357;266.1400;
456744.769;549566.056;549408.123;-608.0635;-255.0187;-254.8939;
954545.745;655929.351;655600.561;-68.1755;17.9534;17.7615;
487353.958;548624.051;548516.437;603.2378;-186.4777;-189.1790;
30819.077;516929.776;516722.484;-18.9929;85.7924;85.7258;
433118.141;546506.931;546331.463;673.2472;-314.3998;-307.1538;
534687.804;545374.708;545193.267;-179.9861;603.4652;603.5831;
492715.501;542086.229;541930.976;-369.4061;-336.8916;-338.2341;
76234.407;87603.323;86710.921;-39.6479;-105.2559;-105.4381;
419395.457;549749.538;549881.827;15.6749;271.6882;265.0217;
534781.861;483615.882;482331.125;-203.2988;146.9210;154.5546;
455729.712;545016.549;545118.269;582.4784;-105.1906;-109.2774;
435717.980;585233.481;584738.675;648.7175;-158.5738;-157.4999;
464248.570;405172.201;403361.211;-58.0367;-265.3800;-271.3677;
496923.339;550530.779;550577.872;703.8451;307.0658;310.4752;
816376.085;500791.841;499315.577;50.6499;-35.8079;-37.5331;
541793.714;615213.537;615157.455;409.5949;-308.9005;-310.5493;
432723.373;530814.794;531071.611;-389.0940;-58.2616;-58.6645;
562430.225;427588.478;426917.731;163.6505;-46.0480;-46.6001;
428440.378;547374.291;547537.433;175.1001;281.1322;281.6530;
483245.971;549783.960;549770.452;-1210.0293;378.8508;378.6565;
475938.957;531900.695;531821.530;29.5294;522.0786;520.9016;
479775.711;558453.434;558273.251;-166.3266;238.4924;241.0470;
491134.577;518816.100;518739.359;329.2555;344.5681;341.0539;
740280.130;505619.959;504839.477;-175.1631;14.6148;15.3320;
510739.610;523001.559;522577.354;-577.1571;273.8439;270.7023;
474266.010;534560.882;534525.215;300.2456;590.6106;589.1474;
483082.964;622782.239;622481.333;-104.9173;198.4974;192.0052;
464852.749;537880.022;537842.508;234.9475;-413.7247;-419.4268;
455620.629;526663.182;526580.281;-310.3679;380.3129;381.0704;
485027.783;540901.142;540799.935;-900.2494;23.0205;22.7470;
465847.989;543377.602;543293.343;1165.5116;-705.3914;-699.2032;
523897.402;547744.191;547434.005;-490.1135;-299.7483;-304.5860;
610323.693;426444.953;425662.919;273.0462;6.5145;6.4673;
497769.233;542989.230;542875.597;-181.8180;-400.9897;-398.9724;
520260.134;646768.966;646988.262;245.0141;81.4671;82.0173;
628173.747;639711.608;639618.183;400.5559;70.9220;70.0895;
516171.423;525604.668;525100.711;-534.7759;-312.1655;-306.0327;
503773.877;684592.313;684473.799;-354.9780;-11.1539;-10.9387;
523419.730;670183.243;670091.997;205.5541;-3.1075;-3.2299;
685522.297;603046.815;602665.577;-173.7998;-34.5902;-34.7953;
521180.523;560973.995;560826.508;603.3159;89.4591;84.8340;
617531.287;558098.956;558282.794;336.2678;-182.6369;-183.6842;
467020.199;538807.152;538730.000;455.1000;116.9935;115.2437;
884434.513;465486.213;465480.612;-34.4045;4.0571;4.0528;
483252.161;547556.632;547377.205;716.2825;-582.4098;-580.9422;
487465.561;550728.841;550657.155;-378.4189;555.0808;558.2149;
452858.360;524171.249;524173.184;-203.5379;379.2062;378.9817;
745147.846;674167.778;673905.948;230.4490;95.6420;93.7895;
488031.720;511461.776;511204.454;-55.7999;288.7360;288.0042;
199418.108;982903.034;982660.403;-75.7804;54.0904;54.0253;
466180.613;531013.793;531010.429;98.7950;-126.8744;-127.3319;
455659.621;547405.142;547457.180;325.9224;42.2787;37.1256;
486462.554;555022.111;554935.996;-471.0659;284.8840;284.0872;
475861.907;557891.026;557931.479;228.8459;371.0398;368.6603;
484204.212;536780.767;536787.462;-34.1746;426.3075;427.8737;
407028.578;247723.342;247116.755;7.7847;-42.5604;-43.0219;
496151.090;539940.681;539889.074;727.0701;-208.3401;-209.4475;
451792.207;530727.449;530730.554;-250.6458;-446.6268;-444.4696;
149359.826;404562.490;404085.049;10.3145;-62.4767;-58.1699;
141519.671;428689.401;428148.818;-12.0432;179.5104;175.9780;
446820.698;535359.956;535429.412;-317.5833;274.2147;278.0822;
540284.174;531087.528;530770.100;-246.6252;381.5537;389.3532;
466685.512;553559.264;553435.367;697.0064;19.9023;13.2088;
386457.022;493443.648;492852.649;-376.5399;496.0631;487.8844;
500896.891;473006.643;472878.009;163.8669;-81.5449;-83.2072;
323221.836;478317.367;477983.517;-289.2760;32.2000;31.7846;
465355.334;535180.958;535167.147;-304.7710;652.6967;646.8227;
472195.320;533618.976;533534.350;-561.5828;388.6382;387.2290;
556544.826;295988.792;294721.231;-68.5710;-90.9530;-91.6009;
423311.620;563981.705;564064.393;-148.5891;-51.1939;-53.9859;
474653.111;565353.597;565533.210;368.7050;716.3515;716.9020;
349074.025;561881.927;561886.393;145.1886;282.4874;273.5080;
463575.942;556057.371;555973.586;90.5666;-510.4892;-517.2065;
437418.728;604502.972;604517.704;-891.7845;101.4733;100.5633;
494029.592;551991.638;551863.183;-200.0817;-602.8072;-599.2013;
464202.055;549542.470;549548.308;1165.3193;638.2038;638.6378;
413110.040;432438.079;431094.518;-73.5597;-57.8439;-58.8299;
352646.215;663847.740;663210.173;383.4433;121.1578;122.9024;
480026.763;545748.729;545716.275;-205.5282;2.3083;2.8459;
522592.606;532838.720;532087.314;151.7003;134.4835;123.5627;
466894.998;569572.215;569531.627;-119.0531;70.5566;82.2735;
506150.725;560826.954;560614.189;430.4944;-126.7312;-128.6243;
557597.622;566286.651;565667.663;279.2305;73.7712;77.6303;
471550.064;519146.227;519085.300;764.1208;-290.8161;-294.4380;
353107.544;544899.386;545200.244;-488.5520;122.2690;116.9660;
440926.901;525265.543;525338.526;-156.0027;-504.3964;-500.9716;
421834.195;533147.217;533367.589;-241.2096;200.1299;201.4475;
483823.618;536001.119;535898.878;-428.6828;-775.1676;-773.9150;
482702.054;539148.221;538973.602;794.8824;-833.0713;-832.4408;
469189.977;551849.818;551809.622;-509.5506;181.7440;178.9442;
499505.288;585652.559;585112.552;-195.8332;269.6783;267.0771;
405978.913;575162.677;574675.729;-321.1212;-259.0279;-256.2417;
671588.691;690947.561;691287.835;242.7984;19.3479;19.6567;
484657.382;545111.818;545008.294;277.9741;922.6229;922.0921;
481344.261;555048.106;554965.202;-394.4931;415.1743;416.1168;
135970.647;578401.382;578074.621;86.8606;-53.8576;-54.2370;
459657.524;555404.839;555352.276;192.2752;-276.5925;-277.8857;
501099.976;470329.262;469262.095;571.9281;23.9156;21.3147;
476470.755;553779.694;553589.484;-683.0916;-900.6154;-890.1261;
250398.666;438323.670;437659.690;-346.7702;-196.9775;-197.9040;
486076.507;538514.428;538455.056;-299.7870;-62.2611;-61.8393;
475142.995;543373.680;543345.888;-188.2437;112.3773;114.1566;
476204.831;540309.052;540235.148;746.2207;-305.4669;-299.2267;
