# This file was created for the Modelling and Simulation course, RUG (September-November 2019).
#
# Project: Simulate colliding galaxies, using Barnes-Hut algorithm.
#
# Students:
#     Stefan Evanghelides (s2895323)
#     Hidde Folkertsma (s2759799)
#
#     X         Y         Z         DX        DY        DZ
228589.161;548725.347;548722.230;251.6222;-91.4069;-91.4093;
406834.472;485162.134;485164.503;-46.3476;194.1797;194.2231;
305814.315;754245.130;754241.163;87.4888;129.6756;129.6725;
206307.737;332815.777;332819.671;-19.0051;-56.8853;-56.8840;
212745.900;657691.261;657717.353;166.0266;-79.9058;-79.8998;
297808.379;514453.299;514454.985;1215.5843;96.0766;96.0914;
312461.069;510840.803;510840.993;976.5858;-192.1230;-192.1770;
416144.747;420313.382;420322.463;488.7247;-30.9236;-30.9194;
302611.145;506644.115;506645.945;68.8086;-222.2605;-222.2377;
292923.888;481339.216;481341.677;247.8777;-281.0347;-281.0145;
434120.685;387499.730;387496.158;316.1941;-63.0993;-63.1058;
314433.498;419962.355;419966.964;224.4337;-49.0397;-49.0676;
281157.496;511340.285;511341.636;666.3398;-341.3719;-341.3770;
351518.158;476688.059;476688.894;616.4653;-40.8425;-40.8747;
287272.283;538991.248;538991.807;-412.6165;305.7681;305.7699;
264678.833;527353.764;527352.198;653.6546;-489.3989;-489.3345;
321280.694;528267.368;528269.046;302.0138;317.3163;317.3377;
312891.385;521641.954;521643.365;636.2193;153.9619;153.9815;
319762.840;418488.868;418477.170;53.9229;272.1318;272.1883;
311138.667;506835.469;506836.431;-170.5520;292.5586;292.5665;
198818.502;183203.997;183198.666;39.1174;-85.8606;-85.8617;
286418.712;537730.338;537733.100;104.8578;8.2159;8.2197;
295017.273;519753.370;519754.178;-601.2920;-139.1646;-139.1668;
319110.572;517795.602;517797.374;-581.0060;-47.0703;-47.1117;
316226.295;517246.104;517246.817;-770.4689;-335.2719;-335.2521;
375041.430;506014.984;506009.910;-5.1197;-215.5678;-215.5727;
319373.989;521971.068;521972.150;-13.0178;104.2136;104.2224;
193956.358;560303.650;560305.972;172.3994;-99.4349;-99.4364;
299138.916;517207.609;517208.907;-324.6027;399.0119;399.0008;
284437.628;510446.046;510446.423;-235.6881;-45.4380;-45.4665;
310219.371;513045.174;513047.407;-40.3330;-82.7845;-82.7639;
290406.547;523238.776;523239.715;82.9194;-42.1923;-42.2254;
297098.524;509206.712;509208.362;1367.0274;-72.1573;-72.1052;
298550.369;517823.869;517825.138;100.5215;142.9723;142.9818;
305230.316;516699.829;516701.760;662.5319;45.4108;45.4009;
300531.641;515805.493;515806.903;-253.0781;-158.0727;-158.1169;
290572.463;515184.675;515185.649;-5.8463;130.0785;130.1012;
363059.955;483126.493;483126.503;-21.9457;-112.8605;-112.8578;
338341.995;493775.920;493777.337;-151.8819;-166.5948;-166.6118;
290710.148;511267.409;511268.538;415.0314;-508.2418;-508.3136;
280477.101;520716.034;520717.335;170.7395;264.5266;264.5375;
277201.283;526548.330;526548.422;464.9862;271.1838;271.1821;
265493.164;513003.605;513003.770;326.1287;311.0382;311.0256;
271967.604;514080.029;514081.745;119.9354;-157.2103;-157.1997;
405673.525;488031.843;488028.974;50.4067;200.8450;200.8005;
285762.394;527859.843;527860.180;477.0202;431.1145;431.0807;
296872.789;545552.667;545553.084;-6.2610;-234.5192;-234.5240;
396368.210;571642.944;571644.710;41.5624;-164.0869;-164.0780;
456646.519;499270.996;499272.280;565.4801;-71.2462;-71.2329;
317516.309;496721.339;496723.563;288.3301;231.4640;231.4833;
187832.086;557959.833;557957.751;79.0959;90.5279;90.5292;
293136.159;507976.302;507978.398;-186.8845;2.1252;2.1438;
313286.949;450315.137;450320.852;-83.8124;39.4543;39.4606;
289990.934;521494.695;521494.375;1236.9317;-76.0769;-76.0493;
303958.824;518273.361;518274.707;-184.1216;175.7674;175.7505;
292203.554;507270.888;507271.358;700.6986;-75.9070;-75.8818;
405899.559;489492.172;489490.746;52.9802;255.1779;255.2419;
334780.472;524700.248;524700.155;-498.1078;-534.0484;-534.0225;
310797.547;524087.520;524089.161;10.0892;-56.4631;-56.4616;
279840.358;505448.313;505450.478;26.6067;-89.9727;-89.9208;
292943.832;507485.115;507486.588;87.5058;264.1579;264.1563;
322912.524;531726.059;531727.185;197.7992;166.1105;166.1079;
280391.750;502115.046;502116.435;329.1668;-71.6198;-71.6104;
295345.998;512707.805;512708.698;140.8394;-338.9255;-338.9549;
290033.590;501474.988;501475.902;289.9299;-542.2652;-542.2842;
321398.168;528571.901;528573.328;-235.1843;-362.3590;-362.3665;
315441.937;491458.009;491459.366;-90.8800;166.8421;166.8548;
292025.706;521121.796;521122.725;-473.3189;324.8947;324.8743;
312322.283;525227.808;525229.067;-86.9233;250.4764;250.4396;
291929.791;519001.461;519003.060;-123.0189;-258.3491;-258.3354;
413264.655;490254.225;490252.848;122.4671;-212.6677;-212.6656;
216692.920;518712.165;518712.896;342.9294;9.7687;9.7645;
274439.150;525462.269;525464.470;-512.1667;290.8296;290.8538;
307165.140;507377.185;507379.305;55.0787;81.7201;81.7075;
171230.323;515945.910;515948.620;169.1085;-25.3619;-25.3637;
278863.710;573641.832;573635.618;129.0731;168.4166;168.3913;
270616.406;520358.327;520358.235;536.3093;-237.6065;-237.6138;
272888.037;511494.908;511496.476;86.1004;34.3977;34.4024;
339446.323;506015.643;506017.867;510.8864;65.8902;65.8700;
273121.820;519196.465;519197.564;859.0671;225.7402;225.7576;
302738.154;512386.311;512387.341;401.4475;153.9774;153.9910;
325155.089;544683.497;544683.889;-423.4667;-138.6276;-138.6244;
323488.700;512330.007;512331.278;239.0084;80.1060;80.0884;
310935.665;517404.289;517404.774;635.1698;434.4279;434.3709;
296339.357;520792.023;520793.346;1212.6559;106.9814;107.0478;
372821.634;495684.204;495686.335;51.6396;-394.2194;-394.2359;
298875.646;511017.354;511018.933;-1027.3718;348.7813;348.8163;
327785.957;510060.374;510061.922;-68.6727;-94.4966;-94.4851;
287567.529;518897.381;518898.933;-323.3215;-56.5811;-56.6211;
285452.638;485423.436;485422.272;329.8218;136.6834;136.6878;
282554.286;510781.699;510781.719;174.7315;35.4051;35.4136;
322215.303;512623.646;512625.327;40.0803;260.3019;260.3488;
303216.067;520785.764;520787.158;255.7176;260.3568;260.3547;
271645.237;507462.135;507462.787;448.8000;-47.4001;-47.4288;
387284.067;476427.817;476431.674;-106.6569;423.7987;423.7193;
342510.531;489973.219;489973.185;261.1670;209.6093;209.6026;
353772.323;497679.507;497680.215;220.0709;-37.8208;-37.8232;
261434.515;646653.965;646658.833;47.0268;8.0208;8.0274;
184293.265;410976.738;410981.658;-19.8049;-191.3722;-191.3631;
687465.608;506840.887;506840.698;219.4827;462.5803;462.5613;
701623.649;529709.521;529707.819;353.7159;260.0943;260.0714;
711238.289;525115.637;525113.036;130.7159;99.7526;99.7344;
663335.708;526824.392;526822.394;-116.1019;132.9527;132.9319;
786970.850;540711.294;540706.762;260.5356;49.8477;49.8404;
681413.402;524642.827;524641.611;-286.5966;25.3026;25.3067;
721113.946;527995.748;527994.243;-227.1417;52.3840;52.3785;
645791.551;492083.214;492084.767;464.5962;46.3125;46.2900;
680115.561;523264.218;523262.535;-244.9755;-797.0153;-796.9832;
712145.158;516822.888;516822.414;-20.1202;-623.8513;-623.8177;
802525.962;625749.856;625752.142;-113.6816;-20.8588;-20.8511;
682952.431;500190.807;500190.822;484.8103;-446.1094;-446.0692;
688032.719;498580.735;498580.137;-371.9751;-322.6311;-322.6262;
678929.179;517207.613;517206.858;-1035.1387;-2.9582;-2.9828;
669990.879;514790.216;514788.960;-51.2204;-690.7336;-690.6096;
670141.665;512615.975;512614.788;-1099.2410;148.4304;148.4169;
727169.532;484436.971;484436.231;-182.2184;-180.3419;-180.3641;
691089.201;514975.855;514974.628;-253.9511;137.9075;137.8849;
605489.964;577152.622;577145.750;-149.4288;126.9972;126.9706;
638530.800;377515.511;377524.704;-189.4513;-122.8277;-122.8151;
706373.919;560715.117;560711.801;-694.2739;39.6038;39.6060;
679567.892;516819.932;516819.728;-742.0596;-480.5643;-480.4859;
653817.237;399677.197;399679.305;-116.7263;-65.1623;-65.1582;
481395.480;319362.389;319344.915;-207.0278;-33.2284;-33.2402;
687160.946;513095.626;513094.650;-394.4350;-52.6197;-52.6186;
603289.638;608255.587;608248.488;-520.6019;268.1207;268.0927;
695833.799;521473.130;521472.000;-489.6983;-612.9378;-612.8907;
778657.510;545991.245;545984.523;196.4821;184.4183;184.4001;
709675.902;478415.765;478415.391;-61.0760;361.4362;361.4203;
678119.835;555809.210;555805.212;-47.8908;275.5846;275.5498;
705858.771;519726.513;519725.940;-461.7279;89.5011;89.5335;
627835.713;503475.810;503474.224;-67.2697;-2.5600;-2.5748;
683982.534;513835.687;513835.423;-158.7537;105.8624;105.8532;
736490.875;653183.101;653175.719;-200.5219;11.7365;11.7358;
693873.714;532611.972;532609.583;5.7410;168.0528;168.0225;
723682.429;500468.389;500467.649;-69.9748;194.2996;194.2941;
620101.640;557655.738;557650.927;-68.6899;-190.3955;-190.3749;
622726.059;482379.414;482382.281;-595.1445;14.3285;14.3194;
705896.173;504671.121;504672.781;-470.3078;228.5338;228.5375;
655372.375;522803.576;522802.011;36.8368;157.0222;156.9879;
699906.132;464855.036;464854.382;-398.8970;178.2186;178.2092;
681175.668;521181.992;521181.559;103.1271;489.7138;489.7165;
704075.425;513771.728;513771.343;38.5605;-213.7408;-213.7274;
751740.877;584628.569;584617.891;32.1707;133.6540;133.6294;
737211.921;471570.748;471571.063;-248.1436;-219.4658;-219.4657;
684597.743;508827.752;508828.060;-74.0044;4.0728;4.0670;
706693.104;520590.482;520589.046;-228.8503;234.5141;234.5089;
564467.902;437838.416;437847.402;-383.3064;-132.0309;-132.0079;
740072.342;507364.206;507363.815;-102.1807;-213.9782;-213.9590;
687043.509;520572.308;520571.148;-440.8296;-460.7286;-460.6696;
819886.355;440561.973;440566.365;-40.4470;5.9470;5.9434;
648657.901;502974.584;502975.613;380.3706;647.4930;647.4891;
672208.806;516360.677;516359.501;-86.6888;-464.4903;-464.4615;
691879.004;518714.009;518712.628;-218.8456;513.7109;513.6636;
731187.824;575493.724;575484.906;-126.0743;-30.3300;-30.3413;
619410.855;415267.384;415270.290;-121.6547;48.8709;48.8749;
669975.756;519614.011;519612.999;-203.7533;-365.2727;-365.2503;
707206.056;516669.142;516668.236;-105.7989;282.4540;282.4279;
658313.121;513350.914;513350.035;-549.9104;172.6227;172.6190;
684261.658;527400.033;527399.478;-382.0902;-94.8897;-94.8804;
502888.112;237484.071;237475.784;-182.0450;-64.1190;-64.1256;
678914.405;516277.703;516277.155;-349.2415;624.1237;624.0539;
695652.969;524842.900;524842.082;896.4447;-156.6034;-156.5931;
719578.189;511666.427;511665.081;-414.4399;-386.5610;-386.5526;
680859.904;509104.121;509103.622;318.1774;438.5870;438.5407;
782244.743;548561.383;548559.602;-295.2015;-184.0471;-184.0445;
748647.490;497002.540;497000.518;-709.6050;-159.1694;-159.1495;
688794.482;491311.581;491310.983;87.3657;-152.2045;-152.1973;
686893.547;512800.559;512799.649;-399.7121;81.5332;81.5288;
743586.668;501517.800;501521.300;424.2825;-11.7350;-11.7307;
697562.891;518743.553;518742.615;-365.6214;-250.3306;-250.3262;
861363.705;463533.212;463535.510;15.2042;-122.9818;-122.9776;
687131.680;521368.378;521367.517;193.6888;165.5497;165.5172;
687460.224;529573.002;529571.505;-42.1547;7.6605;7.6860;
663010.167;499755.892;499755.252;-200.1012;22.2577;22.2158;
663892.364;506872.152;506873.239;-354.5201;-11.4969;-11.5222;
679140.157;489013.621;489012.740;-328.1699;321.7611;321.7631;
830810.786;538501.704;538500.835;394.9779;5.7231;5.7077;
686333.660;511529.238;511528.406;54.7070;-196.3982;-196.3747;
643270.917;496421.092;496422.764;-221.6680;47.1906;47.2045;
681451.074;522903.488;522902.225;217.4878;208.9851;208.9701;
683941.427;523375.120;523373.255;-670.8668;-69.7876;-69.7358;
701773.747;523059.403;523058.450;490.2605;230.2712;230.2660;
610549.565;491161.875;491165.407;135.6204;-10.9101;-10.9322;
586715.052;332729.783;332733.920;-291.8067;-274.0322;-274.0362;
600538.092;555575.958;555571.232;-282.4774;-108.7929;-108.7849;
964992.798;526718.917;526705.494;67.0290;-33.8704;-33.8836;
621218.619;540622.068;540618.522;-60.2151;31.7990;31.7813;
689905.801;509244.210;509244.281;-520.1725;184.4943;184.4747;
608355.827;491417.204;491417.686;-34.5889;192.4538;192.4898;
702191.555;558354.024;558352.096;-451.5405;469.9913;469.9946;
640528.719;533203.625;533203.058;199.4627;-10.5806;-10.5844;
696438.356;512782.451;512782.166;681.0209;28.7662;28.8013;
675602.602;534109.267;534108.437;-454.4417;352.3337;352.2909;
923291.398;723479.386;723472.899;120.7040;168.1020;168.0934;
690106.820;521183.761;521182.972;-95.9075;37.3977;37.3595;
681371.463;532149.275;532148.482;342.2621;286.7594;286.6951;
685050.654;510220.713;510220.512;-788.7722;-152.7623;-152.7421;
653824.035;527597.731;527595.501;73.8340;-32.1586;-32.1800;
