# This file was created for the Modelling and Simulation course, RUG (September-November 2019).
#
# Project: Simulate colliding galaxies, using Barnes-Hut algorithm.
#
# Students:
#     Stefan Evanghelides (s2895323)
#     Hidde Folkertsma (s2759799)
#
#     X         Y         Z         DX        DY        DZ
438953.145;555087.947;555072.900;282.0041;70.8511;71.1328;
488358.433;556154.695;556174.762;596.3786;-37.7644;-39.5934;
678036.898;880860.540;880848.975;98.5214;-38.8823;-38.8872;
458745.193;510755.002;510678.443;194.9387;416.9482;416.9010;
440662.441;533435.234;533407.772;761.7547;-6.3471;-6.6540;
454001.178;525194.124;525084.160;-419.3796;368.1134;368.4685;
320226.949;529867.659;529848.890;-188.9979;-322.6533;-323.9070;
285288.820;538543.697;538261.182;-90.7996;263.8001;263.0220;
593270.565;526076.074;526117.744;388.2953;-18.1818;-18.1734;
485044.970;544941.920;544966.457;640.9943;843.7706;844.8314;
447880.218;518611.373;518581.216;733.6218;-910.7115;-913.6340;
588376.109;616926.125;616737.020;-275.5479;-4.1481;-4.6630;
447434.572;544797.050;544782.772;-67.0363;-76.2037;-74.6683;
446594.156;584122.868;584073.083;423.4224;189.4708;186.5747;
316867.847;630271.073;630408.290;-553.1903;-8.3797;-8.6713;
412648.849;461862.287;461581.800;-16.4527;8.9038;8.5608;
416655.726;531039.827;530881.011;43.2440;50.6831;51.9424;
466395.534;541718.239;541687.902;-1123.4838;-355.9600;-357.6028;
316912.670;547910.543;547779.759;153.6108;-25.0429;-24.5653;
592820.424;645094.418;645124.528;-16.7930;-62.7962;-62.8782;
467058.691;552216.142;552236.745;337.5633;-306.4063;-306.0643;
470004.980;600925.916;600997.920;-546.3255;154.7451;155.2448;
482194.919;529703.827;529665.589;-101.0535;75.6421;74.8010;
500480.467;572060.431;572025.866;-11.3585;269.2581;268.9468;
467323.956;559668.963;559683.351;1000.8825;-351.9050;-350.0199;
451398.952;531212.404;531182.343;301.4956;212.4899;211.4784;
459400.300;541782.092;541760.559;293.5879;417.0792;418.5713;
471575.095;525811.556;525769.258;324.9581;651.5621;652.7627;
465931.630;549046.600;549051.795;-522.7226;-123.3870;-125.0788;
447694.925;556261.160;556283.962;172.4894;-369.6355;-369.5272;
864760.776;193167.193;193194.217;53.1456;-49.7871;-49.7861;
405484.217;577331.601;577352.443;295.5495;-538.0173;-538.9461;
419891.649;535550.438;535519.852;40.6486;264.2243;262.5612;
431730.358;562936.326;562902.859;0.0632;-146.4488;-148.7935;
424158.841;527556.000;527361.968;1011.2148;533.8465;539.9877;
470326.751;534655.750;534607.158;38.8725;909.6207;912.0198;
768325.820;495743.185;495394.391;-313.5384;30.1323;26.8406;
518622.407;532600.162;532597.991;-83.9668;-140.6264;-141.0161;
387826.275;559698.432;559698.659;-52.9077;440.3876;442.1076;
477197.121;538025.917;538028.296;421.6287;-234.8851;-234.5355;
453867.609;555727.905;555756.996;-337.4290;304.3303;304.9040;
249339.372;451270.805;451080.102;-260.4329;-125.3129;-125.3292;
456067.073;538829.744;538833.886;539.0328;-223.6425;-225.5030;
469599.288;552490.589;552536.370;531.2849;675.5209;680.0589;
468138.034;477061.180;476964.563;19.3335;507.3776;506.8475;
456458.388;521581.846;521519.719;-187.8146;40.7285;38.8431;
407857.590;564971.901;564962.840;-169.2361;-49.8955;-50.1377;
803289.921;159492.521;159514.808;-20.5704;19.5622;19.5600;
469623.729;526478.295;526440.137;462.7073;61.1741;60.8276;
857828.724;678639.061;678052.826;-29.9801;52.3825;51.4076;
499747.405;404767.690;404726.901;79.5855;64.8603;65.3213;
440955.897;526984.889;526952.465;335.3854;515.5890;514.7113;
465815.054;545249.000;545252.420;645.1358;138.2330;137.7843;
427674.736;523603.908;523574.982;429.2276;96.7781;95.8046;
486498.720;558200.868;558191.723;83.4061;-646.0096;-644.1003;
456119.475;572818.721;572719.474;-306.4135;-349.8085;-350.0224;
542028.450;513462.196;513367.118;81.1783;235.4604;234.9464;
466148.208;561206.078;561257.671;-465.4639;371.2172;370.7660;
805340.162;430618.775;430555.583;-29.8229;-43.0088;-42.8323;
451105.035;539437.888;539455.801;-255.8331;-468.1414;-469.8272;
978916.082;621720.102;621632.272;28.3697;37.4484;37.2474;
461171.259;535680.330;535661.771;232.3018;391.4576;391.7537;
110931.124;420063.606;419928.453;-113.2757;69.6214;69.5566;
10006.520;670650.497;670632.713;-112.9316;50.0023;49.9473;
865949.594;327814.213;327894.136;188.9064;-42.3781;-42.2515;
406356.803;578127.154;577975.846;78.4377;-14.7460;-16.5701;
502018.100;585303.092;585486.626;-679.2483;70.0729;70.3885;
447065.455;543522.698;543507.246;16.5298;-144.0916;-141.9075;
161689.984;255914.203;255318.394;-114.0097;-179.7778;-180.1183;
586918.608;614555.998;614491.032;296.6651;-271.0661;-272.2278;
500581.835;561684.622;561780.546;1035.0275;205.8602;209.1372;
455499.632;539734.487;539714.874;258.0795;438.0120;437.7199;
465413.942;504455.179;504379.529;-570.3971;-409.3719;-411.4450;
438371.505;527027.172;526879.684;664.1455;419.0970;421.5644;
364228.872;472591.328;472633.515;242.5252;111.2712;111.7908;
634735.992;521936.879;521886.586;290.1743;-19.0188;-19.3421;
474335.481;452211.184;451831.198;-576.0866;-85.7467;-86.3611;
437426.647;554070.868;554070.785;721.9636;-143.3709;-142.7137;
600407.778;659411.262;659332.591;-179.3359;-57.6605;-57.4122;
84155.193;725533.188;725651.735;-341.7912;17.2323;17.2314;
461203.927;565123.228;565120.769;595.0776;-265.6938;-266.8471;
541091.200;511804.830;511779.170;319.5443;-84.3480;-85.1116;
457524.066;540490.049;540498.217;-469.1802;197.1967;196.5202;
445911.307;545255.994;545243.801;-316.6034;-354.6008;-355.4851;
480772.372;521856.755;521797.929;-4.5225;176.0603;176.0547;
675625.338;545613.527;545552.739;341.2423;-50.4565;-51.9576;
456693.525;518574.332;518599.033;-508.4219;-582.9934;-583.2918;
460143.501;556615.882;556659.815;72.3481;672.5208;674.4503;
463748.980;571521.741;571570.765;174.0457;476.1303;476.5521;
461468.682;541348.673;541323.478;103.9001;-325.9402;-328.4442;
436646.297;528591.932;528537.108;-939.7638;-220.3073;-219.8000;
433235.325;536743.063;536706.693;229.2901;-84.3632;-85.8746;
453263.034;529338.433;529270.490;-204.0644;-75.7238;-75.8599;
452752.808;606598.195;606702.849;501.2033;288.9708;289.6910;
783548.856;585893.951;585772.095;-241.6677;104.1540;103.7692;
444158.198;552291.706;552270.229;-818.4228;38.2703;36.7997;
549096.424;452664.239;452568.145;-201.8848;-8.1425;-7.8803;
637202.377;394146.872;394126.938;-190.7591;-10.5867;-10.5744;
479997.493;552507.195;552570.604;-1096.8772;-97.4074;-100.1630;
439774.541;683424.423;683541.379;-278.1556;-32.4178;-31.7642;
529139.510;595998.135;596117.240;237.0574;-153.6051;-153.5999;
693239.766;594886.231;594837.990;151.2950;45.7521;45.7798;
426509.940;526163.761;526078.495;-143.1040;-364.1597;-364.7914;
450340.269;355787.483;355760.987;-153.6215;76.3092;76.3458;
453136.144;540004.878;539982.864;1186.2287;-689.8580;-691.3542;
876696.163;469516.822;469480.823;50.3986;-9.9177;-9.8859;
476218.768;540630.706;540630.455;-51.1922;-138.5288;-137.0320;
460298.069;546780.908;546763.372;292.4414;-539.6104;-540.6363;
467989.523;543412.709;543389.503;448.9988;-428.6902;-429.2547;
284014.045;406615.219;406496.672;225.8580;119.4418;119.2378;
471132.279;506407.982;506327.778;54.4110;-399.6293;-401.1742;
308890.687;885642.834;885489.071;-105.8451;112.0303;111.9462;
448560.624;538946.683;538880.871;-241.2169;683.9029;688.3353;
473433.034;548408.802;548364.279;163.2578;-434.6204;-433.2987;
436915.093;539379.717;539359.530;-318.7509;-270.6295;-272.4563;
487219.559;523463.097;523365.974;73.2857;221.4225;221.9680;
450638.213;569009.764;569003.098;-275.4509;57.4917;57.4149;
407194.963;336653.720;336484.438;-9.0724;-109.2885;-109.2429;
460768.440;531739.536;531600.780;-308.1408;784.2356;789.5611;
432784.218;531234.904;531134.251;-763.8220;22.4776;21.0006;
609312.995;619658.017;619782.176;-279.2188;-163.7104;-162.5315;
331060.746;310515.632;310451.240;-233.2075;21.6382;21.6316;
396859.323;991142.612;991134.278;17.1674;114.7375;114.7288;
400606.089;580132.625;580108.346;33.3227;286.9604;286.1683;
538944.334;518026.213;517936.196;234.4479;233.8475;234.8663;
444885.439;557195.722;557210.576;119.5242;78.3916;79.4258;
807692.514;483547.447;483482.212;-124.7237;-163.6825;-160.3382;
601174.556;568972.268;568883.697;63.3118;124.9415;124.9478;
450254.195;520572.902;520522.972;-955.8277;-358.5977;-359.9354;
437177.124;555123.644;555109.247;-515.1939;287.8167;288.4521;
459647.966;534970.237;534901.229;-579.8610;-295.9698;-293.2401;
520642.049;558739.625;558818.881;548.4051;-350.2418;-349.2633;
513773.487;530545.328;530521.317;-469.1170;-107.6286;-109.1548;
375544.947;580496.066;580384.785;-126.1749;-151.9930;-152.6796;
464318.531;505045.941;504995.945;-896.1662;25.9155;26.0634;
456578.786;552099.961;552083.553;452.4535;934.7066;937.3201;
335809.637;279008.813;278688.526;241.9308;67.1866;66.3053;
421639.529;538750.762;538704.893;-620.2125;-567.3109;-571.5837;
451062.949;517559.832;517511.441;-541.6933;-468.9292;-468.2976;
481600.942;495031.815;495013.608;26.5842;-112.7842;-113.6417;
610347.777;557316.830;557038.984;-198.0036;-467.7613;-468.6706;
445595.016;540845.608;540834.403;-586.6868;106.8753;107.1174;
391377.927;528751.766;528630.115;-64.5365;-195.1942;-193.6303;
448103.809;540110.413;540027.726;-1054.5766;-649.2148;-656.2304;
497271.341;556463.607;556493.558;306.8858;95.3180;96.1566;
431574.308;528920.747;528862.594;-738.0963;-145.4350;-147.9528;
438728.329;547073.022;547098.134;-530.7183;-569.3743;-568.0735;
412215.486;609454.389;609462.699;383.3688;-390.0074;-389.8691;
483774.942;581788.326;581856.774;9.9031;-22.9851;-23.8436;
460985.539;543051.624;543025.439;142.4205;233.1863;233.7599;
450023.088;548191.980;548175.675;835.7580;393.2531;394.5594;
456693.124;554160.841;554155.076;-311.6075;58.3676;59.4625;
453984.584;527231.185;527198.801;564.5247;-351.4109;-351.4684;
441772.650;569931.670;569965.553;-863.7134;66.7218;66.9409;
473158.167;528944.099;528862.452;900.4621;487.2979;490.9744;
197846.619;165109.541;164959.103;-142.4320;-286.4285;-286.0096;
550029.911;482252.011;482131.095;-372.0856;-9.7588;-9.4823;
436366.548;540115.524;540041.574;408.6115;323.7072;323.8526;
454795.227;540405.575;540380.577;-312.7660;373.1863;374.6749;
327582.631;616266.283;616391.851;-485.3645;192.0475;192.0454;
462896.954;540671.461;540650.948;36.6522;-467.2328;-468.8514;
481287.836;565935.512;565977.574;-573.5167;618.0366;618.0091;
447616.916;556693.880;556686.931;389.3377;8.4379;5.5618;
415469.905;556994.620;556969.158;427.5061;-310.4012;-310.1655;
456034.047;534523.010;534472.944;598.2874;-288.9491;-290.7256;
452424.969;545600.592;545553.498;-659.2679;437.9830;438.5849;
398361.840;541617.405;541569.365;-184.2235;-92.6236;-92.6848;
