# This file was created for the Modelling and Simulation course, RUG (September-November 2019).
#
# Project: Simulate colliding galaxies, using Barnes-Hut algorithm.
#
# Students:
#     Stefan Evanghelides (s2895323)
#     Hidde Folkertsma (s2759799)
#
#     X         Y         Z         DX        DY        DZ
511729.234;528430.836;528436.289;213.1306;64.4458;64.4206;
479276.194;526443.985;526445.739;85.2428;257.2446;256.9675;
432270.945;867223.008;867216.019;113.8166;57.2247;57.2229;
224695.379;302163.323;302168.845;50.9295;2.5626;2.5640;
809922.620;666427.327;666366.662;305.1738;276.7732;276.6715;
497835.513;537061.046;537067.644;868.0248;59.5382;59.6423;
463417.702;523445.510;523448.938;565.8843;483.7377;483.7540;
814194.547;616464.949;616439.125;66.3982;242.0697;242.0019;
790346.852;476201.876;476177.601;515.9008;-119.4339;-119.4864;
700766.807;520589.820;520580.291;-57.4866;-152.1596;-152.0847;
372186.498;537544.997;537560.660;-206.2435;-433.4119;-433.3715;
450775.732;687915.732;687914.796;160.7948;8.0150;7.9439;
368612.370;531682.005;531677.810;-208.3439;-31.5240;-31.5652;
524019.442;486011.053;486004.310;47.5853;234.3505;234.4360;
700576.352;556805.417;556794.503;-69.2423;-66.4325;-66.3531;
506069.852;554392.175;554386.959;-1035.5524;-233.0512;-232.9234;
783779.587;492027.783;492002.510;426.4015;37.7212;37.6827;
452683.768;526073.978;526078.298;-206.8883;-407.2204;-407.1235;
746005.769;653355.767;653314.351;363.4591;-138.5787;-138.4170;
477502.959;535614.903;535619.915;1056.3646;191.5528;191.5416;
297807.651;151130.903;151120.349;108.6478;39.8818;39.8600;
537600.194;666866.651;666844.274;4.3522;131.1454;131.1247;
487603.231;528035.895;528039.946;-904.6426;-1.9427;-1.9248;
466092.832;525613.498;525615.677;722.3742;-408.3413;-408.2694;
495177.346;515561.632;515565.279;-392.6218;-545.9029;-545.8280;
459362.658;461902.112;461899.294;-109.7045;-66.9966;-67.0608;
460471.383;529265.339;529266.593;-508.2459;351.4768;351.4512;
791889.226;695910.928;695870.153;450.6421;275.4352;275.3843;
359560.960;454106.911;454103.736;-197.5828;-126.8088;-126.8328;
480522.268;538644.578;538646.360;882.4795;-62.6407;-62.6919;
421959.536;528780.347;528782.829;-154.2548;28.8171;28.8003;
459770.000;527904.651;527907.414;-262.2931;259.4450;259.4815;
562947.825;533902.279;533900.739;260.3385;146.0728;145.9396;
476197.554;539963.683;539966.895;753.4821;147.1307;147.0628;
484733.607;530476.433;530481.037;168.3553;-32.4391;-32.3218;
487106.366;539758.260;539761.376;584.4506;116.5231;116.5750;
461905.810;532440.625;532442.645;-354.9175;-481.0629;-481.1556;
639772.541;374411.801;374420.025;166.9731;-152.4069;-152.3848;
391549.573;458792.596;458791.953;-505.0430;-229.1347;-229.2156;
468323.651;533145.661;533149.659;-957.4269;281.9533;281.9891;
477365.107;531854.972;531858.872;699.0948;753.4378;753.5211;
502536.523;553941.355;553935.313;-871.5104;-415.7340;-415.6783;
492960.146;540618.078;540621.917;519.3475;357.7618;357.8246;
919765.320;495850.233;495816.207;717.8933;-34.9724;-35.0438;
736674.645;565530.817;565511.495;474.0798;51.8752;51.6489;
510513.412;433876.399;433876.603;-208.5418;-209.2343;-209.2792;
531679.195;506907.775;506901.661;-10.4740;-35.3245;-35.3873;
422836.381;575187.986;575187.005;402.4874;-59.2484;-59.2388;
751982.241;781402.289;781374.609;-4.0102;227.5029;227.4784;
488229.001;488692.225;488715.277;375.8244;-244.1448;-244.1253;
740878.295;654105.767;654080.485;72.5024;119.7223;119.5674;
470214.040;527995.540;527996.733;982.1558;-331.6717;-331.8120;
524059.345;542235.834;542235.270;-169.2048;-634.5099;-634.5740;
380245.927;573717.025;573720.653;-262.6395;271.0240;271.0344;
412841.327;555954.232;555955.189;277.3417;-53.6593;-53.6127;
522798.294;536709.702;536710.030;-487.4711;-35.3896;-35.3985;
561289.707;608626.261;608629.611;219.4809;464.6724;464.6529;
670138.730;350958.737;350962.815;207.3957;-256.0347;-256.0162;
483649.663;522120.312;522124.890;-1510.4829;-310.3630;-310.0557;
781408.460;632462.561;632422.715;443.4491;185.8330;185.7628;
787473.141;545369.116;545340.276;306.8335;-12.2523;-12.2841;
690223.500;498207.848;498190.276;274.2532;13.9850;13.9445;
636806.490;470654.891;470636.670;115.3135;-17.5549;-17.6047;
442242.353;531413.214;531412.143;766.7754;72.0532;72.0504;
426193.255;524920.842;524920.530;-465.0507;-150.8597;-151.1314;
719133.846;522736.455;522718.103;-112.4008;45.2585;45.2965;
522329.935;537868.948;537871.767;305.1200;384.0565;383.9599;
431596.533;524223.570;524225.986;217.0139;376.0728;375.9308;
455898.171;467116.512;467115.751;303.7442;153.5424;153.5197;
454843.306;533044.294;533048.702;-177.9454;474.9974;474.9844;
510487.516;392776.911;392795.144;-157.7534;-20.8914;-20.7977;
515346.287;510852.218;510847.861;-413.9384;325.9208;325.9205;
558749.413;505508.547;505513.608;597.1460;-8.0603;-8.1527;
830919.165;588420.500;588390.183;579.2778;111.5679;111.4995;
478735.025;514220.049;514223.384;774.1549;58.5248;58.7046;
519813.370;484067.179;484056.441;-128.8367;-327.6825;-327.7438;
695998.627;538889.232;538879.610;119.9218;156.9897;156.9510;
583873.002;617378.541;617358.759;-76.8021;88.9555;88.9022;
702353.882;529174.446;529160.742;25.3450;-9.6048;-9.5564;
814144.666;530633.948;530606.528;446.2959;79.6806;79.6263;
797211.651;773193.944;773145.559;417.1012;414.5037;414.4073;
465106.584;545114.770;545115.272;-516.9925;-548.4230;-548.2641;
487459.700;526893.749;526897.152;-822.2495;276.6299;276.6982;
753506.172;508304.375;508283.859;165.4462;21.9118;21.8816;
459037.500;532668.893;532675.663;-1436.9195;451.2036;451.0874;
696587.405;536955.851;536948.782;-119.9704;3.1161;3.1616;
959255.943;605343.692;605289.782;795.4217;140.8839;140.7970;
458989.823;529853.147;529855.281;357.7056;-197.6996;-197.6988;
452391.025;530283.360;530285.337;739.1015;-342.7445;-342.6749;
766321.960;464110.301;464092.628;420.6759;-49.1498;-49.1817;
454850.386;528303.490;528306.227;197.9519;575.2321;575.1213;
692403.392;523394.074;523385.959;102.8166;-30.1573;-30.2127;
428098.674;512425.907;512430.986;309.5813;59.1346;59.1825;
458927.709;441253.612;441227.479;-483.9066;247.6073;247.5448;
471205.796;487455.829;487464.126;229.2397;-27.3782;-27.3510;
360892.716;413571.307;413566.132;-180.4600;-152.4008;-152.4155;
418492.722;548949.582;548940.338;346.4726;-219.3052;-219.2630;
343985.927;306574.582;306582.802;232.3066;18.1785;18.1745;
301662.469;360611.388;360624.461;-354.8599;-218.0493;-218.0480;
492216.135;525697.977;525700.474;-177.2524;289.5098;289.5580;
488484.183;517250.728;517254.078;-767.6643;138.0584;138.0483;
473270.062;524939.008;524942.539;-399.2871;-354.9835;-354.8590;
491157.428;538461.422;538461.202;-453.5383;-48.5756;-48.6009;
467917.955;528458.844;528461.519;605.2559;-779.4942;-779.4771;
505002.023;529421.433;529428.630;76.9438;530.6007;530.6411;
167666.359;423078.415;423091.396;-356.4319;-110.2367;-110.2311;
309999.780;540334.029;540327.517;-17.8310;-89.9530;-89.9697;
506029.311;514432.179;514429.513;-644.7111;-127.8546;-127.6933;
476098.318;411670.728;411634.295;153.4434;-73.9584;-73.9593;
471473.998;519048.916;519051.789;-216.1119;148.7565;148.6563;
445343.662;506058.567;506063.095;197.0042;-511.4071;-511.5154;
495598.804;511723.062;511726.244;-323.7157;321.7424;321.6822;
519317.302;517961.854;517965.161;35.3366;156.2809;156.0238;
568883.753;514179.512;514200.287;-569.3351;-175.7709;-175.6266;
469291.013;524945.674;524949.715;-79.0730;-254.4775;-254.3984;
591307.609;591422.274;591405.221;161.8451;-220.8034;-220.7531;
595376.634;636549.400;636543.478;489.7978;215.2183;215.1620;
634589.101;398315.380;398309.951;383.0607;-63.7020;-63.7366;
482319.212;525196.880;525200.925;-834.8832;259.0769;259.1511;
468425.650;437776.396;437776.855;-166.0809;171.9112;171.8489;
308163.568;455106.125;455113.737;18.3082;291.6238;291.7747;
458897.002;525741.115;525744.455;-305.7117;403.0473;402.9858;
298205.470;463454.311;463470.309;332.5451;-295.8559;-295.8671;
506271.170;493811.628;493811.068;-505.8538;-4.1167;-4.1131;
760600.493;607412.701;607408.382;-172.4639;-1.7439;-1.7810;
444110.405;567185.736;567194.479;-261.5309;306.9474;306.9153;
507055.635;554901.281;554902.009;397.1556;-441.6259;-441.6489;
454220.948;528056.182;528061.364;99.3708;596.9344;596.8146;
412100.676;501084.459;501085.333;130.9086;119.1698;119.2027;
516055.219;520807.728;520810.864;-10.9551;-305.6538;-305.5873;
418762.822;589933.070;589938.345;466.6207;-10.8299;-10.8048;
485349.793;532692.886;532694.858;-906.1279;-118.8541;-118.7399;
267430.024;408266.525;408268.979;-227.4045;-114.4750;-114.4821;
445361.278;440775.003;440766.857;103.3074;45.5627;45.5092;
325517.764;417990.373;417989.953;95.7214;-14.4084;-14.5090;
476045.295;536168.598;536169.739;8.7868;-369.7758;-369.6359;
461672.562;530725.466;530725.791;875.3129;-785.0800;-784.9061;
349862.433;484887.871;484873.083;-8.3931;125.2199;125.1789;
508035.059;539836.582;539842.006;582.2350;358.8701;358.8451;
475083.640;514847.383;514851.766;490.4825;236.8699;236.9460;
684520.966;650737.139;650722.192;-106.7550;-1.5035;-1.5259;
506446.510;529193.878;529199.618;790.2122;17.4969;17.4304;
475051.094;508055.318;508060.061;-346.0799;-280.1239;-280.0944;
461863.571;502257.828;502267.476;-193.7546;115.9314;115.9387;
273035.721;534272.503;534276.726;109.1355;190.6644;190.6701;
393679.283;650381.485;650388.674;-44.4197;231.3896;231.3852;
539245.769;536851.228;536847.005;-551.2482;69.5520;69.5100;
194812.060;414471.498;414466.717;-723.2792;-301.5795;-301.6239;
132972.546;713515.997;713525.785;-525.1204;270.8103;270.8287;
480997.042;520139.478;520142.495;835.7833;515.2715;515.5000;
481488.137;538708.755;538710.121;790.7698;2.2685;2.3024;
609358.298;532399.006;532385.431;170.2328;-345.6136;-345.5594;
369324.738;579230.655;579233.882;-141.8356;-123.6038;-123.5608;
460873.492;515929.739;515934.987;-657.9879;120.8999;120.9330;
272982.119;382577.160;382585.114;-323.9771;-262.2547;-262.2720;
478266.244;512014.957;512019.019;161.1639;181.8159;181.7851;
492193.400;534366.147;534367.661;-433.5226;-57.1724;-57.2150;
316614.633;232524.527;232526.441;-119.9505;49.4425;49.4614;
473209.741;540550.175;540548.771;-474.2905;-819.4176;-819.2182;
530080.634;538307.144;538295.048;-66.8240;12.5324;12.5197;
525315.375;541514.130;541521.410;846.2952;-321.8027;-321.8477;
483346.033;529614.681;529617.797;747.3129;17.0414;17.0860;
127838.288;477653.361;477640.660;-156.9194;-162.3558;-162.3590;
535014.242;469449.655;469452.306;220.3713;-114.4889;-114.6017;
476010.975;526300.976;526304.100;609.0141;-104.3802;-104.2785;
527223.538;560163.583;560158.361;-217.5768;24.8771;24.8373;
335587.206;743275.695;743276.978;90.9978;209.8267;209.8505;
540062.401;539679.066;539677.721;518.2449;93.5519;93.3513;
261236.473;516450.980;516453.217;-216.1427;-47.1040;-47.1009;
501382.962;522122.807;522123.117;-868.7664;266.2789;266.5350;
467532.767;538679.858;538682.446;249.0409;629.6708;629.6053;
487003.015;526892.963;526896.840;-283.9349;118.9603;118.9961;
461892.340;533111.443;533114.046;-905.0091;226.7809;226.7481;
223226.845;566294.251;566291.702;-383.6020;64.0019;63.9763;
929679.264;489973.645;489948.213;-156.6338;-53.4120;-53.4317;
499104.038;544865.709;544872.464;955.9560;228.1019;227.8972;
515253.136;545352.320;545348.901;-127.4554;108.7152;108.6373;
488802.441;518290.418;518294.063;-525.1454;-77.3067;-77.2774;
446952.996;502424.898;502429.169;130.2229;-18.1557;-18.1620;
464199.268;513072.162;513075.965;297.8525;-329.6936;-329.6905;
437000.575;563962.499;563954.835;-394.3583;497.5727;497.3424;
202217.595;121127.612;121114.144;-297.1323;-105.7263;-105.7305;
415078.543;520506.393;520514.273;-273.2662;-335.9266;-335.9437;
890891.386;515723.828;515709.995;-142.3008;19.2814;19.2846;
483993.549;446035.458;446041.063;-330.7406;144.3781;144.3427;
478767.307;508457.007;508461.025;-484.8323;-323.0539;-323.0547;
498946.023;515299.489;515305.274;377.7049;611.5354;611.4070;
546025.104;547926.864;547932.922;-496.1318;514.7362;514.7645;
525802.297;526962.250;526957.583;-505.7459;222.5248;222.7143;
456611.043;528429.337;528432.378;124.2080;-346.6750;-346.7425;
447144.341;539106.330;539111.331;-682.1452;-307.4134;-307.3834;
439904.502;518597.673;518606.018;-356.1057;-195.6314;-195.6294;
471138.994;531199.446;531202.130;-151.3807;-107.4370;-107.5844;
474024.945;526620.574;526623.965;919.2656;600.6950;600.8997;
474516.249;517275.782;517280.845;-679.4197;-212.2788;-212.3506;
