# This file was created for the Modelling and Simulation course, RUG (September-November 2019).
#
# Project: Simulate colliding galaxies, using Barnes-Hut algorithm.
#
# Students:
#     Stefan Evanghelides (s2895323)
#     Hidde Folkertsma (s2759799)
#
#     X         Y         Z         DX        DY        DZ
510979.758;560278.482;559894.307;-32.8550;-276.7943;-271.1385;
462915.107;545939.250;540839.723;-459.7714;-66.6427;-64.4938;
666377.395;445201.916;448089.684;-268.0523;-136.1671;-125.9466;
497934.898;539804.589;537197.371;-162.7642;449.6593;424.7456;
485719.402;511211.952;507766.603;178.2405;-49.3094;-50.1378;
649065.006;598724.542;597505.635;220.4704;-241.7755;-232.0390;
592585.930;943766.822;959548.406;-16.3920;8.8291;16.5214;
577315.346;662301.120;676700.650;-76.8737;346.8236;350.8118;
489145.184;576695.622;576417.623;-12.1364;-713.5293;-606.2404;
487626.033;512038.323;510816.297;937.1133;138.0359;141.3405;
508841.358;539421.674;536430.803;-622.4405;-182.4392;-257.1089;
631503.072;701920.346;702679.364;-94.4638;116.5777;114.7163;
493850.991;545010.823;541396.963;-171.4760;9.3892;-63.0983;
550025.224;537693.966;537070.496;-262.1366;-187.7708;-188.7286;
357069.025;397499.828;382450.091;-148.1028;-118.7493;-132.7172;
417487.277;531054.153;521332.016;-257.2187;-43.5272;-80.4187;
492166.567;554572.847;551462.768;509.7982;70.2229;118.8008;
451986.459;539833.110;531766.787;-876.6109;253.4699;318.4646;
571680.342;533267.116;536060.898;304.6189;-24.0605;7.9065;
510616.956;520859.909;521308.086;-561.6602;365.2753;311.2253;
496212.967;548768.322;546113.602;950.4092;203.2880;156.1378;
488101.990;545724.510;543040.257;684.8340;-283.4335;-320.1022;
467109.863;538680.774;536063.625;148.5861;-534.3391;-517.9931;
482817.828;552608.107;549831.945;-518.4411;272.1032;275.3813;
486396.089;548990.381;544895.459;81.5163;-30.0369;-17.5295;
857400.851;159020.388;158888.398;-45.5241;33.5414;33.2758;
421894.343;471749.599;466365.448;201.5477;178.1983;230.5313;
472825.681;557203.366;555562.086;495.0334;-230.3028;-269.3580;
509876.577;531218.799;527793.574;-215.0723;-224.2927;-256.8803;
667671.038;516201.716;515607.783;-438.1723;43.4401;42.3814;
486760.901;554663.204;552279.352;-201.6522;-895.2615;-912.2510;
499399.651;450056.496;459996.271;188.1354;374.0577;373.5460;
528030.742;482492.266;485692.728;-68.3729;-37.8773;-7.7649;
518189.252;573468.152;572945.389;-189.8980;159.8564;190.6645;
445770.978;562844.498;556457.801;257.0257;82.6394;103.7543;
508781.969;552394.870;549870.592;566.5555;266.7612;292.4478;
602454.139;563818.058;564632.840;191.7457;-281.3160;-256.0618;
502099.384;559635.356;558221.129;-874.2007;-44.0341;-55.8816;
475862.257;551520.082;548208.897;715.2225;75.8715;127.1007;
488482.496;542774.824;538470.698;175.4819;-753.1412;-788.9212;
484540.552;540265.381;535461.503;-543.1740;-118.1010;-123.2431;
433249.317;529176.399;522656.075;-269.5118;-158.3713;-183.8873;
441088.792;598458.009;594549.174;-432.1796;439.3247;434.3515;
769163.019;415264.035;417134.679;230.9066;15.2286;12.1821;
748825.892;394056.396;390767.929;186.3045;-21.7161;-46.4015;
499299.838;545266.919;542817.616;790.1542;-179.1854;-176.8796;
492138.882;546878.048;544033.667;-1.0242;-662.4471;-659.7170;
509835.257;559808.954;558581.432;1240.7713;-262.0080;-181.2193;
674602.145;129915.189;124896.355;53.4008;-243.6620;-251.7901;
524463.664;566712.217;565169.328;499.3706;423.0922;499.4069;
481838.494;548011.448;544935.902;-32.3000;562.4773;583.4518;
506304.694;566629.085;566498.267;-878.7945;-116.7014;-201.1661;
472628.008;409973.387;424507.041;-292.9830;-270.2589;-249.0661;
362451.344;678701.063;670087.991;-156.6144;-41.7001;-52.1447;
582400.468;421718.379;429864.455;256.3698;-136.7314;-104.7548;
468362.800;536602.440;532659.741;314.8077;630.0512;670.2527;
243605.173;695620.533;694988.698;175.8559;29.7411;29.3309;
498702.867;530917.998;527766.536;-158.0171;-350.3902;-420.5887;
496240.242;550481.947;547908.207;841.9854;54.1887;41.3411;
488550.610;555786.168;553445.848;247.2370;467.8395;516.2670;
505373.792;539530.869;536183.780;-233.8334;334.1683;288.3023;
516747.821;542328.627;539576.947;643.2372;283.2805;277.5949;
520331.821;532835.972;530066.016;-528.5432;-74.5326;-125.5978;
469912.595;496147.161;497522.423;-212.0192;70.7128;37.6588;
572368.890;562162.429;566405.034;449.3102;-215.0112;-194.0917;
459471.749;561960.758;556733.011;676.4149;14.0553;56.0877;
426415.463;568525.753;553636.127;-506.7484;213.9005;83.7360;
636933.207;515340.797;520453.380;-142.8929;39.8321;54.3297;
479871.175;485780.736;482754.267;243.3679;143.1264;182.7729;
486162.870;524616.005;521124.529;-3.0355;520.6116;541.8489;
775682.432;438984.601;440826.074;262.0387;10.0449;9.8856;
479190.585;551691.780;548452.491;-464.8017;-379.5571;-389.4811;
507643.078;550256.214;546551.009;221.9716;441.4302;421.3253;
638512.257;505494.019;508164.957;-256.7351;260.5555;262.8514;
766852.752;378049.847;378018.035;257.5424;-69.5773;-47.9227;
505490.651;545968.989;543035.971;247.8615;75.4632;15.6456;
505518.853;551265.323;548911.060;-718.2134;19.7961;-17.3294;
462381.726;522235.061;516875.153;524.5864;-292.1589;-425.3245;
492318.840;547917.352;544795.047;-136.9827;777.9749;782.5536;
489091.841;550957.096;549304.255;-240.2310;-243.2082;-230.4312;
499328.214;541298.471;538113.144;-256.9156;269.7563;284.3843;
380041.472;433899.795;423024.554;-158.5078;-260.9176;-321.8850;
477800.377;542359.619;538221.877;828.3100;-437.8728;-403.4002;
467891.198;173805.850;158030.462;134.4409;-93.6512;-96.6764;
502100.713;546956.999;545004.451;73.0247;-719.6288;-765.4213;
770895.730;582861.877;581751.192;-30.5402;-64.0621;-63.3745;
914385.687;585611.471;583636.749;-98.9957;-71.9412;-72.7469;
537511.793;513127.282;521730.458;-387.8351;296.1257;243.5063;
429335.682;560379.166;552170.145;-48.1578;-530.4479;-474.2387;
442663.888;470847.134;469919.225;-410.0079;-16.2861;-60.2788;
445870.432;500235.266;495103.492;-211.1080;249.1618;225.5751;
856096.673;605230.079;607183.402;175.4153;-64.8956;-67.6993;
489655.798;552177.704;549340.460;-977.3835;-84.8996;-102.0247;
408222.919;572652.700;568691.950;62.5718;-29.6576;16.1678;
482852.798;559702.381;557132.919;-227.4790;-60.4388;-12.1000;
511036.285;534009.247;531625.049;-347.5640;-470.7230;-485.6170;
461988.116;369174.415;375866.143;-184.3427;-22.5465;-23.9938;
875890.724;696496.973;693639.162;-87.0907;-64.2955;-64.4087;
478615.518;546820.789;544078.198;664.5978;-465.0845;-462.4003;
479633.127;547438.438;544492.070;836.8072;241.5976;273.0561;
500468.384;550489.242;549534.660;-1218.0421;-525.5795;-523.8568;
516571.348;565750.370;565357.670;-200.8784;-85.6923;-70.7854;
515332.731;584292.707;584972.489;398.0022;-86.8920;-44.9489;
508441.463;550641.825;548961.669;365.5792;-114.0606;-103.3380;
453798.149;285986.951;282885.763;23.6796;74.0669;71.6612;
485697.235;550821.675;547767.546;-1182.1349;220.1015;59.9541;
472457.649;419580.297;431794.357;-104.5767;-109.7026;-67.3059;
945438.020;334293.255;321479.818;69.5747;-65.3227;-31.0269;
327441.505;538046.257;532283.941;184.0944;189.4572;187.8834;
456904.082;552084.391;548043.599;6.6608;451.1125;478.8595;
488653.199;525296.619;521909.329;139.6441;169.0609;178.7134;
457805.370;548924.849;544547.571;-0.3390;227.0059;217.3501;
530032.825;574827.270;578009.438;-333.1851;302.8340;245.1221;
501802.319;437856.873;446844.866;-136.1382;-338.0807;-289.0224;
469165.245;490649.624;492524.093;103.1028;299.5373;318.6412;
491410.789;552621.892;549880.992;-204.3157;605.5421;609.4190;
577152.030;550964.077;552897.367;578.9543;-196.1600;-137.1003;
495705.307;545374.328;542098.724;162.1315;-121.8691;-158.2160;
505778.547;556915.815;554585.609;-108.2459;-243.2684;-234.2168;
560122.834;519308.880;532468.260;-430.5858;245.7623;151.4409;
490345.808;546794.322;543591.421;528.3922;384.9096;415.0870;
502138.242;572387.651;572989.272;-588.9276;-76.2722;-167.9507;
505311.010;536888.319;533329.007;-952.2681;-346.1976;-360.6815;
817895.496;428815.029;421564.891;-62.2791;-48.4440;-46.5393;
547545.337;590997.503;587632.755;624.9824;-287.9318;-432.1808;
469218.012;553511.892;550798.992;598.2480;324.1760;310.9897;
557500.626;559004.741;560190.084;714.9654;368.2351;536.4110;
565689.468;548489.570;553473.789;-207.1396;238.2394;195.9244;
476700.005;544791.390;541600.922;429.5981;313.3945;364.5335;
461852.924;555003.466;550486.001;-622.6085;-242.0024;-112.3863;
550164.646;554265.434;560785.452;-346.2771;103.5587;104.9417;
620198.398;510977.682;523603.086;-41.4988;103.0334;24.6439;
426840.459;536505.180;530178.092;189.9436;-309.7705;-312.7693;
501867.432;558899.890;556733.844;-379.5307;-50.7102;-29.2117;
500847.188;557350.783;555277.361;-66.4754;43.2170;23.5518;
488136.543;533976.045;530098.950;178.9024;-203.7805;-214.9184;
501102.417;553790.765;551441.765;891.5812;-269.7006;-239.9570;
465072.024;539628.966;536919.641;44.4041;38.8084;26.8194;
487056.441;511769.781;508712.709;521.6390;-51.6568;-55.4244;
462183.281;561702.383;557253.759;150.8494;733.7687;807.0807;
534042.587;559342.395;558165.401;736.6020;-35.5153;-57.7631;
411881.255;378077.392;365045.142;103.5270;-289.2572;-320.6186;
500093.173;549403.391;546456.298;-1.8203;978.4806;1000.1993;
387700.289;553409.077;546292.802;211.1520;-23.7791;30.8005;
506063.685;552343.956;549562.103;-56.7398;-64.1375;-49.3601;
444189.226;527522.774;520848.594;-117.7486;97.7762;68.8964;
434032.284;551572.648;543218.474;474.3521;75.1322;113.9709;
465996.338;542465.059;537475.074;-76.5906;-68.8630;-56.2525;
