# This file was created for the Modelling and Simulation course, RUG (September-November 2019).
#
# Project: Simulate colliding galaxies, using Barnes-Hut algorithm.
#
# Students:
#     Stefan Evanghelides (s2895323)
#     Hidde Folkertsma (s2759799)
#
#     X         Y         Z         DX        DY        DZ
479160.974;551645.841;551579.032;-136.4202;59.3201;59.3621;
456946.115;551626.377;551638.236;-203.5846;-115.6884;-114.1201;
770810.469;815375.056;815352.875;65.9248;-79.4220;-79.4413;
346462.264;870837.721;871573.319;-103.7587;250.9229;251.4040;
468648.101;541788.888;541847.161;597.9425;256.6548;255.3431;
476572.182;561624.598;561616.942;-346.5821;346.3207;344.9084;
379395.230;607792.132;607471.870;-404.9249;-53.8002;-55.0219;
599226.747;601954.373;602485.620;245.0239;-284.9493;-285.0041;
362320.222;496290.861;495939.129;149.6427;-91.9802;-87.5093;
560264.146;540518.812;540430.941;511.0629;396.9092;395.8986;
529881.697;535432.063;535590.484;-980.1666;387.3604;379.9667;
360797.237;498528.582;498796.172;410.8810;251.6558;244.0713;
489508.873;526485.123;526458.977;40.7032;13.7102;16.7801;
511847.756;556501.976;556013.762;631.0066;-130.5315;-136.3999;
109663.939;569969.625;569663.339;45.2747;-175.0824;-175.5905;
466585.206;535106.912;535008.104;-925.4906;-229.4426;-225.7435;
508346.165;525812.824;525594.893;234.4864;-244.3495;-248.9011;
484459.857;577222.001;576890.539;-67.6985;383.2276;375.9711;
415254.464;516079.554;516368.160;-818.2320;-290.2677;-286.3102;
330759.178;551770.227;550099.664;243.1920;38.3407;39.3835;
484496.556;565319.804;565255.611;-221.4911;42.0991;47.8836;
319707.462;452611.991;451616.361;199.1788;-91.5604;-91.9649;
463429.367;554400.335;554358.766;-916.1352;551.5485;549.6464;
463831.370;548247.728;548080.322;541.5528;-397.1977;-397.4224;
437713.052;581933.288;581808.735;335.3977;171.9000;168.9300;
466340.991;542655.550;542591.351;-1034.5583;87.9008;93.1435;
480135.846;560818.858;560745.649;105.0769;-111.5325;-111.8093;
476884.043;559773.215;559620.191;134.1611;-182.1602;-187.1222;
471536.169;550069.478;549996.862;-444.1623;448.8989;446.2678;
476586.355;544720.937;544616.537;350.8284;-269.1811;-264.0773;
899852.009;151212.283;151236.624;14.4425;-25.1990;-25.2058;
439425.706;521243.825;521222.204;-103.3541;-762.6215;-776.4221;
463227.307;543728.600;543695.259;944.8433;573.0517;575.7862;
471521.235;550549.886;550534.952;922.5952;-0.7968;1.4371;
504192.340;541083.355;540710.320;1273.4845;-145.3506;-157.9493;
476519.974;556267.165;556197.593;904.8765;360.0012;359.6339;
225738.695;477643.381;476109.938;-39.1083;-98.5889;-97.7994;
475414.264;543339.900;543294.517;44.6433;240.7264;240.6097;
482078.357;467422.397;466613.786;-352.8137;20.6284;21.2909;
474154.599;549947.119;549889.683;-637.9599;329.9665;328.6883;
464330.333;547440.315;547417.263;769.1909;39.0996;38.8304;
180348.491;412934.849;412561.396;44.9505;66.1526;64.1867;
487092.317;549855.840;549677.139;174.2234;-295.7197;-298.4551;
550799.041;523180.304;522837.103;254.8093;-359.3336;-358.8806;
423544.266;641727.674;641564.555;176.0931;-294.2525;-294.9510;
489937.457;523093.321;523004.024;541.4499;-153.8612;-152.8272;
463540.915;527850.547;527837.138;-300.8076;-10.5428;-7.4012;
747919.149;231351.899;231360.532;-88.6028;113.7031;113.6692;
476394.919;552712.593;552627.735;318.8207;-838.7752;-844.2514;
777110.600;714631.172;713097.393;-117.0925;9.3884;8.7212;
354231.281;559093.035;559021.777;-4.4010;-96.5888;-98.1049;
485212.218;545168.909;545088.511;-602.4167;-7.9632;-1.7265;
477225.309;550296.129;550213.834;-236.6118;655.3939;654.2793;
448934.670;557468.678;557428.744;-882.1143;19.4549;30.1405;
319695.317;387633.964;387447.479;-270.6569;-45.7438;-45.8268;
452654.678;523030.834;522554.632;593.1552;379.7247;382.6269;
512137.566;534920.686;534813.121;792.6572;191.4114;192.5484;
478321.822;556261.407;556210.988;87.4959;-662.8041;-666.9142;
587604.433;466961.099;467461.155;-450.2437;155.3290;154.9795;
515217.254;551718.054;551707.619;-147.8637;96.9633;99.0878;
961311.162;653923.650;653615.291;-59.4386;19.8906;19.6969;
484339.147;551271.585;551166.551;-640.4120;-230.7912;-228.8171;
33279.745;507866.657;507666.236;-27.4570;85.1676;85.1046;
435374.152;568435.078;568358.477;-711.3952;-1.0459;-6.6205;
518834.731;490473.547;490005.928;331.5692;346.5382;349.9911;
462682.260;542720.001;542634.332;-483.7325;26.4570;24.7357;
80653.709;99018.138;98145.423;-43.8043;-110.1943;-110.3837;
494407.143;542054.212;541808.134;-1018.0554;-534.8037;-524.9388;
547808.356;480809.793;479466.966;-29.0102;-85.0427;-90.1810;
501290.719;549532.983;549448.517;-298.8441;60.5485;57.3706;
378711.535;591132.377;590658.281;437.0242;6.9539;5.9759;
470358.344;437049.125;435920.329;-55.4698;-343.9411;-350.9299;
429407.337;526504.015;526483.466;92.2632;19.2484;15.3630;
810260.288;504670.210;503380.548;65.2001;-37.3539;-39.1509;
492038.805;639577.204;639681.724;507.7796;-152.5490;-153.9284;
515222.532;560706.567;560350.763;-469.1820;-350.0563;-349.6679;
544374.519;433752.469;433144.014;176.5843;-71.3410;-71.9660;
450946.600;524449.155;524336.672;-629.8394;59.5110;62.1765;
517049.595;513955.600;513573.427;133.6262;183.6292;186.5028;
478637.788;562449.813;562321.702;-7.0494;-441.9954;-440.4581;
468910.517;527999.262;527872.921;95.2149;-446.4952;-443.0119;
461868.433;548940.320;548848.955;-281.5968;-831.1963;-828.9783;
756607.356;504418.740;503567.428;-133.6796;8.2148;8.8351;
540443.166;520108.647;520019.519;0.9573;-103.3581;-103.3789;
486026.544;562243.991;562143.673;147.8942;27.6750;28.6986;
489559.910;578052.621;578326.204;39.1538;822.7045;823.7354;
483724.258;547210.753;547069.283;201.5960;505.3035;500.6973;
472243.572;565480.538;565335.918;489.6629;102.4478;103.4525;
452477.965;547867.299;547846.653;-444.4695;162.1755;162.5946;
444246.950;576020.889;576013.341;-287.4338;107.6795;106.3675;
527330.463;565829.792;565866.962;481.6445;9.1351;9.6251;
578089.233;428625.837;427864.243;336.8717;-51.9063;-52.2876;
461725.513;545976.227;545956.705;-855.2765;24.2089;28.1105;
493959.606;636371.992;636520.037;249.5105;117.1107;117.9067;
582716.392;630099.951;630093.919;460.6719;114.7988;113.9724;
503593.565;564295.613;564377.799;860.9565;-159.8915;-166.7511;
540129.243;679521.338;679384.344;-318.9627;103.3562;103.4824;
500880.226;669179.940;669098.928;212.2683;28.1375;28.0553;
702005.314;606223.117;605866.705;-138.0625;-25.7013;-25.9628;
430871.178;535316.234;535208.937;331.5272;179.3591;179.3759;
573549.996;577193.736;577452.318;502.0976;-160.8581;-161.0890;
485313.030;553430.499;553277.859;290.1618;124.3481;122.6573;
887707.953;465133.521;465127.831;-27.3262;2.6066;2.6117;
455188.006;547893.580;547911.269;-631.6245;337.6633;343.8568;
455154.473;528764.830;528797.073;115.0943;-267.8592;-267.2170;
490966.322;516166.898;516077.480;-334.7887;-194.0254;-192.2718;
719408.468;663458.910;663392.382;256.1166;107.0589;105.2256;
486777.152;501945.671;501884.724;66.6970;-76.2904;-78.0942;
207576.247;976965.287;976729.630;-78.1711;58.0039;57.9374;
478772.274;549512.039;549450.441;406.0040;440.8023;440.3927;
479675.204;550541.960;550540.101;884.7446;-182.6429;-184.6998;
456419.763;525965.340;525945.326;305.5792;-163.8515;-163.8672;
479230.259;514870.465;514692.255;-52.0654;-16.4965;-20.1527;
471617.890;513843.040;513636.358;183.7491;40.4620;41.1838;
406250.644;252471.751;251914.361;6.8752;-47.0966;-47.5633;
432995.453;562418.929;562411.884;-117.0827;-82.0812;-82.2183;
503200.987;557178.169;557062.630;80.7717;254.9510;255.8300;
150527.328;414018.418;413139.111;-36.2278;-112.5308;-109.5491;
145380.562;408447.843;408232.646;-62.2253;199.5754;197.1387;
507196.166;552107.446;552012.326;-1.0977;-482.1418;-482.9400;
517315.324;509903.347;509360.396;592.9167;-22.0730;-28.8602;
494202.901;547812.099;547560.626;-350.0989;-198.6800;-196.3949;
433169.535;449800.089;450154.011;-492.3305;334.9835;327.1648;
481072.716;485603.534;485530.422;204.2070;-167.8010;-167.5825;
362606.633;479092.493;478826.920;-459.9402;-63.6670;-64.5682;
477570.321;557510.569;557350.553;546.1937;-743.3514;-748.2047;
457662.396;558577.854;558520.769;-29.5898;185.5087;183.7831;
563543.983;306389.119;305193.811;-63.2547;-105.6026;-106.3195;
495832.855;542563.312;542374.775;-916.7758;263.9079;266.2649;
490881.538;500741.559;500645.275;-230.4770;11.8570;5.9479;
350643.268;530423.437;530849.635;-142.8694;281.1024;281.4576;
474738.623;525691.384;525553.422;347.6544;202.9345;198.2348;
529613.429;575845.582;575832.021;-697.7015;485.7017;487.1705;
458245.913;529390.755;529409.662;-119.0758;323.4657;327.7160;
478002.766;523051.873;522995.753;-695.1994;-444.6655;-445.9599;
422393.641;441633.244;440441.002;-106.2079;-122.9959;-125.5339;
315955.377;647392.802;646589.752;304.9811;187.4299;188.7861;
467941.727;550496.084;550468.305;-215.8304;-129.3828;-126.7718;
442078.483;558736.493;558392.647;338.0554;-586.1574;-570.2681;
479096.290;522368.963;522632.597;138.1842;122.2268;127.1402;
446328.431;533069.853;533094.818;50.9787;328.9904;330.9103;
485207.566;544275.391;544188.842;1438.7895;196.0137;177.9753;
497166.054;575766.863;575524.099;-534.7280;88.6812;91.0143;
423257.812;535806.066;536166.549;-968.7333;57.1115;60.8213;
520257.927;567322.974;567215.780;-552.8985;64.3046;63.7330;
466978.990;521867.616;521767.761;-609.3769;-41.2833;-37.3857;
459216.243;547255.861;547201.788;-140.2966;842.4926;842.4197;
467455.577;542582.860;542429.274;-878.7220;612.7381;617.0674;
459723.229;543768.648;543767.374;184.7032;-630.2333;-632.0218;
467418.478;526760.245;526833.258;944.6847;436.8451;443.8613;
458229.549;587277.793;586833.008;-629.9638;100.9464;96.2750;
645044.790;688177.422;688481.466;258.5757;33.4244;33.7975;
462801.379;526291.073;526264.814;-196.6956;-440.1745;-437.5494;
462714.220;522039.591;522030.241;305.0530;-192.6746;-192.4353;
128693.110;582696.483;582409.438;55.3922;-24.7574;-25.1217;
481859.713;537414.026;537332.220;445.8836;-250.9311;-250.6398;
439447.738;484322.727;483855.020;534.4298;-296.2546;-304.3520;
481759.175;546214.758;546195.240;1008.8682;725.1667;730.7388;
288373.641;459960.768;459394.136;-373.3971;-211.6271;-212.5420;
465808.225;545695.324;545678.572;-500.5133;169.4487;172.1080;
466331.787;551336.275;551261.587;-272.7830;-93.8809;-89.1850;
432810.037;570861.839;570761.650;161.9129;-199.8588;-203.5231;
