# This file was created for the Modelling and Simulation course, RUG (September-November 2019).
#
# Project: Simulate colliding galaxies, using Barnes-Hut algorithm.
#
# Students:
#     Stefan Evanghelides (s2895323)
#     Hidde Folkertsma (s2759799)
#
#     X         Y         Z         DX        DY        DZ
468534.113;530675.926;530682.950;-65.5279;28.2431;28.2273;
441865.901;524115.678;524134.974;-107.1380;-779.1525;-779.5611;
539349.358;899340.968;899332.681;113.9151;12.4801;12.4791;
289827.410;328046.206;328050.998;90.8367;58.4119;58.3961;
461566.224;545937.404;545924.209;32.3236;173.6838;173.8677;
475907.628;543654.563;543672.016;-231.7732;410.5733;410.3707;
805954.485;822675.965;822575.035;-53.9804;189.7028;189.6295;
216250.787;543765.056;543781.970;-398.9858;21.5713;21.4943;
583523.153;366182.822;366202.012;212.6306;68.9900;69.1485;
407618.228;507052.795;507059.038;-544.4249;339.5859;339.3112;
525755.805;545330.856;545348.387;-776.0774;-249.2546;-248.8236;
449253.746;564542.182;564545.629;622.2473;-151.9531;-151.5936;
320953.319;593401.268;593349.687;-146.4850;-9.7371;-9.8848;
296440.103;364114.701;364052.326;41.5516;150.5012;150.4754;
507652.707;543382.940;543430.775;394.4786;197.6408;197.1884;
993385.702;499860.536;499673.837;221.2153;-140.6414;-140.9340;
459416.163;526468.053;526469.033;-871.6754;-376.2267;-376.0334;
413047.397;241116.876;241089.097;136.5424;164.2778;164.2632;
520421.819;703853.818;703828.423;-36.9377;-41.8467;-41.8371;
446415.685;520546.121;520541.491;-552.0400;224.0908;224.2429;
486022.025;538620.649;538632.823;388.8239;-101.9053;-102.1681;
502170.741;574524.046;574527.449;-27.6164;18.4098;18.0054;
480800.501;529143.273;529141.482;-1343.9102;-22.8119;-22.7600;
495118.919;533618.015;533628.090;679.0916;-14.7500;-14.6832;
385575.139;373872.567;373827.389;147.3547;0.8082;0.7678;
448376.572;533056.727;533062.944;-165.3822;-266.9518;-267.3616;
434183.253;518376.345;518346.412;503.7757;240.1948;240.7836;
445675.563;539543.803;539543.223;309.9640;80.6003;80.4928;
477889.736;531179.530;531178.017;-729.7433;-230.8104;-229.9911;
483553.740;530762.583;530769.451;699.2101;553.7406;554.1767;
457512.857;537807.590;537804.264;-105.7506;-216.3923;-216.2355;
488057.222;524745.157;524749.950;840.6510;220.6213;220.9050;
451544.540;518712.365;518698.254;427.0490;150.1768;149.9298;
763997.330;273811.633;273832.287;105.6870;-81.0816;-81.0725;
292082.546;402639.314;402635.411;206.1607;29.6621;29.5829;
513225.522;519378.942;519333.340;-255.4734;248.1946;248.0051;
475897.751;573705.411;573720.393;-254.2414;8.7051;8.5659;
305112.250;373699.875;373634.798;20.2567;22.8089;22.9217;
469348.178;527430.687;527426.518;142.1314;334.8470;334.9748;
937634.534;556183.717;556373.881;50.1201;-62.7004;-62.1669;
345059.910;395043.824;395020.687;-133.3439;63.9548;63.9201;
392907.682;546039.042;545984.616;-40.5641;230.5546;230.0768;
462212.462;425396.800;425402.411;-118.3543;64.5340;64.5226;
733839.107;959224.878;959174.116;-35.9054;162.1283;162.1054;
446389.743;511838.910;511827.462;651.3165;546.1417;546.6784;
731266.246;692837.074;692802.064;-114.6789;-13.5116;-13.4104;
480781.777;531464.765;531468.995;692.0840;-37.1034;-36.9050;
438683.603;543484.543;543484.051;-136.9002;604.8215;605.1506;
507220.361;395070.917;395043.093;10.3514;-222.8893;-222.9957;
447916.971;555274.550;555275.588;-729.5430;-105.2757;-104.7254;
435970.469;532667.929;532671.100;-416.3040;216.6611;216.0347;
690606.483;862577.792;862513.850;92.5369;188.2465;188.1806;
782291.166;204004.835;204021.827;62.9548;-93.2876;-93.2778;
501423.709;540695.308;540718.781;815.1317;424.6789;425.1420;
972378.532;535351.455;535246.718;97.2958;-12.3703;-12.6163;
831656.138;573432.827;573407.133;75.8529;101.8531;101.8437;
497572.084;562695.545;562687.555;-623.2648;77.1106;77.1963;
439643.026;527300.638;527316.786;-169.5000;-559.5361;-560.5551;
459909.896;552218.308;552248.886;-100.3190;85.8095;86.1295;
451083.786;531887.924;531889.945;1281.9281;-390.7477;-390.5524;
473000.849;517244.089;517241.850;440.9537;280.2819;280.3831;
483386.483;520145.772;520146.426;-360.7553;-258.2487;-258.5888;
596452.163;631919.508;631879.927;16.6504;262.7699;263.1303;
491363.010;528048.688;528062.098;401.7586;85.5385;85.2766;
657180.515;553242.241;553104.622;373.6364;-108.4744;-108.7583;
458364.594;543553.540;543569.917;840.8203;-125.2870;-124.2595;
854202.467;571199.165;571165.303;183.7585;45.6783;45.6628;
477032.920;511354.269;511334.626;-619.1886;492.3925;492.9084;
329961.218;361944.752;361921.639;-214.9356;-25.3162;-25.3905;
315939.597;563256.195;563291.063;-504.9838;144.7991;144.8618;
526501.405;449084.205;449066.852;406.6000;-227.9127;-228.0235;
515811.917;535956.057;535917.890;-724.8144;-115.4190;-114.6470;
394855.120;490954.131;490935.851;549.5405;-26.2155;-26.1873;
503980.716;529272.760;529239.079;-858.2153;140.8967;142.8833;
640755.668;545393.493;545362.034;-485.8750;30.2113;29.9303;
395912.424;477610.757;477553.574;441.6876;272.4083;273.3134;
348786.288;547720.991;547747.277;235.3433;-32.4370;-32.4397;
479898.868;521301.952;521301.902;-1117.2671;200.2370;201.4633;
454415.853;509402.201;509403.699;-531.5510;560.8142;561.1662;
480127.565;528228.255;528228.390;-542.3305;-523.5703;-523.9917;
326103.494;542185.076;542202.207;159.7833;18.6925;18.5128;
453907.732;537168.647;537185.540;-806.3484;199.4140;199.7454;
579510.442;470263.363;470237.183;-417.0399;-120.4829;-120.2798;
474538.148;542983.834;542997.542;155.4692;-132.9478;-132.9428;
657021.686;588667.622;588622.480;719.5161;160.7394;160.2734;
673928.816;622698.441;622612.162;53.5200;93.2702;93.1944;
567441.298;469877.287;469827.852;124.7016;424.8329;424.7715;
490967.385;535588.971;535592.579;137.5559;-52.5903;-52.1807;
400020.895;476611.608;476557.343;261.6025;337.7101;336.9972;
475411.659;548698.383;548725.499;722.9216;579.0208;579.7411;
461130.566;526374.002;526375.084;-102.7249;127.3823;126.8509;
464532.105;519108.137;519108.062;-342.8584;290.9815;290.6001;
464301.438;523828.278;523828.251;190.0309;-548.9737;-549.5378;
553931.515;623845.693;623859.145;-86.6299;-16.8525;-16.3304;
84012.075;645100.533;645094.256;-355.1000;139.4381;139.4101;
492463.812;539372.187;539368.062;566.0263;-154.2000;-153.4842;
481677.432;525957.844;525958.008;246.7981;87.1497;87.1363;
444081.160;529950.653;529943.177;1018.7362;776.7551;777.9612;
446483.376;510468.521;510469.113;200.3865;432.4414;431.4801;
454918.180;506431.831;506452.392;-134.0652;-143.2412;-142.2415;
511376.424;541338.929;541335.204;83.9501;463.8346;462.5062;
482927.704;521576.151;521572.992;806.1291;196.9583;196.9030;
554583.219;501749.842;501723.978;-286.0072;-387.7793;-387.9332;
940949.007;701628.439;701464.875;284.1191;2.5137;2.2822;
850254.761;429254.051;429227.584;105.5170;94.2644;94.2483;
460884.334;525026.173;525025.970;1031.8319;-101.1780;-101.4101;
603767.451;564144.817;564095.035;162.4240;-104.1406;-104.5283;
668071.412;533536.733;533482.260;226.3975;-196.6025;-196.5362;
483821.026;528489.872;528490.921;-203.6579;-371.2225;-371.8209;
431509.738;621990.302;621967.500;-531.1374;-34.2503;-34.2938;
566696.956;632621.483;632624.243;180.0737;-146.9063;-146.8798;
412674.806;510805.408;510805.732;-540.5991;-156.6410;-157.2190;
483149.115;617456.495;617302.251;96.2695;255.4180;255.4287;
555317.097;450803.816;450760.590;34.1448;-267.0407;-267.2060;
481795.379;530290.353;530295.551;1027.7228;-326.4860;-326.3895;
732335.876;509215.986;509188.799;189.6784;-48.8685;-48.8654;
447950.658;532783.998;532798.939;-494.3409;-168.7275;-168.7582;
466500.763;512524.472;512527.960;-998.5603;236.8748;237.5634;
450593.529;540033.816;540043.083;-480.6403;283.3458;283.3240;
163454.406;354686.750;354681.244;-21.5279;-14.2094;-14.2219;
455478.256;597068.479;597039.556;26.6365;-214.1636;-214.1535;
477397.623;650403.256;650391.423;-165.7928;331.8181;331.6846;
440827.579;526001.077;525977.350;1050.6938;-570.4166;-570.3981;
441005.037;546004.382;546014.668;-463.6388;838.1147;838.4185;
500938.693;534901.203;534896.981;-249.4517;-235.4648;-235.8216;
435150.066;568053.442;568046.510;194.7790;-150.9666;-151.1800;
455941.929;521852.435;521851.930;-515.0797;160.3951;160.4895;
531853.137;604987.771;604972.231;-239.1979;-141.4531;-141.3289;
428032.579;559666.049;559658.356;269.2138;-277.9572;-278.2297;
456315.356;533889.506;533895.609;-623.6475;464.3312;464.5413;
528269.605;567550.948;567534.741;-690.1065;-132.9629;-132.2467;
584812.327;471248.057;471216.849;46.5970;-351.5377;-351.6659;
380273.913;821528.071;821529.231;3.8465;155.1768;155.1701;
460895.074;530567.362;530568.181;538.9693;-172.7877;-173.0109;
438900.849;537691.263;537678.479;727.7685;373.4257;373.6632;
486135.913;521599.437;521599.278;361.9193;182.0409;182.4556;
612691.125;625331.517;625341.653;505.6862;-13.9922;-15.1844;
527428.804;567603.738;567598.774;-114.4440;290.4754;290.6158;
437114.165;524712.015;524701.308;-357.9849;303.6863;303.5907;
25073.278;168245.183;168250.505;-245.5472;-200.1602;-200.1533;
474420.006;521221.309;521222.733;598.8166;-639.1929;-639.2066;
440856.895;533280.560;533271.290;-713.7369;-424.8365;-423.6692;
234048.332;325405.080;325420.063;-39.4587;159.3488;159.3471;
460964.596;537793.004;537810.443;-912.7183;-646.2531;-646.1847;
415051.406;514699.382;514663.459;-99.0985;-479.4978;-479.8789;
467989.863;500360.206;500336.531;-865.5680;70.0866;69.9743;
472569.621;526168.893;526169.731;-182.8868;326.8628;326.6571;
103242.811;333327.748;333324.618;81.5264;-129.6013;-129.5864;
518080.266;560018.157;560021.601;-522.0184;-212.1246;-212.2392;
503343.595;523887.245;523898.543;-123.9092;-421.7527;-422.0471;
444154.230;530650.911;530653.044;313.8211;-499.3394;-500.0842;
473177.435;827217.216;827236.313;175.4418;-17.1428;-17.1326;
475592.689;526688.014;526688.155;252.7300;-379.4436;-379.4156;
578492.853;587045.933;587008.376;176.0173;-18.1990;-18.5369;
428809.793;542089.963;542052.945;237.0952;240.6018;240.2498;
489279.957;526928.059;526933.250;-133.4933;-227.3133;-227.8520;
523872.277;532363.600;532332.194;166.1414;22.6546;21.6065;
460148.888;520056.879;520050.600;168.4253;550.8742;551.4784;
611187.534;496738.337;496706.272;-655.5061;100.8718;100.9081;
492000.569;524320.715;524332.220;-18.2744;-38.4136;-38.8712;
463174.495;521739.523;521738.970;346.0438;-309.5090;-309.8568;
463978.995;536547.464;536545.787;-17.6996;-277.6753;-278.5862;
497453.046;526479.349;526456.693;-643.3762;17.0694;15.8993;
470423.912;536941.559;536943.544;-606.1151;59.3597;58.5443;
408544.922;522522.086;522504.815;-91.9167;-298.0179;-299.0492;
513545.995;599488.679;599507.538;-262.3039;143.2841;143.5308;
614349.591;552415.421;552381.943;-506.2737;80.7018;80.5380;
603330.397;601787.753;601745.146;257.0036;-69.2966;-69.5528;
461149.311;528111.828;528123.875;-249.5395;422.2283;422.0874;
471555.161;548873.804;548892.864;-668.0623;230.3850;230.4540;
404292.688;390573.557;390515.704;96.8072;-289.6972;-289.8070;
450785.793;533624.713;533621.847;714.2253;215.3145;216.0067;
469640.925;524833.302;524830.327;-357.2727;-467.1456;-467.7551;
465498.466;521007.845;520988.050;1097.3005;105.4705;105.3781;
491099.067;526246.693;526237.246;-634.6459;93.0817;94.1588;
454954.636;526280.672;526281.605;710.6791;-333.0249;-333.6343;
432344.459;529336.502;529336.968;-195.3383;-345.5974;-346.5110;
489480.585;535337.098;535335.145;44.8686;236.4519;236.3545;
