# This file was created for the Modelling and Simulation course, RUG (September-November 2019).
#
# Project: Simulate colliding galaxies, using Barnes-Hut algorithm.
#
# Students:
#     Stefan Evanghelides (s2895323)
#     Hidde Folkertsma (s2759799)
#
#     X         Y         Z         DX        DY        DZ
450184.519;555068.569;555130.639;56.7402;-12.7752;-15.1191;
457566.857;537078.684;537014.682;317.9928;392.1628;404.8823;
810322.713;733106.452;733032.516;27.4915;-117.6315;-117.8218;
476581.188;529258.150;529037.811;-1197.2150;-298.1986;-301.3298;
473309.937;530895.485;530637.618;-493.2374;665.0434;662.4860;
553659.873;585471.509;584975.747;19.5827;632.4056;629.9760;
452377.491;399742.456;397745.492;-354.9531;-33.6659;-35.7753;
589643.720;762783.876;761372.657;55.5343;260.6674;262.5721;
512325.911;500529.379;500363.402;549.6079;-29.1521;-32.1454;
194963.478;522893.529;521130.779;16.7415;-59.9897;-63.2351;
916071.533;591316.197;588060.777;409.7278;27.1910;21.5309;
481838.252;554979.138;554904.440;-68.2334;93.1687;93.5061;
465038.138;541681.370;541474.523;48.2320;-279.3143;-274.6578;
308828.406;449251.315;447771.866;385.7925;-102.9912;-105.0640;
89585.396;493606.760;492903.159;-329.2078;-28.6645;-31.8128;
458705.146;525198.764;525085.734;344.1827;-391.7317;-397.5062;
448117.493;565425.165;565306.883;-147.0549;-239.1794;-243.7033;
224448.642;465912.654;464874.582;131.1589;27.6719;31.1556;
419433.370;560472.806;561037.618;-477.5990;200.3608;231.5236;
474785.237;533990.250;533835.942;1065.9942;-321.0155;-331.3959;
537934.663;550251.780;550023.351;-200.8493;500.7441;505.6672;
468548.409;537659.529;537692.375;1567.6083;126.0333;134.0285;
465351.819;545530.305;545397.574;-85.7367;479.4415;490.7607;
652560.379;578932.877;575707.776;222.5872;-79.2662;-86.9443;
483734.645;549146.110;548846.821;483.2145;-304.6364;-305.7177;
454949.110;544276.857;544205.000;-4.0601;109.3349;120.1386;
469388.306;546673.187;546528.999;-525.9157;-217.9240;-214.6734;
421065.269;561742.933;562006.321;-169.1034;-243.0979;-243.8306;
476300.468;527655.345;527602.414;43.4242;223.2807;227.8818;
903932.858;137200.236;137213.172;-4.3166;-8.2212;-8.2430;
585021.463;421566.474;418833.472;58.0431;169.5559;173.2197;
472141.535;544552.902;544431.787;187.0271;-193.4386;-197.1915;
471343.982;524153.090;523948.366;-769.6225;-591.6795;-595.7173;
482378.176;511030.540;510098.049;-845.4481;445.3211;461.9517;
466932.854;540837.978;540777.458;95.1999;-358.3154;-360.4897;
395987.324;499138.321;499263.139;601.8999;326.1043;325.4741;
487754.563;534390.219;534123.766;504.8837;179.9778;184.3533;
460829.345;547231.198;547312.326;238.4864;-150.2455;-159.8707;
507783.084;557213.864;557223.917;-14.8555;-42.9137;-41.1914;
471287.367;533403.026;533195.411;-302.1647;529.6790;538.5795;
314362.996;532986.823;531169.125;404.3290;221.1298;221.9821;
467875.354;541474.318;541452.698;-772.1627;-470.6645;-472.9886;
470034.903;519374.569;517586.516;-1258.8284;291.3957;270.5056;
423360.379;596926.600;596382.681;-132.1794;-232.1730;-232.0020;
499345.047;539573.890;539207.549;-885.5684;-298.4143;-290.1290;
443802.892;519138.801;519191.662;-56.2607;-50.0569;-52.7750;
626837.698;377084.065;376964.516;-228.0024;262.1049;261.5822;
491600.360;531742.007;531402.665;540.8448;651.1657;652.2014;
645950.858;693471.959;692030.908;-196.4477;-64.6985;-63.8789;
570260.560;626780.342;624460.813;42.0911;105.4612;100.2249;
493950.913;540554.849;540663.600;363.8104;-898.6128;-897.0641;
482870.731;526706.795;526592.843;169.4640;32.0725;31.0442;
529550.633;569225.719;570048.168;805.7200;-129.5324;-147.9244;
186568.067;441136.938;441624.943;12.0068;129.7324;131.4056;
478637.509;542189.201;542487.886;-782.0442;-471.1684;-489.9070;
506605.059;544645.142;544605.265;382.5599;444.1572;431.5671;
450963.404;532433.660;532363.928;-236.1020;-554.3794;-562.0613;
520320.718;682167.793;681166.009;102.2000;-5.6209;-10.3570;
502245.144;561767.117;561352.498;-323.5032;452.2776;452.3019;
878354.052;663471.711;662995.464;-144.9205;0.6750;0.4031;
476824.418;515935.805;515586.472;364.9123;-134.4996;-135.1894;
39156.760;579557.244;579284.651;40.6746;81.0342;80.9069;
502093.385;535840.622;535579.000;-1064.2655;-72.4642;-74.7066;
527004.535;570688.181;570113.181;-309.1873;186.0631;189.9953;
458378.177;519951.743;519712.979;-519.2868;1.8023;-1.4235;
56358.195;21430.852;20419.683;-15.3091;-74.9577;-75.0997;
456629.862;535076.600;534751.948;-40.3784;200.2167;185.3842;
497545.463;523078.717;522962.257;148.2288;-172.5029;-194.7383;
479401.602;529823.605;529666.593;-216.3890;653.9743;640.2289;
510110.595;505004.116;505359.726;-398.2125;-246.9802;-241.9864;
429453.567;301004.973;296234.230;-33.1941;-56.0682;-58.3587;
464480.915;549100.595;548952.736;-610.3173;-283.3920;-277.6673;
823821.847;478148.774;475714.799;-20.8309;-27.5722;-27.4939;
338352.202;546866.258;546110.184;19.7025;341.8624;336.9099;
432806.098;572940.072;571876.629;289.2032;-299.1995;-287.0739;
644254.411;437068.598;436130.380;50.8767;60.6981;60.4678;
473126.951;559211.828;559066.951;273.4446;-285.1104;-290.1553;
485529.623;459465.080;459196.993;-89.2639;-67.2030;-68.4918;
482403.497;529693.770;529544.328;-373.2975;-104.0207;-105.0794;
476055.198;545636.785;545609.257;-447.7976;-131.2601;-133.2018;
457630.401;531955.712;531703.662;-207.8035;-974.9396;-976.3058;
377182.926;589202.078;589047.221;-368.1040;242.9492;242.6827;
411369.756;519732.753;519414.427;-158.3691;118.2840;103.5679;
478195.939;539705.307;539641.873;269.8377;-1.9795;3.6479;
378183.842;536517.244;534072.605;-209.1240;-291.3364;-299.3950;
472754.280;533085.420;532883.086;608.1011;223.9040;234.6248;
472011.562;524636.427;524540.677;18.8433;-858.9084;-860.9040;
461671.097;530862.784;530738.765;-284.7385;576.9567;581.0038;
447119.409;575700.407;574228.107;-58.1260;197.2662;195.3773;
441060.458;545622.723;544945.813;524.3269;628.5813;623.2224;
643088.504;520639.467;520337.565;-268.5075;210.0903;211.2459;
471397.857;536377.878;536256.077;1061.1044;-59.4909;-55.9078;
660490.811;666403.852;666320.232;142.9882;-11.2272;-12.1558;
838462.395;650657.895;649954.612;207.9888;-9.7983;-10.5679;
472251.771;491405.326;491795.194;-275.3612;57.5674;58.9271;
511894.550;494013.218;493874.350;772.3358;301.7878;303.0083;
565570.117;549421.684;548842.842;-271.9715;-329.7654;-331.6792;
352877.708;502931.507;503215.350;-467.4847;-188.7732;-190.5413;
481117.374;510093.253;510067.652;-570.8840;-599.9412;-604.4341;
640659.359;458058.805;457135.238;-141.2841;-76.1058;-78.3733;
501748.685;557088.259;557130.763;643.0543;-544.5025;-532.8052;
838115.654;473321.335;473149.974;-99.7281;20.4930;19.1093;
529678.373;545382.879;545393.141;-177.9658;259.4606;264.2313;
506308.463;533016.449;533056.509;-178.0725;-323.2419;-326.0840;
460680.028;582999.670;582168.358;410.3362;-103.5369;-103.4114;
863603.316;724462.615;722902.792;103.1341;41.0007;39.6022;
441984.202;544543.161;544537.006;-447.2116;-24.0717;-40.1672;
471317.430;529775.854;529672.268;164.6526;-774.9649;-761.6719;
501145.690;556598.723;556468.426;342.9342;454.6574;453.1269;
489166.561;530555.761;530490.558;-122.5637;-379.9973;-383.4714;
468774.453;536633.930;536534.101;-0.5468;474.1782;483.8988;
413510.244;535388.525;535037.125;-70.4941;-110.7133;-113.3240;
415110.294;227409.773;226465.590;14.3649;-12.3704;-12.8462;
442984.060;556453.537;556155.647;510.2826;280.1216;274.5858;
434685.334;550332.537;549927.661;486.5164;-135.3570;-125.8424;
291443.194;457488.469;456151.269;407.0250;263.9226;258.0079;
239282.042;560356.968;559262.404;323.4619;133.2510;138.7407;
497610.269;528022.889;527954.165;-172.6321;-134.7971;-133.5983;
439212.992;555763.434;555756.026;502.1345;-234.3091;-258.6129;
489504.496;548815.238;548493.863;-185.9954;-270.8297;-280.1247;
514484.187;768292.773;769406.248;326.6811;180.6933;184.0296;
426978.217;556150.925;556266.985;-573.2394;-67.6346;-73.5562;
551313.924;524959.921;525520.802;685.2696;-324.6338;-317.4847;
479968.016;538441.736;538356.450;1029.9704;-198.0627;-194.8012;
493446.570;528691.582;528694.165;540.4518;259.0794;262.5627;
496685.241;262662.258;261046.132;-91.3956;-0.2391;-0.6129;
474271.585;534108.905;534003.551;424.9377;-96.9240;-89.6692;
482003.504;533588.971;533460.984;466.0001;703.9695;676.2716;
481384.454;553983.661;553469.904;1302.8106;191.8817;179.2690;
459480.137;529333.685;529252.097;111.4141;-84.0680;-84.0624;
40972.412;498890.201;497611.778;-342.7139;-201.8993;-203.5666;
476028.191;526904.959;526732.522;-150.4533;-928.3788;-941.8489;
453889.213;532582.982;532492.240;286.2123;-276.2448;-270.3645;
483923.791;558159.999;557972.369;922.0627;238.7877;225.0349;
458699.844;480021.104;480652.007;-873.8356;22.0870;60.1712;
439949.541;536047.141;535769.532;-497.7890;143.6096;141.0631;
459395.222;527678.956;527774.383;846.5868;850.9037;852.6754;
481161.228;543800.151;543931.222;-426.4586;-76.0445;-76.0862;
454357.253;544013.520;543842.420;470.9836;164.0424;167.8541;
519447.965;517743.502;516666.054;-543.7922;90.7943;88.5303;
511355.136;566012.725;565960.722;-661.8805;153.0452;170.3660;
518057.078;516375.946;516535.336;601.8765;-525.4026;-524.4659;
474294.141;515607.992;515094.508;485.1094;497.6404;507.5321;
475032.617;524870.593;524716.529;-150.7281;-54.7134;-57.2521;
445527.593;542728.749;542573.244;-281.5873;89.2741;91.1733;
489616.140;558816.373;558883.969;-706.5021;-103.6571;-98.0618;
430718.184;577218.484;577722.753;-633.7901;235.3101;229.9484;
393305.679;524674.061;523347.769;104.6307;-169.8573;-178.3378;
402521.162;562902.888;562077.843;-9.1988;-420.2929;-427.3860;
820402.995;683112.510;683149.645;168.2708;-33.9898;-35.0155;
455847.851;548061.157;547765.398;326.8558;61.6051;54.5662;
498964.728;537933.442;537964.836;570.4552;-49.8587;-44.3937;
426130.898;517518.036;516482.927;1183.9358;68.3256;88.9989;
494240.731;544486.479;544809.904;-1300.7185;323.8396;341.8490;
509137.534;565690.557;565613.571;-813.2588;220.1715;242.6840;
448757.354;533689.713;533516.023;-395.6867;-393.2262;-405.0218;
20574.229;325680.602;326448.573;-275.8734;-126.6582;-123.3729;
457655.057;550790.110;550689.245;-38.5852;10.4725;15.4641;
483582.988;552018.532;552010.105;44.9677;405.7037;416.4073;
466953.688;539239.398;538798.860;-426.7863;237.3610;238.0281;
