# This file was created for the Modelling and Simulation course, RUG (September-November 2019).
#
# Project: Simulate colliding galaxies, using Barnes-Hut algorithm.
#
# Students:
#     Stefan Evanghelides (s2895323)
#     Hidde Folkertsma (s2759799)
#
#     X         Y         Z         DX        DY        DZ
464530.990;548717.126;548492.202;2.9570;-0.8400;-3.7687;
482873.488;552468.100;552280.533;-12.2303;285.3543;288.5896;
796102.813;775569.693;775533.813;45.6756;-97.8752;-97.9210;
300639.905;981237.366;982181.581;-100.4151;240.7598;241.2073;
491605.306;553262.556;553004.881;151.8382;149.9401;152.6263;
482507.985;533357.286;533291.096;-188.3937;-347.6594;-341.6576;
348224.795;513810.155;513613.386;261.1774;-238.4477;-236.8738;
584891.528;456190.267;455432.240;-265.6513;-252.8977;-256.6632;
551756.331;634349.741;632557.580;193.4926;435.7269;432.1244;
537473.450;639701.538;639356.220;-333.0217;-4.1847;-5.8733;
237310.738;549396.054;548406.409;-214.3040;-28.2376;-34.4125;
727390.206;579037.987;578221.961;571.6060;39.5395;32.8938;
496817.978;528056.529;528072.920;651.9021;-45.3875;-46.8229;
471531.918;538777.647;538650.441;117.0394;187.3339;176.1727;
175733.687;501482.481;500963.768;243.7997;-144.0049;-144.7658;
231537.468;506935.838;507223.119;-394.8851;-36.7576;-37.7032;
478789.627;561388.386;561043.483;-154.2976;278.9207;267.8902;
460357.088;552280.013;552304.693;-1051.0400;657.2884;666.4473;
234359.665;469691.204;468311.379;-209.4060;-24.3692;-28.8455;
579486.736;514662.230;513245.957;123.3809;-76.3703;-61.8041;
465265.906;549902.270;549700.608;1022.8695;77.1072;77.8417;
443642.286;444425.188;443504.207;331.4564;65.9582;66.1018;
526576.266;544973.460;544223.506;-773.9473;171.4454;176.0686;
482619.736;532234.262;532234.434;-265.1698;1.5004;9.5241;
443390.457;522575.213;522257.800;297.3420;549.1046;554.2824;
477912.772;563709.092;563424.506;1064.2462;329.3844;317.2865;
477786.777;550685.111;550593.856;-463.3771;299.6566;298.3506;
459419.034;553050.307;552924.085;-135.2626;-259.7128;-261.0169;
458118.557;565558.140;565450.732;-129.3346;548.6170;547.5956;
473359.651;562205.662;562056.385;-271.4388;-52.7051;-52.3558;
903976.957;141976.731;141996.617;4.1357;-15.9912;-16.0048;
530662.116;398631.064;395641.392;198.3757;-57.2191;-59.5011;
456620.211;541387.373;541361.327;-733.7651;40.5674;49.3834;
474096.469;555547.138;555351.334;377.7423;-331.9584;-333.4500;
387358.060;523692.755;523986.307;51.0671;44.9379;45.5182;
469738.513;542644.325;542574.268;352.5818;65.0734;62.2394;
267917.870;449888.939;449288.219;197.3936;14.7941;17.5034;
454817.243;551929.393;551671.997;315.4664;-409.3381;-408.9683;
521979.044;572514.165;571497.818;174.8485;-354.4847;-351.9882;
524589.925;544054.374;543791.169;-202.9162;71.7326;72.1862;
475278.524;541718.881;541647.198;103.7255;-553.2814;-553.1899;
219371.527;454565.250;453366.584;187.6402;128.8641;127.7036;
475493.069;541219.686;541177.348;-389.1715;-385.1706;-381.1393;
518519.029;599522.141;598336.508;515.7103;48.1546;35.0062;
494498.634;478185.823;477690.048;-13.6229;164.4069;163.3943;
528307.823;537943.702;537505.379;-303.0255;108.2281;107.1426;
456035.712;520714.368;520755.625;72.6147;74.2659;73.4264;
697213.041;294327.129;294305.824;-140.7037;170.0752;169.9596;
462267.961;546190.008;546275.732;104.9086;-959.2738;-951.3760;
715017.504;711415.907;709741.635;-156.6254;-28.0518;-27.7007;
488419.932;538220.561;538276.346;820.8089;377.5956;381.0000;
499083.901;570528.136;570236.848;245.2316;-99.1313;-96.8322;
468798.596;548588.892;548445.339;-591.6072;557.1772;551.6729;
493702.657;529955.979;529903.375;-375.0128;-896.1596;-879.1266;
224822.055;401787.251;401506.077;-163.0359;103.2700;102.9752;
444265.358;550801.994;550579.544;-416.0824;-520.4788;-539.0198;
497466.823;492359.677;491910.816;264.9427;133.8857;129.9437;
475492.556;543207.521;543225.990;92.2662;-381.7920;-379.0724;
472707.953;644753.976;645598.463;120.7242;228.3322;224.8293;
458339.157;552605.004;552498.555;-431.0408;-581.8183;-581.5244;
925916.092;660944.362;660550.628;-98.9104;11.1120;10.9253;
465265.357;548755.745;548672.501;-577.3545;-554.0044;-545.2581;
29183.183;546486.040;546253.403;9.2584;85.4865;85.4053;
436153.942;545656.992;545369.225;-1119.9664;-9.0300;-14.3761;
379936.249;539163.616;538952.787;59.5654;-367.2018;-363.5488;
498489.701;543507.760;543317.315;-244.8824;-407.4262;-402.1613;
64752.400;54015.643;53064.281;-27.4570;-90.3320;-90.4933;
469643.421;532594.158;532867.527;-266.3050;-162.7635;-160.4053;
487676.013;532218.965;532224.580;-119.1278;296.9292;316.1556;
481778.434;526380.362;526301.412;-50.0125;-695.2449;-684.7779;
428422.315;519965.545;519682.372;-131.4367;341.3135;345.9818;
445679.696;338659.457;335147.697;-48.3248;-138.8858;-142.9541;
457541.132;556561.350;556340.611;420.4800;349.5282;347.5680;
826750.730;489361.377;487334.757;11.0789;-30.7509;-32.2053;
497390.548;474214.410;473760.571;-669.0454;-176.3655;-177.6031;
550559.306;524410.504;523761.924;-154.6635;-99.3387;-105.4949;
610729.955;422429.690;421605.974;116.8191;12.0622;11.7094;
490671.959;554877.425;554621.047;380.0547;-298.6328;-295.3312;
444594.097;551535.117;551541.640;-678.0418;585.1512;576.4762;
491181.804;543122.672;543012.536;644.3683;-62.9506;-63.2922;
454338.092;556344.386;556321.645;29.8009;-303.7796;-303.6479;
531093.165;547406.748;546960.873;-272.0033;290.9342;287.7330;
646143.341;516093.249;515721.447;-398.3427;44.0322;46.5332;
493660.116;508331.149;508458.382;-126.8854;-185.1981;-188.0162;
473148.517;551449.242;551322.272;-1016.4887;321.9179;320.8874;
499779.122;504741.866;504483.462;571.1027;-384.7552;-400.9234;
452345.042;550050.448;550050.070;360.3983;-282.1919;-283.4677;
444959.488;549707.742;549672.218;185.2412;472.9944;471.3385;
467096.524;555252.555;555079.921;1044.5737;93.0536;89.5911;
401477.318;567422.341;566814.593;240.1161;-37.5753;-43.6504;
505143.751;532018.023;532076.091;-383.1279;-455.8947;-467.2720;
672089.037;450999.369;450314.169;85.1966;126.9788;127.5317;
448092.127;554176.456;554089.030;-324.5766;189.7011;186.0000;
595796.117;665063.319;665283.671;189.2740;23.8269;23.2718;
743253.381;651353.174;650969.715;282.0224;10.5844;9.7450;
420213.245;512407.202;512267.039;-504.6938;126.4136;118.3539;
386119.445;627820.007;627487.190;-264.2133;-320.5777;-322.1781;
579848.862;643627.294;643566.410;108.2568;-150.8069;-150.7048;
598764.172;582785.984;582400.760;-352.2363;-92.7348;-92.5142;
419350.919;552953.926;552767.552;-444.3570;413.1174;414.2407;
666001.687;503125.138;503098.649;18.7445;-141.5582;-143.5073;
484550.394;549864.340;549693.886;422.1032;-589.6623;-582.9163;
868449.899;467773.441;467756.060;-59.0185;9.4258;9.3429;
473053.158;549331.652;549307.209;107.3488;871.6419;860.6444;
485611.555;552186.407;552057.218;-325.2201;70.1145;76.3816;
467274.881;514990.262;515066.478;-622.5678;-59.0467;-55.1080;
811919.082;702581.098;701671.473;160.9387;69.9795;68.1390;
465142.997;546639.250;546545.545;774.8687;-538.3577;-527.7233;
174686.833;999424.238;999160.096;-68.0045;42.1864;42.1272;
469832.239;554449.908;554292.190;1246.8728;331.5436;317.5907;
472785.749;567856.642;567406.868;-450.9984;545.2033;535.8794;
496619.261;550117.135;550009.129;272.8396;261.8260;262.7611;
457136.885;537074.382;536995.575;309.0426;46.7171;50.9190;
485897.033;535612.772;535626.859;469.1271;-135.0379;-138.0360;
410195.535;235519.662;234756.588;10.6383;-28.5543;-29.0053;
451989.894;534197.366;534250.632;-140.2763;573.1535;568.3914;
469392.433;562673.727;562459.141;-857.2620;375.2828;370.3621;
182587.622;398969.353;399379.757;179.2212;18.0393;17.0531;
154978.038;491069.337;489398.792;95.0886;191.9746;189.3336;
460084.104;552715.187;552630.762;-849.0113;-71.5526;-62.1971;
528204.969;553163.440;552979.327;-0.9498;30.3797;17.2612;
463970.944;538179.888;538045.220;-140.0561;-692.9670;-673.0943;
390401.967;665297.838;664910.855;271.0533;372.5513;376.5416;
544670.548;484900.331;483907.658;45.7061;139.9193;138.6844;
301871.845;508646.018;508943.130;108.0817;130.9864;132.3663;
482101.129;539695.116;539602.605;923.3421;165.6063;158.3183;
475018.577;561175.523;561053.557;-455.2080;-217.6006;-215.5290;
530688.822;272232.647;270775.718;-80.7336;-48.0240;-48.4881;
465820.100;553913.471;553642.437;1089.3039;7.1417;-0.2182;
485941.806;533734.128;533912.334;1183.4524;-154.3456;-136.5748;
492946.961;525995.067;526188.736;-481.2801;-729.6987;-742.2826;
462914.254;563477.445;563254.000;-4.9645;506.0795;502.9391;
206568.227;576077.972;575511.984;-525.2529;-166.0990;-167.9206;
498744.280;556755.947;556462.622;597.5565;-145.1188;-142.0471;
468793.661;526429.332;526380.828;127.3538;171.9534;176.6600;
401244.625;440899.706;439658.903;14.9466;110.7731;112.6565;
514710.020;643678.412;643932.878;492.0073;-296.8940;-294.0940;
462675.045;552677.536;552601.824;-418.8765;-293.3120;-291.8363;
535360.889;563531.999;562418.500;358.2341;323.1039;317.3035;
492580.925;539044.195;538685.863;554.0951;327.5685;323.6971;
490085.698;550060.193;549773.942;-304.7609;-652.4407;-645.5663;
405426.582;532208.303;532564.376;-315.8859;116.5483;123.1186;
498174.691;581550.435;581099.445;-506.5696;323.6204;326.7872;
311284.917;580833.741;580176.301;106.7687;48.1784;47.7741;
453927.423;540656.064;540447.133;1010.0155;-491.6433;-482.9271;
503708.975;547879.086;547712.358;33.9123;-359.4292;-355.7983;
460926.841;541803.918;541790.520;-51.0856;-207.8299;-207.2530;
462969.205;568079.218;567771.915;-157.5367;610.7872;612.7058;
486867.866;538741.220;538620.529;-676.9426;644.2831;640.3349;
547407.825;498340.304;497764.182;205.0862;80.6297;76.8211;
495613.218;511315.097;511282.402;634.3092;326.2598;317.5971;
747988.927;691899.157;692246.793;202.1678;-9.0948;-9.6015;
449120.603;546051.103;546156.998;554.6016;-90.0377;-93.4409;
488404.072;550027.777;549894.685;-111.0426;272.3806;271.1341;
198442.482;549437.569;548987.614;311.1924;-106.6137;-107.0270;
477311.750;537050.588;536985.559;-340.4728;781.8840;779.3635;
496354.051;586682.376;586795.225;-968.5024;117.4875;109.8796;
471210.108;543852.887;543897.205;240.5293;-430.8017;-428.5456;
135638.041;378867.303;378325.181;-312.5225;-145.8059;-142.4961;
475837.274;555698.883;555502.911;203.3795;-177.0115;-174.0985;
460335.678;551097.369;551046.448;-125.2543;-415.4268;-406.2822;
444247.886;556401.509;556591.655;-383.1868;149.6507;150.5241;
