# This file was created for the Modelling and Simulation course, RUG (September-November 2019).
#
# Project: Simulate colliding galaxies, using Barnes-Hut algorithm.
#
# Students:
#     Stefan Evanghelides (s2895323)
#     Hidde Folkertsma (s2759799)
#
#     X         Y         Z         DX        DY        DZ
464555.738;530065.735;530039.758;-346.0084;15.2927;15.1149;
465909.260;519396.139;519390.653;-520.6285;-674.4477;-677.1766;
660358.393;887135.959;887125.210;102.3239;-32.3569;-32.3613;
428005.661;459835.631;459785.614;166.8737;221.4095;221.2986;
439193.806;550886.108;550869.643;99.7924;280.1107;279.8447;
465024.252;529960.285;529949.465;-98.7048;-106.6229;-103.9834;
384431.887;586673.189;586761.301;-609.0250;-251.4713;-251.5255;
321137.023;495462.051;495354.591;-314.9356;222.5652;221.4659;
476417.783;538841.075;538830.320;1317.1082;-249.6266;-248.8965;
354416.743;517086.874;516815.454;262.9503;-79.4117;-79.2571;
501800.551;626362.591;626322.595;-417.3298;-216.0980;-216.1154;
622257.034;613804.633;613852.139;-127.5699;22.1699;21.1009;
467306.698;547856.083;547842.015;49.1066;33.3045;35.6519;
503256.227;512156.094;511994.367;-280.0827;-193.0267;-195.0726;
430876.227;615661.860;615771.094;-714.4285;204.0975;204.9499;
420754.410;470380.081;470194.442;-77.2687;-112.0586;-112.8380;
440756.115;548205.644;548223.216;951.6978;632.1703;631.4277;
458288.240;527898.892;527887.741;-897.3889;-319.4019;-320.3497;
331348.679;547355.238;547239.941;-318.0996;20.7004;20.2947;
589406.438;645957.152;645979.436;49.9579;49.4077;49.5601;
450496.757;539306.270;539280.080;807.2551;-623.7583;-625.3928;
541941.621;547083.382;547050.211;-203.6394;416.7573;417.1164;
473554.950;544291.219;544306.986;-507.2490;379.6252;380.0765;
421466.500;519607.522;519494.754;522.2495;39.1105;41.2710;
431935.641;524081.035;524076.402;-843.3082;102.7237;103.3414;
441309.317;537625.914;537598.863;304.3564;-244.3269;-246.0681;
454045.575;552325.884;552340.708;843.7690;127.6519;127.8240;
471630.320;547892.237;547887.980;594.1481;600.1788;602.5103;
463971.993;550425.758;550420.553;-50.0432;-450.1790;-450.2591;
453802.877;553775.430;553779.188;-165.6490;-575.5729;-578.1732;
854755.926;202188.132;202214.881;60.5023;-52.7291;-52.7270;
385897.181;630508.868;630567.114;-17.6108;-164.3887;-164.6388;
449708.717;551616.733;551638.264;680.2549;690.1948;694.7972;
449254.774;526578.203;526590.131;221.4676;-655.2382;-657.4618;
397912.252;512012.778;511926.206;-431.3926;-221.5575;-225.0757;
471878.759;549111.057;549131.846;618.9725;642.9802;644.6794;
823338.211;492885.233;493030.899;-310.3661;-20.1909;-21.5637;
470368.629;556683.929;556704.992;878.9046;23.2038;23.8874;
506070.458;516154.463;516166.448;-728.2080;-260.7606;-263.0703;
408960.570;550403.905;550391.517;-53.6966;97.7802;97.3357;
468074.421;550315.360;550317.730;-227.1986;404.9412;404.4921;
305870.987;477800.484;477622.976;-404.0491;-184.8187;-184.9902;
455081.461;549970.387;549987.773;-590.8037;-453.9129;-456.8127;
470471.221;555124.035;555104.101;-482.4311;-607.9806;-608.6895;
464047.161;413226.269;413205.891;26.9451;266.6230;266.2248;
457636.105;534645.440;534632.524;-192.5539;453.3246;454.9162;
470005.675;543444.152;543447.886;-311.3870;344.9680;345.3426;
806188.294;157311.264;157333.773;-12.2096;5.0982;5.0979;
455029.274;527585.018;527538.147;1134.4277;-12.0099;-12.3979;
861888.800;668913.247;668500.633;-16.2007;58.1666;57.1700;
484394.113;397951.210;397829.656;96.1617;11.6577;12.0960;
445849.920;539574.801;539513.259;862.7967;255.3037;255.7509;
449541.404;545169.647;545155.305;281.0758;748.8796;749.8354;
509299.931;553150.725;553284.763;216.1596;100.8897;101.4003;
429773.787;546204.339;546247.139;-450.0338;796.2505;797.8358;
442946.668;515834.961;515694.271;679.6044;291.7708;293.9545;
453880.375;518277.504;518235.171;918.7169;-581.5716;-581.0210;
473356.689;558845.055;558839.220;222.0623;21.8176;21.1582;
807554.419;439903.104;439808.128;4.4146;-62.5640;-62.3843;
451531.778;533852.502;533879.550;426.1497;145.5340;145.8339;
972601.383;614920.445;614867.620;43.1862;39.0052;38.8243;
457986.516;548659.596;548647.067;1132.9545;204.9221;204.7743;
132120.393;408223.895;408100.441;-127.7146;64.8231;64.7551;
31995.876;661365.596;661357.617;-137.3091;55.7224;55.6664;
831556.363;335946.130;336003.268;202.1999;-50.3246;-50.1924;
484698.118;509510.039;509315.907;-209.2609;245.3315;244.4973;
568567.538;546983.363;546947.740;-92.3862;289.3337;290.8944;
463323.265;551592.529;551612.776;-569.1048;-293.2796;-291.1895;
183635.708;288993.661;288462.056;-136.7416;-196.6423;-197.0349;
530596.002;646731.240;646817.482;375.9161;-85.8550;-86.5605;
378354.202;473356.114;473185.220;212.6880;309.8080;310.4864;
450709.677;548232.251;548209.019;568.1186;243.7360;244.8730;
441599.431;595290.292;595290.206;480.5801;-201.1573;-200.5910;
464871.240;546212.681;546194.946;-884.0844;-595.4932;-594.5981;
338851.334;466333.477;466266.792;50.8569;-37.3060;-36.6089;
575571.128;526863.349;526869.974;395.6049;-40.8189;-41.1340;
559434.189;492617.051;492476.281;-346.8783;-352.8244;-354.6713;
475339.016;530382.623;530369.108;29.4865;23.1307;23.3420;
628805.860;665878.114;665765.238;-144.7195;-18.1252;-17.9641;
146451.328;721257.011;721374.548;-367.1126;32.0412;32.0540;
416434.973;526781.197;526735.700;-378.0613;366.1683;367.1214;
989716.575;653998.204;653227.364;324.1122;49.0692;49.2061;
411761.216;554833.248;554801.360;439.9571;-333.3326;-334.3404;
454677.025;545807.499;545794.827;-275.0178;-263.9080;-267.3786;
473283.682;551966.850;551966.967;-73.6474;48.5175;48.1883;
467851.082;545978.800;545978.701;-305.4048;693.8755;694.6973;
601772.919;554833.934;555025.344;524.5149;-49.9113;-51.1466;
439842.472;551348.150;551387.031;-348.1003;855.7469;858.9960;
468025.087;555394.092;555399.265;32.6228;764.3288;764.4868;
457397.546;542232.792;542224.015;-126.7487;-1247.6572;-1250.1644;
459316.501;528555.988;528513.859;210.4369;-476.4743;-476.3495;
462444.769;520301.733;520296.771;-659.1530;-207.1172;-208.7092;
443910.020;539871.742;539821.266;-761.2117;89.7595;88.4728;
448903.719;533531.220;533504.646;-59.8264;-311.9833;-311.3092;
447340.518;497767.151;497679.471;-776.5464;431.2665;431.4545;
820497.694;566564.083;566510.457;-180.4930;115.5470;115.1658;
469092.753;546695.233;546678.795;314.2687;131.7414;131.8103;
581201.377;457210.171;457069.510;-162.8467;-42.2172;-41.9765;
667338.222;398959.945;398937.259;-151.4782;-43.3575;-43.3394;
415026.233;540561.184;540572.671;550.9078;60.4294;60.1789;
488961.366;674680.006;674671.609;-275.4207;136.5786;137.3191;
471966.643;606659.255;606723.494;393.8713;34.0069;34.7794;
660576.783;585771.444;585718.474;224.1440;56.2076;56.2270;
486414.406;543110.620;543101.049;670.9765;180.1203;180.4743;
477082.966;346023.491;345989.368;-149.3065;34.4176;34.4658;
467414.161;542972.447;542967.014;-557.4117;876.7558;876.9046;
866349.848;471542.050;471499.445;67.7909;-13.5752;-13.5320;
470972.270;539890.557;539862.457;61.0981;-387.5461;-389.7201;
474673.255;511782.819;511718.458;54.1177;-176.8706;-177.7177;
453281.087;532937.875;532892.544;-806.1809;108.6701;108.6599;
247992.822;388633.579;388551.934;184.2432;86.9301;86.7167;
424535.882;587387.874;587380.476;178.1359;-159.7515;-159.8464;
327986.340;864856.206;864717.687;-111.2876;124.5355;124.4462;
464140.488;534411.859;534432.855;-391.6843;357.8744;361.1961;
442982.408;551409.175;551428.146;499.5739;-391.4293;-388.0635;
437398.658;541009.156;540973.787;-142.7339;-90.0785;-89.1025;
444086.254;578708.875;578694.852;-395.0441;-185.9751;-185.7091;
470087.483;520120.036;520095.691;236.1720;236.6931;237.3816;
409190.590;357174.783;356999.074;-13.7990;-124.3864;-124.3597;
453303.518;566719.854;566625.341;-212.3943;-422.6235;-424.2106;
445334.948;537370.174;537380.239;295.0240;377.1289;377.0542;
628733.540;635544.279;635363.667;89.4895;3.4126;4.1277;
372944.440;308406.822;308339.495;-241.9110;-0.1070;-0.0816;
393878.186;970607.380;970600.541;16.6761;118.7017;118.6934;
495530.279;524141.282;524068.134;-441.9899;69.0478;69.3374;
430524.624;558700.721;558683.777;-67.5786;-851.5348;-851.7579;
445264.251;547586.870;547560.027;-13.8718;-468.7995;-469.7823;
817949.584;511523.561;510964.837;3.5161;-130.3531;-129.0399;
583618.229;545929.476;545818.108;163.2392;132.2847;132.2695;
443771.857;543096.049;543074.401;-794.3784;667.3180;668.0514;
443581.193;556552.194;556560.321;-556.3896;-103.7194;-104.4498;
469302.693;527207.132;527229.479;429.3964;-513.0864;-511.9347;
387316.427;571699.643;571641.470;638.2820;205.3995;205.2650;
485557.898;550877.979;550891.270;1081.7171;-16.5143;-14.6417;
479037.382;529758.414;529709.495;-24.2904;839.8158;842.9318;
544603.055;556791.186;556781.938;18.0948;-363.0333;-364.0033;
457953.706;565586.076;565620.802;42.1004;48.5394;48.6037;
294683.182;270462.075;270303.135;225.3363;32.2761;31.3438;
509846.960;533387.663;533410.929;447.0162;16.0752;14.0904;
460361.973;518570.089;518534.569;-277.6545;101.6865;98.3369;
437018.994;566144.537;566106.274;142.8089;-312.6103;-313.8118;
618480.177;637940.314;637922.598;4.6367;-443.1790;-444.2344;
465661.122;541815.048;541808.919;-501.3200;-353.7525;-355.4190;
539858.581;544790.652;544864.397;-511.2209;21.0790;23.3647;
431795.180;531872.458;531887.463;715.6088;126.6989;123.6875;
415823.933;510012.338;509940.405;-131.1702;91.9289;92.2790;
445570.200;540205.556;540201.715;726.7868;602.0009;604.1742;
443869.212;549284.205;549279.115;-1279.8499;-257.6524;-261.9970;
357883.649;651913.743;651919.742;238.1446;-131.8354;-131.9844;
429653.416;508458.872;508396.479;91.0223;170.6004;169.9124;
455985.632;546612.068;546601.026;-182.1846;-230.7172;-231.2433;
453967.549;548866.032;548860.283;343.4521;891.4788;894.2065;
455574.372;540826.120;540784.643;-170.3260;72.5580;73.6921;
436695.832;539535.913;539515.733;-175.3800;-433.2830;-435.1128;
437723.642;508926.075;508851.920;599.2277;-264.7399;-264.5365;
407677.292;546559.558;546620.926;-458.9720;-217.6173;-217.5226;
223579.711;216602.297;216377.934;-150.6457;-299.5561;-299.1358;
604843.650;490097.095;489939.875;-255.9059;-69.5552;-69.4094;
454184.279;555209.652;555245.189;592.4971;647.8998;649.6320;
459500.223;544494.249;544488.701;-261.6242;147.6483;146.7324;
465722.743;548293.037;548273.277;-1340.3585;1188.8289;1191.3518;
447752.425;547657.461;547646.009;242.3182;-806.6462;-808.8364;
392643.050;530133.170;530029.324;238.9056;-413.4965;-414.5407;
458926.739;548925.028;548902.898;-968.2025;396.2441;393.9280;
388930.068;598401.818;598378.083;-12.4778;-159.6004;-159.9359;
442930.866;538305.326;538263.000;-60.8524;-748.6796;-749.1864;
459671.096;538537.743;538499.289;237.8346;-258.2845;-257.1792;
481889.767;545293.601;545314.972;-339.3956;53.0462;52.2945;
