# This file was created for the Modelling and Simulation course, RUG (September-November 2019).
#
# Project: Simulate colliding galaxies, using Barnes-Hut algorithm.
#
# Students:
#     Stefan Evanghelides (s2895323)
#     Hidde Folkertsma (s2759799)
#
#     X         Y         Z         DX        DY        DZ
480615.944;546329.293;546239.270;90.2495;116.0245;116.6357;
495934.133;541733.306;541583.939;-111.9527;264.3403;262.3221;
766786.002;820072.401;820051.327;68.2448;-77.1249;-77.1424;
352708.160;855726.411;856432.973;-104.4593;252.8494;253.3362;
476853.449;548832.807;548724.013;-596.9580;-80.4314;-87.1664;
472293.305;531510.909;531343.535;363.6101;-7.5308;-9.5429;
406370.555;608701.485;608459.559;-497.0474;27.5458;26.1234;
582453.839;618141.205;618660.214;314.5583;-253.1915;-252.7046;
355671.963;502093.980;501560.381;70.5538;-103.9297;-102.9065;
517248.708;517810.313;517777.253;939.1808;277.6408;277.2983;
574606.994;514219.566;514544.905;-553.4199;310.0122;309.8500;
340486.084;484984.550;485600.768;267.7004;192.5960;188.7858;
463643.139;551680.087;551601.994;386.3210;-531.9595;-536.9185;
448193.689;542855.315;543042.465;592.0091;633.9654;638.5091;
108506.621;580892.205;580617.332;-15.9738;-188.7803;-189.3225;
509904.916;554612.325;554428.390;-437.6906;-315.2869;-315.6426;
460672.026;555855.964;555797.741;995.7048;-495.7908;-492.3872;
469368.651;525954.880;525979.989;507.9970;763.4410;771.8960;
486866.204;546794.684;546545.960;-1398.4600;-811.6778;-803.6328;
318759.249;549222.672;547538.748;158.6115;45.9683;45.5191;
469325.542;536167.770;536125.575;487.5291;640.1224;633.0125;
308364.628;458658.647;457698.024;177.6187;-111.5707;-112.3910;
499357.999;529206.069;529030.285;-0.8066;69.7974;73.1366;
452520.541;565025.391;565027.654;-104.8774;-128.7991;-132.7441;
431251.883;562066.576;562057.782;-162.3106;470.3047;469.3376;
486261.403;550749.162;550667.140;706.2775;-1.2958;-4.1595;
470171.991;539192.525;539116.311;-9.3129;534.2257;533.7431;
473567.718;535641.319;535534.106;-50.9282;528.9327;536.2800;
480538.337;537450.072;537319.639;286.8980;-212.5187;-209.7081;
470123.226;550443.454;550449.754;-381.4038;364.6676;363.5757;
898941.643;152762.144;152786.873;15.9352;-26.4871;-26.4933;
481232.782;567171.390;567194.755;-1181.3822;-448.6157;-431.5291;
443238.631;522235.629;522113.885;-87.4632;138.7230;138.7335;
467609.664;540264.349;540174.074;-905.3790;111.7796;108.2457;
426228.867;555948.769;556255.981;695.6227;-166.1593;-167.1938;
470148.526;530888.179;530791.151;-736.3104;-130.0079;-127.3817;
229282.654;483782.926;482212.398;-80.2115;-106.2162;-105.7790;
469253.520;538844.162;538743.237;67.5282;-113.2468;-111.8329;
502724.523;469766.731;468966.734;-331.0672;-106.2600;-107.3891;
496886.667;535144.495;535054.128;-87.8974;100.9580;103.1340;
478155.165;545150.482;545064.657;-742.9006;70.8162;70.2866;
177261.877;409285.393;409016.612;58.3925;54.2683;52.7997;
462012.721;545313.343;545275.251;-293.0551;530.6350;538.4146;
520944.212;544801.047;544645.226;838.6425;-333.7562;-339.1941;
413995.317;657518.458;657398.270;142.0394;-233.7791;-234.5118;
456904.226;551209.576;551131.355;-6.8945;-597.4398;-599.3795;
482633.872;537378.608;537196.197;-263.7462;-334.0197;-333.0075;
753075.088;224708.597;224719.116;-83.2110;107.6800;107.6510;
468703.437;556237.121;556176.542;-265.6177;754.8666;758.9137;
783976.636;713977.199;712484.465;-111.7295;12.4226;11.7222;
356114.414;564568.644;564578.326;-60.0292;-85.9712;-87.1877;
464901.627;550320.815;550327.102;585.0726;170.7231;165.4784;
469127.854;539820.318;539722.799;74.6707;-494.0314;-494.1866;
507803.901;538218.836;538192.368;-227.0062;344.5261;337.7697;
336501.917;391102.627;390920.808;-290.0048;-70.7754;-70.8488;
432026.285;515841.375;515788.384;134.6799;-88.2194;-98.6310;
447875.198;540561.421;540474.531;784.3091;-445.0236;-448.3060;
471324.037;549689.306;549590.724;-27.6959;896.1331;899.4446;
613041.732;458507.033;459011.619;-399.3778;127.6159;127.7441;
509041.132;546119.104;545909.564;389.6039;115.2784;118.2849;
964734.253;652698.839;652402.132;-54.5968;20.9515;20.7568;
474332.648;547518.196;547442.121;838.9829;473.5967;471.7457;
35065.176;502768.609;502571.913;-32.1246;84.7571;84.6959;
496732.729;544053.923;543965.364;-734.6212;905.0609;915.0952;
495932.138;474175.866;473532.101;419.7079;210.6046;213.2006;
487412.667;552551.946;552439.369;153.0351;21.5361;24.2374;
83353.777;105714.581;104853.367;-46.2533;-113.0805;-113.2745;
515241.304;574031.290;573795.964;92.4417;-369.7024;-375.6645;
545105.223;489345.905;488405.958;125.1857;-203.6850;-211.8819;
476335.316;545440.020;545314.613;1206.3332;111.5148;113.2811;
355133.544;589773.476;589370.383;351.7916;39.0413;37.7058;
473406.384;459561.791;458891.903;-50.0493;-410.5395;-418.8825;
444758.431;531387.968;531515.177;-640.7960;-195.3311;-193.3717;
806077.413;506934.323;505753.750;74.5870;-38.0971;-39.9377;
461603.416;646148.896;646327.788;503.4973;-67.6593;-68.7366;
529158.282;575415.325;575198.397;-44.1606;-137.3153;-141.0076;
533597.490;438512.246;437942.506;182.3963;-87.8053;-88.4704;
492800.566;537338.208;537207.869;-504.4814;-545.3888;-547.5939;
498899.574;510142.729;509744.069;466.5906;-86.8010;-89.5049;
474366.731;557399.025;557375.810;136.3344;686.5505;684.6760;
481946.597;566890.848;566906.804;-399.8571;-203.2116;-203.1442;
492122.328;567436.205;567381.305;-304.3468;254.8398;253.4931;
764015.302;504020.802;503133.740;-113.2328;5.0280;5.5990;
532668.108;533610.220;533497.933;363.5702;-320.2801;-319.7638;
466244.740;534642.243;534579.140;4.5540;492.2313;492.6270;
461511.366;517509.693;517069.354;563.1935;566.9834;566.7818;
461083.376;536943.795;536878.758;62.0111;-251.9067;-247.3761;
479964.593;529700.596;529634.053;-390.6940;285.2481;290.6947;
500174.438;545751.509;545600.725;81.1375;-48.2607;-48.9026;
477968.179;547388.523;547295.207;-869.7714;993.4463;995.7577;
474529.854;552486.753;552320.226;1329.9860;660.9443;663.1535;
556727.993;433004.716;432275.080;376.6509;-96.2735;-96.9776;
486146.863;548809.706;548699.776;512.5803;97.4516;94.1844;
478715.872;628952.717;629050.919;257.7800;131.8316;132.6920;
553940.285;622083.385;622128.627;498.5459;155.4436;154.5466;
444010.336;541412.777;541171.406;326.5049;785.3991;790.8881;
558353.277;671749.917;671606.784;-287.6216;155.9000;155.9762;
488050.504;666579.246;666503.904;216.3044;59.3674;59.2564;
709762.241;607645.605;607305.644;-120.4458;-21.7252;-22.0120;
431276.732;526276.066;526229.163;-369.9293;94.6465;93.8805;
539906.345;585335.254;585585.869;625.8526;-98.9232;-98.2437;
461573.326;540201.611;540181.142;-292.4675;109.8486;113.6750;
889231.257;465000.321;464994.214;-23.3870;1.8217;1.8307;
502172.107;542867.592;542680.943;-299.7559;-138.1053;-141.0990;
479201.914;553796.303;553670.160;-762.0084;-314.1901;-313.2051;
501224.429;536078.959;535898.277;79.1539;-483.8108;-483.1578;
703557.360;656804.457;656847.531;272.8265;115.1037;113.2851;
482846.931;512706.512;512721.652;59.8073;-312.0816;-312.4779;
212306.537;973418.120;973186.473;-79.5273;60.2796;60.2124;
466733.013;541712.321;541627.169;-648.7954;-251.0736;-251.0900;
468653.162;543791.686;543678.822;-963.5001;292.6860;289.3203;
464123.529;547945.756;547868.726;-817.9044;-431.4503;-429.4653;
477495.986;534626.467;534634.566;185.1139;-738.9534;-736.6887;
461764.762;516957.972;516763.006;134.6283;-147.0296;-147.9243;
405853.858;255375.030;254845.742;6.3395;-49.7334;-50.2034;
463194.676;560297.767;560225.772;-967.8344;301.2685;302.8967;
462847.138;538681.215;538605.517;905.3175;241.3304;238.9561;
153475.287;419835.292;418878.172;-69.1167;-88.1830;-87.7705;
150224.294;397767.102;397611.526;-93.3123;164.1155;163.7112;
485393.086;569667.618;569541.420;661.5673;24.4224;25.2208;
469339.055;525507.185;525586.660;945.4234;-745.5347;-753.6518;
481237.040;553386.923;553355.525;777.7973;181.1340;174.9677;
463080.053;432098.826;432800.809;-505.7209;251.1026;246.6089;
469124.924;498029.566;497936.568;192.2305;-252.7078;-252.2988;
392627.103;485737.105;485546.040;-550.1554;-160.2410;-161.7305;
456736.695;570616.177;570730.504;111.1804;228.1163;227.7314;
492657.075;536012.275;535858.698;-237.6573;28.8816;31.5566;
567236.346;312983.097;311832.039;-59.6905;-114.4142;-115.1736;
523606.661;534194.010;534024.818;-100.9627;40.5958;38.7720;
498769.331;515900.907;515973.596;55.6662;-568.3597;-567.2558;
363011.389;513776.890;514142.598;-272.3341;275.2318;277.1163;
463466.193;545128.072;545074.212;-495.8780;-784.1793;-776.6350;
557854.973;542584.128;542453.194;-269.3594;578.0692;580.1969;
479220.665;541427.705;541280.942;-311.6281;-802.2227;-807.5973;
475842.275;564351.808;564215.674;742.8411;-305.7602;-305.0157;
430081.749;450223.135;449273.414;-144.8854;-162.3017;-167.1143;
299111.291;635232.193;634355.005;255.2615;217.7606;218.8678;
483121.796;544887.906;544776.507;-2.3375;270.9640;268.4442;
447614.125;581333.043;580807.227;-368.2317;-116.2057;-123.9861;
467655.891;541167.879;540838.939;53.4992;-817.9663;-817.3940;
462197.910;524578.976;524430.795;-526.4592;-161.8949;-159.3116;
420249.525;541884.663;542053.844;558.5473;19.5777;24.0114;
503424.531;547958.662;547848.899;603.2582;783.2150;778.8185;
501809.011;540824.082;540464.269;-1160.0147;-358.4987;-345.9577;
539082.083;558626.139;558538.717;-76.5356;208.8346;208.9529;
499614.531;533314.050;533069.739;-393.8471;-346.2963;-346.0596;
489896.258;530988.455;530865.991;-204.8140;-455.8575;-453.9991;
482927.868;544322.571;544277.713;653.0061;-551.7641;-547.0598;
494773.038;557203.648;557039.547;-391.6986;453.7560;452.8782;
424422.579;518902.247;518537.782;469.6002;-100.7583;-96.4221;
495848.595;568170.706;568128.831;-519.2505;595.1973;587.3058;
629233.304;685906.679;686187.306;268.8198;42.6010;43.0095;
483847.196;564814.033;564725.315;-337.4597;-391.4928;-393.3930;
466509.424;550369.700;550258.132;-727.8190;-557.6108;-556.8379;
125189.859;583542.642;583276.677;69.9936;-3.5188;-3.8534;
463456.296;558250.757;558217.861;-417.9868;100.3454;99.2695;
412701.856;508347.744;508395.065;312.2907;-514.9449;-523.3589;
439933.039;529546.714;529443.719;78.8386;-34.2976;-37.6010;
311573.981;472875.841;472362.137;-401.7388;-218.4505;-219.2981;
480968.707;547977.745;547874.989;339.6665;44.1278;40.0657;
482301.235;542699.531;542637.805;159.9686;214.8576;216.4317;
428708.660;579883.828;579947.709;-9.9092;-103.9534;-105.5668;
