# This file was created for the Modelling and Simulation course, RUG (September-November 2019).
#
# Project: Simulate colliding galaxies, using Barnes-Hut algorithm.
#
# Students:
#     Stefan Evanghelides (s2895323)
#     Hidde Folkertsma (s2759799)
#
#     X         Y         Z         DX        DY        DZ
148834.913;550955.136;550958.299;-111.6906;92.9673;92.9716;
174000.097;617267.339;617270.373;37.9196;30.7906;30.7692;
226932.683;574634.841;574635.424;74.9253;281.8341;281.8279;
246007.023;437964.592;437965.048;-33.6927;-204.1353;-204.1278;
152657.071;612211.224;612213.371;-158.2831;217.8201;217.8534;
209515.638;509444.362;509445.402;-450.0436;529.0944;529.0971;
201330.538;482851.500;482852.170;-18.7292;-564.4703;-564.4607;
249588.158;564061.897;564062.353;-11.9876;119.1954;119.2054;
198632.951;538515.202;538515.741;188.5626;22.1457;22.1428;
217571.609;535542.389;535544.099;-3.9079;177.5360;177.5487;
265620.563;513482.071;513481.883;64.9243;-76.3845;-76.3801;
250338.632;484897.314;484897.166;139.1004;-297.3852;-297.3754;
250240.389;485199.854;485200.398;112.0017;324.3962;324.3983;
193673.305;499357.009;499357.948;177.1791;690.0922;690.1227;
197683.084;472272.546;472273.053;-598.0769;-326.2413;-326.2356;
248604.199;481081.124;481081.253;500.4297;176.2796;176.2807;
203379.547;511683.939;511684.580;115.2784;-71.2532;-71.2435;
220025.765;498142.079;498142.426;901.2085;-9.9360;-9.9982;
274924.873;384367.221;384367.151;34.1156;-152.3580;-152.3889;
220129.678;506806.334;506807.419;392.6143;151.2934;151.2917;
195453.858;328934.027;328930.936;-40.0325;-237.1034;-237.1075;
186574.949;498599.602;498600.214;208.3265;-79.8531;-79.8356;
200061.896;499942.798;499944.058;-246.7903;231.6272;231.6226;
188246.490;512741.886;512743.199;266.8635;-103.7653;-103.7643;
211254.960;493883.994;493884.478;328.1776;676.3016;676.3285;
222915.406;392926.493;392924.027;-98.1441;-62.9258;-62.9504;
224105.032;498800.256;498800.552;530.0256;-520.7348;-520.7288;
233978.718;469200.932;469201.385;-176.4177;375.1772;375.2161;
204467.714;487521.529;487522.503;-551.5706;-170.5823;-170.5580;
237869.430;486598.909;486598.495;262.7260;82.6773;82.6568;
221611.825;494775.323;494775.755;-180.5168;-7.7892;-7.7834;
205198.823;495732.283;495733.182;-314.2573;-213.0072;-213.0058;
200755.444;492491.333;492492.044;1147.8452;-253.2522;-253.2439;
203783.933;510723.547;510724.638;261.3918;175.5952;175.6041;
209759.807;494738.052;494738.929;132.1159;-294.3409;-294.3422;
214047.193;494794.619;494795.602;-10.0144;-226.0181;-226.0152;
180124.988;482977.244;482978.565;373.6568;260.6735;260.6492;
201377.354;429476.800;429480.064;-69.8838;-34.7653;-34.7608;
241685.864;466311.608;466312.080;108.1269;9.3595;9.3537;
219193.651;511397.434;511398.093;-682.3553;-316.4274;-316.4567;
211262.605;503957.858;503958.635;-232.0942;-132.0754;-132.1234;
205759.614;490731.108;490731.774;283.6114;-833.7316;-833.7854;
210624.856;495630.455;495631.268;362.2057;-203.5830;-203.5914;
182178.629;495986.800;495987.202;40.7102;79.3669;79.3811;
174434.066;619084.217;619088.370;72.0836;-29.9991;-29.9992;
207100.492;473912.915;473913.591;-382.1269;-146.0098;-145.9955;
209767.771;504641.752;504642.897;-12.0129;-19.4060;-19.4082;
270097.000;591999.923;592000.740;191.9520;134.8197;134.8256;
220231.105;489593.918;489594.651;776.5165;196.4390;196.4109;
203011.720;503456.215;503457.139;-570.5149;43.6777;43.6896;
236735.242;462280.798;462281.139;170.0368;237.2818;237.2679;
267208.892;484453.056;484451.955;51.6657;0.4459;0.4408;
86571.115;544033.377;544033.169;-300.4688;178.9023;178.9099;
183079.963;518323.297;518324.515;178.6955;484.0037;484.0022;
222060.561;467890.205;467891.084;-144.8772;353.8655;353.8433;
198964.132;495598.821;495599.644;-285.5404;435.9901;436.0246;
270643.322;460174.643;460174.307;162.9087;22.4499;22.4459;
167675.278;614054.188;614060.133;-14.4267;-40.3382;-40.3341;
245249.212;582829.150;582828.823;305.2287;213.2805;213.2681;
228469.532;492536.426;492536.991;8.2850;-96.3849;-96.3715;
231303.160;480001.618;479999.927;-304.5736;263.0923;263.0834;
201251.718;491915.206;491916.018;-306.7341;403.0179;403.0416;
219059.419;499474.650;499475.387;117.7621;-25.5321;-25.5265;
216489.694;491059.560;491060.025;-451.0748;281.6361;281.6463;
199866.248;513242.526;513243.678;130.9873;381.6557;381.6710;
238340.893;482840.762;482840.718;427.1464;-123.1039;-123.1116;
230140.061;493651.184;493652.082;1247.9113;363.2149;363.1991;
237013.100;492670.829;492671.445;370.9528;-106.8650;-106.8810;
213284.544;466847.709;466847.907;140.3756;-134.7079;-134.7196;
208846.506;498689.229;498690.196;-580.0714;-43.2288;-43.1964;
220743.608;492313.907;492314.165;-355.0060;139.9658;139.9871;
220773.813;500036.502;500036.540;-474.6270;-654.5769;-654.5470;
199660.246;526885.025;526886.328;5.9907;-218.0528;-218.0619;
291117.128;439874.190;439873.861;258.3676;-67.8973;-67.8961;
186462.572;490636.117;490636.778;67.9808;57.2711;57.2678;
161158.598;552252.597;552252.812;-200.6801;56.3528;56.3635;
139321.776;526169.468;526170.043;88.3671;12.6005;12.5965;
229005.411;535655.152;535656.590;33.4741;53.9824;53.9827;
222735.310;485302.444;485302.642;195.5746;197.5050;197.5078;
211811.572;503345.072;503345.913;145.1334;-638.8320;-638.8211;
231138.301;498827.362;498827.784;506.4493;-336.8194;-336.8174;
182604.198;502202.144;502203.385;178.4602;-63.2102;-63.2033;
224348.532;502743.771;502744.505;-843.9755;-248.9891;-248.9787;
208743.113;496738.683;496739.668;-296.5903;77.6967;77.7074;
195071.318;513996.755;513998.337;-299.8645;-715.9215;-715.9388;
215671.564;492037.283;492037.953;38.6442;543.7347;543.7523;
209217.330;514246.202;514246.928;824.6842;570.5691;570.5689;
210728.957;492626.914;492627.635;76.6900;-2.7583;-2.7621;
211205.254;499062.758;499062.860;-84.0462;383.7015;383.6930;
196034.662;514268.584;514269.359;-247.1203;78.2452;78.2712;
174254.926;523850.768;523851.492;95.9123;-36.6955;-36.7041;
213666.576;502902.923;502903.804;140.7841;149.7041;149.7199;
223615.817;559059.463;559058.448;-214.9407;-61.4020;-61.4110;
228045.801;457838.925;457839.221;-115.5503;376.1076;376.1274;
259612.427;465776.727;465777.450;58.2630;61.1637;61.1525;
298988.103;382613.906;382613.685;242.4313;-108.6348;-108.6064;
199253.156;492719.539;492720.128;-489.3666;-272.3658;-272.3601;
193467.529;513194.838;513195.916;464.6474;-677.0389;-677.0344;
230147.252;559587.025;559586.236;32.1522;217.1718;217.1718;
181321.084;495123.351;495123.770;337.6391;-493.6605;-493.7048;
766811.786;502116.917;502116.407;-467.9191;-211.4431;-211.4626;
834453.352;523581.090;523581.752;-17.0600;50.8764;50.8684;
686188.153;467937.110;467936.464;10.5794;248.4822;248.4806;
790871.582;505612.612;505612.612;204.7546;47.5795;47.5638;
811075.443;528564.788;528564.706;103.6492;14.9546;14.9511;
768506.065;517867.331;517866.591;763.6913;523.2858;523.2832;
818273.954;537629.848;537627.545;-182.5126;-297.3418;-297.3342;
735394.900;556985.792;556984.421;-376.1119;-300.4920;-300.4891;
768373.271;516791.149;516790.613;-665.4196;-182.4816;-182.4933;
800594.723;482406.972;482407.194;-425.1880;-228.1702;-228.1719;
846045.706;592103.205;592100.542;26.0951;102.2016;102.1919;
711126.157;457819.599;457818.590;307.3222;-21.6652;-21.6672;
760261.134;524889.444;524889.275;-659.5153;256.7837;256.7545;
778604.620;509257.009;509257.100;-76.8858;702.6521;702.6320;
792953.457;536520.482;536520.491;319.3298;401.5530;401.5428;
771702.310;517603.585;517602.847;-454.0603;163.5236;163.5411;
769967.212;512124.186;512123.937;-543.7495;-850.7470;-850.6756;
776725.796;518022.729;518022.170;905.3557;-174.0411;-174.0222;
747211.188;499276.906;499277.457;236.2703;609.6222;609.6306;
773453.731;505612.803;505613.892;-933.3217;-501.4950;-501.4633;
795422.920;474076.512;474075.325;497.9258;-79.6827;-79.7013;
769402.265;492640.425;492640.164;60.5755;-440.4437;-440.4751;
800768.749;528739.385;528740.886;75.9637;193.6880;193.6806;
721731.156;445091.724;445095.341;-358.2667;-309.3189;-309.3239;
791236.901;501580.625;501580.878;252.6208;172.4671;172.4718;
890598.329;394047.835;394048.473;19.1052;-108.8121;-108.8121;
696955.191;436361.123;436360.154;-136.9074;-52.4170;-52.4262;
781357.019;483883.018;483883.519;239.7774;-208.2061;-208.2013;
709991.311;457222.626;457221.581;60.9585;275.4156;275.4249;
889898.399;440744.994;440744.590;48.5235;-154.2501;-154.2508;
768616.637;508996.889;508996.749;196.2294;421.9304;421.9250;
754284.524;486096.187;486096.654;-52.1612;151.2356;151.2190;
765238.979;517557.053;517556.122;958.7398;-170.4388;-170.4236;
794680.812;520200.864;520200.319;-615.7389;-333.6674;-333.6833;
791884.828;520650.473;520650.633;-92.3726;211.4530;211.4437;
790103.764;524663.477;524663.275;-173.6030;95.8412;95.8167;
712734.027;459961.350;459961.375;63.2489;-50.4226;-50.4175;
812253.302;468408.003;468410.189;-107.1046;-44.2207;-44.2264;
773139.927;515615.773;515615.534;42.9026;527.8235;527.8319;
793113.606;524001.488;524001.547;-98.5918;158.0878;158.0912;
763815.581;538235.470;538234.492;316.2063;-425.1880;-425.1904;
779961.645;503489.860;503489.932;338.3525;166.5471;166.5472;
785426.668;519731.528;519731.208;76.3744;-327.8524;-327.8520;
747022.849;466291.470;466291.941;-85.2756;-138.1938;-138.1976;
829639.183;600233.485;600228.629;-20.7916;-34.3293;-34.3308;
798054.311;502622.582;502622.367;-52.9879;400.1082;400.1141;
777513.920;514337.840;514337.539;-673.2015;-37.6340;-37.6407;
843731.968;590420.543;590416.486;-16.5991;121.3862;121.3587;
823205.331;515264.123;515264.159;-112.9917;-181.0421;-181.0403;
758892.768;518683.457;518683.139;350.6334;192.6037;192.5984;
727901.402;571393.806;571391.937;-259.5740;109.5197;109.5151;
677931.962;362673.653;362672.033;-109.8008;-66.0441;-66.0369;
770062.582;515515.855;515515.193;374.8422;-742.8338;-742.8263;
765454.231;525518.943;525518.681;-334.3297;-78.6203;-78.6301;
694064.497;479968.507;479968.974;125.7786;153.1082;153.1088;
775391.350;520663.292;520663.015;-121.3295;-466.0326;-466.0335;
774010.100;511741.255;511740.839;547.9761;-571.5829;-571.5535;
770893.728;505959.536;505959.289;377.5958;93.4128;93.4284;
817455.388;539072.424;539070.927;-290.7099;3.4237;3.4004;
763705.965;515761.989;515761.560;217.4208;378.3474;378.3448;
685344.117;367304.438;367304.146;-202.1429;-256.2691;-256.2792;
772088.504;513231.175;513230.570;-674.5112;-335.6623;-335.6820;
757540.892;512996.015;512995.083;666.3790;606.2996;606.3057;
765492.708;510582.408;510582.192;-255.5700;47.4457;47.4391;
779160.463;516894.269;516894.240;713.3177;641.7776;641.7890;
985434.062;535961.162;535965.847;164.9314;94.3329;94.3377;
756633.512;393190.241;393188.186;-133.0499;-35.3828;-35.3780;
743441.009;479713.607;479713.739;-3.8370;-59.9682;-59.9687;
789530.595;486013.503;486012.898;-589.6119;113.6919;113.6929;
772638.592;509774.609;509774.427;-450.2243;-119.8576;-119.8582;
753582.573;530287.629;530287.253;798.0116;37.5049;37.5271;
794604.406;522699.046;522698.878;587.0962;299.0371;299.0214;
606262.122;454449.437;454451.024;-166.2380;59.9347;59.9335;
801828.250;505437.682;505437.787;42.4830;-225.6450;-225.6522;
793910.536;507568.386;507568.398;183.6547;-76.1200;-76.1173;
878072.853;607665.500;607664.336;-19.7015;0.0342;0.0390;
780197.760;512922.263;512922.091;-318.0926;397.5200;397.4744;
879119.690;469339.961;469338.327;27.2959;-56.3281;-56.3195;
722779.819;599987.731;599986.905;47.2737;7.8174;7.8190;
770938.096;509490.247;509490.366;-563.8490;-690.1120;-690.0735;
798594.208;504606.398;504606.066;-26.7147;131.4944;131.4901;
778582.955;513537.492;513536.973;-550.1679;273.1562;273.1692;
770378.328;522189.277;522189.244;-338.8817;-426.0034;-426.0153;
774200.683;505917.352;505917.583;-262.8284;534.4765;534.4900;
730157.430;441201.989;441203.224;52.7455;-84.1713;-84.1616;
863409.939;608029.924;608027.124;-64.6682;15.0181;15.0114;
738239.382;503529.040;503528.609;-203.4869;-292.0992;-292.1001;
703244.599;447321.402;447321.971;-65.0455;149.4363;149.4313;
797872.512;538560.839;538559.549;-345.7947;-247.5301;-247.5241;
781530.635;532946.422;532945.932;-486.4018;91.1793;91.1726;
869065.859;596927.419;596925.590;48.9094;183.5058;183.5291;
882277.803;440683.617;440682.981;46.3064;-15.2487;-15.2487;
781599.621;512920.791;512920.531;-126.3321;-79.0985;-79.1215;
769708.801;517710.552;517709.921;-218.7400;607.5084;607.5127;
763534.992;523288.304;523288.128;-261.0860;272.8239;272.7886;
759186.317;454130.769;454133.147;0.2969;296.4509;296.4376;
782032.617;522537.621;522537.449;-314.3154;2.6003;2.6012;
771101.014;510861.002;510860.522;-54.1142;619.6432;619.6172;
782976.893;505392.753;505392.553;-708.3782;-786.8696;-786.8201;
779845.184;509335.779;509334.972;-330.2974;-345.6542;-345.6394;
