# This file was created for the Modelling and Simulation course, RUG (September-November 2019).
#
# Project: Simulate colliding galaxies, using Barnes-Hut algorithm.
#
# Students:
#     Stefan Evanghelides (s2895323)
#     Hidde Folkertsma (s2759799)
#
#     X         Y         Z         DX        DY        DZ
442635.943;537416.300;537411.168;-74.9602;26.4166;26.2226;
506532.399;527745.719;527654.151;-143.9222;-298.8563;-301.1988;
631313.532;894677.398;894667.721;107.0351;-22.1910;-22.1941;
385108.682;410462.955;410437.802;143.9331;147.1327;147.0659;
446678.938;550917.900;550930.835;524.9402;411.6298;412.5487;
464097.573;564191.316;564220.026;-720.5089;-201.8808;-203.8688;
739947.458;967155.463;967005.484;-99.1289;175.2664;175.2424;
11370.318;555941.131;555890.632;-142.6397;11.4201;11.3424;
576652.823;553116.020;553039.012;-475.3736;350.2629;350.4037;
428375.804;457933.325;457897.368;-455.2338;-4.2403;-4.1891;
297189.944;547650.863;547633.233;268.1502;53.6652;53.8015;
438149.161;546584.946;546611.296;-1527.1419;114.2439;114.2240;
578753.224;645939.975;645967.983;-154.4185;97.0143;96.8580;
611028.427;600933.068;601124.148;245.5618;97.8074;97.8020;
465986.059;549205.679;549190.757;-374.8071;-186.1778;-186.2137;
422342.005;526766.423;526755.857;-886.1398;-157.5132;-159.9895;
531523.198;477991.705;477901.181;94.9331;504.8713;504.8230;
466092.155;568492.676;568492.205;-147.7867;-505.3349;-505.1657;
455670.592;542064.372;542077.878;-111.7831;335.6313;335.5587;
464557.185;553789.492;553803.691;1185.2592;-167.3073;-166.3843;
546664.902;536527.374;536506.128;-295.0176;-12.2918;-11.6879;
565749.705;614867.416;614790.471;202.3687;180.3559;180.4599;
481357.745;551921.595;551965.631;-669.4635;187.2700;187.0720;
547821.831;455424.993;455346.510;92.2137;238.5491;238.6227;
443448.590;551576.768;551589.823;817.7835;358.7338;360.2240;
436077.816;546301.619;546338.681;-757.2431;-89.5971;-89.5036;
466753.519;510174.124;510136.832;-368.7220;164.5523;164.6599;
479433.621;558231.909;558264.812;289.6123;215.5628;216.9418;
447122.984;543151.099;543140.513;-231.7325;-320.5741;-323.6674;
463509.948;543589.959;543600.752;545.9752;-442.1465;-441.3845;
450971.688;534606.882;534592.196;567.8998;151.7961;150.8757;
435336.496;533810.818;533760.956;116.7577;-15.5602;-16.0348;
836501.857;217462.265;217488.204;71.2104;-57.7168;-57.7130;
422350.786;630504.687;630580.109;-257.6487;195.3498;195.5160;
454045.137;548876.544;548856.610;-795.0775;-212.6173;-216.5283;
441205.216;541167.831;541189.150;-682.6046;-614.6170;-616.3034;
570270.833;589198.288;589271.422;-38.8966;-84.2946;-85.8635;
464618.712;546130.611;546148.205;730.3887;-459.8915;-460.1629;
892882.172;503863.903;504189.784;-193.9311;-51.0724;-51.3894;
359742.164;470882.888;470789.480;209.6756;198.3611;198.2362;
552409.596;595937.700;595893.015;169.5978;-209.4643;-207.9380;
528486.465;531190.514;531120.945;-201.3496;-149.2313;-149.7745;
462973.065;539491.928;539490.856;-434.1917;-357.3368;-358.6895;
514701.962;575564.040;575587.388;-560.4914;-415.7652;-416.0029;
447503.272;527033.029;527001.793;-167.3959;-253.5663;-254.3061;
450651.948;570152.355;570176.861;434.1704;-447.6652;-447.8619;
463422.495;365207.471;365193.821;-7.4956;88.9865;89.1613;
452252.976;560781.422;560778.237;-377.2116;-462.8685;-463.4884;
468428.525;552946.427;552966.844;-481.9960;39.1716;38.9196;
753061.536;985695.377;985578.155;60.9350;100.5043;100.4184;
807568.563;159086.309;159108.521;2.7005;-18.0543;-18.0519;
426936.386;551309.972;551281.015;-830.7018;-25.6929;-27.2738;
863861.228;651472.232;651334.373;-0.5994;68.9849;68.0526;
448095.246;403622.778;403486.336;137.8824;-51.1493;-51.3161;
473056.186;555132.075;555184.950;482.9890;266.6888;269.3066;
460886.823;545839.686;545843.013;40.6704;718.9832;719.3732;
361418.262;495503.936;495476.443;34.8210;35.6832;36.4428;
416870.160;526175.058;526116.425;-30.1658;245.5106;244.3746;
491484.324;525860.801;525862.692;281.6831;276.1153;275.7758;
481082.225;654305.180;654469.527;-238.4769;-234.7280;-234.8441;
444171.293;525863.112;525838.065;155.0342;-324.0883;-324.1442;
799289.022;461080.668;460942.115;56.1974;-89.5013;-89.3672;
441275.715;558795.716;558836.485;188.4331;-144.4313;-145.7188;
956794.978;604814.935;604785.776;73.4827;35.5823;35.5683;
451278.642;550868.055;550884.815;157.8614;-4.9429;-4.7120;
170921.671;391359.578;391255.635;-153.6342;57.1730;57.0999;
75823.730;644440.879;644448.281;-180.4932;67.2660;67.2115;
772312.693;351997.789;352017.251;226.5875;-66.5240;-66.3843;
503866.401;526052.405;525884.423;-528.9335;11.7466;13.7569;
485089.747;505566.670;505517.249;687.6619;-203.7958;-205.0219;
451011.640;524538.835;524549.343;41.1457;-64.4233;-66.2650;
228292.453;348007.245;347605.065;-187.0990;-234.2022;-234.7948;
424036.846;614504.754;614543.967;331.8084;383.8303;384.0950;
361168.674;439794.905;439589.635;-75.9672;-35.2140;-35.5449;
456937.558;542653.190;542665.093;-541.2507;24.9000;25.2490;
359578.059;585774.916;585753.806;80.9198;172.7093;172.5572;
448652.527;518027.080;517985.306;-72.4968;-221.6787;-222.6751;
391098.839;516282.957;516207.165;-537.5352;-326.8865;-328.2573;
401114.193;548150.257;548101.798;547.4405;-42.5862;-42.0657;
532967.915;606940.072;606922.711;430.0724;-311.1687;-310.3349;
453466.283;546752.846;546760.615;482.3041;-560.2953;-559.8803;
658763.411;665034.460;664906.670;-80.2577;17.2265;17.2272;
255137.393;707861.007;707971.111;-421.6547;69.1252;69.1694;
463735.015;534415.527;534421.470;-49.9528;-228.5245;-227.9359;
892052.831;637176.461;636411.880;385.9458;71.5345;71.3095;
495580.808;506596.500;506545.393;-155.4458;161.6322;161.6464;
454297.214;537833.421;537812.620;206.2994;197.8940;198.7008;
461046.125;550167.970;550191.621;-1.4859;316.0201;316.5819;
428777.497;541878.225;541857.142;-23.5759;244.6250;244.7325;
396328.688;508776.005;508669.965;298.4676;301.2101;299.8513;
408055.845;552954.283;552896.790;386.0945;236.1362;235.9110;
471687.347;546791.773;546813.094;39.9402;-179.6611;-180.5299;
455930.169;508392.916;508297.156;93.9650;-300.5556;-300.5693;
436774.066;516438.066;516402.253;17.2502;-438.2445;-438.1301;
454343.727;554176.805;554202.225;1068.2409;-483.8486;-482.9811;
450921.666;532511.853;532463.632;-543.9558;739.0666;741.8829;
494045.146;560832.592;560861.169;-356.2440;84.8937;84.4977;
591742.522;504879.457;504888.234;-199.7756;-229.0472;-229.3984;
857542.065;530911.368;530905.358;-82.0493;139.4820;139.6232;
459315.612;552442.447;552453.421;-318.8885;-223.2634;-223.9059;
617863.053;474444.026;474247.966;-99.1294;-80.4719;-80.3244;
700629.381;417086.832;417058.665;-87.8433;-86.4296;-86.4081;
435528.106;541370.147;541359.665;-667.5716;473.7208;473.5457;
552357.610;580271.193;580244.064;-130.9709;531.6670;530.9149;
403962.486;528520.623;528477.615;-250.8897;471.5412;471.2907;
575993.401;568332.507;568289.656;428.2172;73.0144;72.8884;
368382.020;496847.259;496760.729;-188.0751;144.4677;144.5544;
515911.274;345756.716;345709.159;-126.7624;-33.2775;-33.2324;
433597.699;552264.466;552272.174;275.3503;-208.6158;-208.3816;
843811.898;477369.771;477328.175;91.9527;-27.8204;-27.8666;
450476.919;563821.977;563861.057;-320.5648;76.1962;75.5110;
406035.719;591415.687;591436.397;13.1682;112.3630;112.5495;
456818.129;536677.420;536697.866;-301.2887;-340.1687;-339.7496;
204463.931;369186.520;369160.586;130.9400;58.3117;58.1681;
426315.374;579007.756;579035.634;-184.3356;238.9892;238.9487;
360136.471;827186.240;827073.794;-121.1101;148.6274;148.5278;
465821.265;565875.186;565900.394;-541.8832;100.4212;98.0507;
500104.593;520892.987;520810.340;-377.6312;285.5099;283.9042;
477322.544;555132.846;555134.518;-538.7248;-278.8366;-278.7822;
395416.535;505294.684;505107.446;365.7246;-52.1888;-51.7380;
480968.714;556493.245;556525.243;-254.7473;34.1643;34.4961;
414856.250;395984.913;395808.672;-29.4962;-158.4033;-158.4364;
452317.155;550991.917;551013.217;-293.1643;-851.5950;-849.4240;
473749.940;555554.316;555565.214;-145.0786;-52.3169;-51.4727;
544349.445;618626.469;618678.412;461.7616;207.9825;207.0215;
441490.087;315024.720;314950.883;-252.3952;-50.3943;-50.3762;
389422.579;936779.815;936775.182;15.3485;125.7335;125.7259;
401731.043;542163.066;542128.234;-272.1949;92.2085;91.9020;
406567.498;532054.257;532011.199;703.9023;-326.9368;-327.2214;
487564.505;547226.490;547242.164;-389.7924;158.7829;158.5609;
809596.561;545434.823;544768.976;55.1919;-121.1652;-121.4270;
492073.953;513794.573;513771.267;544.3896;10.7960;10.7435;
446627.184;547759.955;547764.600;-32.7752;637.7106;639.4963;
434353.192;543328.165;543312.429;249.8847;-16.1205;-16.4063;
471544.649;562657.551;562633.838;-953.2092;-440.0162;-438.0609;
281540.352;499274.696;499255.195;214.9710;262.4498;262.3581;
357382.877;480892.898;480811.987;-106.2597;65.7447;66.5252;
424876.381;531047.386;530997.002;1097.8995;-148.0608;-147.3309;
442082.581;583258.258;583331.188;532.4116;336.3531;337.3369;
462351.887;540784.726;540794.976;1151.6013;557.7314;560.2377;
232680.470;267836.949;267841.002;215.7428;-22.5333;-22.5435;
438934.760;534529.665;534544.461;-1357.6354;-107.3764;-108.6372;
512242.050;534353.861;534312.880;-441.0987;-190.1150;-191.7179;
466609.647;510890.736;510834.087;76.2296;223.2931;223.2187;
604402.327;727093.353;727108.630;105.0592;-246.5467;-246.5676;
458390.856;534455.534;534446.638;308.5744;241.5633;242.8543;
528310.090;527790.903;527767.201;727.1860;-33.4052;-34.9486;
471870.571;536851.519;536908.345;-415.3027;27.4202;28.1519;
443858.415;532426.813;532420.698;-334.3010;-178.8553;-178.6882;
458839.867;546123.453;546139.998;178.4991;187.8891;186.0599;
440053.720;546946.048;546929.772;734.4402;-377.7671;-377.4969;
316947.115;665390.755;665435.988;69.6548;19.5981;19.4746;
444147.398;542438.153;542433.376;-711.1173;-296.8714;-298.5476;
443547.055;534496.840;534490.516;27.6728;-383.5512;-384.5581;
462977.267;537316.135;537310.018;178.3451;-33.1648;-32.1898;
449129.121;534923.857;534875.822;917.2759;130.9915;131.9019;
443399.184;526619.146;526592.582;-56.1760;200.8150;201.1477;
502441.089;528895.162;528850.016;321.3449;591.7552;592.8807;
561332.417;491956.020;491941.177;-107.6486;199.6116;199.6298;
270567.452;303383.565;303136.322;-184.9140;-320.2304;-320.7187;
655500.924;515472.454;515298.474;-116.5258;-105.7424;-105.7539;
434771.697;526051.560;526013.837;462.1216;33.0724;34.7304;
452384.342;541832.208;541833.636;-235.2281;509.6744;510.8645;
493553.698;394543.257;394497.196;63.7826;315.7733;315.7322;
468947.874;523423.438;523370.996;571.8942;280.7628;281.8548;
470564.957;516404.671;516353.127;859.3991;101.3563;101.0231;
424770.992;536469.581;536425.733;-180.0074;344.1302;345.7652;
427888.199;606793.624;606863.088;-229.8521;87.6626;87.5184;
458684.342;542123.135;542153.076;1091.9991;501.1242;502.9659;
469705.853;536636.270;536636.626;934.7064;67.3145;70.2356;
430932.150;533724.092;533708.451;-273.7476;-196.9311;-197.8336;
