# This file was created for the Modelling and Simulation course, RUG (September-November 2019).
#
# Project: Simulate colliding galaxies, using Barnes-Hut algorithm.
#
# Students:
#     Stefan Evanghelides (s2895323)
#     Hidde Folkertsma (s2759799)
#
#     X         Y         Z         DX        DY        DZ
464848.384;548883.249;548728.882;-37.6893;-28.4983;-32.9430;
477403.696;546514.691;546324.891;591.0017;267.4708;264.1757;
795226.311;777421.714;777386.687;46.6373;-97.0311;-97.0749;
302548.540;976660.004;977595.704;-100.4990;241.0859;241.5348;
482993.788;549134.980;548893.839;832.7395;254.9474;249.4041;
483355.316;543046.990;542892.750;167.9693;-667.9028;-664.9981;
343582.714;518427.113;518201.204;225.8215;-247.5100;-246.0202;
589820.303;461090.908;460404.899;-252.2781;-263.4818;-267.2985;
547817.717;625997.066;624293.133;220.4232;444.2831;438.6738;
543703.568;639510.189;639184.959;-321.0374;26.0604;25.5724;
241479.001;549921.566;549050.933;-225.6218;-27.0735;-33.4241;
716406.499;578271.028;577581.571;585.5080;41.3345;34.6559;
480936.902;532489.627;532491.306;1004.3659;-484.6931;-481.2955;
470737.511;539080.346;539139.074;-76.8380;-255.0658;-259.8205;
171169.442;504212.609;503706.771;236.0447;-143.3440;-143.9438;
239077.427;507639.199;507943.732;-399.1071;-37.3099;-38.1776;
478992.932;551698.586;551622.825;215.9996;718.2026;703.6370;
481649.210;540540.084;540341.932;-1069.2484;490.8849;502.2946;
238422.591;470146.099;468853.667;-219.2364;-23.7411;-28.4713;
576757.113;516213.837;514527.660;166.7405;-87.8800;-74.1289;
449705.512;548193.284;548053.888;496.5762;51.2921;45.6957;
437371.440;443272.196;442349.198;328.4890;54.9374;55.0036;
539746.441;542038.527;541239.412;-601.6201;143.3942;143.8153;
486979.925;533339.582;533189.058;-168.5828;-134.1525;-126.6331;
438583.877;513070.174;512673.440;214.9711;453.6476;456.6486;
456958.331;553044.370;553018.800;953.5159;778.7013;766.0216;
482850.582;545107.370;545015.274;-22.3217;234.3694;235.8097;
465048.543;555728.229;555629.234;-469.8210;62.3714;61.4403;
462911.208;551447.055;551346.404;-362.3546;894.4172;894.5449;
476047.425;559194.567;559037.745;31.0579;427.0572;427.2544;
903894.676;142283.947;142304.086;4.5460;-16.3665;-16.3797;
526855.037;399822.812;396878.800;202.5729;-68.8837;-71.4219;
473941.161;544168.564;543982.014;-1000.8437;-367.9559;-361.1502;
465405.754;557901.145;557772.108;410.4499;112.5958;108.0860;
387272.388;523149.490;523424.342;-46.5267;11.6733;13.0678;
464723.698;545047.890;545001.543;64.6618;-363.3024;-361.4710;
264207.669;449683.591;449030.812;193.0196;6.2902;9.0648;
450914.430;558855.368;558624.730;74.0759;-303.3260;-306.2786;
517545.105;578670.482;577643.536;306.0330;-290.1514;-292.6052;
527811.666;542783.718;542513.166;-138.0036;63.0782;63.6071;
471971.439;553483.072;553381.035;230.5548;-593.8683;-590.3022;
215929.661;452179.139;451003.059;174.2361;122.3681;121.1416;
480806.738;549747.835;549600.846;-31.3694;-477.7860;-470.9832;
508262.722;597936.335;597020.612;562.3008;127.1388;111.6707;
494759.703;475550.333;475076.912;-21.5369;110.5455;109.1740;
532639.885;536473.526;536067.710;-149.6759;41.4410;39.3076;
455003.203;519846.533;519897.555;34.0196;15.3072;15.1277;
699861.407;291122.360;291103.198;-137.9372;167.1261;167.0164;
463582.213;562268.819;562095.287;-278.9956;-547.6965;-531.4338;
717981.913;711933.354;710252.807;-155.3633;-26.3094;-26.0042;
472246.309;531994.457;531966.137;851.4872;256.0663;261.5413;
492643.108;570669.965;570342.111;430.7022;117.0421;118.3470;
479175.269;540087.294;540044.297;-488.4841;260.4683;257.4113;
496222.064;548669.919;548331.310;203.6993;-1026.9602;-1015.8829;
227942.185;399876.658;399601.351;-165.6587;97.5023;97.1816;
457444.516;559220.154;559334.832;-979.3668;-284.6188;-298.2187;
492273.172;490379.676;490012.323;280.7744;73.3386;68.7408;
471897.514;551932.027;551805.859;266.3846;-458.3844;-447.0483;
470456.712;640255.223;641163.380;115.8348;246.2056;243.0343;
467601.940;562576.548;562460.477;-542.8252;-419.5902;-418.7071;
927778.866;660729.672;660339.484;-97.0777;11.5076;11.3209;
477258.111;557554.074;557318.443;-523.5415;-285.6416;-279.8216;
29020.930;544860.932;544629.830;7.7411;85.5818;85.5016;
463673.814;547577.193;547453.635;-1793.5085;-246.3519;-257.9640;
379475.164;546097.755;545820.733;-13.9248;-362.7150;-359.3785;
497514.726;551142.264;550883.278;409.4497;-368.6747;-367.5720;
65279.707;55738.987;54790.699;-28.0829;-91.1146;-91.2770;
476315.757;539896.937;539917.709;-379.4416;-619.2509;-596.3190;
487435.482;529395.981;529050.562;154.2159;-23.1651;-7.3881;
481758.319;542329.449;542094.292;124.8432;-990.4826;-986.0378;
431598.232;513882.154;513517.768;-204.6627;292.7266;296.6773;
446604.153;341341.692;337908.008;-49.0229;-143.7349;-147.8899;
453623.839;548681.532;548542.198;-78.1464;429.8037;423.7050;
826522.222;489948.089;487949.278;13.0830;-31.0226;-32.4964;
509879.481;478017.022;477588.146;-633.6472;-225.2794;-226.6429;
552857.218;526495.307;525967.171;-82.6230;-121.8635;-128.3546;
608484.958;422225.613;421408.670;119.6277;9.2682;8.9075;
480627.581;559285.030;559000.100;674.3609;-117.1830;-117.9729;
462595.988;541587.047;541681.048;-1189.9818;380.8675;382.4437;
474742.698;545222.185;545117.136;1070.2950;-218.3853;-218.2270;
460128.934;558605.602;558511.537;-630.6966;156.5195;163.3252;
534557.621;542011.592;541642.032;-85.8538;269.2709;264.5058;
653585.973;515259.546;514840.919;-385.1234;44.2010;46.5970;
495486.759;512948.216;513116.440;-49.6662;-308.7833;-310.0496;
487631.934;545257.819;545147.234;-407.6514;292.0386;291.7883;
488241.080;513315.732;513363.922;657.7720;-543.1472;-558.9246;
451121.285;554660.103;554626.635;-250.1994;-179.6828;-174.9610;
448906.474;542313.504;542274.797;-638.7314;237.0730;239.4625;
451980.893;551312.191;551222.955;380.1239;307.7279;303.4962;
397907.132;567773.456;567289.420;132.3412;1.4644;-5.4434;
508339.115;541613.447;541831.282;53.9233;-556.1757;-560.6136;
670370.695;448635.540;447940.050;96.2431;121.5429;122.0717;
462342.210;549387.763;549335.518;-1145.4897;242.7441;243.8728;
592172.659;664584.317;664814.988;192.3163;26.7861;26.2568;
737851.684;651137.281;650769.797;286.8552;12.2429;11.4006;
430925.008;510914.001;510921.107;-631.0929;25.6493;18.4349;
391344.164;633724.406;633422.339;-286.2638;-300.3592;-301.9923;
577690.552;646423.692;646359.776;119.3128;-143.1303;-142.9208;
605310.245;584506.842;584117.542;-336.2568;-88.2410;-88.0342;
429823.103;544990.366;544788.417;-692.0402;414.3701;414.6872;
665520.435;505853.152;505862.749;33.2025;-146.2932;-148.1102;
471872.924;558876.067;558635.935;848.9274;-251.4346;-251.7413;
869558.051;467597.409;467581.527;-57.5551;9.0873;9.0128;
470587.734;534624.193;534726.052;78.1637;625.7940;624.5753;
487783.908;550130.134;549894.319;151.7937;135.1375;139.3224;
479294.351;516993.750;516988.635;-644.1470;-156.9328;-152.3398;
808831.901;701238.753;700364.216;164.2115;71.3958;69.5422;
451972.278;556561.514;556284.409;553.5660;-472.0647;-464.1890;
175982.831;998617.073;998354.060;-68.4390;42.8119;42.7522;
449887.688;547559.578;547626.495;695.9602;329.8064;323.2278;
478438.324;552718.692;552552.201;-56.2494;1068.8446;1049.2651;
487273.745;544929.496;544794.099;744.2258;260.3063;261.9150;
453920.443;538455.478;538307.511;2.6561;-208.9494;-206.2863;
476575.342;538800.603;538857.769;506.1414;-210.5523;-211.6427;
409994.881;236069.015;235314.510;10.4747;-29.3124;-29.7634;
456896.869;525279.010;525389.670;-374.7530;360.6076;359.5308;
483232.818;552015.435;551909.654;-517.4249;729.5672;724.0255;
179271.430;398669.625;399097.558;169.5734;13.3423;12.4900;
153254.341;487444.805;485826.448;86.2003;189.4312;186.5820;
477656.730;552881.980;552635.704;-895.1739;73.4486;79.4195;
526369.136;551959.719;551951.859;212.5001;102.8287;96.4925;
468180.710;553327.842;552916.499;-295.6538;-836.7496;-831.2162;
385344.797;658071.381;657608.956;260.2824;389.5260;393.4678;
543701.662;482353.108;481386.231;56.9643;127.7267;126.2362;
300032.605;506208.589;506477.935;84.5178;125.1965;126.7475;
464527.557;539205.897;539220.205;817.1106;-160.5529;-162.7309;
480928.648;560681.124;560510.235;-108.7346;327.7009;330.4286;
532217.920;273165.629;271717.593;-80.1936;-50.3057;-50.7782;
448734.907;552489.136;552409.470;603.0576;139.2026;128.1741;
463080.413;540823.624;540581.951;1061.3967;-653.8972;-632.0616;
499154.624;541697.633;542030.001;-108.3923;-905.0295;-904.5668;
465841.896;549302.630;549182.521;-293.3793;884.1027;877.0304;
216642.903;579171.233;578639.884;-535.7339;-159.3110;-161.1350;
482494.178;557176.522;556884.157;1168.2044;174.8577;170.1077;
468299.117;527210.059;527088.043;-78.2150;-275.4892;-272.7713;
401015.438;438873.468;437597.808;8.8507;102.0896;103.8696;
505358.155;649042.654;649239.983;493.7237;-266.5325;-263.3744;
472449.755;556472.418;556344.961;-544.4888;-48.4964;-44.9695;
526647.214;556551.886;555622.105;571.9310;408.5101;395.3290;
478939.625;534456.192;534287.027;850.5138;87.4926;72.6879;
492767.034;561280.286;560912.856;46.2124;-497.6201;-496.2736;
412395.537;530211.142;530430.262;-427.0911;90.2318;98.0809;
506630.933;573722.535;573243.021;-364.4139;495.3623;494.6393;
309450.288;579857.081;579208.091;85.3110;54.9615;54.4727;
439649.806;551763.425;551459.357;414.3187;-625.8132;-625.5292;
501666.550;554598.398;554363.140;190.7713;-338.6446;-335.1740;
466276.272;549344.362;549263.563;-494.5843;-556.7235;-549.6037;
469129.090;550844.795;550613.161;-459.6737;1150.6954;1138.8798;
495347.472;528900.758;528866.933;-203.6977;357.2758;352.9690;
543072.510;497084.535;496582.106;253.4335;49.6547;45.7101;
483212.257;506021.193;506148.142;659.9922;221.5212;213.5512;
744126.488;692060.492;692417.345;204.5465;-7.8331;-8.2924;
444048.395;548907.951;548994.461;-47.2234;-199.7062;-194.2392;
486994.494;544487.490;544375.567;284.8594;279.4014;278.5431;
192720.514;551461.539;551018.802;290.3813;-106.1799;-106.5330;
483114.333;525781.298;525747.430;-241.6290;384.6953;383.9622;
514088.009;583174.720;583386.317;-882.6266;260.6870;259.4231;
466466.858;554198.697;554075.931;191.4504;-563.1856;-549.4806;
141605.810;381653.092;381048.295;-315.9313;-147.5723;-144.2892;
469294.862;554806.321;554618.278;426.8348;263.0953;259.0816;
465855.871;556668.236;556449.482;-461.5381;-73.9523;-67.7780;
453153.339;552960.177;553094.100;-576.2229;210.0013;215.6554;
