# This file was created for the Modelling and Simulation course, RUG (September-November 2019).
#
# Project: Simulate colliding galaxies, using Barnes-Hut algorithm.
#
# Students:
#     Stefan Evanghelides (s2895323)
#     Hidde Folkertsma (s2759799)
#
#     X         Y         Z         DX        DY        DZ
569377.222;515883.701;512129.349;-28.8591;-155.2916;-107.1872;
520189.701;567084.626;560944.753;458.7021;388.0721;323.1797;
458253.205;393802.692;402982.469;-329.0172;-8.6853;-1.4745;
511212.729;563787.728;556772.110;308.1960;-623.5134;-532.1241;
516520.907;557275.455;552342.588;-966.7132;411.0949;378.4311;
581062.727;438067.265;444107.859;-342.9072;-84.6609;-86.0792;
578732.231;934022.015;954133.249;-25.2497;-38.9757;-33.7604;
508436.674;801655.998;805947.724;-106.8447;109.6291;86.1198;
545958.060;561833.079;570627.725;-258.4418;-657.0220;-964.3066;
536976.790;504043.175;507827.111;808.0494;-427.2794;-247.3107;
528449.330;545630.035;541996.010;-672.7864;-574.6365;-423.7314;
517442.096;708203.897;710376.115;-211.1302;-106.4053;-104.4480;
527352.872;551869.924;548064.276;226.3851;282.5633;244.8346;
513242.066;583352.598;569305.747;-57.6623;717.7517;568.0398;
409480.109;362651.945;348907.027;182.6130;-22.9420;33.7743;
465270.326;545334.148;534568.648;-286.8565;-17.0535;7.5710;
537325.293;543207.241;539622.743;62.9738;191.8755;230.2307;
531879.519;463986.039;478517.408;-86.3028;-22.6758;-38.1257;
426571.878;578980.902;559462.544;-164.2413;130.3662;89.9203;
545371.354;553122.701;550505.207;-502.6040;830.1505;789.0262;
544894.156;545947.988;543009.357;127.9233;174.1215;107.1575;
508349.196;530844.982;526126.739;497.6005;-151.8617;-65.5685;
520135.028;541345.479;536892.014;-110.1810;-314.3189;-254.2134;
519708.997;535881.767;531780.232;-408.9259;-388.3770;-286.2450;
545803.392;561829.026;556351.712;324.8243;-91.7817;-47.5406;
821908.416;186997.550;186632.944;-61.5212;51.6859;51.2805;
670875.827;614623.240;658073.773;80.1042;-70.0565;28.9021;
531474.021;559818.753;553147.010;802.9079;-768.6686;-685.1558;
538978.830;552412.271;546798.785;-361.2949;-880.7866;-716.1565;
283376.148;506203.320;514928.402;28.5723;-104.4554;2.4250;
448661.049;521329.312;519910.066;381.1657;61.8786;85.9904;
312267.724;564201.405;592745.116;-44.8526;-100.8413;-80.1831;
637687.399;667049.001;674830.599;300.4003;181.3648;224.5742;
484775.433;541829.562;535426.266;639.3003;-206.5177;-163.5141;
527285.562;531793.071;529376.319;-116.8853;-301.3229;-289.6135;
513361.321;569614.242;561107.705;614.2553;-76.5631;-71.0957;
605259.496;623121.796;624462.097;471.2155;5.6625;57.1458;
518689.944;555175.117;550255.821;-188.7595;-79.8942;-98.5169;
525303.723;553891.110;549501.362;480.4783;608.0412;538.8642;
548077.969;552567.743;548545.116;-1033.1369;48.4720;69.2187;
525869.646;538297.130;535688.195;-172.7053;-205.7067;-158.4711;
557624.783;570312.148;563207.362;376.4115;408.3476;300.0683;
449937.894;582737.340;576667.762;518.7640;-405.2255;-429.7856;
899648.948;450212.167;445473.126;132.8818;57.7533;51.4780;
866478.446;387772.492;375073.725;169.5113;-2.7235;-2.0482;
539940.418;549735.527;545136.994;276.5075;21.9769;11.9109;
518089.946;554747.477;549382.805;-365.8236;259.9125;219.0710;
491378.923;537586.905;532042.745;187.2951;163.7897;112.8708;
500972.313;603824.452;589386.132;-322.6435;317.7835;280.2594;
534458.032;563103.181;556541.572;229.2875;-78.6564;-151.4203;
519926.641;537220.154;532684.339;634.7504;10.8475;-34.5084;
324999.475;354093.460;328872.612;-188.2417;0.1712;-77.4075;
317773.037;609013.639;597701.735;34.1542;-167.2538;-158.6030;
710113.666;383448.002;405851.181;141.9282;0.9617;12.6277;
596029.590;619391.056;628084.714;127.0662;-118.9405;-61.4361;
379168.241;701189.903;699998.110;233.7700;-18.5043;-19.7856;
516530.323;546881.675;543411.787;995.8880;-94.6794;-75.0689;
532973.149;565159.583;559358.076;306.7376;164.1007;135.5100;
516026.198;558132.592;553195.614;540.5548;829.4069;700.9255;
513034.578;567188.003;560976.637;-58.2091;-141.0791;-89.7996;
520230.830;555306.786;549119.381;-557.2981;-828.4679;-763.6200;
534884.338;553632.538;548069.056;716.1030;-21.1204;-50.3112;
595018.225;524000.508;519439.298;-413.0146;-38.7698;-71.9925;
441332.577;536314.800;536696.117;-52.3674;402.9353;416.0989;
531686.041;501462.904;499314.379;-245.3811;-419.3857;-348.1750;
239462.967;635719.337;586973.302;-187.4676;62.5566;39.4909;
308517.433;543888.244;526740.347;-208.5525;-14.0323;-11.3690;
418353.299;605522.268;600522.647;-76.8387;-18.5981;0.8133;
523711.215;560532.694;554500.816;-826.9053;169.9282;175.9844;
885667.997;434235.591;429107.027;107.7008;3.9684;-13.6851;
523730.360;553551.780;548876.972;-706.4835;14.9214;-8.6229;
508633.185;551839.894;546285.357;-648.0954;62.1291;68.4777;
494614.408;509756.863;506474.557;472.2424;337.3371;400.5465;
891510.495;370174.545;377833.399;123.5499;34.9471;31.8682;
534725.358;548760.662;543741.830;-112.0309;-3.5110;-27.4732;
534728.503;552808.888;547442.750;1103.9859;-507.4773;-413.8886;
465425.066;600617.004;596849.993;-389.0045;-157.1799;-118.1509;
520676.224;545075.625;539779.996;-260.9254;-860.5370;-692.7250;
524447.482;550119.239;545752.870;959.9042;-443.0038;-393.2840;
523967.229;542889.101;538077.508;-43.8658;-834.3152;-713.1885;
337637.992;347790.304;336795.116;78.8490;33.8331;29.7891;
548263.195;555806.404;550039.014;322.6679;416.0489;437.2357;
558451.004;131814.262;114903.235;136.6034;-35.1967;-35.7183;
526697.429;548838.563;544175.770;-80.1510;951.3094;825.2483;
722053.853;537147.781;536527.186;-125.7721;-71.3552;-70.7822;
806797.433;541167.991;539893.686;-235.6613;-66.4632;-64.5887;
524701.217;526340.230;530806.892;63.8179;762.7432;726.8730;
553806.858;572603.349;565059.364;-793.6395;452.0130;325.8716;
293803.440;545456.967;534524.790;-62.6050;113.0103;201.5319;
625535.592;456114.886;455368.280;-110.4007;-100.8348;-100.2815;
938495.679;550505.817;549121.295;71.2650;-92.8644;-98.9433;
542451.028;544040.107;540072.154;481.4748;-250.7416;-152.1044;
596767.396;519342.756;526532.651;-36.5370;-1.5118;10.1232;
524981.393;558033.629;552277.339;-623.7475;105.9101;-1.9822;
501329.217;582140.413;575190.253;587.4857;293.7343;213.8807;
342606.145;397063.164;412012.370;-128.1776;91.7320;101.6837;
786710.849;639291.365;636566.434;-196.1269;-112.3871;-111.5814;
532198.321;549865.401;545680.038;-915.4991;128.3059;176.8851;
527316.430;559551.232;554489.359;-242.9236;996.7968;720.6696;
485345.439;553369.971;547698.531;470.8168;-340.2031;-205.9785;
556341.695;551683.910;545634.298;-390.8627;564.9794;480.5110;
422289.423;637553.206;632463.681;203.5870;84.3946;111.0005;
514205.082;559303.239;555029.457;633.6712;95.1268;74.1586;
461188.175;353351.848;336327.394;2.0816;125.4050;90.6915;
519967.027;567732.512;558894.249;683.7751;-132.6496;-226.9128;
482389.188;472462.816;479727.767;166.8554;365.4859;352.2712;
955889.796;308022.558;318331.966;-38.0063;-11.1592;23.1100;
614367.489;520796.319;514080.997;42.4141;-324.7922;-357.3759;
543295.455;540228.379;536198.297;-359.9481;-458.5317;-316.0995;
547105.225;540503.709;536091.197;-458.8397;245.9807;227.9631;
529069.906;564923.546;559897.415;-200.6981;548.7231;431.6869;
350678.168;527650.351;526366.368;-131.3826;-198.9752;-155.7818;
377632.954;416721.050;430517.966;-107.5516;164.9619;125.2967;
500160.612;489631.107;511798.058;-110.5917;-333.4452;-185.5496;
515959.646;546446.789;542799.519;-195.8613;457.0850;392.1783;
625996.465;469224.120;466650.394;-262.5035;-54.1608;-89.7167;
541421.452;545781.163;540665.129;900.7734;237.7407;235.7426;
528316.118;551273.743;546569.561;798.6476;360.2064;248.2212;
303364.869;511419.188;516620.753;-32.0161;95.7577;-76.4631;
529390.919;547617.959;543130.330;-70.1931;314.4967;250.7642;
488858.522;566362.043;561614.305;475.8800;-224.0431;-172.0495;
519734.548;553103.332;547741.776;-39.9831;-578.7734;-588.8388;
740170.467;410440.011;415438.302;-164.4369;-1.8311;21.1185;
481770.821;461970.492;494016.611;-301.1368;444.8922;197.3117;
546687.992;554221.517;549323.334;-636.2098;-26.6827;64.4018;
557186.637;497144.308;505688.836;478.6513;-25.2000;-72.7383;
462823.599;555185.973;549516.211;-563.1744;-301.8794;-338.0691;
526243.673;545757.236;544185.808;-51.6868;413.8097;377.2419;
548260.312;555083.746;549834.897;637.7464;92.1187;253.1422;
579307.257;516614.585;522607.106;141.6533;193.1822;145.3512;
313681.856;525698.493;531635.593;-259.9452;-54.1112;-90.8416;
476111.545;504387.238;502059.325;246.3250;-2.6271;26.0515;
544965.493;558960.600;551770.831;268.6694;-116.4340;-176.8388;
542776.775;546815.190;541646.065;-344.2907;88.4242;117.8121;
546360.590;552374.944;547806.017;-282.8754;27.9534;-40.0414;
525247.370;553504.057;548900.406;-202.1878;-326.7269;-252.1680;
550501.069;556101.093;551206.818;27.4556;-637.1545;-598.8513;
545081.447;532622.535;534821.810;785.1741;586.2518;523.4413;
543743.830;509383.558;512282.893;-425.5045;-459.2064;-366.3288;
528222.419;527003.458;518715.725;-430.6802;-480.4634;-442.9361;
512437.129;279232.745;272973.962;165.1564;-41.1539;-7.1000;
548878.205;569481.146;561514.205;-383.8821;-201.6005;-96.8123;
467132.214;524466.952;523929.182;427.3877;-39.6683;-64.0076;
533367.628;549291.795;544515.427;-519.7392;-175.6317;-169.5923;
516853.765;539904.438;539394.558;593.5626;444.8291;405.5177;
521744.928;524664.360;526100.103;13.2523;355.4241;272.6147;
522084.485;566954.023;562346.625;489.9274;107.4839;75.2737;
