# This file was created for the Modelling and Simulation course, RUG (September-November 2019).
#
# Project: Simulate colliding galaxies, using Barnes-Hut algorithm.
#
# Students:
#     Stefan Evanghelides (s2895323)
#     Hidde Folkertsma (s2759799)
#
#     X         Y         Z         DX        DY        DZ
497641.702;536437.990;535821.512;128.4452;-217.4429;-204.4147;
503409.763;523686.656;522986.066;110.9808;537.4469;564.7472;
804925.523;593799.635;593255.042;-55.7737;-158.5014;-159.1677;
485529.392;518970.212;518388.366;-804.1401;225.9232;175.3201;
485286.282;534193.088;533844.500;-955.0071;252.9112;231.1068;
417056.381;952127.195;948121.253;-142.0636;277.0868;273.9429;
305307.704;568006.099;567382.012;225.9698;274.4538;273.8737;
601184.791;905475.087;913051.624;-1.0334;76.7785;86.9147;
311290.171;566695.031;564194.885;-162.9234;-174.7917;-167.3791;
594616.310;600989.747;604289.920;96.5782;89.4537;85.6313;
490307.649;536381.168;535987.518;-1125.2986;523.2415;510.9923;
490504.673;522230.763;521514.005;-134.6045;-223.7993;-222.2661;
400726.403;516187.465;511901.258;413.9406;-268.6634;-251.8081;
474584.082;535327.007;534584.519;220.7604;-64.4617;-61.5413;
456330.309;522094.116;520649.166;-1112.5011;116.2562;99.9953;
603536.018;652620.311;655865.234;8.8378;62.8346;40.7074;
489243.564;526787.913;526974.502;-361.3618;-932.7080;-932.5500;
468929.410;536109.715;535431.748;360.8520;464.6982;435.7034;
142491.248;626357.918;624824.873;-298.8085;-45.6528;-48.8567;
410653.506;559958.159;556978.506;435.3624;-89.4306;-81.8678;
438981.742;504628.919;503790.481;-41.6302;147.8793;145.3031;
462302.864;607228.295;608123.567;247.7987;70.0095;69.6469;
485802.498;525960.669;525194.915;493.6598;-55.8678;-55.8780;
485752.622;520236.735;519355.450;721.4974;310.7729;331.0976;
493705.010;523944.863;523533.726;473.7486;-757.0987;-744.4691;
524219.991;528435.204;528133.275;72.9001;466.9733;470.1069;
524014.619;522415.615;522636.554;109.2196;329.1020;312.2786;
889456.084;138722.417;138701.234;-24.9629;11.5795;11.5266;
563614.904;590543.807;592768.321;154.8614;145.6356;149.5506;
478082.688;525336.867;524357.457;-286.1874;177.5850;156.5187;
518152.608;523846.928;522883.807;216.1988;-477.0728;-470.3825;
658815.297;499860.030;501943.619;427.5334;-126.0272;-127.4038;
488629.093;528640.838;528441.461;184.8850;-504.9007;-507.0541;
518503.258;555841.366;557474.468;-898.3711;-388.1925;-382.6362;
522011.808;538217.863;538211.271;420.2459;-2.7487;-7.6175;
465593.832;520950.449;519420.793;823.6549;363.7343;368.7925;
432302.141;543352.436;542371.233;-58.0096;229.5670;230.1231;
488605.859;534858.192;534166.707;113.0299;519.5416;531.2052;
503752.112;389210.682;384072.738;-194.5712;21.4998;20.2062;
498240.718;580216.132;579279.520;-407.4755;84.0838;72.4873;
491687.261;540557.946;538811.616;389.7554;176.8782;162.5640;
470679.662;565644.885;567168.005;-332.3313;109.6160;165.2448;
463328.204;542394.966;540449.580;910.8538;415.4618;410.0650;
420570.792;556807.077;555593.458;-199.7722;-5.2341;-22.5856;
102629.784;594211.294;596359.341;-394.6342;39.8574;39.1524;
448756.969;515350.514;514487.662;-394.1930;-352.5775;-343.7358;
499514.455;464824.907;463619.120;337.4789;-209.3851;-216.3945;
474404.979;510867.484;509630.876;486.9704;-566.2653;-587.7521;
477082.562;514192.296;513422.646;-782.0236;632.2488;639.6347;
471475.481;551499.770;550870.851;-802.9754;-426.9909;-442.0341;
391957.670;550166.313;546275.454;168.0814;378.5815;369.3664;
594374.695;414382.336;416600.104;183.4967;-445.4042;-451.4807;
479145.146;508974.180;507700.150;618.0767;-431.3655;-441.6170;
531351.987;511838.825;511204.375;-121.0983;120.4977;112.3238;
460958.790;540439.445;539651.467;241.6345;-550.0391;-541.2985;
354661.626;533364.086;526041.446;-152.3232;167.5383;173.2810;
555864.677;577641.045;579750.852;-168.6525;334.1068;341.0934;
680703.283;636461.386;635673.760;-277.6144;-75.2660;-75.3655;
495444.652;521341.995;521168.513;44.6368;-647.3952;-615.6991;
113421.289;652444.099;652031.419;111.0676;63.2199;63.0961;
527317.207;495008.997;495891.772;-438.7628;-307.7461;-292.2739;
465884.555;533350.619;532836.896;-84.2269;71.1784;58.4556;
479274.919;525345.128;524755.925;-1200.8216;427.8742;413.0455;
487273.919;517945.000;517345.896;527.9610;-75.2059;-95.6331;
484598.244;547701.565;547200.860;114.0927;-570.4969;-574.4792;
478561.453;520314.845;519633.703;-846.6720;376.1497;356.4120;
502503.278;534174.018;533810.881;425.8258;-397.6015;-434.6243;
429216.260;321685.917;320506.659;-1.6532;112.9840;121.6387;
482637.158;523167.397;522852.009;-1324.0923;-110.1376;-167.0116;
744151.604;473761.483;472948.810;-148.1152;29.8993;27.7650;
595313.781;540730.738;542227.354;857.5420;-226.2506;-223.1128;
514896.820;517920.188;517531.856;-677.1198;360.5956;373.4679;
464033.842;542658.636;542547.680;-699.8238;-143.1465;-156.4437;
473805.658;500070.423;500670.424;-249.6361;-348.6532;-327.6681;
439234.554;596056.951;594795.068;-13.8382;3.8474;-3.6382;
490336.561;535015.904;534724.263;-307.2915;-557.7119;-550.0857;
484195.642;531620.373;531066.488;363.4265;250.5593;261.1185;
475114.243;457638.242;454746.004;446.1757;-358.4588;-372.5100;
371235.414;594937.328;594325.705;343.6707;-183.5568;-198.5044;
477640.382;539687.323;539330.875;-56.8554;221.8147;201.0426;
474591.120;548144.193;547117.361;-170.1646;173.5657;178.0267;
492517.439;496015.635;498546.423;860.7996;-155.9612;-61.7435;
496858.956;522913.760;522230.770;796.6554;114.8506;112.3682;
464710.769;526435.524;525673.443;241.5780;94.3460;113.6296;
474279.733;527869.443;527007.438;-544.8845;629.8449;622.7425;
430707.383;487785.273;486429.220;-278.3305;-104.3204;-86.2077;
485110.101;536554.361;535909.702;1224.6122;-471.9680;-401.0563;
362286.324;312247.144;302235.909;74.7669;-228.4055;-239.8879;
476753.708;533371.187;532816.106;-63.1440;-98.4901;-106.6503;
758718.444;633872.809;632847.505;56.4086;-43.7420;-44.4648;
944922.756;642484.428;641410.520;16.8406;-47.6260;-48.5383;
533375.972;435986.289;439023.994;264.5086;-126.2262;-121.2930;
453878.078;527889.838;526023.771;-578.5586;-762.4939;-804.7132;
440878.865;502664.441;501685.111;-548.6194;151.1045;151.0339;
53465.001;388981.482;385735.597;-228.9616;-83.0323;-86.4128;
432320.280;554476.147;553939.907;204.9544;417.6571;412.3856;
605194.040;628192.209;629715.608;421.9802;61.5099;71.3033;
479861.387;524713.959;524130.870;1088.3870;222.8441;206.4412;
690501.461;501741.247;497411.962;-216.6749;45.0291;41.1929;
506629.354;535906.257;535030.572;195.5475;252.2496;243.7082;
572368.747;512393.740;513726.205;-164.8565;-40.2921;-29.2956;
526114.228;554397.825;551226.909;588.8543;-308.8632;-319.5187;
912267.676;733312.010;730817.233;2.9158;-17.7644;-18.3984;
518584.914;554203.026;554458.630;-193.5937;100.3955;99.9406;
479881.664;519050.592;518228.173;724.4372;273.1630;289.8653;
490483.126;521925.643;521325.339;84.8810;837.1384;866.8356;
476289.323;516169.131;515275.686;807.8014;430.7311;423.7325;
463565.616;536944.009;535941.345;-308.6226;-110.7237;-104.1118;
481431.574;536750.575;536555.930;302.4585;-76.2320;-61.6975;
433896.053;237260.991;235742.129;22.3723;32.6125;31.9434;
457309.669;524331.012;523360.401;630.7226;-497.6248;-527.4293;
505836.991;584939.190;582710.858;282.7528;-31.3622;-50.7760;
855915.009;442373.821;429731.315;200.6100;-167.6889;-185.1599;
424820.982;433721.109;432721.464;-348.5477;-40.8770;-48.9942;
500994.351;524584.483;523896.707;551.9852;78.9611;82.8334;
466447.142;520493.627;519570.649;-1140.0264;-60.9755;-59.8069;
492476.541;540701.464;540278.955;388.4213;-49.7176;-14.3194;
817359.119;901909.325;898449.125;262.0992;94.0690;87.5470;
348575.287;454288.726;454672.279;151.5972;-51.3350;-47.9430;
537425.830;610022.309;607038.394;254.8916;-41.3564;-39.9203;
431939.036;551589.222;549367.162;590.0659;51.9759;74.8200;
494285.489;528198.124;527389.628;730.4598;-472.8908;-458.3515;
392053.213;339629.056;334016.668;-77.7314;159.5965;151.3233;
468358.564;540900.745;540041.892;-40.6553;193.1376;164.3949;
485952.218;515215.783;515035.008;133.6915;-452.2049;-434.1650;
378696.284;605319.764;600364.143;-62.4214;189.5223;222.1656;
482431.653;521228.100;520482.508;265.7192;284.5188;274.3910;
458942.084;516173.009;514862.945;205.7952;-368.8896;-380.3395;
486195.438;522042.016;521627.884;-876.7477;-318.6577;-346.5937;
792198.177;485213.811;479901.395;127.9544;-71.5517;-77.5683;
605703.006;530251.266;536591.754;-79.8194;-466.3069;-431.0075;
488676.761;520750.505;520029.945;200.6418;140.4837;133.3705;
458865.464;551283.661;551371.020;635.6122;-452.7140;-459.2835;
435980.264;552560.248;551605.738;-447.1116;56.6833;80.8767;
476435.105;542669.464;541775.215;400.1199;202.2672;188.6931;
542624.423;477688.852;475694.178;353.0306;-115.8885;-123.6127;
475095.235;481450.849;478742.701;78.1484;-74.1174;-85.8096;
379851.285;612616.404;609120.323;-260.0300;121.4198;96.9104;
508378.711;547263.830;547012.258;-295.5720;-242.6751;-255.0158;
491759.533;527438.900;526987.254;85.3899;19.5368;16.9771;
503282.023;535226.874;534988.702;57.7440;435.1146;412.4986;
471985.082;534682.052;533819.366;-508.0680;550.4225;554.5145;
452143.436;519764.810;518406.488;2.5394;426.3084;428.2116;
519745.577;559705.843;558890.611;-250.9858;288.9470;278.2842;
514849.515;536202.178;536407.820;239.4932;597.4828;596.2254;
970073.614;628563.150;627105.224;132.3338;-36.9190;-37.9139;
443786.240;540032.428;538853.358;-97.4442;-134.8268;-117.8234;
522633.302;501196.930;500315.730;-98.9405;-28.1485;-34.8297;
659829.799;496599.434;497099.626;73.0137;236.9241;250.3007;
511116.336;538149.128;537948.730;-367.3185;314.7736;276.7992;
517679.379;607187.036;606341.472;-430.8577;-154.2579;-185.2175;
482534.318;539011.482;538586.051;-158.1247;-638.4260;-652.1372;
479598.975;518372.278;517355.797;691.5032;609.3804;622.0615;
499169.128;524383.937;523873.477;-836.5745;-127.3638;-100.6048;
469103.157;518893.960;518183.572;86.9641;302.4239;296.2237;
