# This file was created for the Modelling and Simulation course, RUG (September-November 2019).
#
# Project: Simulate colliding galaxies, using Barnes-Hut algorithm.
#
# Students:
#     Stefan Evanghelides (s2895323)
#     Hidde Folkertsma (s2759799)
#
#     X         Y         Z         DX        DY        DZ
568608.271;512902.732;510188.331;-47.3177;-144.0121;-88.8891;
530635.392;568819.494;562014.682;572.2304;-180.3048;-181.2993;
451682.988;393666.176;402985.830;-328.0331;-5.1700;1.6216;
525074.593;547892.316;543623.989;1017.7856;-862.5508;-696.6798;
504413.137;562478.899;556798.308;-291.0938;115.7561;80.9749;
574135.946;436540.609;442539.578;-349.3517;-68.6741;-71.3464;
578224.547;933226.449;953440.989;-25.5061;-40.5056;-35.3859;
506302.955;803800.378;807620.739;-106.5334;105.0501;81.4305;
536749.721;548459.991;544032.459;-695.3658;-655.3607;-1576.8392;
552583.092;496838.754;503783.252;757.4346;-300.2653;-157.9828;
517978.110;539732.629;537781.817;-279.4492;-51.1490;-36.1423;
513223.613;705985.251;708193.527;-210.7040;-115.0636;-113.4060;
531645.809;555943.358;550816.884;166.4162;70.8186;6.9052;
512799.581;594910.502;578978.908;10.4542;478.0712;417.2607;
413159.762;362263.637;349661.330;185.2695;-16.1932;41.2883;
460551.018;544985.338;535023.144;-196.8451;-16.6059;37.6727;
533810.966;550405.764;547043.787;-369.3330;440.3860;419.6204;
530089.904;464047.583;478151.775;-91.9673;26.8185;-0.0316;
423587.390;581491.876;561241.878;-136.2436;121.0979;87.7762;
530845.471;566942.197;562265.454;-841.6902;523.2158;374.3600;
540387.513;552184.571;547286.638;-523.0154;377.1977;280.1522;
521338.340;530534.776;527854.222;752.8309;138.8542;240.9395;
522156.425;540153.149;537031.279;292.7875;174.1134;230.6143;
513762.661;531009.578;529019.778;-163.9003;-95.3720;0.1446;
545711.037;555767.567;551567.957;-362.1818;-467.3505;-404.3621;
820672.913;188037.868;187665.142;-62.0054;52.3156;51.9092;
672312.435;613164.942;658529.365;64.3400;-75.4732;17.2243;
543952.567;541981.658;538403.834;372.4386;-816.5083;-633.6660;
527634.856;537301.031;535220.473;-664.2417;-524.0185;-370.9268;
284358.725;504274.365;515050.048;67.6266;-88.4196;9.2674;
457789.036;523098.486;522118.216;527.3722;113.4463;132.4968;
311544.745;562166.297;591053.958;-28.3414;-102.5362;-88.5103;
643655.068;670625.813;679270.887;296.5927;176.6149;219.7533;
499686.662;538324.267;532974.736;862.0825;-138.7583;-74.3179;
524796.044;527469.462;525052.803;-132.3582;-141.9109;-149.1068;
528196.320;562858.418;555844.921;822.6101;-622.8228;-468.6562;
614098.278;622899.753;625526.718;419.8440;-24.1414;47.2870;
522159.604;551196.537;546291.893;509.5639;-259.4985;-237.3819;
535058.826;562491.135;556749.417;423.4149;212.9435;163.5111;
523102.190;552822.278;548842.463;-1272.9139;0.8153;-19.0312;
523975.770;538775.012;536372.105;-15.2576;231.4387;202.9546;
564208.392;577856.740;568717.239;293.7944;353.9260;256.6261;
461449.565;574178.368;567637.049;631.3508;-450.2015;-472.2559;
902272.801;451352.221;446487.566;129.6998;56.3521;50.0646;
869871.216;387715.454;375046.494;169.7768;-2.9843;-0.7318;
538430.432;551443.710;546916.395;-350.4154;122.5352;143.3824;
518788.140;556961.578;551548.699;413.1676;-12.8681;17.3837;
498406.966;541874.269;535608.027;523.2688;264.8820;249.9886;
494836.384;609318.101;594314.999;-291.5455;238.7235;217.9235;
537107.321;556302.214;549875.523;5.4974;-543.3172;-459.1892;
534173.667;542499.652;538039.233;679.4579;559.5317;614.3955;
321409.303;354065.989;327443.645;-172.5028;-2.0600;-66.7258;
318522.880;605623.807;594502.967;40.5123;-171.5231;-161.1328;
712927.983;383501.743;406128.765;139.6283;4.2760;15.0184;
598712.029;616922.792;626456.090;135.8940;-129.1979;-96.8222;
383862.123;700798.964;699581.276;235.5337;-20.4966;-21.8042;
540219.795;548335.921;544239.787;1112.7898;192.6762;135.9677;
537079.832;564123.138;558232.374;87.1524;-251.2652;-236.7974;
530987.938;569788.226;562717.086;835.6642;319.2744;246.1195;
517358.920;560084.471;555029.579;519.8740;-532.3560;-477.6916;
515516.884;538737.396;534941.910;68.9536;-740.9231;-582.7343;
544127.493;551802.829;546786.035;166.9262;-147.4826;-72.3602;
585872.261;523296.673;518362.000;-497.9931;-31.4829;-33.2131;
441091.432;544446.073;544986.307;27.0370;411.0677;412.4068;
527052.684;493934.525;493508.651;-224.1771;-341.2943;-247.4901;
235745.884;636955.979;587757.113;-184.4134;61.1841;38.9182;
304417.316;543438.261;526591.342;-201.5878;-30.1618;-3.8827;
416919.348;605097.608;600486.069;-67.0813;-23.5638;-4.1733;
509841.060;561460.421;555894.385;-541.9789;-47.1100;-13.5132;
887789.999;434336.975;428857.308;104.6275;6.0284;-11.4335;
514578.399;552747.804;547715.559;-168.5425;-88.9254;-89.5908;
506573.902;553577.715;548649.806;320.6092;94.9766;141.4565;
504782.170;517375.652;515493.010;549.9146;431.9459;503.3942;
893937.101;370902.562;378483.336;119.3015;37.7264;33.0511;
530842.132;549481.468;544673.971;-233.1204;47.4512;83.5749;
550136.135;543513.317;540536.771;385.5564;-315.7680;-209.2706;
458291.972;596865.651;593828.069;-325.9762;-213.3782;-179.3010;
518539.137;531559.416;529752.669;4.0617;-504.4692;-343.2708;
542547.648;543928.733;540294.316;628.4925;-107.5513;-79.0613;
525742.546;532390.690;530201.331;141.9391;-250.0593;-135.7218;
339141.823;348584.000;337369.148;72.7474;44.2492;28.3695;
546999.607;561053.973;556354.100;-417.6399;103.2094;170.7792;
561181.451;131127.701;114206.970;136.4488;-33.5430;-33.9952;
526870.132;565412.446;558969.238;90.1875;548.2695;516.0858;
719496.598;535722.205;535112.749;-129.7708;-71.2057;-70.6634;
802019.328;539838.581;538601.677;-241.8743;-66.4683;-64.6020;
527153.806;549076.935;547845.922;247.9884;1441.1088;891.8741;
535185.385;577884.453;568693.829;-1044.3848;63.5763;22.7775;
292732.404;547644.685;538493.033;-45.7999;105.9923;195.2323;
623152.534;454310.028;453563.929;-127.2903;-80.6551;-81.1420;
939890.926;548646.275;547140.148;68.4070;-93.0781;-99.1592;
545353.867;543544.925;540964.096;-189.9945;186.7452;214.6621;
595700.025;519413.132;526734.764;-70.4512;8.8946;9.1433;
515619.024;557729.754;550675.792;-267.1657;-117.6606;-128.9481;
514225.643;586612.840;578006.413;683.8443;154.3759;76.5389;
340097.075;398934.630;414074.650;-122.9963;95.2374;104.4048;
782733.164;637022.961;634315.344;-201.4233;-114.3612;-113.4371;
514863.705;552515.714;549027.739;-748.9614;125.4936;146.3861;
522450.144;572801.182;563287.793;-173.5193;372.5430;223.8404;
499045.845;546404.049;543344.453;925.2544;-339.9645;-224.4700;
541708.287;561277.090;554613.220;-1010.8267;341.4629;366.9266;
426501.509;639099.025;634543.126;216.9001;70.8533;97.5769;
528078.174;560481.610;555641.268;728.1325;15.8057;-16.1244;
461226.996;355875.496;338159.320;1.8010;126.8892;92.4254;
534494.245;559469.433;551118.500;711.6671;-677.0619;-510.7487;
485942.274;480088.777;487381.649;186.6940;397.1109;411.7549;
955094.902;307820.527;318813.731;-41.3219;-9.1381;24.9780;
614755.446;514404.372;507089.366;-0.0609;-314.6954;-342.4808;
532769.144;534965.354;533449.745;-656.2172;-64.3335;32.5053;
531435.918;550000.569;545510.493;-1025.4106;619.1245;635.4922;
524924.007;572248.553;565040.984;-177.1144;204.9918;109.7768;
348091.137;523680.008;523260.782;-127.5808;-198.0692;-154.8079;
375582.098;420110.275;433096.731;-97.9437;173.5177;132.2420;
498268.310;483999.345;508406.469;-81.6675;-237.8319;-156.5247;
521577.397;556858.800;551489.163;678.9759;453.0840;377.9405;
620609.861;468157.581;464888.695;-275.3075;-52.3566;-86.3211;
553217.929;552568.838;547911.883;249.3095;368.6101;409.0127;
541550.332;556451.792;550582.994;385.5569;86.0449;109.7960;
302749.720;513431.838;515209.237;-29.5459;104.8578;-64.2273;
528419.370;554923.751;549524.547;13.6385;370.5435;351.5236;
501935.575;560575.470;556705.256;854.2962;-361.0379;-328.3839;
524987.898;542230.274;537531.651;531.7591;-391.3504;-311.0922;
736837.311;410421.113;415881.013;-168.6938;-0.1648;23.0529;
476158.285;471679.868;498101.215;-257.2446;523.0015;211.4778;
528895.461;552407.473;549109.249;-1026.6026;-115.4844;-68.1295;
565618.948;497853.325;505045.361;364.8303;85.3074;1.6189;
452868.106;548901.235;542514.674;-444.3856;-326.3790;-360.9438;
526742.254;555311.963;551367.839;127.1701;496.4583;319.9060;
554012.248;554995.625;552922.122;-27.7074;-77.5428;58.3209;
580743.787;521437.194;525890.446;7.1739;282.5716;179.0834;
308512.083;524684.334;529705.164;-257.2166;-48.1433;-102.1822;
481743.805;504871.087;503217.485;312.7040;48.1414;87.2064;
547887.587;555341.449;547662.933;26.5768;-235.4034;-223.5187;
529855.941;550850.107;546858.890;-790.2006;252.2276;316.9754;
532608.401;551808.743;546438.759;-939.9114;-68.6348;-63.9885;
525626.312;546563.141;543015.875;240.7155;-311.8025;-287.1809;
544266.656;543134.951;539150.093;-629.6748;-557.9796;-509.0377;
556920.525;547593.689;546807.303;369.1087;855.9902;636.3775;
534826.454;501299.213;505808.239;-452.9804;-360.3006;-290.2976;
519371.969;519115.259;512692.154;-439.6057;-321.0668;-198.7840;
515736.203;278469.001;272891.930;164.7668;-35.5055;-1.3945;
536637.676;560185.807;555834.852;-852.9863;-710.4173;-502.2241;
476929.504;524363.210;523175.263;549.8514;27.3892;-11.4437;
523095.264;547575.335;543251.885;-383.3697;-8.3362;33.0173;
533676.878;553268.768;549023.506;942.5480;779.3798;483.6052;
523264.793;537590.131;535246.335;174.7112;924.5877;660.3727;
532105.844;567661.982;562344.971;506.2971;-27.8777;-65.0976;
