# This file was created for the Modelling and Simulation course, RUG (September-November 2019).
#
# Project: Simulate colliding galaxies, using Barnes-Hut algorithm.
#
# Students:
#     Stefan Evanghelides (s2895323)
#     Hidde Folkertsma (s2759799)
#
#     X         Y         Z         DX        DY        DZ
489879.060;560479.481;559489.632;247.6025;96.6267;99.7865;
478235.080;518826.778;517332.416;829.7201;225.2007;234.9681;
781299.602;544512.934;543764.692;-101.7001;-165.6157;-166.2791;
481066.228;541215.169;539475.778;-210.7949;533.6428;524.0096;
513021.683;535735.276;535628.648;574.6599;-186.2985;-142.3807;
411285.887;636640.573;634121.077;405.0447;162.9862;159.8867;
599856.718;925113.907;935653.796;-7.2068;52.7849;62.1593;
326997.811;515965.068;516419.247;267.8123;-154.2078;-146.1522;
520565.419;573874.269;571859.554;-721.9202;-431.7908;-453.0384;
483398.002;523220.147;522063.416;1130.2926;-233.2338;-192.1756;
485134.160;531951.546;530998.565;9.6362;142.3685;156.1240;
604272.398;562255.624;563357.042;321.3158;386.3925;377.9560;
460242.193;551437.717;549113.582;-552.5357;113.3622;94.8658;
464803.730;558027.622;555549.380;-15.8227;827.9096;817.5956;
580696.611;634890.437;631086.684;-176.0410;-191.4048;-212.1747;
432412.875;472976.885;467527.617;-17.4955;98.9196;96.0264;
487911.093;549883.289;549024.950;384.1660;137.6768;114.8973;
56075.284;610505.873;608177.725;-271.7573;-56.9236;-59.0233;
555249.307;497557.538;498654.612;-269.2694;-117.4751;-62.6563;
526780.815;546362.105;547179.598;-217.5654;-145.6155;-152.8224;
458159.447;509075.576;508325.758;-780.1396;-185.9358;-198.7941;
489089.148;534861.848;533775.369;298.2451;-137.5447;-112.6453;
491637.900;540436.262;539400.106;218.7773;-62.6119;-35.8103;
469800.408;510169.968;509238.121;76.7800;317.9375;318.2068;
462232.057;535903.642;534091.642;-465.7808;-504.3511;-532.6446;
459213.226;549591.863;546529.759;-260.2669;223.1694;207.8701;
880877.149;143257.866;143217.117;-31.4685;18.3102;18.2310;
530369.541;574533.456;572446.278;-377.3710;-355.7486;-356.2797;
473346.594;543634.276;541525.343;308.1383;11.5453;16.5480;
468863.583;529609.135;527813.036;-622.9304;406.2374;399.8725;
731385.374;494061.958;494406.986;130.5015;15.0026;22.0377;
464727.129;545534.872;544074.785;289.1893;-571.7902;-575.0768;
415340.561;424350.716;418459.672;-9.9616;-216.7947;-205.7328;
427798.167;553770.544;550413.754;-207.7343;257.4779;225.4009;
472023.667;527973.208;526805.858;764.5029;393.4612;387.2310;
502148.821;516237.272;515713.330;-145.1636;-235.9045;-229.4363;
474875.036;543516.328;541958.237;-362.8770;-113.9609;-127.4594;
446917.924;426495.070;422256.782;-171.6018;236.1206;242.5182;
448452.027;547409.430;543897.628;-112.4516;-341.2399;-394.6957;
490037.762;544660.349;542750.697;-156.7726;-268.7052;-269.7647;
453385.438;550937.805;548992.153;-459.6247;-151.3641;-62.8365;
491944.686;578541.963;576350.886;295.9139;-85.2364;-113.6162;
488848.901;534354.439;533617.605;902.4200;-3.4883;31.3232;
457433.071;504272.143;502986.370;391.8815;13.4267;39.3416;
593815.460;424894.547;423859.020;300.0777;-80.8958;-72.3124;
606261.261;437986.402;438460.052;335.3833;-145.7514;-129.7834;
498870.140;549185.518;548742.575;-371.0571;-551.6241;-576.9043;
440290.483;539107.735;536261.038;43.0574;-357.4198;-356.8075;
474105.699;499374.147;497565.964;-777.8939;-134.6969;-165.0981;
632614.587;300275.883;300245.696;92.6063;-326.5448;-334.5633;
488830.023;531141.426;529896.348;1051.5442;372.9965;365.2317;
499062.475;513052.411;512984.502;-93.5565;-390.4932;-396.1414;
460137.384;528752.307;527160.086;1093.7455;31.9749;54.7243;
373450.695;579304.257;577216.058;275.8834;109.9120;133.9468;
489064.153;652896.347;652178.562;-237.5761;156.9195;142.6889;
576466.953;606448.735;607108.765;-421.7755;-139.3841;-133.2434;
486673.225;536373.470;535791.869;257.5422;878.6070;855.2068;
150214.715;669875.616;669413.171;130.6526;52.4355;52.2415;
504403.126;520007.192;518780.212;-858.7375;-313.3869;-344.1375;
472172.543;534779.254;533520.027;-133.4221;-47.5384;-44.7015;
486632.062;554783.219;553401.616;671.3789;-559.3933;-545.5809;
479995.915;541411.438;540151.142;-443.8260;180.6794;191.1270;
461494.329;566802.887;565162.620;227.8470;-412.7874;-404.1684;
504150.269;553944.188;553474.414;308.0677;-459.0515;-432.6312;
524942.778;550144.418;550144.733;15.4775;-321.1731;-276.5397;
430309.667;369341.785;370288.837;15.4102;207.5379;212.7547;
515025.756;512267.254;511577.114;-62.4684;-427.5175;-398.3554;
688970.250;489098.756;488112.273;-205.7637;77.6561;79.6772;
783559.893;453965.978;452961.702;450.7147;-282.8917;-313.3659;
427754.094;562580.071;560055.628;386.6067;-149.3044;-138.8600;
396588.805;491368.942;485966.957;-29.7250;-116.7610;-128.2607;
504370.824;576347.867;578493.992;174.1649;312.3936;310.0043;
545755.188;477365.103;478899.418;500.3648;-280.3663;-262.6426;
488176.163;531270.326;530271.181;342.8252;500.3131;482.0780;
485831.171;532479.795;531189.397;440.1332;-240.8896;-238.5973;
608433.099;418432.096;416438.610;365.2119;40.0954;55.9555;
568873.636;481648.898;486286.978;504.0096;-351.5223;-360.9391;
472561.686;543689.792;542474.804;-238.9023;-17.3225;-49.4192;
467137.006;539865.009;538394.716;-454.3593;-156.9876;-173.2649;
514708.220;548445.576;551436.161;-199.2023;88.1572;103.9769;
486840.900;542519.599;541771.593;293.5155;-436.8991;-437.6165;
494272.791;545126.768;544636.273;1009.7614;-208.2037;-202.0605;
481590.955;555935.655;555132.979;-87.8604;251.8877;253.2347;
550741.347;585895.863;586275.398;327.7515;230.7148;248.3517;
484489.758;558188.127;555970.012;60.8950;-722.0819;-687.4446;
391104.397;252549.906;239708.393;109.7354;-169.7491;-177.2293;
460670.418;542539.194;540254.845;112.8518;-285.1324;-275.6058;
771686.899;618953.239;617724.238;28.6152;-54.0665;-54.6637;
946373.656;626013.088;624637.356;-10.4309;-59.0767;-60.1022;
558731.335;469435.233;466773.879;-103.9639;366.2417;344.3529;
500214.702;556157.896;554574.239;-919.3165;658.4460;621.9437;
422305.692;580771.509;578607.258;320.6620;196.3030;191.5865;
446211.508;497804.030;495547.071;-369.5472;99.0207;85.0147;
713425.340;633128.467;635926.017;301.8867;-15.5745;-15.0149;
492577.458;542510.480;541573.544;-1182.1548;30.2382;-22.4279;
606196.369;514193.797;515345.561;-339.9134;50.3638;74.1148;
483259.434;525787.086;524924.941;285.4991;26.6874;55.0229;
459980.829;565146.949;564740.824;587.3067;-198.8790;-200.8528;
562978.095;447841.184;450989.908;-119.6555;-266.4558;-251.7297;
909055.887;725680.294;723016.282;-24.1426;-32.3733;-32.8550;
499829.741;553003.475;551887.774;222.5142;498.0058;510.6368;
500359.746;544136.731;544010.548;215.3597;72.2234;88.1505;
515641.694;547099.895;546964.623;65.0588;488.4779;525.8750;
521290.362;535656.218;535896.272;18.2304;553.3868;559.5577;
440484.638;541610.950;539011.440;353.5980;30.4333;40.2616;
476377.642;548660.148;546626.563;318.6093;-1.1048;-10.6087;
440733.166;249397.560;247626.721;21.5445;47.3070;46.0544;
433260.171;533847.351;531313.916;-145.0985;-64.2342;-54.9350;
398978.804;524695.405;519387.536;-208.6592;186.0695;151.5746;
902919.421;395673.950;378339.275;113.9712;-140.1285;-153.6355;
340882.368;444533.374;441362.758;-198.7494;91.8610;85.8309;
473085.369;554976.783;553687.902;181.5280;-120.2938;-117.9630;
489773.164;557194.789;556219.830;1004.7264;-282.8931;-269.1870;
488260.979;548032.845;546685.622;505.7626;362.8755;322.8913;
894005.872;927299.160;921895.699;242.7607;73.8640;67.5984;
410851.097;447870.533;448594.611;259.6337;13.0418;9.1112;
513434.763;524227.258;526673.033;-1079.1489;-335.1064;-459.3027;
517748.574;494741.262;495726.673;-208.8328;208.0522;236.3847;
503057.086;560255.966;559438.980;148.6044;-122.1079;-119.9806;
376377.306;396339.058;388760.404;-18.6540;220.6070;216.4508;
487163.319;542479.486;541814.147;-561.2558;259.1825;265.3727;
492470.357;530524.509;529816.613;181.0048;32.8770;15.1073;
376453.383;618147.936;617017.061;93.9252;-146.5604;-162.6559;
488070.553;542863.550;541946.848;-342.9552;77.4571;81.6262;
530658.098;532631.836;532930.013;135.0211;423.5658;433.4227;
468583.895;528398.168;527286.165;-720.0378;183.5581;134.2435;
820473.702;464976.643;458082.821;56.7508;-61.3776;-65.2161;
470093.239;458720.678;450090.289;-589.5284;88.7928;0.2661;
487821.000;533299.898;532150.004;71.2506;-176.8682;-182.8863;
543362.866;493850.075;496217.927;-185.0070;338.9364;325.2252;
556711.387;520274.889;523875.571;53.3750;-45.7649;-22.3626;
483072.614;533543.397;532387.522;-138.2832;191.0914;202.6815;
537969.577;507475.858;510527.633;-453.0924;302.3429;283.9654;
490521.155;524452.152;524368.833;935.2796;-838.8152;-841.5972;
375884.395;608470.745;608055.734;234.9073;-73.8503;-35.1917;
479456.552;523551.958;522466.873;213.7495;-44.7277;-33.6652;
491732.514;534070.351;533208.043;6.5809;155.6933;172.8574;
499886.096;549848.990;548684.253;-272.1582;56.7588;32.4039;
492340.898;546649.038;545897.515;-760.4809;458.0114;459.0997;
505672.839;540743.826;540409.324;187.8575;-809.2155;-781.6805;
470585.809;562470.472;561407.731;-636.6787;-137.2411;-182.8451;
525256.062;533226.305;532644.332;4.5516;357.1234;380.5659;
447386.661;544926.293;541609.824;-860.6733;302.1665;242.8347;
488836.861;522981.046;522539.495;104.7584;-639.4646;-642.9278;
622912.192;559760.316;563453.552;-409.5436;172.3168;172.9017;
495788.321;529424.630;529408.325;28.5994;594.3511;632.1565;
577399.454;483154.919;483592.600;445.2764;47.8150;48.1176;
468285.619;547597.206;546206.023;-518.1100;-200.0347;-230.1840;
492937.327;537048.296;536024.052;268.5046;475.8429;514.7723;
480177.369;563331.054;561735.097;378.1227;579.7240;536.3592;
468059.345;530021.937;527966.430;-72.6537;-101.7433;-109.5160;
