# This file was created for the Modelling and Simulation course, RUG (September-November 2019).
#
# Project: Simulate colliding galaxies, using Barnes-Hut algorithm.
#
# Students:
#     Stefan Evanghelides (s2895323)
#     Hidde Folkertsma (s2759799)
#
#     X         Y         Z         DX        DY        DZ
466194.055;537931.938;537924.480;16.6817;42.2581;41.9935;
475451.076;579325.731;579426.797;52.2300;111.7983;111.4418;
592135.658;900220.669;900211.832;110.9206;-8.3188;-8.3204;
338546.447;366257.157;366249.114;118.2400;103.0680;103.0336;
473889.863;538248.093;538248.013;640.2627;-694.8428;-696.0057;
440817.153;520478.184;520465.325;532.3857;-537.3386;-536.3042;
773626.767;906498.432;906365.747;-83.3205;169.5458;169.4847;
76111.842;551566.345;551544.727;-222.3386;13.2186;13.1359;
638065.206;442294.825;442307.346;5.3436;242.6600;242.4102;
521846.230;557135.879;557158.517;336.4727;-482.6953;-482.6947;
270714.964;526474.694;526413.413;-104.7028;55.1537;55.2471;
575967.691;547264.227;547283.247;249.8368;-191.9865;-192.0420;
523842.418;547979.086;547971.193;776.9524;513.1676;513.6136;
388400.004;472489.736;472480.647;324.8905;415.7068;415.4788;
446843.317;535518.241;535488.199;-1261.8175;-589.2804;-592.3871;
451422.555;533110.631;533105.841;-1555.1896;-285.3275;-285.4471;
476911.472;345963.065;345926.826;130.5473;309.4019;309.3403;
498135.081;660275.949;660257.845;-60.8157;-154.9721;-154.9421;
461223.692;529548.691;529549.505;757.9373;164.4001;164.1158;
471232.866;535513.660;535506.465;678.0143;814.1602;815.1974;
363744.343;521271.153;521192.644;180.5229;259.8999;260.3859;
369897.577;516504.598;516401.015;338.9246;-0.7758;-0.8809;
441416.871;527587.216;527571.779;-58.8362;44.5931;44.6233;
484569.868;396590.928;396510.036;219.0284;106.2868;106.2361;
472440.253;530913.808;530905.833;170.6640;10.3767;11.0242;
459462.053;540025.514;540012.407;918.9855;-124.1874;-123.1693;
450425.201;542631.550;542622.327;638.4665;602.0310;601.9213;
443650.825;528313.200;528305.541;-917.1312;-354.9283;-354.4753;
472272.013;543283.580;543292.182;-199.9575;-314.7872;-313.1156;
463066.992;536677.292;536684.291;588.5537;-123.4435;-122.3838;
464628.810;539141.147;539140.250;-337.6070;12.2205;14.1237;
463045.495;537664.357;537678.956;-640.3970;-216.6355;-215.7080;
808508.028;239578.298;239602.483;84.9529;-65.9386;-65.9326;
411299.941;444641.816;444576.072;297.4295;298.5321;298.5342;
422714.832;516619.253;516572.727;-148.7112;158.1102;156.9795;
402885.976;571822.737;571855.227;-335.0469;2.2327;1.7335;
398535.789;484670.826;484671.876;546.0067;500.6483;500.6145;
455905.913;539210.063;539204.152;512.8630;-179.8551;-179.8066;
936487.033;525420.958;525764.555;-58.9364;-63.3816;-63.2477;
317650.607;424492.854;424441.424;58.8605;84.0788;84.0208;
449701.063;546409.822;546446.106;93.2980;977.7636;978.2700;
427614.785;529453.035;529390.048;275.0001;490.9123;491.3983;
438914.398;538399.599;538404.826;-746.8867;-251.5584;-252.2697;
644992.401;661611.416;661616.847;-260.1403;-132.0948;-132.0587;
487515.118;541779.826;541788.964;233.6685;-37.5849;-37.2101;
535703.538;553672.785;553665.430;210.6316;-183.4563;-183.6569;
494243.432;348737.324;348672.716;-76.2260;-2.8687;-2.8960;
479170.670;534118.550;534114.095;-148.4192;892.4597;892.6843;
444790.532;546583.547;546608.524;-422.8154;191.9563;192.3008;
728550.189;940579.369;940486.273;71.8815;145.2903;145.2303;
802628.706;171014.254;171034.964;25.5951;-48.7746;-48.7687;
494200.931;556980.242;556973.732;-758.0560;-454.0037;-452.2423;
858128.208;619536.854;619498.142;35.3954;98.5311;98.4541;
401858.761;445211.344;445138.069;79.4634;-205.5776;-205.7897;
453428.259;542599.747;542607.373;1027.3706;144.7732;142.9092;
460008.255;553862.361;553841.035;-14.9721;218.2532;218.0234;
484949.681;598584.174;598547.290;-145.3291;-68.4863;-68.7464;
464873.364;539978.638;539980.632;-1221.3226;69.1682;70.0363;
437618.209;545736.751;545745.515;-272.1561;-505.6761;-504.8137;
555781.389;689323.346;689447.989;-166.5082;6.9771;7.2346;
483637.806;537903.336;537916.974;329.5336;-59.8004;-59.6472;
765646.792;498146.520;497975.160;136.7506;-113.8169;-113.7813;
448494.619;566727.742;566674.333;90.0328;95.8863;95.3849;
922889.863;591169.683;591138.500;114.9346;39.7106;39.7273;
495547.520;545265.889;545261.114;-33.7761;-352.2430;-352.8288;
232695.297;371934.534;371861.318;-187.4124;46.9943;46.8967;
153107.537;616575.520;616601.267;-255.7147;89.6301;89.5841;
683630.227;381169.916;381137.944;271.0341;-99.1513;-99.0066;
499972.994;548840.302;548881.261;200.1449;278.4207;275.4066;
433812.187;631618.297;631571.589;-188.5667;-30.4288;-30.7203;
444532.448;542362.366;542344.943;-763.3830;-3.4251;-0.5895;
313162.515;445416.822;445303.802;-333.9912;-316.0582;-317.0864;
588364.042;556970.579;556993.086;-235.7410;-212.9092;-213.2502;
496213.539;564112.725;564092.685;-1001.8998;-217.3323;-217.1987;
481313.452;549460.377;549478.005;-405.8125;74.9410;74.4220;
506086.560;556645.995;556665.392;-230.0910;-510.1652;-510.7570;
456699.458;559693.875;559706.172;390.2174;-335.6116;-335.9775;
588202.186;546945.068;546944.945;59.5830;122.3590;122.2160;
330449.896;548155.097;548070.645;-21.1010;-19.2042;-19.2955;
395209.408;603159.356;603166.417;275.3597;315.1946;315.3074;
469224.970;524182.782;524153.240;-610.7150;185.9449;185.8824;
918878.424;643853.104;643621.178;466.7716;83.2152;82.9133;
678283.395;653388.889;653268.713;-27.6217;46.8540;46.8087;
422911.769;663086.033;663163.460;-512.9313;208.5330;208.6982;
465753.893;519970.589;519957.725;-95.3933;128.7228;128.2599;
734938.457;608916.705;608520.973;498.2382;106.1000;104.7343;
381850.911;574681.923;574632.058;14.8574;182.7498;182.5306;
467821.299;539871.919;539879.921;349.9801;415.0961;415.8517;
463731.642;541100.299;541094.264;-31.4034;624.2280;625.0251;
461686.388;521645.319;521632.704;85.8887;54.2877;54.1463;
407944.208;488749.707;488700.964;-352.7747;-173.4760;-173.1268;
468034.672;518101.668;518089.337;-31.1496;-392.5055;-393.7952;
457994.493;536398.079;536395.950;189.4451;170.0343;169.9533;
450834.325;567362.253;567402.758;250.2003;-207.7698;-209.3230;
508099.226;536368.568;536374.288;-164.3484;161.8405;161.2158;
443582.616;543920.054;543893.990;202.9290;611.9125;612.6552;
469288.425;527877.596;527849.253;-1043.6478;323.0199;321.9937;
450315.769;542819.957;542814.296;1176.8857;-122.0425;-121.8286;
512581.646;587133.235;587119.089;723.8408;-10.6878;-10.7221;
873807.027;481588.861;481557.563;-5.5760;128.2494;128.2514;
477579.187;546680.586;546673.690;554.6370;392.6185;392.8858;
636894.362;509508.683;509321.656;-4.3355;-108.7151;-108.9216;
715456.265;456788.819;456752.028;11.5697;-134.1372;-134.1109;
469647.452;551539.269;551551.823;-314.5880;-49.7671;-49.6760;
386218.158;490647.377;490552.354;534.6887;-264.7416;-265.0059;
569004.877;522260.667;522254.440;-302.0668;-253.2107;-253.1299;
357549.596;510227.932;510112.639;252.0075;127.4401;128.0839;
499786.106;599266.275;599337.104;-159.2749;-406.6146;-406.4727;
548104.114;373511.691;373451.216;-45.7682;-117.2377;-117.2114;
456173.235;558893.033;558898.936;-86.2494;-243.2535;-242.6329;
805097.622;489101.033;489072.656;125.7519;-37.1621;-37.1796;
499221.449;522538.894;522517.450;534.4376;318.4687;318.4880;
482206.846;550202.379;550215.755;1014.7084;-197.2745;-197.5619;
467000.898;532771.447;532752.298;138.5703;453.3469;454.2454;
171693.995;355374.455;355363.097;56.8472;19.1800;19.1671;
485019.418;467724.282;467639.118;-34.7514;46.9922;46.7184;
406273.355;766351.169;766277.685;-136.9827;193.9540;193.8355;
440460.386;556553.006;556518.130;-538.6633;4.4741;4.1185;
506596.204;550931.305;550936.450;233.1327;-295.4254;-296.7047;
493642.388;524607.843;524582.970;279.1186;96.4144;96.7129;
523450.862;527108.266;527019.190;-442.8513;306.8788;307.3160;
447305.415;544530.488;544531.298;-428.9630;103.4053;103.3109;
432203.997;464370.853;464256.965;-57.9095;-239.6015;-240.0533;
388274.133;534473.628;534415.790;19.7986;-193.5667;-194.6386;
446423.083;529636.424;529620.188;-550.4210;-257.7392;-256.7559;
429033.725;445282.906;445219.773;4.5599;150.9198;151.2906;
528188.861;352697.785;352628.935;-200.8148;-165.8087;-165.8659;
384392.816;889752.952;889750.936;12.3691;136.6859;136.6789;
462033.077;538611.936;538602.582;-658.1538;-556.6148;-556.8495;
418794.594;562963.007;562987.218;-23.7065;5.1514;5.4079;
448231.599;538298.121;538295.769;480.4764;236.1003;237.1944;
768110.577;586773.574;586300.702;190.4095;-113.7538;-114.5113;
425829.130;598788.140;598806.961;-171.0809;-130.7273;-130.8112;
482477.462;522878.020;522849.857;254.9602;156.7319;156.5185;
457402.494;525626.577;525619.725;-84.6485;-341.0647;-341.2220;
455568.925;556277.871;556316.908;-909.7512;670.8380;672.9937;
236396.959;413960.976;413966.826;58.3892;215.4587;215.4193;
488710.255;593926.140;593897.288;129.4051;-144.4094;-143.9221;
496975.422;493551.357;493548.169;334.9160;-160.3512;-160.7864;
560464.146;516405.577;516439.076;-83.1953;-241.9170;-241.7017;
453268.399;539532.194;539516.390;-25.7885;196.3293;195.9387;
163639.738;285404.515;285407.155;168.2203;-72.9893;-72.9801;
497524.864;544446.812;544434.680;-805.6673;-312.3163;-312.4224;
434459.271;522744.976;522729.996;238.3005;154.9303;154.7214;
492254.240;566144.295;566159.182;-153.4554;291.1206;291.2080;
554355.886;793557.719;793577.791;163.2930;-130.6984;-130.7052;
468582.763;546196.963;546191.649;520.3187;458.4938;458.7129;
345960.079;553674.050;553595.700;-244.9132;110.2216;109.9314;
458081.086;505222.679;505213.131;-218.5970;201.4697;200.2968;
442851.142;532169.552;532172.939;53.3263;-155.8504;-155.5004;
479319.078;546182.591;546192.250;309.7866;134.8532;136.3415;
475716.480;531708.653;531711.989;-266.3310;360.8196;361.4959;
327435.996;631790.081;631864.056;-150.6804;177.8484;177.8401;
441205.852;531477.148;531470.458;428.4353;225.1813;225.0379;
467966.483;552536.176;552541.279;-346.3723;118.2011;117.9501;
462761.835;539440.882;539420.416;673.5913;-94.7654;-94.2887;
464144.959;535126.450;535093.045;-603.6878;-523.9173;-524.8276;
483847.897;537299.420;537314.634;-562.7563;190.5509;190.5309;
373200.463;555445.894;555429.239;-248.7370;-312.4740;-312.2705;
525599.211;472422.301;472398.385;301.7230;-121.7879;-121.7907;
344564.997;431021.446;430959.404;-239.4142;-410.8218;-411.3690;
669340.689;555103.551;554964.119;35.4079;-109.3502;-109.5137;
455171.795;545716.156;545701.221;699.4971;-239.6156;-238.9315;
471647.187;539633.727;539641.137;-464.3496;688.4036;689.3131;
441875.471;333228.067;333177.977;132.2585;16.0349;16.1146;
449423.788;532472.780;532468.413;337.4689;-708.7983;-709.8304;
458058.749;535747.501;535748.213;840.1132;-458.9734;-459.4749;
438759.311;535766.372;535787.663;-642.0311;-103.9130;-105.6113;
441005.180;512241.360;512213.689;130.3535;-161.1188;-161.7500;
450675.283;538973.519;538990.517;-570.4485;85.0490;84.2614;
461406.531;525534.662;525542.377;8.8044;335.4310;336.3471;
438334.237;530681.284;530669.546;-326.4451;59.7074;59.7666;
