# This file was created for the Modelling and Simulation course, RUG (September-November 2019).
#
# Project: Simulate colliding galaxies, using Barnes-Hut algorithm.
#
# Students:
#     Stefan Evanghelides (s2895323)
#     Hidde Folkertsma (s2759799)
#
#     X         Y         Z         DX        DY        DZ
457474.788;525025.117;524552.524;51.3925;236.2420;229.0247;
494299.405;512090.806;512089.684;457.5247;479.7974;465.0805;
812451.103;619611.452;619174.790;-35.8056;-154.2690;-154.9101;
485696.136;516289.041;515532.970;-1054.4333;-327.1249;-314.8619;
473519.426;539038.044;538329.602;-414.1253;208.6803;198.8904;
440817.106;905152.845;901681.700;-146.0491;293.0154;289.6665;
283563.896;523637.072;522500.722;57.3888;266.7458;270.4813;
601015.236;891658.282;897527.378;3.1956;91.0009;101.5651;
355147.198;588668.928;585700.752;-396.8624;-84.2837;-83.9396;
552365.790;568636.104;570096.898;434.7261;331.1084;362.7419;
470672.711;542353.702;541752.375;-409.4246;247.8460;228.4194;
486066.203;520255.262;519758.995;349.7543;-173.1704;-153.5203;
379572.751;563462.832;559350.043;-152.9532;-255.2389;-274.7619;
476726.800;538501.512;538119.961;69.8322;103.6022;93.9284;
548433.400;542083.437;542146.925;277.2429;-105.3470;-82.9852;
592570.652;631347.001;637619.719;133.4787;201.9236;189.2889;
481823.909;587191.640;585012.261;147.4233;-21.7656;-33.0376;
454441.262;534577.183;533501.048;671.4982;214.8589;242.1959;
193555.720;632919.231;631956.290;-322.1688;-32.8520;-36.5138;
386383.887;554580.111;551739.673;-106.3217;107.7689;106.9267;
495107.899;526996.952;526481.015;-469.1233;-471.0153;-478.5674;
432163.309;564033.755;563315.882;14.5953;497.8765;512.8831;
477904.996;526449.517;525703.309;-111.7335;-10.8075;-2.9367;
474040.034;516584.685;516229.351;144.7420;88.6635;83.2378;
487199.406;519109.095;518671.991;347.2995;-544.1184;-537.9534;
463186.283;546235.230;545286.290;-622.1439;-214.0615;-223.2787;
474306.752;534838.261;534602.080;-751.9456;313.3886;313.4957;
893289.313;137098.517;137085.337;-21.4876;8.1017;8.0572;
500306.397;534593.566;534117.101;972.3072;712.6250;742.9607;
480079.605;528299.464;527799.987;-556.7199;-67.7568;-55.8973;
454992.227;510657.957;508872.435;-781.7759;84.8751;73.1380;
560954.587;520226.182;520721.501;947.7055;-187.6730;-169.5269;
474664.118;539111.525;538726.995;514.2067;28.1407;10.8691;
611162.323;590356.472;589888.943;-324.0219;-134.6868;-133.0147;
432636.919;514107.393;512297.068;106.2785;84.3706;87.1261;
503200.240;543701.562;542650.132;-105.2739;-193.8056;-211.2519;
510438.840;518041.247;517901.284;-370.9268;-51.9448;-62.1045;
486336.322;519969.648;519786.330;80.3313;528.6318;527.1407;
534278.166;393897.617;389311.924;-170.7292;-77.9330;-83.0644;
480506.750;494934.016;494274.297;1083.9862;298.2954;320.0828;
480546.293;542742.803;543540.448;349.4601;-94.0810;-82.1981;
470881.220;488434.675;491254.750;356.5626;-49.5847;-44.8643;
501829.795;517234.605;516175.601;-445.4608;-751.0448;-729.2677;
482998.389;537008.606;536960.339;-479.3209;374.3421;392.5210;
172439.487;587369.349;589553.564;-455.0670;44.1507;44.4369;
493699.575;523888.490;523219.368;1441.1145;281.3393;310.7998;
451101.288;527954.890;527624.897;30.5986;-654.0951;-646.3113;
478959.831;592003.510;592102.673;-212.4505;-297.4823;-292.1920;
454057.425;517093.566;516300.326;244.1852;448.7035;431.4196;
472442.533;512281.725;511669.866;1113.3459;-272.1048;-260.5902;
431194.767;494922.030;493381.488;-687.0605;135.5243;119.0860;
548398.093;501572.214;504085.155;496.8028;-669.4293;-654.1406;
498433.875;544594.237;544230.948;28.0623;533.4085;513.6592;
441880.875;542336.610;540720.878;156.0766;-46.9348;-57.4794;
475236.064;509517.099;508984.332;-21.0040;-664.2209;-661.9554;
413061.116;509171.046;503987.185;-631.8693;103.5777;61.8668;
555192.916;517227.115;517201.922;221.5895;363.4083;381.3965;
723095.132;647112.660;646368.291;-239.5563;-54.7150;-55.0766;
500196.061;513102.680;512584.929;113.5272;-333.2931;-359.6916;
96172.471;641538.280;641147.317;97.9946;68.4661;68.3220;
439697.399;534283.042;534174.886;703.1786;621.7872;661.8978;
455359.950;537845.596;536632.546;518.6235;-383.7250;-374.6911;
444381.781;533532.398;532238.934;13.0432;-175.5897;-182.4931;
483598.495;518538.785;517744.914;-231.2160;-379.4460;-380.4220;
486449.877;496839.056;497003.948;-331.8819;-179.7415;-197.0214;
457092.294;523905.324;523021.124;71.9672;62.3359;59.1833;
481272.210;511129.534;510661.650;-903.9830;-77.0034;-125.0968;
428755.799;306649.575;303883.009;10.3508;68.5088;79.0511;
494121.767;534896.480;534341.217;982.6574;154.1603;143.4488;
766540.095;469641.955;469111.527;-124.7844;19.2969;18.3034;
424266.197;529509.515;527346.542;465.6369;586.7297;614.6430;
537237.095;498312.131;497437.924;206.0961;-68.4691;-79.6914;
561566.862;530828.731;530197.351;-387.4691;157.0868;158.3356;
481808.282;574655.897;574870.751;75.1243;-88.3792;-115.5674;
460491.852;568020.237;568548.594;-237.1023;430.0345;424.8464;
491492.359;516246.248;515531.963;-596.1525;-444.4256;-449.4155;
481415.832;520875.668;520425.609;-159.7169;181.0078;178.9551;
479856.228;558849.156;558412.629;-866.4855;-340.0690;-323.4209;
332572.864;619821.022;619558.696;166.7872;-107.9198;-107.4790;
477658.548;544608.788;543700.559;-18.8683;-182.6460;-173.8370;
476624.646;553390.968;553442.685;88.4928;-261.7627;-277.4005;
513835.986;553585.822;556210.339;-358.9006;323.9292;381.7891;
497611.061;514638.006;514389.846;453.5818;169.2087;171.2553;
453838.101;531138.533;530617.920;36.0587;-254.6860;-264.2491;
458408.683;526557.094;525926.923;-308.4605;-70.1790;-79.5626;
516138.876;563242.671;564272.078;-96.3478;-261.3560;-252.4565;
490674.979;518819.322;518172.533;-1466.0998;-32.2488;-9.6489;
353422.797;353220.497;345408.463;32.3291;-268.1184;-283.0229;
487760.749;533305.171;532914.129;-18.6255;250.5504;234.9139;
748133.024;640600.132;639698.488;72.8214;-37.9290;-38.7113;
941409.290;649207.869;648263.589;26.0428;-31.0635;-31.6599;
478084.892;493314.536;493862.522;377.9279;-836.6342;-801.6621;
560018.224;534514.036;533925.353;-6.7990;328.0536;346.1412;
522559.269;544079.714;544204.612;-13.1810;-478.7991;-489.2476;
92385.245;403067.109;400385.303;-243.3943;-87.8948;-91.3539;
516470.923;513832.878;513864.825;-539.8486;-379.9338;-400.4197;
528991.049;608811.838;608983.899;487.5793;197.8298;203.5428;
471421.858;528159.284;527364.961;795.2468;279.7255;293.7911;
722531.766;494567.913;491063.159;-177.7963;41.6021;36.1563;
476497.631;533997.475;533177.072;-858.2587;-414.5837;-451.1734;
546940.938;528987.656;528136.978;522.8384;-176.1640;-169.5208;
419582.642;562857.046;565610.280;518.6181;108.1125;95.5393;
910595.324;735583.539;733200.551;17.4594;-9.6795;-10.4019;
477093.665;516538.337;515851.064;776.1204;186.0410;193.3101;
468325.483;517623.135;517081.863;-103.5409;-205.4403;-208.4621;
487797.861;515236.188;514948.368;181.1810;792.5813;765.2103;
508616.554;531867.255;531426.384;-166.9789;91.0764;75.6209;
473344.236;520132.768;519263.016;451.8127;-441.9351;-440.6775;
483070.787;516265.363;516103.779;-332.9941;101.9644;85.5609;
430272.762;232498.479;231087.874;21.5112;25.0992;24.4522;
505679.724;535314.920;534785.378;-313.8476;607.0161;593.8993;
468216.532;522704.151;522187.727;-39.2814;937.1576;1002.5851;
817593.865;471394.681;461853.967;268.5665;-184.4261;-204.8181;
487427.189;452038.365;452353.645;-397.3706;-203.1395;-210.7020;
497515.535;518254.446;518025.935;187.5394;139.0923;131.8546;
462981.775;528475.667;527300.023;1363.3729;357.4889;360.2267;
493927.271;527946.499;526896.488;-185.8118;-467.6427;-462.3600;
773147.053;885317.275;882944.933;274.1000;107.4662;100.8010;
328040.677;465137.621;464916.686;96.6424;-79.5747;-75.7068;
485430.883;585286.369;585137.197;384.8609;416.6639;394.2700;
428937.039;521902.416;520409.977;-683.8509;189.8917;168.5594;
465946.563;537172.230;536223.030;481.5905;-207.9389;-181.3674;
406184.569;315038.723;310855.412;-96.9529;138.2791;128.9380;
465687.179;545536.706;545120.711;228.5933;-450.3393;-442.9629;
489367.431;514892.315;514604.092;-32.3376;-622.7865;-641.5223;
411263.648;563522.283;558823.049;-428.7451;373.2658;337.0341;
488844.339;517199.857;516608.901;-223.1448;-225.2614;-225.9273;
520924.659;522095.687;521959.642;580.1831;158.1641;153.4717;
502877.848;528520.413;528029.836;-204.1036;-208.0083;-227.1248;
767636.115;497149.081;492909.768;170.1090;-71.8622;-78.8803;
576340.394;602831.658;600923.606;396.3515;-380.7582;-336.7823;
491461.555;514131.826;513754.676;-6.1429;-17.0744;-14.5946;
462592.066;530343.845;529173.003;-1163.6980;657.6733;596.6746;
509115.066;496998.244;498136.638;322.5073;-25.9261;-7.2754;
486895.687;524272.199;523971.986;415.4655;-457.4244;-468.6732;
448813.173;559114.072;558035.719;320.9412;-489.5249;-468.6071;
496447.159;572175.202;571667.523;-216.6085;-193.0099;-208.6137;
436307.629;567170.029;566380.095;-528.9598;486.5515;466.4863;
459078.985;510201.895;509237.640;608.5281;194.1154;198.8472;
474575.645;525690.109;525011.610;-344.1757;-20.0144;-29.7819;
500395.984;522390.842;521582.894;408.7113;339.2184;338.3684;
448178.701;531312.034;530630.207;-54.2701;286.1229;271.8109;
504382.553;537259.990;536888.190;751.9539;397.8961;393.9102;
437934.429;521560.134;519713.931;475.0608;-421.8901;-412.3556;
441491.360;534943.670;534035.700;-408.1533;-451.5891;-461.6525;
946284.748;635261.635;633989.079;156.0754;-46.9884;-48.3027;
488537.971;504294.205;503714.613;612.0172;-230.6118;-209.3729;
443920.760;535857.164;534259.061;267.5498;220.5549;223.5510;
621966.381;470386.617;469822.430;372.7187;99.4010;104.8062;
471045.491;543136.089;542930.056;-996.5896;-98.7555;-97.4963;
576612.453;606250.693;608347.965;-261.8431;148.9969;147.5638;
493142.101;535100.420;534331.519;-299.3382;-362.7273;-360.8775;
476018.050;515329.750;514952.655;299.4325;501.1807;500.2378;
491058.939;526831.924;526852.486;-889.3578;10.4699;-19.1616;
487702.661;535706.281;535007.924;41.6727;-288.3427;-292.2645;
