# This file was created for the Modelling and Simulation course, RUG (September-November 2019).
#
# Project: Simulate colliding galaxies, using Barnes-Hut algorithm.
#
# Students:
#     Stefan Evanghelides (s2895323)
#     Hidde Folkertsma (s2759799)
#
#     X         Y         Z         DX        DY        DZ
453965.864;533703.343;527654.444;-65.8300;66.9843;77.5538;
495387.459;542264.395;538479.656;1227.9876;169.3665;293.6117;
604388.325;419260.178;424278.718;-308.6227;-106.1826;-95.7590;
503470.748;543245.910;540242.295;-503.2534;-557.4917;-668.0076;
501923.694;539134.867;534970.969;961.5054;-832.7365;-797.8075;
673649.720;540456.914;541466.654;4.5028;-290.1043;-279.3430;
588750.669;944048.986;961403.163;-19.4071;-6.1377;0.8598;
556444.768;724878.871;738176.969;-105.7250;246.3835;233.5624;
498420.133;496911.445;487235.306;-33.6335;171.2814;302.3167;
455120.678;547234.386;543960.166;256.6716;-542.0950;-583.2274;
504772.847;541119.629;538042.358;71.2650;-349.9857;-323.9965;
604682.529;719164.076;719865.847;-156.3100;46.5925;48.6086;
495919.401;539942.924;537346.188;-294.9109;-8.4050;12.0809;
452009.280;579172.791;575031.637;349.7417;-162.6538;-37.3910;
340198.850;382796.833;365698.832;23.0573;-11.8845;-25.8375;
466781.851;536883.618;533170.499;881.8762;131.1665;224.6192;
489750.447;542832.382;539816.447;-196.0880;320.1232;310.0214;
408005.260;581477.173;589428.661;170.8645;93.9985;121.3526;
602193.808;537510.021;536452.528;-50.4665;25.0152;-51.1404;
506250.240;517095.821;511131.574;-43.1612;-387.1942;-446.7751;
487597.123;543770.337;538686.575;-378.4643;212.9967;83.9931;
520392.983;555460.613;556178.482;-314.7254;426.8088;382.9886;
516476.627;538202.286;536977.077;126.5889;617.4344;693.1619;
509346.031;536214.801;533852.035;224.0391;-383.8086;-355.7231;
513317.363;544685.642;543118.090;-748.4422;-71.4126;-81.9791;
847086.844;166778.232;166582.135;-50.8189;38.9699;38.6381;
536660.256;578753.560;570981.403;670.2517;527.4149;506.5509;
477371.106;546722.016;542416.330;770.8862;-288.2840;-172.3302;
489736.707;547214.566;543482.137;299.6662;668.6711;655.7883;
473207.351;551595.247;545503.178;-1498.3608;49.4703;-188.2707;
470332.970;569810.136;566158.823;53.4396;-419.6061;-477.3849;
448443.170;583725.694;576561.320;-781.8043;197.8501;288.7828;
493992.976;509365.567;512810.267;-207.3953;401.0577;319.1230;
489367.171;491934.656;485721.838;260.0428;-155.9014;-148.3080;
525588.462;516582.451;513320.393;-54.6157;-97.6403;-134.7018;
490186.771;536546.002;532917.455;-415.5997;-29.7994;-86.8372;
572273.574;506545.670;505328.493;-416.8499;-124.8278;-187.9510;
507451.196;524263.564;521500.152;251.0379;221.1140;224.5218;
497179.674;544682.714;541232.514;1390.1551;-192.0551;-110.2148;
478853.423;563988.813;562097.286;191.0763;-318.6021;-350.0116;
509828.299;542668.686;539822.633;-13.3800;-28.5367;21.8323;
414184.965;511666.009;501989.455;41.7966;-29.0404;-31.2541;
391279.005;645865.641;641686.401;-98.5067;80.2090;81.3442;
817701.435;421102.586;421330.329;216.2893;39.8662;24.3117;
788372.204;390262.130;382266.082;182.6160;-13.0679;-32.1276;
498358.234;538087.340;534394.780;865.1920;137.9641;237.8158;
486468.550;548178.461;543956.500;124.9060;-150.2707;-196.6238;
476306.104;571117.063;566485.260;235.1482;463.8526;486.9018;
685284.374;79606.518;72858.462;46.7479;-227.1166;-235.1449;
527341.970;575922.535;581300.799;-315.4724;-255.4879;-320.5605;
497648.664;553381.619;550566.886;1036.8444;41.2566;108.8022;
489346.492;554325.088;551563.268;104.3722;-722.0994;-682.8309;
415591.462;369962.491;384950.865;-233.7190;-143.4194;-172.4081;
334074.262;665062.683;654494.893;-105.6744;-85.0782;-92.5773;
632272.689;399170.351;413410.314;211.5837;-76.1103;-52.0025;
565945.641;534938.181;535007.088;-299.8827;-330.0466;-410.5745;
283161.457;700780.138;700038.999;194.1635;17.9671;17.3200;
494756.566;553734.116;550361.436;-59.6867;477.9188;404.6158;
525655.623;540721.909;541355.875;-213.4299;5.1842;-32.7106;
507092.178;525325.926;523281.856;-644.0143;-171.2979;-210.0232;
501660.142;543504.288;539915.803;-8.2621;-673.7886;-638.6803;
510468.988;560227.943;559665.419;-447.6085;87.5738;-26.2703;
496259.036;524771.672;522306.773;-484.7460;240.6813;218.8833;
537427.960;564368.632;566637.162;774.0449;-32.8110;85.0870;
597720.417;508226.634;504434.838;-194.1256;-248.4728;-302.3298;
548709.364;507771.204;505331.881;-140.1504;36.7009;12.1945;
344996.888;599060.710;566774.905;-303.7470;106.5986;51.9581;
555364.419;544813.204;539862.903;-742.6420;263.3585;137.3932;
505879.987;560642.441;556651.559;-293.0936;517.3534;418.8049;
502625.026;562090.184;560556.248;-85.6044;-521.3549;-543.3889;
824904.299;440400.607;441388.063;194.3296;-0.1088;-7.9844;
512558.611;531738.128;529279.320;14.0117;219.2096;262.0649;
506749.181;521195.138;518287.161;514.4475;-259.1915;-164.9644;
524889.917;558525.580;556734.924;-1161.0930;22.9969;-62.5976;
816755.858;367934.329;371999.373;210.7014;-27.4604;-11.2523;
501249.503;539306.926;535429.215;392.4852;53.7726;112.5114;
509988.149;539479.566;537141.961;199.8662;267.4630;279.1108;
435768.819;563003.832;554320.603;-469.6760;-342.9260;-368.8278;
514037.915;557325.062;556603.426;344.3372;247.8270;251.8057;
490302.439;545139.771;540404.846;82.5861;-368.5116;-390.1774;
499386.666;527871.605;524413.152;-297.2409;16.5540;-21.0857;
357157.246;385181.798;363473.195;-104.9707;-215.6898;-246.0074;
513449.321;539720.972;537376.716;806.4172;677.4989;703.0157;
496946.517;155980.406;139653.985;136.7932;-73.3539;-75.5022;
495039.225;551093.975;547229.835;772.0169;105.1354;81.4864;
761674.799;568731.416;567774.368;-56.0988;-67.8890;-67.1329;
888622.821;570340.116;568297.932;-142.1425;-67.8220;-67.1577;
465426.060;555993.394;556586.890;802.6750;-175.0400;-268.7156;
561856.900;557295.127;554555.939;152.8160;542.6928;505.6236;
368698.104;484163.086;473359.321;-275.6339;107.9155;64.9708;
557014.843;557276.786;558957.737;805.1163;-235.2197;-201.6045;
890591.720;590184.641;591394.505;147.4998;-78.2415;-82.8347;
510675.634;536920.121;535028.393;47.3712;228.5798;233.8430;
449240.999;556669.443;558701.046;399.3825;-91.0902;-111.4049;
503946.373;544494.955;540763.678;482.6191;-635.8999;-576.0046;
520924.879;532273.347;530092.265;-572.4467;-406.7617;-459.3801;
422213.985;371128.597;376963.530;-191.3282;41.5669;53.5914;
854372.486;681328.802;678466.050;-114.4681;-77.5721;-77.5055;
534258.468;542912.048;542798.152;-377.4812;156.2487;150.5371;
511080.778;544400.281;542431.272;1322.4498;-175.9528;-96.4897;
479625.679;523105.122;521578.098;284.1304;-18.1573;19.1040;
520068.904;558262.877;555829.897;497.0309;360.2592;359.3490;
454397.616;533786.575;528023.489;-683.4808;268.3381;266.7608;
477035.521;547608.165;544136.356;78.0843;50.3910;43.5999;
458926.215;303358.910;299702.227;22.9324;90.1306;86.6453;
512156.680;548436.777;546269.515;-892.5566;-91.5499;-12.0097;
460854.198;408740.904;426272.203;3.0905;-6.3143;-2.9479;
956570.715;322006.822;316628.266;34.8003;-49.5019;-14.4257;
391774.631;577472.115;571725.470;445.1720;166.5169;171.7224;
480809.542;540785.173;536873.668;175.0420;672.7897;681.4778;
502801.289;552607.577;550873.123;-701.5259;679.4442;611.6355;
476100.518;554575.007;551009.979;24.7512;266.9398;274.4227;
448259.583;600538.490;589691.934;-344.5525;-34.3933;-83.0337;
460048.464;392211.368;409503.266;-241.7030;-95.0611;-65.6710;
517495.124;612640.581;615331.981;154.6507;191.9647;276.1042;
493524.748;533352.239;529843.071;-49.1172;485.5098;487.2651;
647753.535;512197.635;520098.994;142.3203;-167.2965;-168.6649;
496042.596;545613.456;542275.014;-372.0980;-117.6892;-186.1504;
491770.937;538539.165;535618.128;864.7694;546.7802;589.9621;
381961.885;536691.881;542803.187;-476.0390;-162.9339;-41.4299;
495985.250;534740.414;531343.874;-422.9765;27.6777;-44.6685;
492689.199;572934.897;568030.186;-334.8889;491.4872;499.7216;
507872.011;538825.469;537368.550;310.7662;-433.4587;-429.5283;
798188.860;419670.069;414530.779;-107.3066;-36.1630;-14.8521;
601410.861;479419.639;496176.094;-41.9236;-433.9204;-210.3687;
487047.016;560019.838;556563.086;406.4248;-53.5541;28.0331;
618130.627;598980.498;618363.206;45.6620;77.0257;109.4941;
461963.056;506715.263;506340.438;206.2068;-446.2141;-407.1260;
483201.121;547247.399;542615.053;630.5010;199.1133;213.6013;
508817.344;559478.190;562180.344;-553.0054;-234.0272;-334.4324;
462149.988;510545.919;514625.358;548.0953;140.5466;149.0291;
560572.535;545505.032;541725.580;-825.9349;81.1133;149.5122;
495166.248;569353.809;566065.878;-460.9040;-111.5787;-142.6669;
516477.081;549313.065;548478.967;184.2509;62.1816;90.4957;
504614.110;540624.135;537708.789;-253.8200;348.1190;328.2756;
495398.693;555712.743;552687.792;-378.1857;-212.2645;-308.3457;
488072.718;553802.677;549658.729;591.0445;59.5545;60.7827;
512016.431;541339.213;540480.900;610.6550;96.5623;166.5575;
441386.575;571456.638;569578.201;-468.7871;-23.1243;-119.4143;
552460.802;586432.456;592070.535;278.5573;-257.3766;-258.7796;
583255.264;529044.353;528570.935;-192.5586;-152.2908;-141.2108;
439068.088;328698.103;311387.079;141.9280;-181.1972;-190.9630;
502740.384;563948.491;561074.525;-19.1591;35.7958;-1.1597;
572968.181;531857.328;528927.998;606.0343;-88.5563;13.7176;
504766.957;544004.450;542001.645;279.2045;362.0612;336.4888;
558276.713;535438.525;533337.432;-32.0279;-185.6213;-241.1966;
500921.951;543186.089;541181.377;-1454.0324;447.8097;497.3803;
508619.806;545711.102;542941.275;-333.5104;-224.7961;-217.0842;
