# This file was created for the Modelling and Simulation course, RUG (September-November 2019).
#
# Project: Simulate colliding galaxies, using Barnes-Hut algorithm.
#
# Students:
#     Stefan Evanghelides (s2895323)
#     Hidde Folkertsma (s2759799)
#
#     X         Y         Z         DX        DY        DZ
488519.883;519635.852;519345.953;66.6054;-244.5558;-242.7717;
468341.771;543526.880;543329.282;290.7750;-289.3625;-280.4576;
814450.957;712403.737;712287.910;20.9160;-125.7556;-126.0525;
489391.319;526110.768;525994.820;-698.8255;-375.2151;-381.7942;
457406.395;533620.842;533392.471;-224.0497;689.7944;701.7049;
538902.736;675619.447;674702.963;-136.7162;469.8313;466.2451;
393926.043;401685.169;399441.442;-328.6703;54.8938;54.0847;
596640.935;804212.711;803200.556;21.2980;226.4364;229.8287;
534419.392;540744.353;540486.192;-339.9539;332.8587;332.7117;
208837.607;512241.175;510030.210;147.8891;-65.9111;-67.7438;
982100.832;595801.315;591618.722;368.9741;25.5431;20.2785;
461647.765;550202.540;550296.372;-293.3602;319.7639;328.1578;
458524.774;530258.236;529795.706;-0.6416;-174.8548;-177.5083;
381681.202;441304.437;439601.300;484.7434;11.5984;11.1671;
34718.778;488841.593;487598.982;-315.9531;-27.5351;-30.7075;
472405.221;529304.723;529047.677;327.3192;208.1993;216.8861;
538917.071;512531.582;512508.140;191.9395;127.1860;122.2698;
255916.543;473538.986;473146.728;244.4594;66.0383;70.0273;
395669.683;573257.512;574500.073;116.2479;-56.9527;-81.6207;
436201.035;540617.148;540336.605;432.9131;-194.2346;-193.0266;
464537.597;610081.025;610470.294;-514.4964;203.2128;205.0359;
582769.716;539075.608;537981.182;331.9913;-27.6831;-38.5313;
468026.349;516426.252;515939.960;-276.3264;-304.0285;-302.1986;
675736.223;562212.129;558004.363;53.0604;-113.7155;-117.5639;
484989.709;540438.012;540864.263;99.5486;-470.6911;-483.5526;
439681.502;543729.780;543274.253;-376.3009;71.4138;63.4861;
446064.864;534379.324;533979.790;157.2660;-567.2107;-584.8123;
503278.197;523580.275;523556.255;265.5104;213.7969;231.9258;
467810.862;521734.107;521211.800;-192.7977;326.6284;330.5857;
902892.772;136087.265;136096.170;-7.8855;-4.8930;-4.9185;
585984.405;459807.979;458041.668;-63.0635;286.1429;295.0805;
457285.463;536678.160;536607.511;-390.5227;-539.1902;-551.2083;
497142.673;551668.982;551986.676;53.6378;-122.8291;-116.4272;
471627.604;593463.840;593390.989;262.4495;-14.9372;-20.4326;
455791.041;531921.022;531681.519;-85.9337;12.1955;17.5045;
549835.126;568655.155;568742.868;598.8260;214.1180;220.1607;
439974.851;531487.105;531061.072;-218.0774;-128.2247;-126.0708;
452538.328;545168.309;544961.288;-145.5915;-317.4739;-313.3688;
438085.980;519827.017;519355.266;-328.4293;-174.0640;-176.7340;
454631.702;536112.303;535749.705;-62.6574;403.7975;406.4340;
417731.737;569220.919;568391.305;887.3671;142.7175;161.7818;
438695.082;531025.528;530634.593;-487.3702;-706.1942;-714.7151;
464727.780;574073.116;575403.218;468.1587;-106.4791;-151.4135;
468890.203;518611.066;518342.963;1233.3454;-232.6492;-267.9763;
416092.024;541290.625;539674.774;356.9102;98.7976;97.6993;
493384.230;554500.777;554658.583;155.6492;238.0714;252.1620;
581965.775;428944.034;428669.920;-305.7594;363.1928;361.7057;
492992.735;521017.632;520852.334;468.0496;422.2503;439.8982;
610755.677;680656.283;679372.135;-218.8508;-86.9477;-85.9360;
571190.613;639349.794;636394.944;-28.3470;47.3696;45.0963;
470801.249;553786.206;553920.717;1152.7130;85.6449;98.3693;
463828.677;527757.214;527463.966;-563.9460;384.2242;391.5943;
574895.507;526629.336;524967.619;-150.0530;-210.6084;-201.5911;
196775.749;466399.208;467070.727;110.0110;166.2333;166.7098;
477587.788;557413.275;557154.473;-283.0415;116.5005;113.0692;
447175.523;531885.095;532021.005;-207.3313;-906.7636;-917.8290;
456858.919;520915.172;520512.549;399.5070;-233.7448;-237.4258;
536005.954;674373.937;672637.360;87.8199;-95.2576;-98.3705;
435177.103;588087.356;588391.456;-361.6015;-54.0723;-48.1986;
851127.758;662333.930;661790.988;-170.4420;-15.1820;-15.6979;
475792.957;519321.391;519039.248;393.5931;-323.7365;-333.4039;
47089.457;593121.042;592825.584;52.5394;78.6491;78.5098;
419748.261;534784.897;533561.160;652.9410;-84.3199;-83.0014;
458974.832;506715.486;506001.643;289.1505;-446.9934;-457.9608;
446876.553;524700.344;524327.362;-948.1158;-191.3092;-196.8852;
54170.966;9219.238;8184.569;-10.4946;-68.8138;-68.9484;
461953.755;542695.390;542676.997;239.8286;-165.7483;-181.5090;
480632.238;523260.064;522833.091;300.7706;-579.4087;-562.2866;
474134.298;517301.253;516682.350;-60.6279;214.9582;230.9474;
438176.398;538009.406;536997.695;165.6232;645.2610;646.3293;
424495.073;294100.314;289012.945;-24.9201;-25.8048;-27.2284;
468642.782;554274.283;554556.889;-799.3480;150.4566;155.0073;
819917.110;473427.999;471243.352;-30.7204;-26.3199;-24.5001;
373836.945;594615.495;593181.604;395.6785;194.9174;193.7881;
526983.512;501295.960;500180.479;286.3479;-169.4712;-177.6782;
649176.501;449346.782;448372.093;4.8629;82.5731;82.3992;
448771.789;512209.918;511531.737;-102.4259;298.1647;293.4974;
466756.086;479652.655;479229.029;-114.9969;347.9631;347.2377;
460093.030;522127.490;521707.504;-618.8346;38.8309;33.0559;
446096.335;534495.415;534216.016;148.7113;-468.8536;-478.6713;
487350.246;521449.106;521012.101;-322.6757;703.2579;701.2858;
332354.606;618914.152;618675.807;-186.1810;119.6478;118.9520;
506410.062;539446.527;540402.939;581.6122;-183.6680;-177.2736;
446585.621;534087.576;533816.706;-345.8143;-568.1914;-579.1222;
427145.222;500721.364;501148.597;785.8419;29.6987;63.9439;
475259.537;532294.565;531934.301;38.2637;171.0408;168.6263;
477752.750;556174.617;556400.913;-158.5378;-479.0059;-481.4551;
464790.190;544780.061;544733.774;335.0774;397.4987;415.7779;
481706.440;502466.550;500964.337;93.4991;-404.0824;-425.3307;
482444.137;499176.224;498286.424;-803.2550;-244.6886;-264.8636;
570820.459;555786.295;555583.405;-640.0329;170.4608;168.7000;
479634.826;535875.762;535722.119;-54.3420;-413.1360;-420.4346;
683333.664;663660.238;663410.413;126.0563;-20.9567;-21.9675;
872226.208;649720.139;648909.995;183.4962;2.7483;2.3397;
499321.972;577596.082;578744.414;236.4022;87.9889;108.7670;
559299.327;574576.663;574139.153;-106.5063;428.4684;423.0517;
473693.520;502854.073;502822.379;-852.9891;-32.3872;-26.8843;
284275.984;473569.084;473301.074;-357.8223;-161.1647;-165.4689;
404912.589;496449.359;495617.692;-223.2314;227.0792;225.8981;
609143.522;448048.228;446765.976;-238.8101;-35.1501;-37.0413;
432169.062;537486.326;536924.712;84.5055;635.6952;653.4700;
818753.897;477390.664;476756.678;-122.6441;25.7643;22.7402;
442497.407;520333.737;520069.848;313.2860;-529.5573;-527.5383;
478146.039;539300.526;539245.462;603.0834;-505.1228;-509.5833;
493598.307;512296.853;512692.697;-398.9340;-522.2664;-523.8832;
879247.649;730331.224;728553.344;81.5786;28.1745;26.9936;
488628.217;530258.723;530564.252;470.2513;-26.2197;-22.0424;
461012.300;524350.837;523789.376;-160.4388;-729.8009;-751.3447;
450765.664;507258.051;506681.679;55.5656;-195.3514;-205.9830;
468494.195;533347.207;533150.709;-533.2267;-415.8467;-426.9205;
460040.874;527630.880;527224.689;-50.5246;300.9450;295.8450;
436787.796;521935.892;521132.809;380.5088;-2.6071;-2.4283;
417705.864;225934.734;224907.157;16.1790;-4.9894;-5.4969;
470904.702;497240.870;496527.784;-381.9882;-11.9923;-27.0950;
519874.617;505316.166;504727.813;-207.4929;-57.5903;-54.0107;
382255.554;510412.787;508570.088;747.8243;394.3853;398.3276;
302165.909;581281.399;581129.776;424.5215;110.3619;115.9150;
475657.801;528818.409;528547.091;-175.6242;-325.2105;-338.1748;
468851.858;530130.233;529424.626;-1371.1264;339.9647;343.6162;
478316.594;541756.906;541611.910;254.3509;307.8711;333.8840;
570523.038;795192.732;796779.788;338.2225;140.1305;141.7479;
360980.692;537698.049;536709.741;-261.5616;-130.0573;-133.9473;
614092.162;482465.017;483459.810;172.6850;-191.8578;-192.6543;
453141.062;546448.146;546474.610;549.7037;-446.6203;-449.9172;
490370.292;528822.871;528500.241;131.4205;28.1273;37.7425;
480719.776;264449.089;262766.148;-96.4549;21.2500;20.8196;
461530.088;534777.641;534365.773;-138.3721;-90.6852;-90.3335;
459501.254;537448.772;537723.797;-790.4696;171.2380;161.4364;
603275.473;537000.096;536925.172;348.8511;-163.9242;-170.5230;
468166.417;536491.415;536419.975;172.4648;178.0966;185.5227;
475666.509;560469.653;560503.859;93.9031;215.3974;226.1032;
474122.827;536245.893;536184.558;439.0831;86.9135;102.8690;
594899.770;560446.348;559504.705;471.3850;-87.0049;-86.8887;
359749.649;533350.716;535524.333;-220.5741;462.4077;433.8262;
486284.868;522525.784;522162.691;-758.7781;-175.8181;-176.2779;
519467.837;571403.714;571482.338;-107.1964;-179.2890;-171.4841;
454978.175;550183.357;550008.370;-741.3298;-134.6594;-135.1956;
446894.273;536466.547;536253.038;-373.4742;335.0363;339.5091;
416574.044;570955.465;571033.437;-66.0961;94.8032;83.1490;
484531.481;521313.979;521106.469;538.3189;742.6372;761.6073;
562963.425;460352.901;459918.068;124.4812;-203.3841;-208.2981;
434894.022;570240.625;570228.734;-246.7623;-223.5201;-219.2397;
471717.347;547726.436;547779.166;-50.0765;-126.3961;-123.6534;
465995.364;522317.436;521916.731;-954.4688;496.0515;477.4755;
474643.168;537243.238;537057.894;-660.7887;781.1159;784.9558;
398495.450;559262.560;558590.340;260.5921;-348.4119;-341.0105;
505802.315;543935.083;544421.623;531.0962;375.5675;383.9192;
507690.429;518900.386;518589.122;689.3835;248.6302;243.6458;
848315.111;676433.575;676275.262;161.3439;-46.7289;-48.0632;
442232.716;549541.980;549565.165;-199.7085;76.1613;88.8450;
464487.225;541115.329;541079.145;696.3413;-210.4334;-215.1397;
534110.842;600715.232;599935.375;-29.1882;325.0448;313.6154;
428758.699;512735.417;512278.077;615.7835;-22.6205;-3.3639;
493254.307;510365.117;510069.444;557.2791;415.0700;444.8605;
444042.139;527376.567;527099.755;176.8238;-309.9590;-312.7114;
439185.550;551395.635;551313.841;-439.6548;-78.3243;-82.8101;
470306.754;544581.548;544398.939;124.3565;597.7892;612.1971;
477838.421;532445.262;532059.127;130.0201;-309.3927;-319.7968;
