# This file was created for the Modelling and Simulation course, RUG (September-November 2019).
#
# Project: Simulate colliding galaxies, using Barnes-Hut algorithm.
#
# Students:
#     Stefan Evanghelides (s2895323)
#     Hidde Folkertsma (s2759799)
#
#     X         Y         Z         DX        DY        DZ
446706.897;522588.943;522592.516;56.5764;17.6198;17.5699;
522690.406;511908.436;511903.072;171.2392;-80.3317;-80.3328;
410708.898;855353.096;855346.482;111.8292;67.1916;67.1895;
215893.200;302426.948;302432.192;41.1007;-5.2234;-5.2219;
743949.194;610235.571;610198.127;391.3701;312.4583;312.3082;
514358.667;541295.191;541295.001;-487.7562;-139.4838;-139.5341;
463914.664;526028.411;526031.978;-38.2998;-396.8455;-396.8134;
795365.696;569144.938;569132.048;126.5851;248.6605;248.6021;
688210.268;501503.890;501489.927;551.4860;-150.2041;-150.2600;
686030.832;547027.710;547013.861;84.3106;-29.8115;-29.8194;
470020.076;592258.751;592242.050;-719.2353;-70.3159;-70.1494;
422045.762;678779.065;678791.502;137.7666;88.4829;88.4156;
495597.526;519949.354;519951.630;-1219.5295;464.4397;464.6617;
470796.830;534887.346;534892.865;275.4167;-851.2573;-851.1262;
695054.252;549783.936;549768.604;214.7427;195.5557;195.5219;
608704.193;551464.167;551460.823;-143.3414;120.0664;120.1221;
696129.408;487470.151;487453.373;496.3962;-0.9933;-1.0452;
469845.921;525692.705;525697.283;-774.0800;589.4298;589.5093;
675621.987;671294.153;671235.845;377.2868;-56.6396;-56.5972;
511760.934;520288.924;520288.749;541.7885;321.0817;320.9481;
277120.646;145210.943;145204.533;119.0170;24.3705;24.3522;
535634.777;636434.587;636417.171;17.7389;193.7598;193.7279;
502391.267;520383.961;520386.171;-517.9925;-116.5320;-116.5399;
467224.688;526563.852;526567.261;-226.1499;391.5270;391.6395;
483374.226;528482.185;528483.970;-335.8731;-754.5229;-754.4874;
482077.819;537480.076;537482.135;-100.8092;-686.3511;-686.1580;
460897.920;514039.803;514044.466;-570.8159;-62.2265;-62.0404;
703378.664;640938.135;640907.672;478.5080;303.0497;302.9792;
412393.382;487977.647;487978.858;-438.1174;-252.0701;-252.0882;
501871.849;540850.106;540852.972;-293.3223;-119.4130;-119.3438;
544888.608;521425.919;521425.441;-409.1357;-4.0462;-3.9836;
469681.457;516632.649;516636.963;-432.4377;-175.2176;-175.1448;
410373.144;532714.762;532719.468;68.0967;-87.6180;-87.5484;
500535.982;526229.780;526230.519;161.8444;388.8622;388.8390;
499740.303;537871.658;537875.852;3.8843;-28.0037;-27.9565;
496884.582;532582.154;532584.522;-781.4071;-309.2245;-309.2399;
479237.750;516565.147;516567.246;-377.2977;382.7043;382.6853;
605717.594;406789.442;406792.525;182.6508;-187.8565;-187.8244;
508976.705;559335.425;559330.571;-322.7085;-437.0628;-436.9112;
463284.799;511085.449;511089.157;-756.9567;231.6933;231.6976;
508658.021;522779.751;522780.372;96.0145;235.5084;235.4570;
612248.287;545025.128;545021.833;-303.7893;240.9975;241.0800;
520677.409;534228.929;534231.159;-332.3804;-14.3328;-14.2929;
781743.118;503006.329;502986.889;735.3159;-40.7016;-40.7796;
628814.844;540786.393;540798.435;648.8311;184.9792;184.9149;
539105.765;489629.877;489635.099;-47.7078;-423.0554;-423.0135;
428451.747;517352.007;517351.675;114.8409;280.7204;280.7686;
358751.691;574355.775;574356.046;265.9568;56.6679;56.6612;
752599.505;734336.317;734312.197;6.5896;265.3177;265.3015;
479758.954;588055.248;588039.057;-255.3691;-189.9609;-190.0296;
719871.457;629969.804;629961.804;149.0010;142.7004;142.6518;
472025.045;522698.349;522700.812;70.0329;473.8418;473.7735;
500797.953;582911.402;582910.338;228.0108;122.9580;122.9826;
519450.893;509079.526;509083.271;-1085.7016;-87.2990;-87.2489;
429603.925;532680.255;532682.168;-561.2517;363.8307;363.7971;
573352.144;531567.764;531568.457;-102.7130;60.3215;60.3274;
462325.676;492112.908;492115.120;991.6495;309.6768;309.5934;
621853.493;407756.450;407756.923;323.2813;-348.1680;-348.1509;
451562.180;512156.457;512158.455;923.5999;245.3423;245.4318;
692578.794;595017.653;594993.954;488.9111;209.9501;209.8549;
720334.913;546569.838;546548.652;417.7161;3.2738;3.2211;
633294.350;499799.170;499790.280;331.0509;-28.1922;-28.2418;
605960.821;478735.688;478728.321;217.8367;-70.8357;-70.8992;
473696.327;524021.695;524026.125;946.5742;428.1378;428.1638;
493531.305;515274.973;515280.625;1238.6483;-377.5131;-377.6022;
678378.704;532586.857;532577.175;413.9588;-109.6387;-109.6937;
484968.962;522416.742;522418.942;-1295.8143;177.0394;177.0905;
532308.974;535472.745;535475.297;-47.2523;116.6044;116.5531;
425860.874;480903.157;480905.981;19.1855;-333.8124;-333.7994;
466414.636;503533.081;503538.755;-488.3692;-78.4316;-78.4163;
536531.160;409493.549;409491.122;-123.9717;-173.8275;-173.7150;
543686.935;488254.448;488260.034;94.0296;-8.6709;-8.6708;
414089.063;546107.134;546103.852;539.3108;-172.2273;-172.1925;
717251.980;566774.024;566757.190;616.9140;120.5074;120.4347;
514751.846;499254.915;499255.477;74.6515;-125.0741;-125.2015;
505064.705;558479.061;558489.669;313.7608;-289.6699;-289.7527;
693705.440;518674.186;518658.952;-12.0694;-65.1533;-65.0907;
584896.877;590160.796;590153.486;67.4688;196.2376;196.1676;
849976.152;595599.531;595562.607;878.0622;133.6808;133.5526;
695635.800;530973.552;530957.874;3.7302;-10.3381;-10.2627;
724029.998;515850.222;515833.632;509.8805;72.7568;72.6966;
711598.528;690560.602;690532.608;480.2834;461.3677;461.2546;
492810.448;499058.268;499061.718;624.0105;271.4568;271.5540;
491932.555;514324.406;514327.515;-912.9704;-188.6806;-188.6606;
701199.207;511806.339;511793.118;420.1793;-86.1089;-86.1526;
479833.846;525129.451;525136.074;1630.1773;-1.0550;-1.0623;
683075.525;524073.338;524061.254;161.0392;-41.5012;-41.5390;
803745.048;577890.305;577853.740;846.2025;149.5261;149.4200;
464174.663;522758.997;522762.371;-251.4031;245.7711;245.8377;
499950.866;506734.215;506737.513;-702.9762;440.9944;441.0803;
683397.359;475696.432;475684.889;450.0396;-75.4811;-75.5132;
490757.822;528511.864;528515.591;206.1251;566.7861;566.7718;
697814.722;538035.117;538017.438;140.8308;38.8891;38.9143;
433250.872;515760.502;515758.785;-340.3144;-52.4624;-52.4642;
547551.135;422277.002;422282.883;-432.1055;-34.8892;-35.1177;
503329.248;545198.702;545201.469;-554.8116;243.2231;243.2141;
411001.020;461662.750;461661.763;-398.2756;-401.9656;-401.9942;
368831.370;582117.892;582112.820;218.4522;-136.8360;-136.8998;
301744.892;306883.093;306891.893;208.6683;-20.5103;-20.5124;
371714.762;405881.852;405894.168;-380.4445;-261.1192;-261.1116;
480174.463;511129.866;511133.273;-259.0852;186.0204;185.9994;
484101.715;519667.020;519669.216;-923.9866;-450.0785;-450.0090;
481265.252;527787.186;527791.085;-36.7627;193.6859;193.7188;
123223.005;442606.522;442608.197;-934.1842;-157.4733;-157.5011;
487706.110;522027.540;522030.794;-564.1237;599.5991;599.7213;
481643.375;531512.723;531515.672;567.6265;592.8479;592.7764;
496640.710;507675.425;507675.730;-64.9882;272.2767;272.1568;
246453.128;446922.517;446933.009;-472.1788;-143.5236;-143.5059;
331686.955;553049.877;553048.341;-215.6984;-35.8810;-35.9150;
588951.197;546373.982;546362.904;-330.4821;-163.3449;-163.3550;
452176.310;454534.605;454518.739;103.2426;-401.7462;-401.9690;
478406.628;534433.085;534436.392;270.4003;243.9862;243.8725;
466693.341;514867.349;514869.785;864.9679;-538.8607;-538.7904;
452598.231;510827.830;510832.650;-447.2047;515.1052;515.1312;
508824.355;511865.582;511862.709;-385.2035;-117.6652;-117.6541;
589144.525;559568.872;559551.321;172.3522;-226.4522;-226.4570;
478875.583;525785.864;525789.999;537.7642;226.4663;226.4828;
537523.045;614125.185;614110.710;374.3092;17.9964;17.9290;
494895.060;573843.715;573844.603;570.0792;500.3488;500.3388;
553193.100;418816.455;418818.418;505.9034;-177.3496;-177.3926;
488963.277;529568.746;529571.228;-9.4270;-162.1347;-162.1129;
500731.050;410576.107;410581.101;-173.9235;114.2987;114.2970;
312252.665;404760.765;404747.502;-58.2484;219.0584;219.0864;
483921.172;524296.516;524298.912;-942.0813;-133.0478;-133.0396;
258333.385;524480.608;524492.393;81.2523;-328.7047;-328.6458;
552013.878;530320.061;530319.262;118.7668;-263.4190;-263.4215;
789228.086;606961.756;606961.302;-123.5050;9.0626;9.0588;
532915.892;488633.795;488636.501;-305.3652;-65.3249;-65.3623;
431064.794;583814.020;583814.210;324.8907;26.6511;26.6833;
470597.097;505053.916;505056.335;135.5519;473.3396;473.3360;
411752.818;489431.760;489428.405;-144.9546;0.7772;0.7731;
479365.719;513483.701;513485.197;-759.6336;-472.1909;-472.1628;
360435.889;562453.097;562449.794;122.0769;234.0565;234.1142;
538864.370;510229.053;510229.951;238.7523;140.6381;140.6156;
322831.502;433259.135;433261.765;-376.0112;-139.5897;-139.5889;
435786.001;446972.687;446972.789;-3.6034;-119.0085;-119.0292;
311036.908;426264.438;426278.818;50.4030;-70.3685;-70.3866;
494772.377;522918.577;522920.707;571.9123;358.9655;359.0668;
511561.701;516475.124;516477.881;666.0804;-427.0978;-427.3157;
378772.101;469360.390;469358.602;-316.5223;18.2324;18.1442;
382565.783;503442.053;503444.606;186.8819;5.1678;5.1593;
423175.353;522304.238;522306.718;0.9247;-136.5394;-136.5682;
704585.183;649772.331;649760.317;-104.9060;12.7165;12.7182;
419529.317;495913.640;495916.764;-279.0218;102.3909;102.4103;
474477.348;500054.409;500058.398;-43.6199;26.3016;26.3591;
482128.877;507608.201;507609.601;539.6463;657.3778;657.5225;
267881.293;493057.160;493060.517;-46.8544;210.4308;210.4181;
405035.153;602115.172;602122.882;-80.4176;281.2909;281.2931;
532051.461;515419.476;515424.831;713.1954;112.5540;112.6251;
340913.048;475002.794;475007.605;-837.3845;-336.9946;-337.0454;
239130.045;658607.824;658613.932;-594.8872;308.6915;308.7119;
499074.098;509590.201;509593.749;488.5388;-335.7464;-335.7654;
491681.034;533781.260;533784.190;-370.7313;-444.2890;-444.3121;
526097.008;579367.334;579364.771;682.8143;-36.7866;-36.9871;
408587.225;593949.522;593945.266;-252.6376;-30.7011;-30.6677;
467639.281;518908.666;518911.973;-759.6062;-394.0698;-394.0202;
337344.069;437386.150;437395.341;-334.8864;-311.1304;-311.1148;
486809.638;500829.815;500833.869;96.4572;119.9028;119.9867;
481414.240;517255.257;517257.276;245.1428;-271.3117;-271.3795;
340290.021;224844.440;224842.729;-127.5332;30.9320;30.9510;
539576.049;568771.828;568775.698;-176.2179;117.8377;117.8252;
422385.076;515208.846;515207.896;-274.6735;-50.8134;-51.0024;
420976.873;482112.336;482115.028;-76.8210;422.7767;422.7213;
488228.548;527778.462;527780.930;1031.9965;207.1801;207.1157;
165721.988;508813.031;508801.517;-243.5137;-163.3385;-163.3480;
445382.646;564273.467;564271.065;387.9754;-305.0810;-305.0483;
467065.418;520018.365;520021.679;-12.0344;189.6778;189.7642;
506279.580;518211.934;518216.094;740.2162;414.7452;414.7655;
322643.070;697115.569;697112.355;40.6193;276.9132;276.9359;
411484.187;506964.301;506964.914;7.0110;-80.1668;-80.1923;
324672.351;528064.264;528067.374;-475.5661;-55.4774;-55.4843;
440654.206;514572.474;514573.181;219.1992;284.3177;284.3413;
481159.577;536792.454;536795.655;-361.9251;-361.1471;-361.1277;
480751.856;523451.516;523454.927;168.7802;-199.5875;-199.5981;
487999.775;518063.277;518065.333;-890.8105;-438.3651;-438.3928;
302038.548;552395.945;552398.380;-450.9386;84.5129;84.4868;
952181.225;501868.005;501846.438;-81.5046;-69.1533;-69.1762;
423439.330;481007.304;481003.070;-119.4367;-1.9973;-2.0958;
459524.826;512635.822;512637.030;538.7413;-133.6840;-133.6099;
494067.336;528085.923;528088.118;-19.1626;138.7407;138.7108;
494381.014;501523.879;501525.696;727.8648;128.8249;128.8141;
473457.115;533475.298;533478.172;-429.2889;-190.2426;-190.2154;
557733.200;479000.696;478989.561;-356.7981;49.1486;49.2528;
260578.758;142756.875;142744.358;-325.4120;-123.4672;-123.4762;
535848.226;498531.243;498533.608;81.9842;276.0419;276.0265;
914791.332;511537.804;511522.658;-110.5655;23.0067;23.0158;
540271.940;426773.277;426775.833;-272.7522;86.3237;86.3885;
467425.133;499199.283;499204.928;-58.5152;32.4297;32.4896;
449806.506;546921.167;546919.949;-505.9689;-241.5793;-241.5972;
495016.041;471861.936;471856.385;677.3334;-26.5990;-26.6690;
418205.446;531395.207;531390.522;259.0577;23.5401;23.5526;
475585.145;517507.297;517510.293;-671.3846;335.9870;335.9741;
451747.117;541925.158;541926.349;324.0369;-59.0524;-59.0870;
518578.589;518501.698;518506.708;202.8930;256.3326;256.3042;
470408.284;522840.281;522844.546;57.7163;-180.5780;-180.6578;
501325.879;509903.481;509906.405;702.2725;15.7375;15.6645;
528466.165;545035.172;545029.485;40.9939;41.1831;41.2129;
