# This file was created for the Modelling and Simulation course, RUG (September-November 2019).
#
# Project: Simulate colliding galaxies, using Barnes-Hut algorithm.
#
# Students:
#     Stefan Evanghelides (s2895323)
#     Hidde Folkertsma (s2759799)
#
#     X         Y         Z         DX        DY        DZ
488548.400;554959.624;552924.643;538.9164;111.1297;109.0274;
540194.799;542539.469;539564.797;110.3662;-228.6148;-238.2160;
543657.583;402917.293;409833.569;-328.1585;-64.6114;-55.0270;
510588.842;531914.576;528815.082;452.2882;515.9493;459.7762;
503343.550;547555.341;545001.017;917.1249;-586.6576;-640.6659;
654258.747;485216.312;488872.667;-208.3754;-280.2771;-262.1834;
584821.040;941589.903;960209.518;-21.9277;-19.7663;-13.4532;
536206.947;764971.913;775004.148;-107.3511;178.5096;158.2189;
532138.211;613778.494;598423.512;157.8006;286.1313;337.9286;
576989.009;576809.073;580455.381;-11.6816;268.9691;242.3667;
521743.922;551973.127;549665.408;44.2717;64.2909;76.7564;
570792.067;722669.342;724008.034;-195.7067;-10.2043;-6.2437;
512382.271;541979.904;539630.890;-468.3674;199.4413;130.2855;
568733.715;498044.967;493163.885;203.9703;-203.0816;-137.6162;
364252.647;376408.991;353068.961;165.6325;-54.4017;-70.2319;
585163.460;565326.088;562589.471;79.3165;-13.1743;20.4437;
520352.784;539253.517;537107.083;-107.8125;-297.9179;-316.0275;
489647.852;577218.935;567791.362;807.8781;-289.6231;-392.4842;
554471.460;535769.735;533321.338;-512.5003;-16.0538;56.2447;
522828.258;572916.555;567895.625;175.8692;289.4647;221.9113;
528235.767;541076.903;536862.301;68.2549;-133.1484;-216.4962;
509026.092;559414.922;554213.597;-919.4920;-94.5212;-96.5628;
495870.311;537361.381;534710.096;228.9404;-146.0747;-102.5097;
513925.051;515958.980;513540.357;-156.1841;-317.1317;-319.0058;
492912.361;525797.135;522257.881;7.0892;-163.1099;-121.6726;
836993.336;174663.628;174400.237;-55.3895;44.0648;43.6912;
622444.403;620662.073;630252.949;313.3864;43.2379;199.9954;
489856.640;543817.493;539705.992;808.5674;34.1324;46.3388;
518371.324;541681.501;539110.166;-171.9425;-582.6780;-637.1841;
337853.353;537692.420;524458.002;-421.1998;-91.3480;-63.6881;
572918.941;537938.007;537747.983;-292.2389;252.7762;200.2772;
354721.262;585828.218;599625.243;-305.3204;-59.1604;32.6812;
549216.978;607344.819;603877.491;421.8191;314.5300;355.1976;
532599.769;537830.879;535940.167;-260.6052;820.7927;836.3277;
507905.547;567682.074;565196.169;156.6792;341.3290;302.3064;
529601.557;548038.084;546078.210;277.6807;-44.6929;-114.5828;
474895.014;556999.954;553918.624;163.5807;663.9193;741.9641;
507309.826;552462.392;549015.761;-574.1789;468.2738;398.5373;
510797.965;554829.711;551929.714;976.8916;-279.1227;-245.7503;
496413.219;555310.567;549598.383;-925.5374;319.3652;248.8711;
505865.745;536874.099;533186.164;166.5035;244.9016;257.3167;
440100.847;513158.686;505479.533;248.2635;32.5888;63.7388;
389375.651;644026.692;640271.617;75.5161;-95.7716;-92.3022;
856698.988;431171.698;428514.924;196.1832;74.8065;62.8624;
822357.825;388609.960;377607.670;174.7070;-5.2567;-17.6551;
500321.690;540657.201;537625.940;74.0495;87.2639;96.8841;
510696.297;544789.673;540989.969;-698.0845;465.1523;437.1292;
495956.385;515102.700;510977.848;-95.3096;130.3218;160.9447;
693699.636;37670.405;29407.836;42.0061;-214.6779;-222.5901;
496438.928;491191.549;488696.956;188.2190;-118.3870;-58.4411;
521973.730;544102.512;541649.091;149.3907;-659.0859;-642.4852;
508147.668;540104.485;537267.623;1201.6918;-269.8738;-139.8707;
376619.752;352685.423;356845.264;-197.0583;-44.5190;-124.0452;
319476.242;645650.945;634023.499;-47.5326;-118.3750;-121.9414;
669106.723;388350.988;406682.388;177.8206;-39.7375;-20.4729;
505078.528;588398.004;584501.364;562.6352;520.6121;438.6334;
321713.169;702937.447;702040.128;211.4791;4.2882;3.3019;
502881.602;545314.682;542481.279;962.4012;-448.6239;-482.9353;
525522.683;527447.381;524165.779;-545.7298;-124.0270;-96.5910;
501515.070;530996.780;527836.822;-1050.0615;-175.3894;-169.7168;
514556.189;530495.881;526520.238;236.3207;463.4878;477.1628;
493456.279;544909.697;542204.349;-111.1068;-557.7192;-533.9233;
508949.806;545294.910;542368.235;789.6040;363.2392;444.1608;
619384.478;548569.110;553776.006;171.2872;-112.8489;-138.1480;
531124.282;479620.009;471029.251;-456.1167;-18.8388;-6.6879;
477974.394;586815.827;581584.512;-84.3836;246.3568;194.1551;
293990.341;616967.729;575958.047;-239.7370;83.9582;45.5223;
394354.651;534198.848;544803.617;-512.1615;-41.1188;-96.9402;
453414.728;600362.484;591523.503;-203.9197;71.5267;79.4591;
520026.909;549881.165;547375.716;-134.8209;672.2595;647.5919;
855594.105;438776.106;437933.708;132.2742;-25.1145;-38.2874;
505195.497;551609.568;547617.376;-365.1222;208.8497;211.3211;
527372.579;533501.511;531311.998;1072.2492;-316.2109;-350.7810;
433877.855;496321.576;491045.220;-13.0110;-148.1053;-158.2487;
853165.197;365531.633;372101.200;173.2062;0.9635;10.9544;
514575.579;544778.312;541429.202;-7.8359;137.5482;141.5110;
513707.136;545055.691;542289.665;695.8044;119.2611;120.1488;
481059.860;507150.704;505496.229;809.1668;-55.2511;-4.9012;
532235.034;558472.470;555234.831;-70.6644;0.2688;17.6436;
501289.822;550224.668;547386.293;-166.0611;-206.3210;-142.7944;
515221.877;549809.987;546135.380;-453.9562;-400.6235;-379.5457;
333841.535;357468.180;337755.915;-74.0807;-85.9266;-58.5223;
512783.408;563278.568;560209.447;-573.0630;153.3184;80.9326;
523027.760;143651.732;126988.024;137.5487;-56.7018;-58.1115;
507556.222;537695.596;533601.687;-108.5749;651.8397;657.5170;
748601.386;555559.681;554752.341;-82.0778;-70.5742;-69.7657;
858842.475;558061.221;556299.497;-172.3081;-64.0580;-62.2170;
483927.303;568659.299;560524.028;-139.9402;333.8902;409.4811;
496162.103;587218.289;584291.336;-539.8576;-260.2624;-337.7657;
326423.288;508407.865;490452.275;-173.1832;143.9535;113.7325;
630159.022;505759.813;506393.388;114.3455;-247.5199;-260.3578;
915130.822;574030.641;574199.711;111.2472;-88.9703;-94.8735;
509815.748;544734.614;542264.159;469.2228;40.4750;55.1673;
562821.091;535406.651;531099.644;361.2198;-114.6135;-65.4682;
511578.752;541617.983;539529.295;177.7600;-681.0053;-678.1377;
527393.033;576579.361;573251.124;561.0896;-171.2968;-174.8458;
384366.901;378995.501;389814.394;-192.7990;49.2078;74.4585;
829982.253;665365.612;662530.585;-143.0374;-90.6675;-90.4421;
463753.907;548001.474;542098.325;224.3791;-40.3645;-15.8474;
529720.253;538485.480;536234.054;628.2263;-655.0162;-595.3241;
515810.105;515018.978;510605.598;512.0992;-432.9058;-427.1494;
510000.508;533202.225;529292.563;723.7437;337.7150;422.6877;
401982.225;592114.986;584928.834;-65.4814;252.5090;239.4686;
532902.944;543354.326;541437.273;-253.4917;-89.6907;-113.1706;
460601.281;323184.352;315343.431;1.4952;109.9201;74.0039;
509922.359;540727.187;535948.475;-973.5183;-229.8709;-382.3213;
462996.730;416417.166;432274.933;23.8431;99.5728;79.1532;
960263.523;314005.923;315314.905;4.1761;-34.5656;0.6584;
506435.394;590872.704;592493.975;719.0832;-105.0599;-82.8614;
492235.094;546657.624;542384.911;426.7191;318.2094;366.4245;
484597.552;554810.809;551665.437;-166.8091;110.0520;128.7114;
510026.640;541895.638;538415.259;-427.6530;711.1687;641.6027;
393713.444;577001.432;565879.995;-221.0123;-171.9234;-142.2663;
418114.962;388997.947;408909.360;-197.1514;44.2891;41.5184;
538738.898;614599.721;627939.592;59.3617;-156.1917;-147.5781;
515237.224;541729.838;538589.854;-640.9578;-460.2063;-519.5090;
660845.667;486990.981;492679.481;5.8970;-92.1182;-114.8109;
522789.943;540934.943;538780.172;86.9619;390.3464;330.9132;
504737.746;538960.349;535514.035;-774.3236;-175.0188;-235.6320;
323529.397;511475.387;535147.087;-176.8380;-96.5309;-45.5168;
517823.199;546052.808;542581.943;-295.0354;-263.3608;-337.0485;
550995.922;522393.604;519028.523;570.6629;-158.8884;-93.2021;
513338.597;558638.997;554793.646;94.2858;-24.3326;-141.6983;
776718.873;413898.976;413044.747;-122.2455;-24.3018;-1.5496;
566307.411;427904.820;473432.964;-284.4086;-116.5330;-38.1206;
498919.869;555254.292;549877.495;153.3449;-463.9050;-451.6808;
594234.368;601238.167;614897.995;-301.8819;-30.9851;-161.7425;
539484.485;487261.137;488246.584;440.1330;193.9348;156.7271;
510204.660;554402.071;552263.542;660.0856;-133.3913;-94.1599;
500189.137;562243.811;554237.232;-575.2065;-233.3033;-235.4908;
513597.032;604732.055;607910.613;-128.9429;14.0352;41.3029;
391929.332;548290.747;538436.248;-425.9374;-20.4594;-3.0565;
554314.774;546173.608;544479.378;-261.6787;310.8077;281.5154;
519285.168;545114.392;543073.530;587.4394;-1.6588;34.1113;
525844.218;540342.274;538632.115;233.0819;37.9206;48.5518;
531364.720;539569.573;536474.277;-12.5897;462.7908;390.0238;
509037.051;540029.649;536737.985;-144.5125;540.8679;600.6157;
510618.211;537657.135;535033.447;-747.6078;187.6192;227.9634;
415635.860;548170.244;533561.705;109.1558;-200.7331;-188.1171;
486805.514;527450.146;525145.495;-820.3317;246.0121;336.4236;
485058.854;574859.692;568494.411;41.3146;505.7341;458.4539;
469344.429;299606.596;284842.336;168.4015;-119.8740;-89.0797;
487291.664;547268.566;542801.792;29.9010;-402.4783;-461.6376;
574105.913;541699.003;543869.839;-632.5152;115.3388;24.0997;
519744.938;539977.420;537265.141;422.3453;350.2994;305.1525;
517150.718;559963.584;554694.933;490.4883;-668.1089;-557.2316;
536235.036;517537.679;515040.190;-193.0655;-128.5741;-198.6267;
530156.034;552548.506;549486.519;436.5397;-49.5071;-26.0327;
