# This file was created for the Modelling and Simulation course, RUG (September-November 2019).
#
# Project: Simulate colliding galaxies, using Barnes-Hut algorithm.
#
# Students:
#     Stefan Evanghelides (s2895323)
#     Hidde Folkertsma (s2759799)
#
#     X         Y         Z         DX        DY        DZ
486897.495;539362.588;539314.756;-0.4398;-112.2500;-113.5688;
477509.812;555808.405;555739.189;247.0592;-754.9053;-751.7847;
725527.014;855998.642;855983.961;85.4709;-57.5651;-57.5729;
410845.539;713554.403;713979.318;-114.1983;288.3182;288.9208;
491772.661;541429.280;541348.761;-546.2669;-297.1912;-302.3004;
487963.775;546536.758;546500.780;385.5429;-58.0045;-54.1061;
401432.416;437649.205;437218.792;382.0172;3.7132;4.4435;
367770.028;649820.863;649501.848;356.1403;121.3329;121.9359;
618788.609;536825.158;536446.173;-245.1017;19.9811;19.3780;
413663.579;665427.368;665541.939;-202.8515;-85.8450;-85.5624;
634249.624;431282.530;430926.635;123.0589;44.1407;44.7196;
338590.388;472751.920;472287.194;-243.3688;-152.4153;-149.3556;
488752.084;534720.817;534670.558;546.4911;-208.2115;-205.2681;
435893.928;550197.192;550060.036;-655.3416;241.3069;237.8500;
176821.839;615416.899;615374.158;-160.8755;-25.4812;-25.8624;
497597.126;576885.529;576925.736;348.8751;233.4199;233.3127;
461760.855;566233.659;566272.779;-394.3565;-96.8609;-93.9645;
394557.218;516130.837;515600.368;234.6606;62.5785;58.9419;
614330.101;605216.625;605466.193;122.4435;145.1789;144.5101;
400799.315;531250.311;531085.060;-654.5939;-37.1283;-39.1927;
472431.971;535488.356;535482.761;-687.6393;-297.7243;-299.6049;
291030.103;547596.981;547532.738;-128.1441;-196.8157;-197.3075;
464664.127;565667.492;565586.334;11.1869;-208.6626;-207.9424;
511646.308;542613.328;542684.532;-140.9621;376.5342;376.3267;
460314.359;527965.152;527913.479;-1068.6003;-228.6000;-231.4032;
464539.402;535227.906;535158.112;422.3164;172.8949;175.1256;
466826.974;526074.614;525965.717;316.7187;-228.8721;-229.5759;
493437.272;546550.124;546538.973;-361.6582;61.2956;58.6726;
467650.655;550485.982;550444.768;-458.2671;-27.8112;-26.1263;
463405.702;545654.304;545590.361;461.8464;-520.2582;-518.3620;
886449.946;170152.616;170179.379;31.7939;-38.9485;-38.9504;
665284.423;544060.023;543468.083;65.0321;100.9336;97.9721;
493239.712;549175.979;549180.914;297.2109;107.0479;106.7238;
475842.657;553068.550;553057.668;264.0002;-680.7534;-684.2676;
441121.000;539841.730;539880.292;1014.4196;421.3746;429.1990;
497708.468;545065.773;545020.189;-337.0805;429.5514;429.6139;
466090.493;548688.634;548860.613;-1810.5465;35.2008;45.1426;
466329.234;521544.133;521444.997;-177.7669;-25.4499;-26.3527;
442611.772;502188.859;501907.753;-636.8260;14.8163;12.6127;
489679.072;525842.327;525811.272;39.6289;273.5225;272.0338;
455364.984;551510.435;551479.029;-309.7088;495.0152;497.0659;
171023.384;410177.269;410011.141;-65.7854;-42.5751;-42.4929;
477017.028;544418.922;544407.140;-36.1448;470.0656;468.7429;
490912.716;596519.374;596497.691;214.5384;-149.5996;-151.0454;
389133.221;688827.470;689098.835;-33.1774;97.9224;97.5058;
503493.619;538036.287;538010.520;527.0454;-256.2871;-255.6533;
499488.463;562796.232;562765.722;-423.6574;-30.3586;-31.4429;
786595.226;180184.994;180204.419;-45.1865;60.5703;60.5612;
478815.444;535818.018;535744.636;1052.2032;282.1219;284.1761;
832107.662;701129.291;700063.899;-69.4508;34.7488;33.8700;
519099.100;488853.788;488947.836;-55.1120;307.6279;307.4496;
479416.887;549902.861;549830.323;473.8053;-4.6920;-3.8775;
474145.618;543604.876;543537.525;693.4751;665.4438;667.9400;
511179.431;555542.601;555545.612;246.6687;-280.6786;-282.3832;
489889.439;571379.319;571415.015;727.6508;-584.1502;-587.7363;
524313.916;549919.076;549877.452;217.6028;107.9426;103.1998;
424152.183;468254.566;467763.569;285.7531;-87.0702;-86.7521;
496096.663;546406.123;546383.268;518.8003;739.8574;743.9465;
756757.746;425705.316;425864.918;-171.6020;20.2946;21.1242;
437224.772;527846.252;527737.712;226.9180;268.4729;266.8337;
982716.846;639086.747;638895.615;-12.8911;29.8931;29.6935;
467725.657;524997.382;524893.509;304.4095;-180.0353;-181.2047;
63102.101;458759.565;458593.173;-72.9134;79.4728;79.4160;
954284.031;310640.255;310781.695;155.3359;-25.7043;-25.5913;
474162.028;554006.498;554007.547;-1140.6857;587.1067;594.7487;
529354.931;532787.535;532796.808;-122.8435;525.3113;523.3664;
462939.096;543948.051;543919.294;-242.2593;-311.5752;-317.5064;
114683.386;173602.204;172857.446;-72.7439;-142.3302;-142.5775;
405761.430;575177.266;575090.024;89.0550;252.2531;256.8163;
537528.880;532386.350;531993.740;-814.3389;-154.7102;-151.7226;
460445.756;549601.189;549609.569;-209.0869;420.3856;423.3015;
289362.039;526466.244;526349.990;-86.4668;160.1757;160.8562;
474391.165;610767.076;610993.936;40.6558;211.4483;210.4428;
439032.826;515872.009;515767.122;-506.5053;-429.3562;-428.1766;
741737.073;517030.946;516635.064;149.1701;-4.6637;-5.6169;
295102.895;564481.025;564546.581;31.7992;299.3602;300.5004;
481861.004;573507.475;573556.201;15.1781;198.2813;198.3866;
475986.889;583896.511;583968.234;-351.7935;-318.3886;-318.4649;
444334.115;545937.825;545851.542;-360.4102;216.4088;216.8180;
378685.466;522104.119;521590.718;124.6885;-186.6033;-187.0750;
468214.331;523692.392;523631.248;103.6274;-186.1995;-188.0614;
451146.892;541930.808;541843.834;402.0096;-276.7403;-276.7345;
505759.005;544247.926;544199.377;-803.6453;-10.1964;-10.0442;
778642.189;518541.617;517767.108;81.6570;-52.0444;-53.1581;
455609.213;560873.864;560769.234;243.0561;644.8177;642.3366;
481094.702;522017.469;521939.601;-1.7091;-255.2295;-255.5341;
474562.334;543067.936;543047.880;1515.5695;-109.1019;-106.0865;
456860.263;538327.889;538258.643;243.6595;8.4756;6.2615;
449334.943;555919.276;555841.161;-862.7104;-222.3998;-224.7349;
482930.558;551400.002;551371.888;-168.8254;-115.4345;-116.2998;
456154.179;542916.930;542886.207;-7.4522;-509.7690;-511.2274;
395338.034;559806.620;559512.471;66.8384;336.7507;335.2138;
586164.286;615144.447;614998.529;-569.7738;-54.1357;-53.3064;
473583.999;551614.404;551600.191;-104.5791;218.1858;217.9557;
428172.845;496581.983;496380.903;-220.6309;215.2844;214.9245;
509052.932;428055.050;428000.792;-303.7546;175.2656;175.0572;
433077.113;550608.713;550539.734;641.1801;60.5741;59.6904;
436193.132;519404.252;519244.252;1159.1158;-461.3267;-466.4869;
412001.621;545029.822;544960.346;-278.5407;415.7309;416.7501;
736561.358;610026.416;609872.277;15.8269;14.1542;13.7856;
487038.545;579409.160;579388.205;120.3411;47.4175;47.5087;
379128.243;433820.520;433770.021;-88.0595;263.1028;262.4191;
478809.535;550994.604;550938.938;391.4096;-725.4366;-724.7492;
892285.276;465803.166;465784.545;12.1619;-4.6350;-4.6009;
480939.481;530089.624;530042.903;-432.2530;-68.8069;-69.4423;
473444.216;526318.523;526256.234;-485.4668;-288.9251;-291.2737;
431177.120;532798.013;532711.553;-95.9916;297.9016;297.5094;
457787.146;533993.419;533814.965;724.3784;714.6067;718.2736;
469623.042;497093.266;497030.241;-1.5877;314.8155;315.9713;
258047.316;935422.321;935228.209;-92.0094;82.9351;82.8614;
462453.152;553839.136;553782.212;68.5704;643.7447;646.4114;
473226.405;542794.712;542691.103;-994.5924;256.9012;258.0255;
473784.273;554702.981;554661.148;-536.2071;3.0723;3.7031;
443502.654;543733.640;543690.251;-527.4937;-612.1405;-611.6978;
436274.194;553685.849;553608.086;3.5912;-192.4574;-193.1577;
403980.341;288682.001;288411.462;0.1981;-76.1215;-76.6185;
482399.629;552035.454;551979.855;-1024.1546;-39.2690;-44.0955;
480600.687;518499.964;518385.923;-98.8572;-176.1041;-176.5516;
265053.089;468427.609;468226.677;-376.3667;-141.5897;-143.5831;
225848.957;336508.193;336414.283;-175.6102;80.1575;80.0859;
419441.588;550238.719;550149.019;508.7628;411.4687;415.9939;
421403.030;581049.592;581081.227;-528.0604;-125.0529;-125.2014;
513256.156;557848.618;557870.605;383.8245;-356.9175;-358.2878;
692559.194;412706.607;414003.293;-314.2092;-95.0512;-93.5344;
565823.162;609185.154;609247.699;-181.3934;6.2343;6.6448;
450381.808;598630.895;598556.053;242.7644;394.1654;392.5642;
449227.228;562980.082;562890.189;-20.6344;-200.9183;-202.0525;
470632.672;532735.687;532584.816;180.1295;-174.7531;-173.2049;
586276.408;401116.099;400555.415;-2.3437;-227.7127;-229.2724;
459435.008;513647.300;513472.884;-497.3326;-106.2864;-109.7715;
475347.634;574739.053;574695.186;-352.9869;430.8508;430.4791;
526664.357;609101.972;609298.157;329.9737;-259.5033;-259.1303;
442789.119;517431.541;517365.143;-187.0356;-195.3022;-197.3504;
467159.670;347067.619;346506.134;260.9142;205.5739;205.6015;
428309.091;547289.268;547118.387;-302.0420;-369.8125;-369.8791;
480114.027;558455.557;558464.724;1008.5945;-131.3955;-129.5156;
444937.826;615793.243;615755.778;48.3341;-8.1682;-9.4123;
324002.281;481396.828;481194.938;-425.5446;271.4037;267.0530;
468833.580;541705.125;541661.723;22.7627;323.7937;323.4324;
550397.610;520363.777;520500.086;420.3173;178.4860;178.1792;
418418.292;525749.650;525711.382;-29.5330;-74.4764;-76.8276;
480357.219;537360.734;537287.034;788.8522;365.9964;368.5153;
467944.959;547868.146;547856.692;1345.2988;144.0977;148.0482;
453364.601;523446.158;523302.567;477.2938;-345.4965;-343.3388;
461586.446;460096.188;460014.316;-114.1671;173.2216;174.2674;
501623.840;542173.084;542111.249;-527.6297;-466.6464;-466.5455;
493317.493;549671.807;549605.546;460.8882;-214.4503;-214.3448;
494621.705;537357.044;537327.777;565.5874;-495.7802;-496.0590;
481435.035;532332.649;532290.744;-283.1827;283.5293;281.5758;
489748.287;533685.426;533645.202;-29.7561;579.7820;583.9511;
460544.447;539268.714;539213.615;447.9661;-966.7825;-970.8102;
547362.714;544473.399;544249.406;38.2552;192.1654;189.9794;
128441.763;24228.418;24290.576;-128.6517;-263.2573;-262.8508;
458873.013;620623.943;620568.843;362.6811;275.6252;276.3029;
471820.880;542257.571;542193.923;198.2214;-460.0462;-462.8768;
456676.818;543190.574;543135.133;-49.6849;-113.5664;-113.6598;
137040.407;629914.908;629869.407;-200.2152;-75.2020;-75.6457;
485297.049;543584.853;543548.091;612.9038;-135.9921;-135.3068;
445503.730;524687.943;524547.853;711.9014;-739.1400;-740.2116;
477676.251;533608.940;533474.367;-922.6790;129.0380;128.6154;
578239.401;542533.287;542215.942;-103.2002;100.6814;98.6232;
472639.839;546909.314;546870.921;-526.6496;-92.5667;-94.3840;
464918.745;538633.656;538607.281;244.0937;370.9619;371.6411;
460447.443;561056.443;560979.502;-281.8972;-346.8923;-348.1264;
