# This file was created for the Modelling and Simulation course, RUG (September-November 2019).
#
# Project: Simulate colliding galaxies, using Barnes-Hut algorithm.
#
# Students:
#     Stefan Evanghelides (s2895323)
#     Hidde Folkertsma (s2759799)
#
#     X         Y         Z         DX        DY        DZ
197267.311;559016.864;559014.399;193.1040;-53.6418;-53.6482;
392684.489;465510.358;465506.829;299.0273;115.6061;115.6392;
293627.323;735122.198;735118.699;84.1982;139.8825;139.8791;
209519.639;341519.029;341522.727;-26.3543;-65.9686;-65.9671;
191446.449;666407.631;666432.347;134.7682;-43.4706;-43.4576;
295313.947;507225.824;507227.126;-746.4043;232.0995;232.1213;
225943.995;510303.457;510302.024;-57.9544;166.5577;166.5732;
345406.496;428580.642;428588.470;505.3814;-91.3449;-91.3309;
286747.093;533528.884;533528.866;120.1168;-44.8230;-44.8264;
293739.955;539695.734;539696.709;-188.5615;-121.6866;-121.6989;
387784.001;401395.430;401393.084;339.5435;-137.3284;-137.3398;
286602.952;433133.588;433137.555;175.4918;-150.2178;-150.2033;
270399.235;514829.288;514829.946;-393.6590;455.6257;455.6081;
262791.462;533909.960;533908.897;302.0382;-358.7964;-358.7467;
295454.359;472264.414;472266.560;219.9201;46.3076;46.3160;
224327.703;560913.919;560910.259;119.4099;-81.3101;-81.3170;
262655.448;491778.797;491780.314;246.3027;-21.1715;-21.1859;
302072.616;508991.078;508991.535;-115.0635;-5.5176;-5.5052;
311035.909;388429.464;388415.177;57.8918;166.2733;166.2774;
279025.765;498576.148;498576.803;-217.1828;191.4080;191.3873;
193918.279;196384.859;196379.702;29.7998;-100.0354;-100.0368;
284695.621;503325.680;503325.945;-69.0222;457.4328;457.4407;
279627.138;512218.649;512219.345;-271.6881;-185.0498;-185.0610;
264251.230;503831.501;503833.005;-104.9377;-235.3892;-235.3985;
312741.645;527077.483;527079.293;485.5553;237.2735;237.2879;
344993.304;531474.076;531476.549;449.8153;-142.3913;-142.4594;
287990.144;511544.853;511545.434;-368.7436;-40.1789;-40.1711;
173521.275;570538.969;570540.635;113.7136;-49.2004;-49.1927;
287142.570;510230.202;510231.170;580.2301;-237.8718;-237.8601;
277438.114;497364.055;497364.071;808.7457;-54.6295;-54.6459;
277699.055;499393.413;499395.213;192.2248;186.6627;186.6347;
284563.362;511637.244;511638.151;692.3058;-228.7997;-228.8070;
242032.343;524246.339;524248.096;-295.7352;167.5183;167.4980;
285766.353;505433.518;505434.131;516.2069;-167.4192;-167.4099;
300323.497;506215.858;506217.316;-688.4899;14.4925;14.5017;
281570.863;505699.848;505701.139;174.7287;-399.2682;-399.2955;
275939.116;504641.477;504641.922;560.9733;-317.0281;-317.0358;
355233.084;504954.202;504954.335;137.6453;-182.9304;-182.9333;
287628.126;522776.134;522776.856;895.7895;157.6777;157.6982;
291461.487;491794.073;491795.220;325.0534;380.5481;380.5131;
287870.414;507837.869;507838.645;979.5117;11.8231;11.8579;
309000.140;520198.345;520198.372;217.6747;-149.4031;-149.4072;
317369.698;503696.955;503697.545;318.5327;46.7918;46.7958;
281589.628;519372.937;519372.962;-154.4837;166.9491;166.9437;
386144.115;466934.992;466938.572;177.4711;124.3202;124.3214;
267175.595;474659.860;474662.870;-55.0588;193.8559;193.8583;
297957.420;534163.632;534165.317;-8.3408;383.9534;383.9517;
387914.252;591939.108;591939.582;75.9931;-122.4248;-122.4155;
366157.004;508310.453;508309.644;729.7379;-62.8300;-62.8163;
276295.438;523085.649;523087.311;130.7823;287.6883;287.7210;
190778.109;541243.785;541242.732;-135.1819;154.4793;154.4662;
274944.060;494939.124;494939.763;393.4112;-196.5395;-196.4932;
323482.471;463444.116;463447.153;-19.7607;-237.6498;-237.6202;
233167.879;501371.665;501375.029;-139.2558;40.2202;40.2248;
285720.561;507274.462;507275.493;19.8162;-37.5624;-37.5475;
226989.489;529757.793;529759.082;289.4853;-111.1524;-111.1670;
388288.082;459844.344;459837.250;146.5506;134.9829;134.9583;
355607.860;575118.294;575118.061;-16.3667;-227.0185;-227.0254;
295342.506;511961.248;511961.829;160.9176;102.2305;102.2518;
313676.828;513411.506;513414.416;-93.0013;245.7266;245.7017;
295094.211;512791.416;512792.567;117.4319;52.4524;52.4557;
270241.208;490527.061;490528.249;325.8654;92.4597;92.4678;
269236.544;526595.458;526596.185;-130.1703;21.6738;21.6664;
279388.398;512395.520;512396.807;602.9399;-445.1791;-445.1650;
311032.482;540098.450;540099.632;-132.2645;244.1614;244.1778;
292353.418;501346.074;501347.113;909.9731;496.7387;496.7366;
268102.047;519757.433;519758.771;809.1140;-25.6589;-25.6386;
269390.416;506870.334;506871.025;231.9551;20.9326;20.9285;
282169.174;514464.069;514464.973;-206.7399;-11.6468;-11.6767;
275485.760;515900.826;515901.119;167.0211;-94.9427;-94.9237;
380099.972;512984.078;512983.713;341.3423;-144.3747;-144.3855;
180511.267;517232.901;517234.252;185.9545;8.9766;8.9715;
340175.924;485847.902;485848.227;-228.3312;155.4890;155.4815;
280205.167;512898.357;512898.597;250.6265;76.9403;76.9480;
166035.304;519951.202;519953.737;-120.9618;-27.5405;-27.5347;
263635.157;542713.096;542711.431;75.5083;284.1113;284.0712;
265219.553;511431.923;511433.095;-528.0827;297.8958;297.9172;
307423.473;503755.355;503756.812;-112.7237;172.6671;172.6573;
246703.494;516865.187;516864.693;212.1886;-30.5005;-30.5013;
325522.680;509093.118;509094.673;-179.6764;-107.3726;-107.3482;
264469.308;509485.512;509486.904;-46.7156;-23.8211;-23.8230;
345864.654;519739.363;519740.203;211.8962;351.5977;351.5889;
279621.018;505608.581;505609.339;-539.2436;-83.8487;-83.8665;
281837.925;514047.248;514047.436;-785.2491;234.6244;234.5674;
233366.229;499954.839;499956.317;-61.2284;2.7272;2.7056;
318185.048;545121.325;545120.814;746.5191;-137.0465;-137.0350;
315657.639;515920.657;515922.298;744.7972;-6.0242;-6.0306;
259938.330;502148.757;502150.177;411.0498;203.9845;203.9856;
270778.222;509322.293;509323.564;363.4410;-224.7400;-224.7447;
266845.366;502227.068;502228.555;-292.5420;-436.9207;-436.9487;
289958.402;508664.844;508667.043;-126.5100;117.7877;117.7952;
270442.226;511523.922;511525.920;-94.1658;95.0464;95.0883;
292600.318;508491.938;508492.814;217.1181;-8.4393;-8.4267;
253153.891;523373.101;523374.989;-109.5878;-60.1973;-60.1767;
396994.828;431262.582;431273.552;-25.8807;242.8643;242.8375;
279951.878;499449.672;499451.888;592.7707;-569.2955;-569.2745;
246042.332;511402.917;511403.673;606.0467;55.1122;55.1339;
255208.052;644225.401;644229.371;40.5801;26.3666;26.3728;
191978.578;441513.314;441516.802;-96.1547;-244.0705;-244.0593;
669460.664;481856.501;481857.262;15.1983;20.2847;20.2827;
693083.188;495913.871;495914.394;-441.2155;-111.6023;-111.5963;
720891.602;510480.208;510478.969;-908.2073;-225.4228;-225.4241;
732263.584;514389.505;514387.638;242.0938;-345.1745;-345.1781;
712558.518;523634.086;523633.206;941.2918;463.0434;462.9859;
705252.502;513311.369;513310.763;-292.7627;144.7209;144.7088;
678397.656;502433.928;502434.176;-561.7498;-24.8781;-24.8759;
609660.206;496769.426;496771.492;64.7231;-56.8332;-56.8252;
724429.709;528243.509;528242.322;-223.6200;582.9288;582.9216;
675274.344;546114.700;546111.534;160.1853;111.0416;111.0340;
817445.117;627727.791;627728.935;-96.3622;-6.9359;-6.9275;
739197.992;544455.385;544454.092;-682.1060;195.1451;195.1328;
714150.927;516492.519;516491.558;-326.7791;807.6103;807.5313;
713489.948;506279.574;506279.521;-819.4783;-307.4525;-307.4215;
739819.405;535543.230;535543.356;-216.3591;297.4245;297.4207;
694563.389;496045.030;496045.815;-378.3376;344.8163;344.7719;
658680.580;531594.414;531590.391;547.0650;-30.6749;-30.6459;
705623.025;508257.746;508257.798;38.3935;-242.3013;-242.3054;
645712.599;545595.232;545593.058;-486.7948;304.0668;304.0328;
665204.939;399973.128;399979.951;-185.9838;-200.7772;-200.7544;
780295.837;530240.658;530238.397;-278.8769;336.2098;336.1903;
714362.220;514517.929;514516.164;-713.2936;-236.7989;-236.7977;
669953.104;410041.419;410043.100;-109.1721;-78.9200;-78.9195;
510837.847;325914.587;325899.003;-207.5794;-58.8958;-58.9106;
704362.715;513687.750;513687.401;-120.7387;-260.7057;-260.6977;
682360.848;554427.052;554424.620;-609.5665;563.2904;563.2525;
725871.011;562768.936;562764.828;-135.1701;-79.7981;-79.7956;
733875.574;517008.486;517006.801;617.0865;217.9621;217.9007;
714112.145;448490.201;448491.328;-24.4628;73.9577;73.9524;
720463.858;485453.569;485454.310;-455.3046;384.0098;384.0126;
721375.756;507475.643;507474.473;-796.9722;-17.4349;-17.3941;
649233.831;503990.068;503991.284;-231.8491;-12.1128;-12.1326;
707508.841;505750.438;505750.539;65.4019;89.9640;89.9634;
762695.512;646925.590;646918.532;-168.1470;77.2943;77.2904;
707738.016;499933.303;499932.831;-273.1459;-254.4244;-254.3963;
692610.703;519170.322;519169.624;227.6606;-420.2951;-420.2502;
632418.316;576873.436;576866.857;-135.0273;-71.3468;-71.3437;
720506.919;506995.824;506995.665;-663.6884;-581.4877;-581.4016;
688276.101;522492.971;522493.516;-321.9491;158.1743;158.1884;
740121.808;520339.684;520337.443;438.9493;-184.4290;-184.4544;
745644.788;462252.625;462253.461;-210.0634;-105.0403;-105.0493;
717566.206;529111.249;529110.186;-48.4688;-85.2802;-85.2505;
684636.291;522863.403;522861.867;-26.7208;100.1239;100.1180;
741941.208;561367.820;561361.511;106.6667;204.8633;204.8246;
725865.703;526303.424;526302.307;744.8804;-451.8570;-451.8213;
709742.182;505918.762;505919.055;282.2609;159.1550;159.1550;
726801.509;509403.397;509402.773;-491.2874;39.7783;39.7702;
623124.973;460453.988;460458.997;-462.8047;-190.2346;-190.1972;
731635.930;535185.638;535183.155;238.9048;-126.6529;-126.6481;
697657.459;496548.807;496548.973;50.9178;-108.6291;-108.5966;
820356.454;443523.677;443528.276;37.7490;-49.7847;-49.7839;
626906.910;438297.831;438298.510;71.8687;325.3457;325.3463;
689157.382;512862.800;512862.454;-169.4870;-343.4340;-343.4403;
720026.350;521902.162;521900.595;-432.2216;167.6619;167.6272;
737187.908;558350.065;558345.818;82.7091;331.7534;331.6946;
637506.275;410301.841;410304.161;-135.0828;20.7162;20.7202;
691397.907;509025.165;509024.771;167.3011;-416.8693;-416.8559;
693001.313;517190.471;517189.258;-229.8272;-149.0868;-149.0750;
715454.158;522222.205;522220.680;377.2505;279.9805;279.9542;
717255.191;523437.591;523436.321;-278.4378;62.7547;62.7643;
528711.907;247714.873;247707.548;-181.5666;-80.1005;-80.1074;
704301.875;524559.216;524558.679;-230.1859;238.5580;238.5228;
734947.996;527101.461;527100.178;-218.5247;-478.0020;-477.9385;
683395.987;527505.265;527503.949;273.1130;371.3643;371.3575;
733777.901;519970.980;519969.682;120.5273;173.2277;173.1979;
805518.920;562451.058;562447.737;-38.7890;-33.8366;-33.8273;
801323.098;527913.161;527911.077;-87.9603;-242.9976;-243.0029;
738013.786;545423.828;545420.736;-454.9648;180.7946;180.8029;
706788.776;510936.360;510935.721;-154.5970;232.2695;232.2681;
664696.906;537365.092;537363.155;-0.8073;-208.2879;-208.3271;
713906.651;513143.060;513142.599;-231.0142;-319.0258;-319.0139;
847264.668;483868.822;483870.332;197.3597;-166.2437;-166.2364;
710801.588;515484.950;515484.679;178.7719;40.0845;40.0925;
714321.314;512020.286;512019.920;19.9341;-360.3293;-360.2883;
748456.190;532393.942;532389.752;-189.3498;15.8473;15.8313;
705905.541;510247.438;510247.572;462.9033;549.8158;549.8219;
727664.238;459786.846;459786.132;-332.7929;138.2800;138.2758;
751452.426;534530.023;534530.261;862.6828;99.9290;99.9477;
708434.746;501880.731;501880.063;204.2943;-154.2737;-154.2681;
696673.055;502395.937;502395.026;-632.2025;-206.9239;-206.9119;
705214.836;515234.738;515234.283;-44.0018;226.8893;226.8584;
717381.940;510535.590;510535.783;-216.3267;94.7167;94.6750;
735145.783;521200.325;521198.686;-83.3076;-113.6291;-113.6094;
623434.998;495384.518;495386.649;-269.2505;-46.7800;-46.7460;
628259.014;374344.527;374349.149;-295.6147;-315.5155;-315.5183;
655302.606;567293.511;567288.380;-462.7082;-13.1301;-13.1376;
952503.929;531366.725;531355.307;110.5610;-31.3730;-31.3882;
645384.839;530728.112;530727.806;-295.4864;98.3707;98.3490;
711083.444;507440.831;507440.820;-515.1660;450.4132;450.3944;
634576.132;476969.479;476968.179;-297.2420;9.0717;9.0632;
664892.097;486724.514;486727.047;510.4209;-40.9931;-41.0220;
686005.962;515109.929;515108.687;-1082.9272;189.8778;189.8707;
736643.774;503336.792;503335.861;-170.0914;-2.5587;-2.5326;
697643.089;529964.212;529963.805;-13.8454;-162.3928;-162.3582;
905338.172;698995.580;698990.325;132.6813;177.2211;177.2123;
713152.701;508365.921;508364.971;-189.6021;-31.3835;-31.4038;
710156.365;531759.689;531759.172;280.5236;-27.6981;-27.6766;
711586.726;504286.122;504285.589;-336.5587;-443.9530;-443.9195;
670587.141;522626.285;522627.340;-303.2349;64.9517;64.9498;
