# This file was created for the Modelling and Simulation course, RUG (September-November 2019).
#
# Project: Simulate colliding galaxies, using Barnes-Hut algorithm.
#
# Students:
#     Stefan Evanghelides (s2895323)
#     Hidde Folkertsma (s2759799)
#
#     X         Y         Z         DX        DY        DZ
466569.860;544580.658;544583.823;343.3816;-3.5441;-3.2357;
425901.468;562708.043;562758.309;-123.6256;443.8596;442.8641;
644579.584;891620.021;891609.908;105.1876;-26.6793;-26.6831;
403712.392;430353.879;430318.794;153.2585;172.2167;172.1265;
437714.028;538677.545;538655.260;216.5390;83.7790;84.5045;
463103.274;526902.743;526849.670;-18.4952;747.1350;746.6096;
728253.608;989460.669;989309.186;-86.8712;179.8590;179.8563;
498915.388;593556.102;593538.411;-761.1829;225.3711;226.2275;
374833.094;466511.468;466479.870;-392.5303;134.5820;134.5717;
343120.477;552871.058;552868.024;491.5181;19.7011;19.7410;
352514.349;535486.174;535317.094;-259.7594;-145.6132;-147.1618;
553148.625;648070.979;648072.342;-245.1292;-67.4653;-67.7647;
628714.700;609509.629;609669.910;51.0083;44.3012;43.8500;
463334.780;542129.598;542159.646;-246.0983;-250.2353;-249.9674;
412129.903;546573.509;546448.847;638.9760;246.7328;248.8255;
523479.888;551760.434;551700.089;-325.6015;622.0985;622.7654;
437878.769;499909.274;499868.631;-169.2812;-323.2372;-324.3328;
456170.761;536935.780;536904.861;28.6283;140.3129;140.9350;
426761.999;544054.253;544060.752;-306.2366;404.1206;405.6986;
435064.149;540247.673;540230.201;-1471.0605;128.5731;127.8159;
579579.675;633068.777;633050.900;81.5648;119.2442;119.6878;
461533.664;523408.356;523379.781;791.1400;311.6255;312.1110;
555071.081;490294.005;490229.811;14.5871;321.6474;321.8226;
450791.143;531248.255;531219.820;-1032.4778;47.9866;48.3817;
392917.736;529263.358;529127.993;-90.8152;-112.8214;-114.4625;
466596.006;569951.263;570004.645;541.1001;39.6023;39.7125;
433905.545;522856.817;522815.788;414.4661;30.2065;31.1994;
461436.852;547077.665;547044.970;-57.5671;-367.8361;-367.8101;
462626.360;538965.179;538971.132;706.5149;-440.9049;-443.2140;
448904.819;527984.960;527929.157;-60.9885;-469.5116;-470.7314;
449983.578;535601.420;535581.393;-378.9596;-533.3447;-532.8203;
845105.522;210398.763;210425.125;66.4680;-55.3552;-55.3522;
398130.684;642129.315;642209.803;-139.1393;13.2345;13.1902;
467655.529;549138.073;549074.783;-302.3404;-11.8849;-11.6647;
474553.476;552111.553;552171.660;316.7168;635.5883;635.7536;
533692.383;571796.107;571671.133;-489.1864;-239.4678;-240.0121;
461678.703;539888.345;539876.294;864.0378;-408.5143;-410.7274;
865435.954;498144.631;498417.620;-244.8656;-41.3484;-41.8906;
388231.795;504033.306;503948.468;257.8535;347.3735;347.7850;
558527.513;564091.332;564209.146;-102.2604;-287.0768;-286.7169;
481141.950;520834.932;520763.448;-604.5400;61.1451;62.1743;
477069.438;538607.517;538596.602;-208.8935;-238.9292;-239.3398;
393644.434;512262.558;512203.009;-790.8405;-320.4233;-321.7483;
466776.012;536473.936;536446.793;-608.6818;-643.7617;-645.2258;
451527.551;504859.654;504782.816;-385.7273;155.2041;154.7461;
462668.467;380591.457;380596.243;-6.3585;158.8678;158.9709;
460535.800;541426.605;541397.632;-172.5509;628.0768;629.2942;
441049.602;527051.434;527016.470;273.9663;-256.6422;-257.0712;
759497.872;997092.329;996963.094;41.1359;83.8084;83.7045;
807458.598;157490.826;157513.266;-4.3285;-7.5630;-7.5618;
491316.232;544542.684;544542.813;250.9815;437.6774;437.5427;
863539.802;659691.554;659430.986;-5.7146;63.2512;62.2510;
465824.932;399259.657;399107.566;143.4843;-20.2088;-20.2796;
445775.861;531640.827;531644.764;771.9741;270.6355;270.8100;
455776.495;527893.101;527855.525;70.5345;413.1351;413.8647;
386957.747;510965.315;510929.112;381.8860;227.8804;226.8656;
505369.937;540039.656;540077.093;288.9055;-275.8940;-277.3657;
425655.622;543223.329;543285.072;-712.2407;-390.1876;-390.1493;
448158.885;616027.884;616140.767;-283.9045;-381.8358;-382.6699;
468012.299;552511.933;552528.341;-7.0468;-636.0729;-637.1027;
804788.387;450609.509;450488.959;32.1929;-78.0188;-77.8648;
467846.580;526594.628;526609.283;-288.3517;38.6440;38.7562;
965004.464;609243.977;609210.200;58.0526;35.7701;35.7020;
457623.609;546681.000;546682.969;380.0093;-54.4556;-54.5310;
152528.853;398701.666;398588.755;-141.1100;60.4284;60.3578;
54560.855;652469.427;652469.939;-160.1186;61.4885;61.4329;
799882.669;344198.598;344235.318;214.8740;-58.5430;-58.4066;
428906.759;555775.309;555666.139;312.3033;-147.6182;-147.9223;
548034.285;509540.770;509397.071;342.7558;174.1356;173.9942;
467786.655;538511.985;538482.554;-466.0095;-704.5238;-709.5550;
206351.798;320136.886;319669.999;-163.3940;-213.7474;-214.2133;
469770.814;645068.511;645157.452;391.5190;114.5586;115.1014;
359197.062;443429.462;443204.868;47.2000;94.7412;94.7820;
460420.752;540176.729;540166.669;-253.1638;-73.1789;-74.4360;
381800.643;601244.590;601208.531;270.0840;70.2385;70.1671;
466273.322;560756.494;560795.457;448.4056;323.6016;323.8061;
347941.897;483531.970;483377.851;-201.4441;-182.2355;-181.9659;
501702.247;537412.686;537439.022;650.9046;-90.3765;-90.2609;
577484.313;556852.952;556906.321;173.7658;-437.1095;-436.8282;
450957.415;548410.019;548411.181;-483.3872;315.7579;316.9824;
647450.056;666446.477;666320.209;-101.3101;5.4311;5.4569;
204219.857;715165.188;715279.713;-394.1595;49.1555;49.1832;
461253.096;549150.087;549161.705;455.6148;-247.0118;-246.2230;
938179.595;645568.455;644789.292;354.4707;62.1662;62.1312;
425956.312;565781.610;565851.478;-646.9656;204.4376;205.2362;
453842.262;525658.058;525620.688;-45.5589;-191.9212;-191.1669;
467210.340;544963.296;544949.788;296.3787;72.3677;72.3010;
472738.033;536281.142;536264.878;-821.3727;-60.5787;-61.2579;
494824.794;554896.610;555058.423;1015.2844;83.3958;87.2967;
502875.904;519466.861;519480.346;133.9893;-282.7441;-284.2105;
479511.575;541904.150;541901.081;123.4302;136.1747;136.8120;
454271.439;568947.264;568937.250;89.3432;564.3123;564.0002;
462300.507;541311.652;541284.438;31.3232;846.2814;846.8821;
432432.017;556116.763;556160.777;-297.6712;405.1353;405.8705;
456870.706;517431.526;517409.435;-772.4899;-168.8060;-167.6921;
441577.053;513337.813;513272.379;441.9678;38.4578;37.8410;
547800.794;483034.735;482990.488;-493.7617;-99.6106;-100.1176;
844376.336;547965.257;547960.386;-131.1548;131.0239;130.8389;
463091.875;545756.819;545766.607;101.3278;-306.5332;-306.4263;
603523.671;465381.283;465207.072;-129.8027;-64.4657;-64.2671;
687788.957;407440.143;407414.557;-117.1680;-67.9020;-67.8820;
489739.635;525345.000;525338.805;-14.3515;-184.7686;-185.7652;
528400.813;636691.360;636625.948;-235.4610;361.6178;361.5403;
413636.526;581173.058;581129.780;285.6620;319.0907;319.3639;
620773.137;576790.300;576737.867;304.2057;63.0843;63.0496;
370456.827;517550.811;517503.728;250.1804;165.6337;166.2280;
499159.719;343556.338;343514.730;-140.0462;-2.3560;-2.3068;
453612.710;545443.913;545445.808;-956.0743;170.3434;170.6083;
854757.531;474184.032;474137.924;83.5621;-22.4610;-22.4769;
466367.932;517750.259;517736.186;-91.4274;106.5563;105.7902;
426392.998;587484.997;587518.228;280.4347;-192.2230;-192.2868;
462138.003;548863.563;548856.404;600.1807;169.0718;170.7234;
222341.366;376972.257;376922.896;154.0390;67.5331;67.3251;
413587.550;595980.185;595994.946;-31.9526;48.1250;47.9903;
345289.545;845011.693;844887.129;-116.5063;136.9360;136.8415;
464737.623;529154.043;529091.189;-261.5457;602.1650;600.8358;
437258.754;539960.603;539912.275;656.2774;-494.4257;-498.8198;
443316.032;527827.510;527757.860;753.4839;172.7102;173.0223;
470695.023;535835.142;535858.097;654.5082;715.4397;716.7402;
437821.389;531460.525;531426.347;-89.3562;-338.7738;-339.8440;
411735.314;377298.493;377120.400;-20.6704;-141.3252;-141.3239;
454152.070;519537.903;519438.629;167.7374;580.5561;582.7396;
455960.756;532923.773;532894.074;655.6696;252.9995;255.4631;
596730.238;633015.227;632912.710;315.2120;56.8054;55.7532;
410200.148;310318.998;310247.843;-248.1762;-25.8741;-25.8501;
391386.588;952286.365;952280.759;16.0521;122.4354;122.4274;
451030.952;540413.523;540410.221;1275.7351;-157.3438;-155.7420;
493695.751;576611.570;576657.154;-225.3723;406.2339;406.1767;
440969.325;523359.389;523312.383;639.7994;-230.6642;-231.3156;
815030.911;530068.771;529401.554;34.4244;-122.1320;-121.8300;
544941.699;525493.322;525428.310;329.5393;128.2849;127.9097;
440195.364;532189.536;532169.334;-164.1743;298.6433;298.4342;
447498.926;541142.059;541121.742;-578.0020;-316.5667;-317.0545;
466786.921;527195.965;527138.289;438.2073;786.0785;790.5604;
315267.597;533079.098;533047.649;336.9715;276.5944;276.4906;
365441.380;501116.182;501113.612;242.6409;254.5504;254.7448;
470583.795;563846.949;563840.915;-777.1969;-168.5437;-168.9419;
507555.682;594024.223;594140.649;460.5817;-104.8772;-105.1643;
448410.712;533024.071;532995.610;-651.5417;-870.4118;-870.8403;
261004.136;267214.653;267194.128;227.6898;14.3326;13.5998;
385997.603;541769.407;541594.616;188.0879;42.7462;42.5246;
423755.115;566671.893;566768.860;195.7653;310.7653;309.5807;
449750.089;567679.998;567745.870;-203.5112;272.0533;272.8434;
615007.450;692721.079;692733.005;61.0288;-306.0064;-306.0432;
456793.083;521610.737;521581.188;2.9781;-399.7664;-399.8525;
571135.450;534206.394;534041.424;57.9629;83.0203;82.3860;
478692.489;531315.588;531357.406;405.3428;-198.2499;-199.8732;
475370.189;551862.388;551886.062;56.8359;-68.4965;-67.9574;
457306.046;537572.138;537527.084;317.6517;-45.5130;-45.8641;
431744.360;541836.572;541849.941;-364.7862;-317.8282;-317.1588;
329781.659;664311.314;664339.860;136.4517;-37.8739;-38.0163;
478592.591;549960.941;549968.094;20.2853;69.0326;68.3052;
459221.040;528895.776;528864.790;133.7435;287.5478;288.4984;
467177.153;529384.703;529369.996;-97.0233;4.8901;4.0785;
443722.528;518886.846;518863.770;230.2147;-305.8640;-304.6948;
445630.400;524732.743;524689.930;-698.5707;-307.2719;-307.9660;
461871.284;572764.772;572822.381;-689.0419;-124.4753;-124.6077;
530568.771;524325.548;524292.315;-426.6536;315.3002;314.8813;
247529.424;263437.466;263152.243;-174.8990;-321.3924;-321.1643;
637345.623;502845.022;502673.448;-174.1525;-95.3056;-95.2562;
460422.371;548619.264;548613.241;-258.3800;-669.6714;-668.6907;
455901.802;524673.896;524643.832;-297.7780;-147.0276;-147.4104;
498144.275;441350.565;441300.105;5.9240;448.3254;448.3059;
434823.114;530637.579;530603.704;298.9880;-676.2199;-676.2756;
469085.175;570388.931;570449.367;-930.7087;211.9691;213.4625;
469469.359;534275.150;534273.951;-1095.0480;-72.6338;-71.9212;
403287.251;611694.114;611731.936;-160.2611;-14.7301;-15.0432;
436793.172;521204.238;521184.419;-153.1592;-385.4196;-386.9820;
438391.817;526747.866;526751.023;577.6457;-340.5189;-340.8299;
442929.936;529339.621;529282.784;475.2421;131.2016;131.9827;
