# This file was created for the Modelling and Simulation course, RUG (September-November 2019).
#
# Project: Simulate colliding galaxies, using Barnes-Hut algorithm.
#
# Students:
#     Stefan Evanghelides (s2895323)
#     Hidde Folkertsma (s2759799)
#
#     X         Y         Z         DX        DY        DZ
460605.898;545550.931;545553.618;-94.3989;6.9023;6.6730;
441830.132;520466.926;520502.311;-656.6036;-153.3016;-152.8056;
608343.576;898555.507;898546.392;109.5617;-14.2380;-14.2402;
356597.111;382546.316;382532.615;126.3784;118.7455;118.6994;
470216.985;537133.491;537127.484;227.8384;-415.2555;-414.9667;
437322.625;566012.588;566029.093;-614.4797;-174.8036;-173.9334;
760694.148;931187.324;931046.145;-92.6314;167.0109;166.9572;
46130.674;553433.933;553400.275;-186.6782;12.2829;12.2019;
631208.964;482002.953;481976.885;-107.8293;299.2092;298.9138;
519923.229;491235.402;491201.506;-301.5333;-353.4451;-353.7657;
265952.599;535057.373;535011.994;37.7945;61.0424;61.1627;
582451.478;534832.786;534813.207;-183.7095;-41.7716;-42.0750;
580412.249;604256.531;604296.160;183.3957;274.1037;274.2563;
494348.499;567332.905;567386.261;1034.0541;349.1601;350.8862;
478878.118;553300.567;553262.639;893.9326;301.0140;300.5380;
437220.814;532032.419;531995.167;1058.1539;334.0269;335.5607;
501012.257;391898.623;391838.854;162.8172;329.5360;329.3551;
488027.803;633433.118;633420.328;-78.9195;-215.0952;-215.0548;
455650.464;544418.459;544410.464;377.0895;483.7230;485.1336;
450499.978;536900.929;536894.160;115.2986;649.1074;649.3179;
478708.468;544522.108;544528.461;1558.4236;-138.9513;-139.6057;
473405.582;546636.272;546673.526;1124.7667;637.6543;638.1472;
455705.100;542967.588;542953.762;-1253.5593;-150.3724;-150.2837;
515619.511;415517.887;415432.304;199.7950;151.5889;151.5785;
456426.877;533486.498;533481.956;-295.3930;106.9762;106.7037;
523350.201;535985.104;535996.954;52.2987;12.9746;12.4880;
432602.093;540003.152;539977.672;-398.4488;448.4871;449.2665;
495384.369;553397.882;553413.178;284.8931;149.1159;149.4765;
479073.998;547840.718;547835.778;-151.1731;-30.8448;-32.4429;
460066.559;535461.653;535429.357;275.1239;290.0076;289.8702;
461235.886;546052.856;546056.422;-188.9885;33.6543;31.7552;
467746.617;548190.432;548182.626;-597.7751;-219.7444;-221.3746;
820566.943;230163.168;230188.172;79.1901;-62.2538;-62.2487;
463606.696;508734.826;508696.856;369.8965;700.0325;700.6059;
485659.445;547462.080;547404.085;-625.1551;-157.8141;-158.9351;
408056.176;551974.981;551923.010;609.5155;-270.2421;-269.9770;
515146.741;581039.490;581128.076;606.0595;288.3677;289.6991;
458062.423;533317.635;533303.630;211.6281;143.9636;144.0142;
924476.931;516221.627;516577.204;-105.7415;-61.9299;-61.9122;
328955.066;439374.017;439306.626;95.2757;115.7578;115.6324;
500871.788;607024.874;606945.804;334.2597;133.5887;132.9089;
511670.428;559508.210;559569.591;373.9053;-80.1694;-80.4361;
477407.837;563291.854;563290.373;-283.1758;25.3904;25.5083;
601898.747;638346.400;638354.846;-333.3186;-188.8096;-188.7982;
475482.786;549068.181;549057.019;7.8827;331.0938;330.9754;
474590.071;523344.313;523331.932;-1146.6626;15.0230;14.6763;
476833.444;355152.599;355099.454;-137.1020;68.9687;69.0884;
428260.812;553331.817;553340.145;154.0824;-522.2680;-522.8359;
446529.921;543756.416;543738.932;523.9240;-214.1331;-214.4221;
738898.782;960906.171;960804.120;69.2647;130.9370;130.8743;
805650.575;164796.064;164817.541;15.7007;-35.9618;-35.9573;
406991.281;533757.581;533715.552;417.5460;311.5952;313.2258;
862365.227;633698.604;633647.120;21.6269;93.8568;93.7562;
419006.098;421489.101;421390.712;134.3327;-126.7027;-126.8560;
443015.361;542834.619;542828.717;863.3550;-62.1023;-60.1603;
448192.565;553496.994;553530.860;-13.3920;-196.5093;-196.5514;
444860.541;513047.932;512993.702;-633.1970;-484.6168;-486.8829;
454177.505;531274.843;531251.389;844.7190;510.1923;511.6943;
472342.772;558412.573;558427.728;-548.3073;616.3182;618.0623;
528531.415;684888.435;685044.091;-203.0852;-68.9252;-68.7657;
477913.403;546304.119;546279.940;-283.5279;301.8953;302.3815;
782878.273;481927.086;481764.711;99.5711;-106.3802;-106.2948;
470033.240;523441.706;523458.080;-112.6580;-311.8889;-312.9328;
938538.873;596949.742;596920.494;98.3809;38.7558;38.7646;
471488.498;539144.524;539132.895;678.9605;-163.1939;-163.0946;
206010.731;379470.650;379383.678;-175.8517;54.6936;54.6043;
118183.081;628958.479;628977.088;-220.8656;79.2843;79.2336;
721878.698;367801.666;367790.984;250.2716;-83.4946;-83.3503;
413200.437;526057.918;526020.185;-80.7455;165.6434;161.7767;
411482.540;610522.825;610466.856;-79.4841;-258.0959;-257.9003;
466791.704;558655.423;558717.945;-510.9455;-121.9657;-122.8185;
272286.374;401891.571;401644.086;-238.4658;-275.6141;-276.4410;
514991.723;515778.958;515746.685;-935.8337;-232.5948;-232.8736;
398348.640;476662.188;476591.947;-297.3181;-357.5270;-358.5242;
469395.269;554800.370;554794.523;257.3594;131.9566;132.6608;
395744.548;533636.827;533628.144;-580.3850;283.3617;283.6258;
464254.318;529642.086;529627.175;-435.4956;486.5432;486.6630;
560361.749;556373.884;556377.659;-370.7794;26.8516;26.8829;
339011.810;547234.771;547144.338;130.5909;7.1852;7.1951;
448449.678;631804.875;631803.973;395.1573;70.3939;70.1562;
476436.747;542317.362;542292.979;296.8106;-609.4245;-610.2837;
984743.789;655088.284;654814.696;430.9887;70.6658;70.3972;
672497.015;659437.702;659312.683;-49.8510;35.2647;35.2401;
350264.803;687429.015;687524.853;-475.6734;131.2320;131.3283;
472146.386;546896.940;546890.079;-20.9150;-558.4232;-559.3177;
803923.891;622169.225;621582.187;442.9579;76.9119;75.6812;
420468.882;576517.457;576500.321;511.8881;-225.1337;-224.5647;
459111.654;546324.975;546311.862;389.3625;186.4702;186.1751;
448149.589;551085.599;551087.768;-5.1686;-36.6674;-36.6108;
454252.853;532119.883;532105.083;-552.0080;-344.0494;-344.1655;
374100.439;478812.813;478815.370;-101.4549;20.5549;20.8588;
475069.225;570988.635;571025.045;477.6352;16.7610;16.1901;
449370.703;537229.199;537220.612;568.0078;146.1345;146.6480;
471508.089;522889.807;522903.204;-411.3114;614.6571;613.5070;
442966.682;530800.738;530778.844;778.7022;37.6885;36.2538;
438699.021;555953.558;555983.402;149.6349;591.8147;592.4220;
486323.627;528938.036;528904.561;-163.0606;-104.9619;-103.2564;
443039.348;548567.183;548559.690;-1331.3734;6.1603;6.7314;
585216.505;562143.721;562151.090;292.9046;-259.6731;-259.4271;
870344.263;501171.776;501143.021;-40.4939;137.7426;137.7836;
465262.292;547249.903;547252.005;1160.8662;79.5174;78.6358;
633293.651;494143.692;493931.649;-43.7074;-102.4362;-102.5472;
713709.349;438468.759;438435.736;-33.9022;-115.0094;-114.9849;
472414.235;550932.206;550929.198;137.1365;-522.3005;-522.4415;
488676.244;481035.053;481038.241;688.2326;192.8254;193.4545;
506310.472;493140.473;493145.277;-502.1431;-85.1910;-85.2970;
426194.949;536417.163;536415.628;826.2636;209.9961;210.6319;
427374.824;507961.166;507894.339;-555.1387;-359.3237;-359.6719;
538561.475;358504.768;358448.788;-83.3619;-85.7453;-85.7110;
453472.526;558169.080;558190.040;-421.6944;411.5171;412.3746;
822419.976;483894.988;483862.680;110.4838;-33.6741;-33.7098;
461479.091;565587.319;565611.416;-828.8000;-252.4629;-252.2228;
497948.632;518655.621;518625.913;-493.3508;5.2957;5.5715;
456860.976;533358.326;533329.713;-258.2593;-327.1912;-327.0208;
181973.898;359203.609;359189.989;83.5088;33.4772;33.4572;
475084.602;487716.835;487619.151;-106.4785;234.3023;234.6180;
386692.377;793243.896;793153.629;-129.7374;172.7967;172.6866;
479168.531;551136.991;551108.139;-804.8293;631.8511;634.3306;
414097.238;557380.328;557371.065;51.2950;204.2399;202.8761;
421345.245;544119.452;544103.707;-142.8877;-345.4735;-345.9256;
393136.205;539501.300;539512.371;-477.0014;-245.4925;-246.9201;
444682.038;539451.113;539447.843;463.7430;-107.1986;-107.2326;
423615.994;432993.643;432837.307;-54.1175;-189.0060;-189.1970;
461865.967;532363.090;532390.532;1022.8246;615.6078;617.6525;
485456.711;553443.088;553464.168;-307.3264;-57.7288;-57.2045;
432792.603;496020.197;495994.535;144.8162;603.4986;603.6884;
495202.784;331752.865;331677.956;-245.3717;-116.6210;-116.6427;
386321.495;909487.103;909484.043;13.8005;131.9134;131.9061;
454928.385;548840.175;548826.271;987.9553;367.3098;367.9651;
501527.872;525151.330;525115.247;37.7740;86.1220;86.3564;
438844.403;541625.927;541629.180;-728.7152;19.6532;19.9743;
790912.689;570154.073;569582.987;125.1184;-113.1524;-113.7385;
407273.861;568957.515;568957.510;-48.4238;-294.3981;-294.6198;
465879.333;526805.164;526790.213;324.7699;-126.2329;-125.6046;
468700.956;539150.455;539135.876;-387.3111;-328.0154;-328.2669;
405244.025;556082.216;556038.009;254.8922;-384.0685;-385.2414;
248538.761;446936.044;446934.045;108.4691;232.2807;232.2092;
440245.322;518551.745;518500.516;-861.8702;-567.5146;-569.3183;
509286.055;515587.091;515549.110;-229.8190;484.1581;484.5670;
517116.152;496575.589;496597.672;-566.2104;6.9347;6.3785;
440557.644;542471.873;542486.229;147.7485;1.4845;1.9423;
189868.913;276078.999;276082.781;188.2055;-53.8820;-53.8758;
412584.845;527107.365;527045.850;444.4726;-21.6908;-22.0376;
443397.772;539185.738;539166.191;-1363.5681;-162.5717;-162.5666;
452206.731;569403.664;569409.639;-271.6584;-328.4979;-328.6902;
577260.075;771258.807;771277.483;146.9961;-173.1156;-173.1277;
452979.430;548900.915;548897.563;464.0975;234.6797;235.4962;
346389.389;560013.952;559927.550;248.9801;-22.6223;-22.4652;
481236.399;554650.299;554667.467;63.0143;-571.9911;-574.3565;
463785.535;547714.105;547718.967;-448.5097;-388.2678;-388.7127;
464290.013;545553.452;545559.465;722.0709;87.9516;85.7645;
462270.826;549448.057;549433.458;-585.5504;771.0796;772.1386;
313582.651;652233.008;652300.136;-43.7433;104.3093;104.2317;
442712.450;540547.507;540525.570;-792.0666;-71.8928;-71.9374;
458998.617;530154.540;530146.991;178.8626;41.9307;41.8744;
460581.212;537621.756;537615.442;494.7787;197.6029;196.5283;
461196.725;540811.437;540819.849;-969.2040;-66.0739;-67.5253;
467457.515;554425.353;554416.284;-670.2059;183.0754;184.5051;
382114.435;507275.715;507259.080;384.0445;-269.3217;-269.4475;
557221.753;467012.449;466990.774;134.5754;36.2532;36.2821;
311743.917;374922.746;374782.456;-207.6616;-359.0586;-359.5765;
670154.724;538798.107;538638.165;-23.6204;-111.7952;-111.9100;
435375.877;544545.438;544561.440;-74.1706;-228.6964;-228.2085;
476373.467;530225.443;530211.755;75.8544;113.9582;113.7644;
465525.133;342908.158;342869.387;197.7435;122.6476;122.7028;
448861.658;547316.760;547302.441;124.4907;-710.0577;-709.8830;
452869.646;526769.243;526745.505;420.5816;-438.1739;-438.3800;
452103.632;545513.961;545481.162;-685.1949;-645.3270;-643.8884;
472447.687;547893.625;547893.454;-7.9029;709.1230;710.3216;
449532.262;545963.607;545962.388;-332.1206;-399.2158;-397.4771;
440042.907;542053.667;542028.115;-11.9426;470.3733;470.5650;
464675.490;542841.347;542835.757;581.7163;88.4774;88.1639;
