# This file was created for the Modelling and Simulation course, RUG (September-November 2019).
#
# Project: Simulate colliding galaxies, using Barnes-Hut algorithm.
#
# Students:
#     Stefan Evanghelides (s2895323)
#     Hidde Folkertsma (s2759799)
#
#     X         Y         Z         DX        DY        DZ
539265.832;503862.578;514128.074;-197.1942;146.8313;147.3716;
534573.672;554498.899;548897.554;368.9040;-341.2069;-257.7256;
371906.966;397015.495;407226.116;-304.9269;29.7805;30.1520;
545509.760;567139.246;558771.992;-399.5532;25.9859;-5.9940;
551129.169;539459.572;536944.572;880.3566;560.3869;434.3702;
483044.620;446215.434;449645.516;-349.9994;148.1889;131.1353;
571416.600;920580.616;941915.563;-28.7420;-60.4012;-56.6401;
480336.302;823416.348;821215.456;-99.4318;52.8997;28.7673;
449007.400;466193.109;507665.874;38.7637;1.7722;110.6428;
649193.813;531498.781;532148.937;-0.8448;313.5302;227.0057;
557654.058;550739.252;544640.930;-164.1732;-323.5678;-266.5934;
463512.349;661190.849;663016.448;-170.3562;-250.7233;-257.3564;
530675.335;535852.749;534216.932;-109.3573;0.0760;-73.1030;
527977.850;515966.772;517715.533;-636.5962;-845.5816;-563.0737;
465525.499;371463.419;371951.946;231.7322;106.8233;134.7939;
573211.952;544676.524;536087.863;778.3199;58.1570;8.7639;
520295.742;548644.418;543388.511;-437.0597;16.5867;2.8117;
542368.371;566451.261;559726.279;1104.0847;216.0924;195.0203;
421950.341;598502.442;579123.563;97.5792;18.4883;55.3158;
510113.234;539729.294;537734.901;-283.9406;-619.8973;-466.3593;
534681.554;547470.016;543137.660;-820.9781;-35.8315;-161.9948;
556023.340;524398.022;527094.698;-111.4209;546.4930;348.6569;
514542.136;529611.594;528681.500;8.2133;-159.5193;-141.5561;
503205.652;519870.173;518338.180;-236.3604;3.6860;-39.0000;
547862.657;542024.814;539293.827;327.7272;-532.6362;-339.3443;
804324.170;202200.660;201724.982;-68.3258;60.6314;60.2194;
661679.044;587187.008;639235.009;-151.4776;-124.3785;-199.1949;
526252.098;518950.653;522082.714;-398.9640;31.3043;-1.1307;
543600.495;549415.332;545205.334;958.2872;-206.1817;-197.8569;
332587.415;525799.944;522462.959;253.1416;181.1481;42.5078;
624750.728;606635.509;602936.305;57.1124;160.3828;210.5124;
328015.686;536216.826;553869.774;160.6418;-94.0990;-211.0894;
713282.506;709459.512;728626.816;261.4252;138.2433;178.5688;
597047.559;612749.280;596960.327;1.2005;164.3895;16.0504;
546666.664;554129.258;545992.806;-147.7929;-462.6698;-394.3884;
517895.998;556058.941;550020.212;-339.3723;179.8369;35.7854;
683047.071;594328.895;618210.933;146.7758;-176.1273;-76.4992;
537849.312;535629.404;534552.929;423.3239;174.0470;89.8598;
536699.465;548657.864;544432.532;301.6054;-559.7373;-423.4635;
514366.958;549388.815;543671.645;519.3009;-163.7486;-128.6628;
551714.964;552122.686;546576.258;-29.2318;-452.9142;-347.2097;
598132.420;629751.854;606315.138;65.6011;92.8413;72.2487;
615250.386;570206.624;570677.644;-217.5307;170.0223;116.4179;
930680.030;464111.091;457621.160;98.5335;47.1211;40.4718;
915147.572;385120.842;378967.367;196.0703;-20.5496;42.7849;
521318.884;543255.251;538725.239;-512.7684;-415.6899;-344.6882;
534783.887;535223.417;534422.980;581.2468;41.6754;54.8482;
495796.049;516849.785;519904.142;160.5257;-120.4270;-179.7031;
470893.972;601217.617;592476.203;136.0149;-244.5118;-208.7790;
545439.998;554180.762;549733.834;138.0463;-377.3063;-247.2257;
529067.472;521744.002;522135.834;-288.4956;-462.1225;-456.7264;
289021.431;356638.467;318524.085;-101.0412;24.7773;-13.2113;
338234.532;554804.408;550632.220;111.4663;-240.3533;-185.3875;
743390.610;390470.848;413851.480;100.3646;47.2386;44.6346;
567950.755;552373.623;542315.172;-871.9534;-463.9481;-596.7393;
446025.386;692052.474;690465.286;260.7359;-51.6437;-53.2362;
527064.686;535089.572;534054.629;783.0062;111.0480;151.7236;
525552.020;543620.748;539303.748;106.9790;462.7090;352.8372;
513032.222;551346.497;544373.068;49.7806;422.2716;331.5374;
518343.811;544604.763;539838.748;-587.8470;-781.7464;-592.0539;
536071.372;549850.724;545033.326;-857.9362;669.7656;366.7974;
540604.304;534208.528;533620.766;-73.7292;-333.9661;-298.4517;
506236.377;624459.898;601447.458;110.9540;372.1456;254.0251;
523047.290;622382.967;610151.847;462.4100;142.8166;47.4854;
488829.023;519433.924;528681.633;214.0228;680.0284;417.5732;
193619.947;650490.099;596680.213;-153.1731;47.6717;32.4541;
281480.982;513671.238;518161.632;43.0689;-104.2935;-72.9048;
414364.092;592250.700;591482.277;46.3596;-73.3113;-70.0647;
529672.549;542410.015;538379.183;583.9706;-294.6371;-151.9565;
908640.624;437978.000;428560.720;61.0513;20.2051;6.6351;
555691.170;555839.849;549803.348;390.1634;193.0136;147.7355;
563677.524;552278.813;548288.492;370.3834;635.7202;484.8399;
581320.257;684520.432;643412.852;105.0239;431.2715;285.8956;
914908.165;386024.984;386449.573;42.5879;84.9408;19.0207;
522043.334;540904.054;538502.418;-338.3392;-254.0921;-238.6480;
504097.250;553493.204;546300.605;-20.6629;-474.6542;-365.9395;
567113.656;534889.287;533906.955;937.2340;596.4730;648.4910;
533461.287;537231.458;535961.206;-191.2726;642.8513;504.2678;
533358.843;547900.293;543070.180;-910.0565;301.8964;56.4265;
530252.950;550708.939;544812.820;1028.1886;805.2047;713.4590;
360733.798;369074.110;350987.792;112.9628;116.7578;90.0201;
541129.859;555819.733;548886.230;173.6064;150.6501;105.6143;
595158.001;125276.824;108351.385;134.1733;-13.3035;-12.8929;
531267.620;556456.131;549091.359;303.7478;99.5867;106.0448;
679313.990;518538.532;518028.561;-197.2046;-62.9937;-62.5274;
728895.019;523654.507;522869.605;-353.0874;-59.4636;-57.7333;
496085.501;527074.955;523574.126;38.9875;181.9747;362.6249;
519684.551;572654.957;563161.818;-960.8321;-14.3114;-83.6329;
297485.770;566474.564;581251.001;77.7642;51.6184;150.9075;
563538.044;468558.124;464469.730;-334.1313;206.2743;174.0906;
952620.999;524975.136;521946.095;33.3596;-95.5273;-101.5621;
538920.855;534473.425;533717.070;-429.2748;49.4257;6.5253;
507683.542;555246.909;548811.834;-517.0123;132.3770;143.4026;
550904.439;556247.578;549425.481;52.2403;110.3611;125.2149;
491122.136;534140.706;530558.213;-380.6404;612.6542;343.7129;
317117.331;428245.335;444420.809;-60.2605;137.7812;136.9302;
721252.499;604575.453;602535.130;-302.4127;-147.3805;-140.9075;
570800.133;525683.904;531481.494;-96.5817;52.0252;55.8982;
532664.612;525847.829;527609.923;-503.9085;89.4644;175.4315;
530519.117;516365.123;518880.244;439.5615;336.4233;348.1283;
572286.923;575008.032;572740.111;-109.6291;236.6057;196.8209;
499646.113;633686.977;634578.442;355.8589;-127.2024;-118.4607;
560264.074;522321.885;523834.693;-321.7267;-59.0796;-19.9603;
460032.636;388989.625;365013.852;-10.7033;125.5595;127.1040;
524828.924;530737.647;528616.289;-439.8525;344.0498;290.2746;
610213.058;620925.579;597134.284;403.2938;152.2158;297.8468;
939533.376;308956.877;328168.183;-82.4038;18.9671;49.8717;
573621.531;452077.018;447381.380;-281.8364;-172.5642;-134.5064;
518704.480;554206.494;547176.728;622.0533;403.4526;317.3587;
545612.194;533843.964;532727.628;-640.3648;229.2670;75.1362;
538346.224;537794.362;536293.220;-31.5854;-819.5556;-702.1639;
320404.356;477031.503;487091.740;-90.1161;-168.9582;-130.8929;
370259.140;477756.285;478590.659;74.6735;289.0947;237.1092;
535184.532;554288.876;558884.039;547.4477;578.3664;977.8351;
539139.147;539249.034;537580.862;380.9872;-585.8594;-456.1907;
541385.121;468711.793;460957.096;-324.0428;88.0824;88.1429;
530423.083;531341.014;532290.636;385.0011;12.8001;-5.1071;
523728.102;542632.044;538278.716;-411.9952;-400.2111;-271.3010;
279163.242;529383.125;526832.279;-72.7533;-40.0606;36.7302;
528579.616;541391.223;537629.665;322.2572;-469.5382;-374.3666;
490355.446;556806.305;545563.412;-43.4725;-59.5231;-76.3931;
531028.729;527726.529;528410.354;315.0268;-952.1764;-750.7595;
688209.863;412914.819;424981.440;-217.4656;26.0872;52.8590;
602115.862;563530.017;576186.511;756.5729;-394.7126;-33.3594;
555579.493;545681.222;541600.355;488.6264;57.2713;0.0035;
489569.783;529898.668;526511.132;380.3728;-472.8657;-436.0898;
453293.234;482874.132;480127.138;299.1777;-178.8697;-81.0168;
530012.661;538291.070;534430.403;-411.1739;-147.9253;-220.9802;
510711.559;551335.034;547383.741;216.4056;-48.7391;-151.5020;
565239.211;558213.898;554733.821;408.0277;344.5533;323.1709;
290527.767;518486.600;499391.227;78.5740;16.0551;-11.9190;
547981.668;633018.876;604984.711;31.2955;319.7577;229.4387;
545358.583;538735.126;540149.990;-162.8038;-76.2396;-20.4193;
522370.341;546109.493;540580.729;-734.4874;-30.7457;-78.4698;
521380.810;540247.013;536563.103;-737.6547;-274.0839;-298.4222;
532987.673;535521.564;534521.677;144.4566;366.1170;184.9550;
521260.122;532319.204;532446.515;-675.4560;713.5736;450.2947;
469185.217;601344.361;586925.504;-263.3876;-162.2221;-39.2048;
453354.540;494692.517;508950.371;-98.3073;205.1008;235.7436;
569906.097;541490.998;538371.983;405.9271;-462.0879;-233.4107;
556267.758;278408.325;281353.874;157.2597;34.9707;68.3648;
522303.186;527013.140;526511.855;246.9826;581.3907;248.3663;
524301.680;559817.553;547576.124;-315.1196;-1154.6437;-718.2916;
511743.330;543833.664;539401.131;221.9692;-59.7263;-48.9023;
514679.950;533055.551;532416.471;319.0868;-80.8489;112.7544;
507719.765;533985.498;531886.618;750.8787;504.8533;335.9300;
498010.536;553373.175;547524.443;115.5502;205.1750;117.8459;
