# This file was created for the Modelling and Simulation course, RUG (September-November 2019).
#
# Project: Simulate colliding galaxies, using Barnes-Hut algorithm.
#
# Students:
#     Stefan Evanghelides (s2895323)
#     Hidde Folkertsma (s2759799)
#
#     X         Y         Z         DX        DY        DZ
490880.775;519561.393;519254.087;-248.5354;-108.0923;-117.0711;
464940.509;532894.888;531401.573;115.7961;-289.4192;-300.0985;
800033.739;581042.307;580444.027;-66.5413;-160.4115;-161.0852;
488849.180;546030.637;545940.126;690.7430;-244.4193;-242.2357;
475091.039;530929.230;530099.486;951.6466;-28.0606;3.8760;
405762.547;974024.821;969770.690;-140.3236;270.5458;267.4822;
326265.723;588259.548;587367.270;297.0226;237.5036;232.9801;
601025.140;911352.847;919731.930;-2.9149;70.2812;80.2112;
302885.788;553169.331;551468.164;-48.4128;-168.3369;-157.6148;
596272.111;605249.356;607959.309;-54.9874;17.4200;6.6562;
443428.898;526113.098;524479.673;164.0629;-271.8379;-272.6251;
488221.570;547300.712;546478.331;368.1301;181.4395;184.3959;
450507.719;499274.104;497417.991;844.2392;-121.8934;-78.0441;
491321.160;530566.139;529791.115;-385.4214;397.9112;397.0640;
438866.476;534824.646;533977.127;486.9375;200.5969;206.2932;
602514.775;655095.871;656493.687;-32.5438;0.4781;-23.2309;
461289.651;484482.356;482128.428;-260.6923;-287.1645;-318.9924;
492921.091;524171.619;524164.960;-434.0361;-240.4359;-234.8447;
118930.052;622539.047;620762.226;-290.4341;-49.5686;-52.4588;
467121.331;542259.039;541308.177;1121.5461;-424.3342;-379.0626;
449219.107;524019.691;522777.718;326.3634;322.9209;316.2034;
483516.234;606014.161;606581.097;276.6056;-106.5056;-114.8961;
480757.120;542465.354;541630.413;-275.4955;169.8318;157.6569;
481746.975;542326.198;541361.038;-530.3250;-207.6468;-226.8029;
480114.251;533308.374;532198.635;-81.4545;915.2175;925.5091;
480198.620;547685.439;546989.214;-1006.8149;-226.7894;-238.8639;
464452.367;541906.156;541028.288;-977.6728;-97.5733;-81.4615;
887390.153;139718.435;139692.820;-26.6656;13.3048;13.2468;
569450.138;598931.596;600959.292;-14.2721;72.4420;60.1456;
497631.955;538217.626;537743.429;25.1603;-70.9801;-89.3599;
488720.765;507443.980;507535.708;-698.1995;141.9306;135.5377;
687021.977;493006.633;494195.453;277.5599;-41.0319;-63.0733;
485408.604;539070.772;538597.145;20.2894;670.7538;698.7416;
447480.479;503469.366;499081.558;-465.9395;-574.0443;-640.2712;
536784.218;535227.592;534443.964;-7.8193;-57.5227;-68.4016;
520802.746;550108.493;550788.329;49.4085;199.9100;201.2750;
438766.302;559387.980;558337.540;195.0832;143.8853;144.5024;
486896.858;523533.146;522617.253;218.3558;-151.0711;-152.4536;
488096.815;392979.361;387832.715;-195.5516;72.4969;73.5335;
467606.968;569194.761;567520.990;-329.2336;-428.4708;-425.1821;
475411.192;526600.153;525886.233;-212.8314;107.8305;49.5101;
451744.108;557833.857;560401.097;-75.3621;-268.5254;-323.1095;
520075.539;527927.116;528957.886;19.4257;-414.5051;-400.5793;
411761.049;554118.344;551588.443;-33.6876;-51.8869;-66.7398;
72056.110;597364.582;599437.793;-370.4095;39.0055;37.8492;
471280.548;520734.708;519515.309;921.8445;468.5779;460.9076;
525382.985;450647.504;448906.450;310.8524;-152.8493;-159.1584;
514987.094;480231.535;478387.787;475.7062;-279.9598;-280.0675;
482354.455;562542.323;561549.533;451.8326;16.6125;14.5223;
476795.544;501303.541;500065.116;656.4543;-304.3919;-301.8935;
422681.321;575325.268;571764.820;574.6282;219.2816;238.8242;
607260.175;380675.180;382362.312;142.8312;-400.4675;-407.5294;
519152.964;514926.073;515328.082;199.4922;366.4363;390.3605;
477836.691;532834.478;532186.054;-1183.9335;453.7890;460.8979;
518939.389;513936.619;513317.613;345.7701;-2.0042;6.8480;
347446.657;546843.721;540295.115;-34.4058;167.7010;180.8591;
540064.814;603228.167;605437.231;-207.9250;302.0896;292.9416;
657398.086;629935.512;629156.177;-307.3554;-88.0873;-87.5473;
477958.489;533835.843;532392.808;217.6900;730.2517;733.6819;
122540.875;657360.003;656936.560;116.6382;59.7372;59.5891;
476165.862;496945.227;497464.929;-733.5223;405.9423;362.4148;
505148.728;533967.048;533677.523;102.6645;37.6400;59.5347;
465900.261;546541.107;545423.122;648.1719;-63.8241;-53.3311;
476229.581;547451.027;546960.557;-373.0589;-23.8619;-38.4936;
487955.499;497039.951;496151.188;92.5806;-188.7704;-184.6775;
477506.751;552108.637;551413.345;675.9806;-23.5880;-9.8785;
487274.253;509302.472;508268.770;-486.2518;-88.3368;-64.4989;
429058.842;331582.186;331057.473;-1.5546;134.3034;142.0444;
424871.504;535611.498;532902.931;-224.8141;237.6280;240.5969;
731663.035;476338.709;475353.473;-164.7101;34.6884;32.5649;
657460.235;519748.668;522226.708;730.7751;-287.0370;-275.6244;
442718.233;553055.152;551495.426;-603.7464;284.0727;257.4024;
426710.913;526749.275;524973.574;-298.4406;-206.0089;-228.0975;
461312.060;489279.309;489769.897;-87.8919;26.8234;0.7248;
442921.379;589490.974;587761.389;112.6138;-179.5293;-183.6872;
470613.018;513021.567;511354.029;49.7061;175.8188;173.6058;
482814.704;537628.840;537015.906;-62.3290;182.4492;193.9575;
511525.701;435493.298;431802.487;457.6169;-212.4700;-218.6160;
403353.422;579125.594;576940.167;473.6562;-233.0981;-253.9432;
493920.478;524398.661;524151.608;147.5030;1.2848;23.1314;
498727.680;518898.957;517989.810;424.7017;15.5873;8.2714;
534246.710;515418.561;516771.185;9.4060;503.7160;394.7621;
474535.087;542447.628;541851.696;-642.0755;126.2005;115.3251;
494448.112;541300.132;540738.608;-852.9967;-50.9657;-33.0369;
498781.067;527771.784;527129.876;291.4964;-310.3050;-310.5976;
421834.669;490284.393;490253.257;65.1645;152.7304;164.8687;
511709.376;501524.448;500914.389;-235.2425;-126.4926;-154.9636;
368828.147;294756.111;283884.193;87.6511;-209.6058;-219.7454;
490614.805;537546.268;537064.221;-304.9652;395.9164;400.4669;
762940.990;630257.575;629175.398;49.2572;-46.6015;-47.3004;
946057.469;638501.294;637351.727;11.3869;-51.6870;-52.6595;
551446.421;431147.505;434248.780;185.0181;-0.1089;-3.6871;
453820.693;484666.167;483181.244;297.1893;-295.7523;-267.6820;
409793.077;520605.350;519450.086;-246.6875;265.7530;261.7856;
35396.018;382422.804;378907.901;-222.9362;-80.9910;-84.3369;
461900.776;573727.553;572938.530;531.8677;47.3661;56.2122;
637281.798;632077.551;634374.434;382.7662;37.3952;46.5226;
491132.713;544040.692;543772.088;-1109.7675;47.9929;53.5757;
671177.786;504860.143;500909.866;-259.4108;30.1432;46.8744;
470591.002;529395.509;528927.871;-520.1601;-239.0664;-250.9407;
546391.226;511933.602;513799.791;-532.9626;39.8282;38.6148;
558320.306;525173.313;522696.590;253.0682;-389.7678;-369.8446;
912216.336;731735.236;729191.388;-4.1144;-21.6064;-22.1997;
490464.148;548947.783;548388.472;-529.2177;-320.9082;-341.4733;
483657.403;541700.791;540748.944;-660.9564;-289.4248;-297.6169;
480533.573;532002.748;531003.145;432.0438;-550.4150;-526.5087;
505547.387;555003.549;554917.664;-259.9878;176.9751;183.6756;
496818.034;530263.508;529536.231;766.6497;141.3104;136.7333;
496868.023;528929.928;528017.741;4.3363;-32.2394;-52.0542;
435698.291;240021.438;238447.973;22.6590;36.3675;35.6673;
526641.236;517836.655;517796.915;615.2097;152.8308;194.3246;
519219.760;570977.548;568231.941;26.8743;-327.0635;-320.6540;
870893.351;429266.336;415271.482;174.6653;-160.1295;-176.4928;
398435.120;432419.149;430776.004;-311.7384;5.5776;-2.3280;
473724.603;541205.322;540455.989;-579.4499;202.6739;186.9166;
450038.530;539147.106;537849.664;520.7808;311.5283;305.2945;
479279.747;524401.635;522868.313;-364.7756;78.6632;53.3616;
838106.688;909197.129;905217.941;256.6965;88.2637;81.8100;
361799.207;450801.765;451441.997;178.8846;-35.8303;-32.8266;
553790.218;599606.481;597654.203;163.5653;-215.9775;-184.0703;
506765.866;527798.094;527729.624;883.4063;-604.1577;-619.1008;
473231.920;536245.484;534978.200;-42.9355;711.7288;697.2828;
386293.657;352862.172;346617.563;-65.8615;171.6247;164.1400;
499339.150;524693.298;524693.935;258.1345;-122.5385;-104.4124;
485421.151;552648.382;552033.315;-162.2856;303.9842;332.0639;
376349.229;617778.508;615874.025;-29.5575;124.8582;154.9546;
486624.780;538105.759;537473.452;-191.6511;-271.1008;-281.7740;
504863.696;537831.949;537642.938;190.3492;714.4771;724.5678;
493419.499;546725.907;546479.690;876.1944;161.6850;187.8407;
801672.687;479578.031;473799.260;109.3394;-69.2537;-74.9019;
589964.872;495954.830;503406.622;-310.5922;-397.9973;-398.1827;
481302.439;543864.666;543248.965;-48.2831;4.0296;-3.8770;
522450.964;497752.705;496431.316;471.2796;-404.3828;-388.2837;
420997.199;549759.595;549813.586;77.5553;-99.8538;-100.3599;
492511.174;522937.330;522694.620;-218.2318;-229.8067;-223.2860;
563543.803;474020.900;471745.633;180.9721;12.6757;12.8049;
484744.141;498000.208;496378.057;131.5025;556.0126;602.9722;
363023.183;617935.905;612648.022;-129.8431;26.7082;15.7627;
462594.672;517435.900;516291.689;-270.6988;-100.4176;-106.5590;
485093.119;533609.762;532757.882;-166.6571;162.7478;162.2998;
474547.220;522394.055;521934.029;171.2943;-179.4584;-180.8016;
499595.677;525195.440;524440.178;534.9987;-332.7770;-326.5180;
517873.067;541162.685;540899.458;486.2442;-168.8245;-169.0153;
486631.057;562660.232;561553.657;-522.1077;-279.2792;-274.9248;
500239.994;566079.568;564989.184;-456.8956;130.6861;110.3973;
980238.426;625660.182;624125.413;122.1360;-35.8811;-36.8134;
495297.722;526755.854;525923.070;1215.3089;31.2310;19.7113;
494677.914;514753.787;514682.742;-572.8177;465.3445;472.5093;
662758.192;514982.042;516630.753;-16.0754;230.7026;245.3303;
461584.795;521313.245;520977.121;45.2731;-313.0006;-297.7070;
481102.913;584139.489;581030.398;-490.5680;-466.4482;-485.0990;
491425.335;511690.151;510843.227;271.6164;279.7120;295.1059;
487898.832;541617.733;540854.540;-550.8779;-502.2299;-524.3141;
450747.733;545909.870;543936.176;142.1294;342.9495;328.5556;
493002.382;547844.047;546989.995;370.1943;253.7988;260.4208;
