# This file was created for the Modelling and Simulation course, RUG (September-November 2019).
#
# Project: Simulate colliding galaxies, using Barnes-Hut algorithm.
#
# Students:
#     Stefan Evanghelides (s2895323)
#     Hidde Folkertsma (s2759799)
#
#     X         Y         Z         DX        DY        DZ
488792.120;558675.632;555128.499;218.3808;388.2453;372.5651;
453208.433;546411.773;543181.618;673.0221;-52.0680;-28.6079;
711506.492;471787.790;472772.042;-228.8843;-155.3711;-144.7872;
497180.536;549158.223;548055.395;320.6056;-504.2411;-496.3782;
501202.454;548206.476;546725.224;676.3558;1018.5618;987.8460;
595455.361;635541.943;632990.790;367.9378;-155.4561;-152.6317;
595310.946;941027.606;955367.818;-13.7087;21.5271;29.7584;
579972.094;586850.331;597609.466;105.9066;500.2834;547.6355;
503697.073;606892.750;601743.786;-43.5888;227.0507;185.2574;
508366.694;562097.494;560957.245;-1115.2949;630.8027;508.6243;
497616.703;558347.385;556304.005;619.1970;-257.0479;-196.7523;
643776.662;675287.873;676389.161;-38.1131;178.2263;176.6886;
501334.484;559441.834;557106.355;-206.7275;12.0473;-27.6406;
445226.372;530868.701;523853.009;510.9308;403.8354;417.8515;
398601.721;427861.651;417326.722;-333.7411;-254.8975;-301.7105;
545024.977;563164.444;561808.681;-330.5710;-92.0819;-77.1914;
498481.964;545451.653;543725.820;15.5946;-27.3857;-0.3765;
548021.414;583972.395;590659.474;84.7357;-265.1872;-240.1488;
454479.754;555108.672;550914.663;672.7510;-11.3236;13.1642;
545818.160;523858.585;527167.063;292.5192;-260.0976;-227.4350;
482218.041;554464.660;551530.306;-205.8351;165.2916;114.5312;
482336.787;555463.248;552638.548;78.5894;310.5762;309.4952;
489090.806;527827.977;525501.869;759.2468;-464.0154;-418.6707;
467068.385;542367.917;538137.699;-357.0117;139.3558;75.6439;
500861.776;551345.152;549167.242;-615.1175;63.3423;56.0653;
865250.895;153374.406;153282.232;-41.2015;28.8227;28.6453;
399488.263;455259.733;445342.095;58.6106;25.4905;19.1166;
475681.616;560628.328;556655.901;653.8274;93.4102;200.0643;
508334.024;528677.876;528850.452;-841.7887;86.4598;-27.2278;
721131.303;509203.931;509683.714;-186.0833;36.2991;28.6644;
493889.124;559923.734;557889.023;-1056.4135;332.5181;259.1890;
465076.401;404761.792;411550.299;184.6535;132.5436;161.5692;
524907.593;506957.950;504813.450;156.2547;-230.6156;-218.9366;
458376.985;557154.544;553024.828;-453.0126;-216.4903;-210.4110;
468560.907;532456.668;529821.628;-617.2813;76.3346;13.8377;
487883.986;548707.274;546768.482;1044.1221;302.5580;409.4895;
524712.152;595751.652;592629.208;641.8755;4.6271;12.4301;
514076.272;538463.141;538734.680;-185.7260;555.4969;469.9157;
479643.271;545952.715;543814.646;-127.5852;80.0331;87.5577;
464545.711;526978.025;524599.515;327.7206;-56.4342;-95.0831;
459488.916;525205.580;522978.463;178.9101;78.2205;64.6042;
535120.175;558476.150;558161.536;-389.3709;-26.1790;-38.1504;
528243.769;485663.623;487454.262;-44.7931;238.1706;185.5647;
725318.254;413866.496;416094.396;256.6191;0.8731;0.3408;
715645.661;397864.686;398907.028;179.6108;-18.8483;-37.1454;
493763.904;542290.684;540432.524;-215.5768;507.0575;491.1622;
505426.827;543435.461;542179.794;-336.0087;654.7974;624.9177;
503793.871;529419.695;528503.027;-511.3273;-804.0791;-801.5464;
664333.758;175514.535;171971.204;60.4066;-260.8967;-269.0671;
431566.522;539208.798;534554.814;-235.0634;-246.0436;-225.3568;
478675.337;537372.439;534595.296;-488.4634;-2.6818;-67.9813;
444116.668;562329.766;558122.176;-59.0625;-194.7277;-160.3145;
518315.128;477019.799;481642.860;-191.3122;-507.6077;-417.6228;
393965.413;682598.925;676030.287;-191.0103;0.2842;-11.8554;
530656.156;453226.903;455160.073;323.6125;-225.7456;-189.4647;
501491.660;569365.882;567035.190;-326.8645;-515.8861;-502.6247;
213062.800;689497.620;688930.143;161.6630;37.7325;37.4228;
493200.142;530344.568;528514.922;-591.6750;-437.9950;-477.2676;
483016.069;551250.487;548529.949;485.2272;233.7354;278.1268;
501776.817;534681.293;534221.902;-673.0855;143.5576;66.4206;
502679.135;547345.760;545946.962;585.3439;-308.9862;-250.3741;
504004.059;539336.634;538932.865;812.2485;-189.7626;-117.3852;
463461.909;526437.954;522815.395;-442.6902;338.3100;276.4228;
501188.302;547218.434;544092.857;179.0767;-779.6736;-794.4802;
444715.174;524541.238;518456.012;279.7571;661.8184;653.5672;
509806.367;540187.869;539051.467;-980.6131;-457.9405;-500.3304;
553513.657;526477.702;528791.921;-532.8352;91.8271;117.2128;
954312.412;341338.565;323780.539;305.1657;-272.1415;-346.8342;
640637.508;506667.447;511117.344;93.9869;42.1882;38.4762;
438514.080;471953.761;464681.238;192.5770;23.7472;37.0955;
481511.710;483253.594;482467.250;18.6212;20.7978;-5.2462;
722179.773;438051.213;439702.491;333.9904;-3.3623;-1.3083;
457636.962;557738.243;553257.729;-114.1903;41.0997;14.4321;
481204.726;554918.679;551571.982;-41.7172;-48.1697;-106.4024;
665630.984;469844.095;473035.286;-65.1351;153.4020;150.4728;
715275.387;395714.331;392043.217;314.8788;-132.1744;-119.0611;
486430.165;555227.071;552345.617;774.5875;150.6289;203.8695;
497537.866;551374.932;549970.644;802.6217;273.5593;324.6918;
494007.945;527582.805;529168.025;1091.4264;-68.6442;21.9421;
487754.148;555272.715;552564.706;-494.0158;713.3234;671.4506;
504532.588;542957.035;542695.538;198.0093;28.5863;87.0183;
498649.039;546757.803;545537.861;193.3171;-621.9037;-553.6117;
434731.907;494265.371;492443.843;-506.1207;-451.5106;-483.6860;
482837.669;554080.190;552717.429;179.4092;-670.0987;-636.1843;
443874.696;192441.040;177289.415;130.6139;-112.6948;-116.5867;
495629.443;557529.500;555568.036;102.3123;603.1538;595.1638;
774743.158;594126.712;592897.813;-12.4456;-60.3574;-59.7537;
929539.096;598376.161;596565.262;-69.1987;-68.8428;-69.8094;
513049.230;533733.095;530401.382;1022.9597;-622.4927;-574.8732;
516262.541;538187.867;539571.020;377.5760;1007.1234;1002.2853;
520766.376;500110.286;502532.293;-425.0902;-327.9836;-307.8475;
512141.483;486673.408;489761.327;-415.2333;-165.4906;-196.2604;
821687.497;616284.786;618690.348;206.0146;-56.7729;-58.9630;
487594.815;547397.968;545014.073;-1112.1920;25.6106;-70.5570;
414365.302;570339.237;558886.393;-135.5686;66.5818;91.2259;
473643.861;562266.035;558028.240;-321.0859;179.3070;128.2778;
491247.731;523441.382;520578.525;-794.7859;220.5778;141.9112;
495017.849;378397.885;384896.480;-179.8569;-81.1511;-78.1537;
889762.331;707182.164;704357.659;-66.4565;-53.8971;-54.1462;
471669.766;566277.070;561569.768;-423.8935;333.1776;308.9011;
482686.187;550035.250;547402.881;-531.2153;81.5252;47.5494;
464123.121;550937.440;545940.426;-754.8155;-256.2077;-404.3305;
458257.731;547161.973;543504.591;-391.3074;-360.9684;-350.7621;
495123.122;512608.485;512494.517;-435.3815;162.7302;110.1255;
473665.040;538831.358;535705.485;-281.5590;63.0984;37.1067;
449655.276;273448.795;270782.139;22.0141;64.7178;62.3247;
460029.008;549328.905;546416.138;856.6791;48.1107;126.7175;
502332.958;458219.526;462080.002;-194.9649;-353.4371;-298.2811;
931293.781;346707.608;327589.613;73.5134;-67.8559;-32.7268;
306921.084;504756.679;499443.692;49.4210;176.1106;172.6985;
480457.395;552708.167;549351.737;6.8762;625.2948;606.5127;
500885.936;528508.354;527609.701;-147.3934;-142.2100;-164.5480;
478457.296;547007.285;544717.424;-3.7443;158.8326;181.2396;
993457.175;954195.952;946166.832;219.3445;52.0613;46.1396;
535434.063;510934.474;509943.444;229.9398;315.0640;376.2806;
501755.109;543170.795;539868.506;477.4685;-1177.6999;-1167.1685;
475637.158;494094.194;488079.175;-236.6133;-278.1145;-270.4911;
504636.189;542084.352;541511.807;236.7764;-144.4414;-160.4448;
426639.436;526576.575;521433.266;445.7446;426.6234;451.0768;
492843.319;558412.898;555897.688;-274.7015;-122.5565;-119.2844;
486637.085;543480.413;540994.301;740.0738;-30.4735;18.7867;
582923.189;504115.243;516441.865;115.7791;-26.5135;38.4735;
493663.850;553632.262;551678.402;-14.5316;57.6703;68.2699;
454504.119;548829.186;547104.673;346.2201;-682.6889;-657.1058;
509584.219;536032.162;536628.994;-467.0930;-593.7700;-652.9651;
825704.971;438246.148;430854.058;-25.6068;-55.7235;-55.6458;
417699.780;588453.401;593817.381;578.1514;267.3740;313.2516;
483653.571;545099.060;542180.294;433.9785;545.7641;602.5024;
384071.269;563794.297;563827.101;373.4951;-197.2897;-168.2651;
466763.466;548649.022;544925.444;942.7945;-548.3907;-567.7872;
488310.047;544911.211;542633.753;184.3053;105.4390;91.4418;
521546.123;536638.147;536763.172;841.1027;-123.1424;26.9286;
431646.187;557955.669;556407.756;631.0435;-255.5589;-211.8096;
605504.739;502987.586;520128.510;249.9284;-13.1378;9.3644;
519718.353;531731.725;532023.799;-174.3571;571.4678;526.0114;
471251.491;543840.251;541561.700;390.8375;-227.5710;-183.4363;
486372.173;538595.067;537102.737;527.6977;67.0235;60.8598;
464621.705;545852.312;542175.680;-353.0723;-463.6551;-457.9746;
487363.783;540712.335;538344.098;-357.6304;24.7998;-14.2196;
467205.766;547632.955;543393.075;51.0827;-113.0785;-153.5177;
515767.394;564794.668;562793.482;-647.1738;365.1622;297.8754;
532845.286;489281.205;493799.764;-288.0963;-22.1259;-63.9538;
458848.130;513201.280;508107.867;-265.6458;10.4860;-37.0365;
395893.437;442235.373;435239.150;63.0826;-422.4976;-444.9030;
490653.862;531537.463;530041.541;310.2613;359.8050;373.1226;
427789.689;550003.498;540940.690;-835.9094;88.0774;-21.6614;
478533.696;545977.701;542855.035;636.8759;329.3462;411.4638;
483626.151;541764.436;540533.229;519.7427;777.0099;771.4602;
534054.022;557985.222;556323.770;-543.5304;-285.1624;-280.6559;
496551.602;547046.667;545215.951;332.3338;-34.7504;10.5064;
