# This file was created for the Modelling and Simulation course, RUG (September-November 2019).
#
# Project: Simulate colliding galaxies, using Barnes-Hut algorithm.
#
# Students:
#     Stefan Evanghelides (s2895323)
#     Hidde Folkertsma (s2759799)
#
#     X         Y         Z         DX        DY        DZ
471134.222;530891.420;525421.431;-347.6602;-29.7669;-58.3665;
513470.203;545790.853;544099.920;-671.2137;-70.4430;-47.9197;
631266.836;429283.467;433406.192;-293.7091;-118.4468;-108.8075;
486336.043;531793.366;527287.601;101.5753;233.0142;219.1815;
473310.586;571691.988;570303.449;-293.9205;66.4865;69.0536;
669154.001;565913.302;565962.262;97.8125;-279.5576;-268.8720;
590423.989;944320.786;961039.048;-18.1757;0.0982;7.3923;
565748.227;701376.353;715558.732;-102.2456;282.8372;276.0662;
497361.877;497618.494;482707.002;20.0330;-189.8204;-205.3202;
488811.262;580164.561;578387.701;-822.5065;97.9651;100.6035;
501774.547;535840.321;532622.134;-174.5064;-82.1117;-45.4331;
617464.424;713817.739;714432.610;-130.2983;74.3520;74.2607;
485778.458;542992.483;540048.709;253.6931;87.4602;144.0908;
450825.216;567000.469;558928.653;-385.1260;413.7336;356.0912;
343147.098;386109.471;369760.549;-74.0329;-62.3555;-69.8363;
420114.291;530954.348;521472.617;271.5993;31.6724;66.0294;
489187.159;547984.984;545278.017;749.9422;-70.8247;-34.9363;
403520.183;569509.266;572922.671;-85.6353;173.7569;245.5495;
597470.455;534999.755;539712.834;150.7389;41.2063;2.2683;
482666.055;571961.138;570450.691;364.6927;-226.0208;-154.4533;
487526.745;546001.089;541086.159;866.3455;34.0520;45.2941;
471541.003;539019.053;533927.625;425.4938;-349.8810;-405.7918;
487004.385;558867.352;557639.731;-729.9157;-390.3715;-450.6010;
492750.732;544125.065;541806.868;-431.3305;391.8255;375.8674;
473475.708;542126.346;538852.561;221.0284;-91.9290;-77.9308;
851513.847;163410.805;163243.104;-48.6352;36.6863;36.3809;
463111.702;508498.422;509859.274;511.1377;507.7090;539.3885;
499961.687;546633.097;545456.466;-1010.6463;426.5974;315.8823;
500091.888;549583.024;546704.238;452.1997;-622.1838;-624.3317;
584336.800;527286.126;530334.976;-824.2824;234.1139;270.9383;
487046.872;559940.495;558402.546;-505.3924;761.8683;800.5304;
515900.668;520980.805;524178.504;-90.0426;950.4798;751.4978;
512419.455;487169.511;493389.999;-182.6748;136.5066;145.1903;
476238.309;522079.500;515950.119;-11.2936;-610.8373;-677.5341;
513054.353;538944.963;538190.797;482.2167;-421.5358;-413.7154;
489255.208;545677.595;542462.858;838.1702;305.5162;351.4788;
600810.403;524645.269;528307.447;-242.9662;-311.1621;-336.0112;
493255.332;561876.836;559694.933;-55.6805;71.7965;33.3465;
466859.586;546361.432;542673.571;-632.0928;143.3724;115.5920;
482503.529;562638.020;559101.320;-384.6815;467.7143;462.1422;
491885.165;542912.407;540285.112;-408.5378;-179.8190;-115.9026;
414624.454;515755.479;506762.862;-57.4495;-65.6911;-79.1474;
404196.392;634436.648;630224.270;-196.9595;182.2633;181.6689;
797572.027;417945.131;419266.559;229.1066;29.7916;21.0925;
772025.837;391612.224;385426.819;184.6126;-17.1869;-38.7829;
504862.545;542418.312;539309.239;370.4842;159.5027;212.6340;
494180.330;537973.944;534477.474;667.3286;-401.7319;-413.7172;
520445.823;520662.627;519584.491;-712.7871;1.3177;-39.4611;
681013.004;100102.560;94071.068;49.3090;-233.6212;-241.6949;
543824.828;586925.131;592820.423;-48.6032;-24.1491;5.2689;
477678.209;532440.793;528499.019;-668.6018;75.7936;18.9505;
497393.084;534779.619;533116.853;107.3063;799.3130;769.2937;
437958.511;383906.324;399656.419;-262.7083;-171.4379;-169.6716;
344544.772;671861.850;662029.910;-129.2486;-67.3638;-76.3495;
612624.140;406987.182;418903.901;229.3142;-100.5594;-72.3443;
559703.090;561261.641;562284.446;360.2609;-203.6141;-182.9143;
266232.218;698941.999;698252.517;186.2387;23.2854;22.7651;
495360.659;545589.627;542215.667;275.9971;-788.5959;-848.0085;
471776.790;545347.596;540554.962;388.8816;-22.1172;-68.8522;
476894.194;554476.822;551679.547;333.4883;323.6914;298.3601;
498300.847;534189.070;530359.132;-88.8520;130.9585;186.9665;
476939.831;530670.188;525182.129;661.4708;-99.4900;-117.8828;
487520.588;561210.096;558612.205;861.1538;-222.0828;-244.7613;
465065.774;535232.801;529631.364;333.6519;613.5432;563.6570;
603723.952;532118.095;534179.996;101.2483;-270.6896;-344.0395;
548648.855;516559.302;516175.874;175.8160;-241.4771;-260.1763;
374196.471;588684.838;561944.546;-356.3532;129.8189;57.2448;
604702.657;523610.210;528711.498;-427.3477;162.3416;123.7201;
508935.728;514473.455;515755.618;196.6733;352.0702;365.9691;
503849.840;580746.413;579362.688;81.0994;29.1681;36.3924;
806173.289;440152.649;441729.068;226.3083;6.2114;1.3694;
488105.073;556491.303;554446.091;-325.3909;-143.3498;-153.9688;
500209.350;556060.485;555224.334;47.4391;451.7349;533.2879;
592370.019;542864.826;546759.690;-510.7810;266.1105;236.5051;
797196.523;371064.888;373572.684;229.1262;-43.3774;-24.6017;
499871.970;544610.991;541267.905;211.1595;171.3758;236.1709;
499676.462;550835.856;548708.633;-404.5833;-74.0712;-89.9743;
512788.050;561753.394;564580.573;-746.0275;578.7990;581.2767;
484440.448;526846.596;522332.623;-141.8437;-90.7354;-131.4953;
486197.986;541486.246;536627.224;525.3736;-271.2008;-277.6306;
485624.523;545141.943;541867.675;48.1535;483.2445;488.2952;
365099.797;404422.733;386536.877;-90.8084;-218.8832;-269.5302;
475896.959;547511.362;543639.254;-688.6207;-500.2946;-535.9550;
484803.434;162868.559;146748.674;136.0282;-81.5708;-84.0695;
505405.350;548060.210;545390.758;236.3009;-539.0376;-579.4059;
766179.122;574706.890;573684.157;-45.0628;-66.3597;-65.6394;
900494.334;576583.966;574531.380;-123.8127;-71.8552;-72.1902;
443765.043;569963.807;564267.022;-218.5990;-67.6980;57.0121;
511509.619;512408.045;512219.618;1003.3546;176.2048;185.4687;
395677.809;475759.505;468931.793;-332.0798;78.2245;31.9948;
462914.222;552198.418;547546.496;820.3716;499.2196;554.4755;
876933.466;596784.398;598350.142;158.8706;-70.6310;-74.1223;
494805.130;551078.138;549048.932;-514.8041;-16.1939;-56.9549;
423914.914;565160.227;566038.121;189.4691;-91.6438;-59.1206;
486931.382;550559.523;548790.396;-485.2798;411.3386;434.9479;
495916.629;562893.873;561124.044;943.4303;96.9525;151.4588;
438716.171;368649.557;374750.748;-186.0232;13.3333;5.9332;
864035.365;687982.569;685117.187;-102.6577;-71.9257;-71.9339;
542711.858;532695.727;530717.860;134.5267;70.9528;100.4417;
459884.062;540846.897;535855.046;-505.2024;38.4156;-24.4888;
513791.525;557462.665;556892.487;-59.0754;-7.8949;-123.3465;
468154.625;523650.530;519298.824;126.2666;35.1722;77.7926;
530668.375;541835.079;541544.367;-409.2123;-469.4599;-543.0913;
498017.407;541330.048;538419.767;-460.0815;37.0975;25.4008;
456803.005;295725.912;292320.354;24.2324;82.0113;79.4982;
496442.671;538719.291;537236.645;1272.5432;29.8847;9.4606;
462181.978;410315.361;426812.865;-44.9893;-32.8043;-11.2822;
952842.554;326705.699;318215.384;49.1482;-56.1417;-21.3108;
358231.012;561588.949;555750.753;314.6147;184.8148;185.0999;
511289.550;534711.223;532581.335;-146.9359;-617.3539;-637.9328;
483700.795;536118.696;532487.130;277.0357;-835.8277;-911.4522;
517460.958;534640.027;533102.140;-94.7422;-99.8398;-134.5826;
481279.690;598498.532;592811.654;-395.1494;87.8675;21.0802;
480707.696;405283.653;419545.540;-208.5235;-198.8788;-161.5595;
501416.126;582357.716;577575.328;246.4814;582.5460;645.9420;
486050.241;557608.381;554734.631;507.1900;186.0052;199.1468;
630348.192;527954.495;535485.510;267.0159;-187.6292;-173.9765;
487141.820;541848.040;537830.696;411.5296;-126.5866;-108.6975;
508115.446;555255.419;554026.002;214.6443;-127.8661;-140.9016;
438226.846;552189.790;546638.781;-881.2966;-173.8330;-40.0327;
484663.559;545368.693;541852.367;598.6761;299.2446;319.0197;
497445.697;511125.186;510542.480;278.8195;73.1822;114.8621;
505675.557;536795.898;535347.047;-531.4032;-98.6794;-110.9068;
807867.039;423182.677;416539.394;-101.8461;-42.3014;-30.6577;
594176.604;527379.463;521924.169;218.4490;-662.2223;-435.4683;
511816.950;526763.556;526142.087;-551.5011;6.2011;-15.9274;
607207.222;588783.789;603882.990;207.5041;156.3763;221.4364;
484475.608;561227.207;556317.277;-1044.2312;-496.1404;-504.4878;
510620.054;540233.642;538125.579;-669.7277;-248.1310;-246.8928;
513751.048;548950.411;543623.662;756.0862;480.0850;548.6834;
444598.386;523312.759;520265.411;-191.8537;-388.9586;-264.5022;
608832.169;531745.158;528509.877;-288.7119;242.1509;131.7217;
506151.237;531722.433;529713.797;818.0741;534.3278;622.4421;
483099.669;536530.138;532242.394;229.3972;100.2782;96.8558;
494350.900;553126.039;550354.470;-79.6805;-92.5316;-96.5548;
485525.360;529369.605;525167.739;403.3764;-299.1471;-303.7530;
505959.715;544001.824;541623.614;492.6394;-377.5431;-372.1763;
498052.432;544018.007;542562.744;-855.7904;-142.1506;-230.8019;
503194.922;559967.061;558195.380;-747.4557;500.8214;566.4411;
517906.716;597992.503;601948.227;470.6807;10.0870;49.3554;
581152.459;545667.566;543901.797;173.2978;-160.7585;-168.6099;
426826.739;346439.763;330337.485;132.3628;-219.8770;-237.5080;
491213.723;523561.443;518971.582;154.3420;-44.7943;-26.5737;
468383.626;547751.569;546846.870;1490.0651;-88.9457;-130.2922;
501533.703;549908.153;548334.562;-66.7291;-178.5757;-210.5199;
530686.458;550883.418;550820.768;855.4956;-70.0928;-61.2344;
543727.716;533804.420;531818.626;155.2339;-97.8740;-144.5660;
507788.717;550088.279;548312.079;398.4101;133.2473;120.6767;
