# This file was created for the Modelling and Simulation course, RUG (September-November 2019).
#
# Project: Simulate colliding galaxies, using Barnes-Hut algorithm.
#
# Students:
#     Stefan Evanghelides (s2895323)
#     Hidde Folkertsma (s2759799)
#
#     X         Y         Z         DX        DY        DZ
291859.615;525205.842;525204.216;476.9881;-167.3767;-167.3516;
327887.660;517075.598;517075.809;-1026.9870;-214.9723;-214.8701;
322623.614;777321.479;777316.950;92.3444;117.3616;117.3587;
203629.336;323190.474;323194.589;-9.7319;-46.3097;-46.3086;
248809.311;637539.632;637565.423;224.4804;-136.9695;-136.9818;
308224.819;520074.843;520074.740;405.7222;276.5397;276.5022;
299864.415;501253.148;501252.410;504.9526;50.0864;50.1252;
506179.075;419100.837;419109.865;482.6260;16.5151;16.5124;
322860.326;521704.751;521704.768;347.3698;218.2464;218.2423;
346140.882;481931.133;481932.835;271.2755;231.6582;231.6193;
492364.929;383694.391;383690.192;310.6343;23.4299;23.4303;
357609.023;427564.907;427560.645;234.2544;124.1860;124.1361;
327273.886;507279.709;507280.629;227.5271;-179.2364;-179.2618;
425835.243;509075.960;509074.073;97.2372;283.7392;283.7437;
340559.712;499495.176;499495.503;1067.0405;7.1165;7.1299;
418811.529;519013.908;519011.250;347.7966;162.4862;162.4381;
337816.126;538983.543;538985.378;-3.1689;-180.6821;-180.6966;
358477.552;515728.735;515729.771;464.6586;35.2813;35.2541;
332970.117;491563.578;491569.367;146.2987;626.2056;626.2865;
356263.655;523265.520;523266.739;-170.1651;594.9869;594.9315;
207265.570;168825.241;168819.737;51.1282;-68.1364;-68.1372;
348911.279;487697.305;487697.964;482.3234;-227.9361;-227.9146;
329430.742;513404.640;513405.604;260.3157;207.3372;207.3068;
364424.698;516441.269;516441.752;-249.7633;123.2097;123.2194;
368716.987;515177.118;515179.243;704.4119;32.6520;32.6800;
331317.707;481581.702;481588.151;-322.8594;75.3969;75.4099;
357681.058;517680.433;517681.625;264.4883;-73.2085;-73.2479;
233172.760;540075.110;540075.910;264.3290;-118.3426;-118.3534;
325848.763;507200.545;507201.701;670.3352;-202.5213;-202.5082;
328668.090;521189.079;521190.442;113.8730;332.0098;331.9999;
341390.696;511937.853;511940.521;652.4712;-0.0075;0.0023;
342801.540;511732.666;511733.958;247.0655;-169.9514;-169.9413;
330853.839;510818.389;510820.735;-809.5820;168.9538;169.0101;
345633.640;516781.848;516782.605;236.5392;110.6347;110.6016;
342680.214;517009.672;517010.171;1061.5443;266.5051;266.5467;
342291.302;513461.157;513461.812;-187.0025;218.6538;218.6603;
343637.780;517322.183;517322.746;324.3420;16.6170;16.5955;
355622.327;479133.441;479134.053;-138.5543;63.5509;63.5553;
298506.059;551498.586;551500.694;112.5175;234.1516;234.1452;
337333.507;508686.909;508687.542;866.4141;-51.5072;-51.4668;
335970.667;518147.689;518148.352;393.4851;-178.0322;-178.0448;
331539.486;527662.409;527664.033;310.7451;-176.8457;-176.8631;
384322.919;495873.879;495873.397;105.5684;111.8383;111.8175;
358350.884;519331.144;519331.833;370.1765;130.0390;130.0539;
331174.233;518515.934;518520.141;-1297.2129;-27.3072;-27.2809;
375001.825;543329.684;543329.674;375.9673;-118.4463;-118.4329;
354603.216;471910.830;471913.003;376.5031;-65.5242;-65.5326;
395836.646;533509.471;533512.606;-82.4209;-258.7322;-258.7292;
560573.488;487712.216;487715.566;588.7209;-32.7396;-32.7352;
295026.319;502229.194;502230.559;523.3128;-321.1783;-321.1617;
225359.632;564188.851;564188.760;319.0656;-26.6201;-26.6035;
338202.891;525209.637;525209.897;493.4483;-77.4524;-77.4387;
318628.066;504937.078;504937.295;372.3029;745.6571;745.5945;
396246.344;500217.597;500215.162;-45.4842;33.7216;33.6669;
340570.772;516116.544;516117.360;-162.8598;-17.1801;-17.1909;
371575.589;524878.974;524879.666;71.4935;-16.5723;-16.5974;
335863.581;518129.117;518129.193;-1241.8392;0.4896;0.2900;
232469.236;519783.798;519784.157;-158.7950;158.1804;158.1632;
341269.912;514915.228;514916.312;-391.9733;345.1476;345.1642;
359303.209;512683.201;512685.708;30.1491;-277.3428;-277.2817;
346842.595;504572.001;504573.935;301.3624;-104.4411;-104.4354;
326185.878;506389.176;506390.454;105.6509;-305.1691;-305.1622;
348393.588;530460.286;530461.574;112.6350;-133.8683;-133.8567;
347212.157;525306.893;525307.933;297.7043;27.5244;27.4770;
324708.864;522521.468;522522.276;293.1041;-727.3688;-727.3856;
359580.827;514008.339;514009.452;672.2427;-430.1886;-430.2008;
303764.860;532056.179;532056.064;349.5626;-319.8919;-319.8481;
359256.175;520425.553;520426.368;-313.1119;325.4843;325.4696;
349932.156;524937.771;524938.535;294.9327;-68.7285;-68.7280;
344386.486;521340.800;521341.860;77.4886;398.4741;398.4763;
400759.335;469323.566;469324.557;-196.9154;-14.4668;-14.4527;
328961.342;517296.360;517297.016;1075.0859;-81.5918;-81.5799;
238347.480;553994.113;553996.052;-63.3778;91.7662;91.7564;
313410.082;521770.208;521771.065;241.5590;-97.8232;-97.8005;
236874.791;512822.857;512824.645;589.3597;4.0737;4.0626;
306019.386;597156.817;597147.001;158.4883;91.5901;91.5759;
339018.762;516327.564;516327.886;-437.6641;-134.4585;-134.4390;
358980.057;511531.892;511533.585;-56.0036;-30.8809;-30.8634;
323131.570;516787.754;516789.937;-485.8684;111.0735;111.0762;
318963.948;524868.846;524869.727;-202.9396;129.0221;128.9934;
332861.410;511676.186;511677.026;150.1699;-159.3567;-159.3621;
333987.546;459561.659;459563.405;541.5461;-98.6092;-98.6058;
329177.559;512635.161;512635.758;873.7876;449.3186;449.3027;
317543.579;518202.632;518202.763;1054.0302;377.8324;377.8950;
384749.277;495121.478;495120.732;30.7357;-39.6046;-39.6147;
340309.006;474313.584;474311.928;-357.3798;308.1465;308.2216;
328127.235;520799.440;520800.083;1108.0378;-566.5562;-566.4842;
296252.046;521462.446;521462.682;378.8325;-77.9343;-77.9214;
327237.602;514871.696;514871.943;-22.8171;111.1009;111.1201;
340318.208;555319.644;555322.328;180.1290;123.9581;123.9459;
351736.196;514130.000;514130.959;235.9549;-84.1067;-84.1278;
322329.085;498994.483;498996.026;618.4195;121.3101;121.3517;
326907.581;520546.096;520546.660;838.5709;86.1619;86.1469;
370324.558;525701.548;525704.347;229.9715;-69.5477;-69.5542;
292338.555;524196.203;524201.747;-483.3902;-300.9674;-300.9056;
314536.503;510517.451;510518.275;-102.6404;-370.5778;-370.6199;
307152.299;518966.837;518967.823;-125.6366;-185.5032;-185.5416;
270804.275;645870.093;645876.516;51.4481;-17.2112;-17.1990;
186920.932;379564.287;379570.706;43.6023;-147.6217;-147.6146;
681117.566;569689.657;569684.962;-155.2706;168.9432;168.9192;
635351.122;506515.837;506515.672;-652.5399;33.8346;33.8432;
657887.534;514695.329;514695.012;810.7282;324.3958;324.3984;
648348.998;523952.795;523952.216;77.9559;-157.3278;-157.3019;
794154.535;551553.721;551549.135;-100.6480;44.4736;44.4736;
656697.304;519477.415;519476.411;-387.1715;-434.2393;-434.2138;
679295.679;522873.511;522871.757;233.0574;87.5233;87.4843;
640811.595;526915.048;526913.316;-350.5726;-633.1389;-633.1305;
668500.557;487423.272;487424.644;-106.6369;304.7024;304.6683;
632777.461;464749.393;464749.682;-453.2476;-12.7486;-12.7555;
779031.746;620117.710;620121.303;-137.9200;-39.4583;-39.4522;
680786.565;514359.289;514357.218;-912.6157;441.7120;441.7144;
651827.954;512516.411;512516.076;-825.0992;-695.4402;-695.3510;
648356.643;509659.436;509659.274;350.7834;102.7226;102.7000;
648671.311;531442.166;531441.553;-951.2349;233.3266;233.4055;
642179.853;521816.726;521815.863;12.4787;223.0038;222.9680;
634592.092;557308.881;557305.087;-210.4948;470.8952;470.8241;
651085.145;516895.964;516895.228;-490.8943;-20.4479;-20.4839;
595000.467;580387.729;580378.655;66.4814;-99.8535;-99.8408;
602384.731;361727.764;361738.622;-198.6509;-48.4496;-48.4442;
597973.166;519598.248;519597.384;-169.9605;-401.2929;-401.2761;
649633.530;504849.735;504848.597;-120.6049;-355.4711;-355.4299;
631377.469;389645.100;389648.025;-123.5628;-42.3487;-42.3442;
442991.354;316643.766;316624.552;-202.5827;4.4527;4.4460;
648127.490;513820.763;513819.907;-420.2178;100.0332;100.0116;
511452.686;644578.675;644567.295;-473.1321;133.8732;133.8551;
600454.578;463990.676;463993.546;-406.1830;-138.4974;-138.4910;
806871.185;569295.937;569288.962;103.5357;85.6551;85.6611;
606405.155;535373.989;535372.053;-493.7182;-142.9214;-142.9278;
671822.606;582989.302;582984.359;-67.6327;32.7043;32.7138;
673877.679;511089.924;511088.742;-841.5004;-95.3778;-95.4163;
651645.074;512630.883;512631.024;442.8571;183.0519;183.0740;
659624.253;516387.122;516385.899;-113.0635;204.7287;204.7286;
694779.564;647079.633;647072.493;-246.5394;-78.5958;-78.5925;
631966.655;504682.063;504681.876;-179.5920;114.3863;114.3640;
607624.645;521816.662;521815.117;-583.0256;-114.3188;-114.3157;
646587.310;507755.334;507755.477;678.9895;-247.5821;-247.5660;
530244.553;499403.072;499403.380;-427.0578;111.1853;111.1730;
685844.807;507306.932;507306.450;357.4888;127.3995;127.3304;
642049.839;524238.530;524238.184;309.8257;-284.4560;-284.4438;
662645.181;559532.076;559529.222;115.1420;382.2702;382.2205;
638039.136;510175.366;510176.009;98.5145;266.1818;266.1590;
659925.492;508164.136;508163.215;-436.8899;277.6270;277.6148;
753448.882;605693.275;605678.682;-8.6271;96.9643;96.9463;
659332.111;470968.212;470967.707;-533.3460;228.2797;228.2765;
661873.375;515483.278;515481.926;-502.2428;433.5140;433.4993;
668365.031;519874.175;519873.098;-783.2704;-124.3560;-124.3684;
494446.710;418111.190;418123.609;-377.7228;-81.2966;-81.2853;
698439.479;472862.128;472864.747;-312.6114;-131.9515;-131.9414;
673658.993;537793.224;537791.901;-184.2229;-23.6186;-23.6008;
804551.723;447365.402;447368.697;-119.3901;63.1671;63.1592;
755019.531;518251.752;518245.444;131.5825;-207.3685;-207.3607;
660494.051;505824.860;505824.128;-349.5193;118.6767;118.6460;
667249.992;519575.005;519573.916;-312.0547;485.0774;485.0784;
668502.643;530881.066;530878.128;-754.4451;-653.9933;-653.8643;
597771.209;428271.269;428274.805;-109.9730;92.2198;92.2222;
654883.836;517512.564;517511.580;-226.0970;-631.1332;-631.0959;
641493.298;507524.452;507524.233;-29.4460;-276.5766;-276.5642;
638485.533;517163.385;517163.096;-713.8357;290.4821;290.4663;
652422.008;524535.594;524533.763;-490.6986;-705.2627;-705.1867;
468884.307;227492.281;227482.826;-181.2972;-42.7400;-42.7459;
654674.021;523966.465;523964.959;-122.4833;381.3305;381.3491;
615891.491;532879.688;532878.393;-90.1165;103.9484;103.9204;
627110.472;536793.898;536792.012;217.1660;422.9697;422.9205;
646753.932;512438.662;512438.207;173.7670;680.1945;680.1703;
685037.510;506332.827;506329.514;-1099.6054;-160.9527;-160.9249;
605197.075;546712.419;546709.904;-34.9036;394.7805;394.7332;
665551.127;508101.984;508102.274;-218.8056;-656.5022;-656.4499;
676005.269;509302.702;509301.839;-141.1826;-46.0548;-46.0392;
738774.692;511532.326;511529.053;-364.3853;132.4346;132.3816;
667826.967;505395.429;505395.161;-713.0347;36.5555;36.5588;
846997.702;445163.271;445166.080;-162.8624;-72.7942;-72.7929;
673392.063;514325.025;514324.034;-44.6883;-18.4726;-18.4667;
668022.179;524143.047;524142.235;71.8295;-151.4317;-151.4377;
642660.578;504918.611;504918.362;-560.1499;-245.2938;-245.2245;
651063.821;515469.608;515469.399;589.7855;326.5365;326.5677;
677013.292;550020.251;550017.195;117.3387;51.2973;51.2661;
886688.773;537668.937;537665.076;228.8838;-11.3213;-11.3373;
669527.306;513012.106;513011.959;-467.5858;209.6637;209.6343;
657047.908;522528.192;522526.214;468.8106;124.8505;124.7995;
666975.800;508453.441;508452.842;-522.2369;-65.7680;-65.7776;
648299.927;519740.529;519739.425;-262.7382;-849.4417;-849.4385;
666161.080;518331.480;518330.348;695.0233;238.0518;237.9784;
690464.990;538377.087;538375.830;201.0858;301.5718;301.5738;
531695.552;285319.473;285322.751;-297.1763;-234.8425;-234.8478;
578231.381;525626.989;525624.887;89.4007;-200.6045;-200.5837;
972854.080;520224.220;520208.574;18.4134;-35.1514;-35.1620;
640503.333;531115.031;531112.143;352.8782;-251.0041;-250.9387;
661314.752;515652.753;515651.688;-799.9715;337.6772;337.6543;
692613.771;517630.736;517625.819;503.7641;-129.7016;-129.7184;
610174.187;581778.926;581774.611;-475.2053;-119.3213;-119.3428;
645351.195;525063.238;525061.328;-284.1609;-18.9785;-18.9848;
647276.543;500380.817;500381.346;211.6132;350.1820;350.1267;
653559.687;524470.316;524467.999;-1223.2921;288.8422;288.8286;
944632.380;754019.959;754011.895;108.0786;159.0028;158.9945;
659451.208;514986.060;514984.972;122.5138;3.1671;3.1287;
652223.967;526418.306;526416.225;604.5988;-188.6132;-188.5551;
645668.326;519679.543;519678.094;-200.5294;366.8852;366.8789;
689966.696;507020.157;507021.140;-150.7056;2.5542;2.5415;
