# This file was created for the Modelling and Simulation course, RUG (September-November 2019).
#
# Project: Simulate colliding galaxies, using Barnes-Hut algorithm.
#
# Students:
#     Stefan Evanghelides (s2895323)
#     Hidde Folkertsma (s2759799)
#
#     X         Y         Z         DX        DY        DZ
447432.129;521172.666;521177.952;-85.2246;44.7654;44.7410;
491531.762;519427.665;519431.352;1295.9523;-153.7855;-154.1443;
405800.429;852345.986;852339.463;111.2623;69.5519;69.5498;
214136.031;302693.454;302698.631;38.7012;-6.9277;-6.9262;
726197.280;596325.283;596294.693;416.4867;320.4597;320.2986;
523489.177;537102.210;537105.481;118.1028;354.9311;354.8578;
491158.815;523715.434;523717.320;-987.7212;572.0701;572.0925;
789446.243;558457.426;558446.459;145.5433;239.5988;239.5628;
663869.462;508396.568;508385.083;554.6973;-163.3395;-163.3962;
681928.877;546841.420;546827.873;98.4195;50.5587;50.5553;
502529.058;592682.150;592659.526;-739.5273;56.5479;56.6307;
416136.598;674469.020;674484.374;130.5294;107.9529;107.8879;
533385.662;502975.607;502971.419;-594.6101;304.1290;304.1982;
466550.023;561246.275;561244.436;-19.4321;-435.4548;-435.2880;
684686.338;538642.642;538628.568;263.1765;306.6866;306.6638;
614088.972;543435.598;543430.450;-93.3937;240.8344;240.8530;
673888.004;487776.424;487762.001;515.5581;-12.8692;-12.9244;
501647.438;508378.362;508378.908;-114.2908;-68.6727;-68.6875;
659013.072;673508.397;673448.587;376.1827;-42.9293;-42.9059;
467111.676;512485.460;512490.743;984.1746;-10.2472;-10.2281;
271358.856;144181.479;144175.593;132.9589;21.3778;21.3676;
534704.473;627435.206;627419.275;25.8162;216.4822;216.4463;
497252.645;521751.275;521753.373;672.4307;93.6750;93.6732;
495126.613;508822.662;508824.248;-619.7525;158.6620;158.5931;
496878.888;544635.302;544637.663;-301.1286;-50.0521;-50.0692;
487058.218;557628.813;557624.525;-112.8200;-310.3475;-310.2500;
501782.632;522848.108;522848.940;-875.2721;-148.2642;-148.3668;
682322.138;627479.354;627452.215;479.3050;309.0962;309.0173;
434825.326;499870.910;499872.842;-581.2632;-309.9301;-309.9401;
508058.032;536240.186;536240.313;-7.3244;351.7399;351.7604;
559401.108;521544.202;521541.290;-255.1684;2.5802;2.6258;
498045.439;522092.459;522093.696;-571.5598;83.0584;83.0631;
414316.569;534578.055;534579.223;-251.0234;13.7825;13.8688;
476679.063;508405.694;508409.786;682.2506;218.5042;218.4632;
489289.568;522767.885;522768.892;359.4912;811.2011;811.2155;
520717.916;537091.258;537093.888;-296.8968;82.6696;82.6798;
490154.039;515920.336;515923.563;-69.1108;-234.5668;-234.5180;
597848.245;415442.935;415444.522;176.4438;-208.8220;-208.7862;
520528.522;574973.049;574963.376;-200.2842;-286.1935;-286.1224;
501958.272;515660.706;515662.366;-556.1326;-437.7845;-437.7305;
483884.547;513674.127;513677.805;827.7270;69.5136;69.4992;
622489.316;535590.679;535585.204;-136.2736;191.6397;191.6572;
517353.398;531726.469;531726.985;594.3076;161.8543;161.8632;
749174.685;504846.673;504830.680;745.8690;-43.2062;-43.2849;
597772.161;533437.802;533449.444;733.7593;148.8225;148.9095;
538427.057;509489.935;509492.903;99.3176;-473.3983;-473.3360;
432028.074;505600.572;505599.487;-258.6499;239.2902;239.2667;
347687.298;571413.851;571414.337;237.1658;76.9936;76.9898;
752164.019;722517.175;722493.772;13.4143;272.0068;271.9903;
491845.116;593139.649;593128.097;-298.0037;-34.1031;-34.2377;
712793.473;623415.186;623409.031;173.6119;156.2232;156.1870;
489213.633;509441.425;509444.773;-576.7259;-36.2729;-36.1809;
490555.889;574373.057;574370.479;220.8389;266.7210;266.7579;
556041.668;515310.462;515310.944;-640.1751;-168.4090;-168.3268;
463833.618;513548.332;513551.275;-1114.8949;480.9741;480.9595;
576674.358;528853.584;528853.988;-48.3338;63.3768;63.3833;
421717.704;483719.842;483725.182;862.6843;94.0626;94.0202;
606383.113;423579.306;423579.110;383.0296;-370.3326;-370.3197;
425771.370;507130.385;507129.898;299.5018;29.7051;29.7171;
670746.763;585517.546;585498.116;504.4150;222.9423;222.8433;
700690.937;546113.021;546094.403;481.5577;22.1720;22.1067;
618219.270;501249.570;501242.909;356.0700;-38.2651;-38.3170;
595615.376;482197.126;482192.601;255.3156;-87.3009;-87.3660;
467166.829;508870.173;508871.502;-650.3274;215.6418;215.6808;
449026.814;530384.475;530384.644;584.2773;-134.8617;-134.6903;
662210.207;536608.619;536600.236;326.0877;-76.7671;-76.7750;
523070.121;514351.024;514352.796;-393.4296;131.8245;131.8163;
523539.932;528385.807;528389.612;508.0452;188.3015;188.3061;
428091.098;498210.953;498212.715;-167.4781;-448.4673;-448.4267;
495469.731;522953.312;522953.778;-612.2447;-506.4124;-506.3136;
542316.724;418680.084;418673.466;-134.2467;-248.0388;-247.9696;
537234.088;490305.643;490310.676;202.1201;-87.2715;-87.2479;
392246.720;552520.477;552515.968;458.6814;-125.2287;-125.2059;
689784.352;561240.025;561226.401;631.9708;132.6804;132.6074;
498706.334;516467.083;516471.713;877.9093;-670.2845;-670.2550;
490936.699;570057.189;570070.294;324.0718;-242.0847;-242.1101;
692639.335;522771.413;522754.073;77.1298;-127.1351;-127.1060;
581280.000;580854.490;580850.255;98.9228;230.5614;230.4941;
810916.075;589630.268;589599.069;898.9598;137.5828;137.4497;
691534.714;531142.341;531124.533;197.9563;1.3059;1.3151;
700939.087;512836.678;512822.775;541.5697;61.5524;61.4910;
689935.269;669758.357;669735.226;506.9471;485.1469;485.0411;
464056.126;499792.936;499792.660;540.5393;-328.2293;-328.1949;
510806.849;526971.815;526972.858;90.5726;-234.5327;-234.5119;
681146.662;517240.221;517228.668;475.2940;-170.6719;-170.6991;
432269.535;517829.438;517828.918;665.3611;263.4638;263.6530;
677111.661;527704.467;527693.340;101.5810;-118.9219;-118.9176;
766142.962;571016.463;570985.290;861.8383;160.6060;160.4740;
493584.650;514001.718;514003.707;-808.2957;71.9545;71.9392;
524773.041;494244.126;494243.316;-460.8063;163.7984;163.8811;
663413.234;479206.344;479196.208;458.6389;-84.6065;-84.6383;
475487.310;504196.120;504198.606;325.4656;340.1812;340.2387;
689057.754;536815.359;536797.678;255.7499;21.6099;21.5858;
451124.364;517920.471;517919.950;-500.8182;-35.9917;-36.0465;
564612.575;424722.300;424737.036;-332.1356;-76.9512;-77.1118;
521221.650;527909.358;527911.860;-148.7301;483.9759;484.0000;
431952.014;483181.380;483181.917;-573.8597;-592.6206;-592.6647;
359537.529;587803.377;587801.166;203.4257;-122.0061;-122.0719;
292698.783;307959.975;307968.859;202.3330;-28.5855;-28.5871;
388650.511;417687.722;417699.655;-390.1258;-276.4771;-276.4672;
489860.615;512477.797;512480.473;-131.7774;-235.1265;-235.0691;
510029.335;532024.236;532026.338;-315.8670;-32.4020;-32.4301;
485262.858;511661.679;511663.310;-179.1273;333.0578;333.0805;
164746.160;449638.804;449641.699;-954.4467;-162.5190;-162.5466;
498246.873;506405.117;506405.773;213.6783;-32.2242;-32.2831;
474233.887;501696.296;501699.224;-349.1241;295.9213;296.0230;
486373.999;511743.911;511749.225;483.3505;-498.0477;-498.0413;
267942.197;453471.676;453481.344;-506.2543;-154.8567;-154.8368;
342599.490;554241.507;554241.483;-289.3741;-16.0994;-16.1313;
603331.093;553469.020;553458.607;-322.5790;-155.1859;-155.2070;
448150.673;475343.581;475338.898;72.2062;-569.3137;-569.6061;
481756.106;505513.334;505516.003;-479.9741;608.2099;608.3704;
458563.406;536891.051;536893.351;-197.3095;-284.7525;-284.7756;
485524.180;497731.743;497733.576;-854.5116;-46.8723;-46.7858;
496509.987;523439.131;523444.704;938.3720;-207.1512;-207.3122;
579332.919;567719.332;567703.417;283.5960;-145.3691;-145.4368;
474140.438;511601.272;511602.887;-481.5344;326.8106;326.8309;
520304.633;611702.648;611691.415;408.8173;97.2002;97.1209;
470507.178;548333.922;548334.997;522.2507;684.5790;684.5802;
530581.177;427224.713;427228.398;503.2526;-202.2397;-202.2701;
481886.072;515118.235;515121.222;52.7874;717.1206;717.1177;
508429.089;405806.083;405811.132;-175.9137;102.1410;102.1402;
315175.981;395499.980;395485.628;-74.5643;202.2160;202.2383;
503865.772;518743.343;518745.939;232.0064;252.1936;252.2272;
255934.701;538833.576;538842.672;27.4140;-323.2747;-323.2117;
543157.126;541129.033;541128.564;291.3740;-220.9785;-220.9917;
794421.515;606441.561;606441.172;-112.7803;15.0143;15.0156;
542189.687;494987.721;494991.691;-89.1770;-216.3880;-216.4029;
417818.607;581491.813;581490.546;272.9638;79.1280;79.1617;
474161.545;499764.658;499767.500;-282.4267;-282.4858;-282.4828;
420297.341;489857.543;489855.065;-253.6343;-23.6574;-23.6958;
506744.542;535220.557;535223.931;-440.1561;-305.0430;-305.0868;
356360.909;551596.063;551590.460;67.5873;260.7733;260.8162;
522734.560;505319.902;505321.941;486.2197;69.5118;69.4852;
339917.002;439722.051;439724.872;-402.5795;-156.4948;-156.5022;
436496.622;453500.321;453501.172;-28.2366;-181.4242;-181.4401;
309442.512;429675.321;429690.230;23.5613;-84.2178;-84.2260;
468817.951;511777.837;511781.287;88.4342;162.1313;162.0390;
464704.974;525997.751;526001.490;977.7895;167.7859;167.9650;
394779.746;469676.401;469678.586;-417.1342;-38.3638;-38.4553;
377316.535;503531.353;503534.215;51.6620;-6.9701;-6.9763;
425024.367;527769.709;527772.844;-84.3295;-111.5581;-111.5625;
709090.865;649085.177;649072.994;-99.4473;17.8359;17.8408;
436201.590;492820.683;492822.265;-480.0372;22.6343;22.6794;
482368.823;512486.716;512488.103;-297.4878;-626.4736;-626.4527;
464039.081;494384.390;494383.907;217.3987;-37.0767;-37.1179;
270488.945;483890.237;483894.159;-72.1919;206.7052;206.6923;
408940.228;589347.471;589354.945;-100.1965;299.6621;299.6722;
486478.803;513581.372;513582.180;1369.8948;-103.9510;-103.8700;
379357.700;490266.854;490273.792;-921.8644;-361.2307;-361.2744;
265836.300;644742.218;644747.412;-620.5271;322.3008;322.3220;
470620.679;530409.423;530410.968;485.6661;-149.4475;-149.4059;
502856.479;543057.532;543060.660;-213.3234;8.4462;8.4630;
493780.035;577875.381;577880.898;772.7423;106.4619;106.3194;
420148.219;594806.550;594800.957;-271.9284;-5.0582;-5.0318;
507737.070;526605.171;526606.930;-679.6116;178.9605;178.9674;
352243.841;451220.259;451228.637;-345.4464;-318.3720;-318.3511;
479516.409;512711.257;512712.292;141.4021;-676.2558;-676.2691;
480694.106;524458.636;524462.249;-351.9394;292.8017;292.8792;
345932.383;223574.055;223571.510;-128.9557;26.7208;26.7398;
544362.027;561429.985;561433.884;-38.5146;219.9476;219.9604;
448821.506;516831.340;516837.525;-987.9621;21.2853;21.2202;
426839.804;466621.717;466626.087;-198.8927;266.1826;266.1653;
455794.812;510311.093;510314.917;172.5745;410.6705;410.7096;
176938.713;515989.537;515978.481;-267.2101;-162.7955;-162.8068;
431209.662;574324.574;574321.137;264.6373;-164.0380;-164.0235;
494219.416;516837.782;516840.507;-798.5682;8.3721;8.3226;
467197.542;505859.680;505861.213;854.9514;116.3556;116.4216;
321178.478;684529.315;684525.121;25.2959;295.9751;295.9969;
419600.018;511515.228;511516.931;-421.1294;-109.7321;-109.7476;
347921.122;530537.856;530541.186;-589.8320;-57.3973;-57.3993;
438773.828;505248.984;505249.684;-122.5097;129.8898;129.8650;
497943.798;541491.278;541493.345;-395.1634;104.9242;104.9589;
482266.446;519705.800;519707.819;-341.3844;481.7371;481.7811;
507063.897;530379.606;530382.710;0.6365;11.1865;11.2179;
322476.869;548548.173;548551.738;-480.7782;90.1856;90.1608;
955390.699;504962.089;504941.556;-63.8362;-71.4406;-71.4648;
431269.495;484257.276;484258.553;-254.6907;-162.0318;-162.1785;
441697.744;519862.493;519861.725;294.1148;-164.3589;-164.3374;
477889.163;510831.562;510834.745;411.5406;429.5155;429.5551;
465009.526;516612.746;516615.997;174.9010;-645.1822;-645.2081;
495740.548;515294.093;515296.827;-266.7564;849.9763;849.9821;
570476.584;478655.643;478640.926;-226.7503;-30.8252;-30.7651;
275515.530;148316.822;148304.984;-343.7216;-128.4204;-128.4376;
527506.920;489257.478;489260.414;280.5436;122.5889;122.5817;
919563.222;510519.870;510504.311;-106.4949;23.2438;23.2535;
552625.096;423070.566;423070.759;-285.1621;79.3217;79.3562;
478671.764;509829.553;509830.816;-493.9306;-558.6202;-558.5304;
476178.465;552118.615;552119.137;-676.8429;-2.2863;-2.3361;
464391.929;479326.481;479325.049;704.7692;-341.6331;-341.7499;
415966.863;527537.862;527534.665;-156.1643;150.1100;150.0350;
495650.664;518292.011;518294.402;-15.3973;-102.0554;-102.0037;
448513.822;536820.245;536823.055;-210.3318;314.5386;314.5122;
500156.424;509317.819;509321.931;657.5530;97.4845;97.5563;
489084.600;517649.947;517651.473;-789.4361;487.9734;488.1205;
468004.261;523235.021;523237.746;332.6915;-299.8982;-299.8386;
523920.650;541265.317;541259.735;171.8987;138.2996;138.2604;
