# This file was created for the Modelling and Simulation course, RUG (September-November 2019).
#
# Project: Simulate colliding galaxies, using Barnes-Hut algorithm.
#
# Students:
#     Stefan Evanghelides (s2895323)
#     Hidde Folkertsma (s2759799)
#
#     X         Y         Z         DX        DY        DZ
475199.843;539691.051;539660.594;13.8854;-176.0511;-176.3644;
420973.963;546178.878;546139.043;-712.1786;328.5387;326.7953;
690456.005;875581.723;875569.510;95.5243;-43.5667;-43.5720;
459770.264;581211.834;581248.936;-140.2298;468.6865;470.1710;
436982.521;542369.851;542289.992;323.7663;12.6175;11.6652;
460468.576;537537.836;537513.389;-638.9117;-444.0599;-441.4875;
310302.157;492742.552;492558.409;20.2685;-260.4634;-261.7064;
283713.004;571947.727;571590.670;55.6081;254.8033;254.3817;
629402.342;527100.442;527074.489;189.9864;24.2722;23.4043;
487746.781;621838.156;621891.557;-145.9652;396.4655;396.6678;
524012.964;460988.462;460672.329;481.5526;-259.4249;-260.8033;
554251.700;604206.306;604158.116;-319.0745;-211.9994;-209.9901;
451569.653;551082.799;551057.350;380.9969;-26.3257;-27.4436;
464909.356;532999.254;533062.521;-1065.1743;-605.5961;-610.7233;
261997.431;623997.031;624091.549;-306.5502;-40.8620;-41.1787;
413425.789;468095.511;467790.692;26.2706;85.4041;85.3524;
484947.445;567140.557;567087.837;-410.6253;100.1932;101.1678;
421695.845;534421.339;534331.379;558.1072;208.0347;207.7601;
358751.824;543379.730;543322.274;556.2695;-36.5584;-35.9446;
585859.311;631841.211;631848.634;-99.7900;-142.0710;-142.3125;
462479.775;557935.511;557961.700;600.3238;178.6909;179.6154;
401636.089;607635.664;607743.440;-487.0537;-52.9919;-53.0622;
449747.192;552783.864;552747.129;800.2643;-249.4759;-250.3992;
475824.492;589276.207;589305.564;-322.4360;-26.8427;-25.6803;
486491.747;504639.811;504546.337;-354.8205;-162.2070;-164.1182;
454845.248;539009.381;538940.150;255.1352;187.7678;189.5030;
463984.166;543766.104;543746.756;185.0707;375.5853;378.0443;
440359.779;544867.176;544816.930;810.8645;-412.1755;-414.0190;
465993.506;550700.710;550689.569;374.6158;529.0490;530.0670;
446634.839;560177.222;560209.717;-256.7457;473.1176;473.7595;
871204.726;186940.382;186967.482;47.5757;-47.4885;-47.4883;
520557.601;520670.400;520633.392;839.6560;-78.4731;-77.9201;
476104.201;549035.910;549056.710;-863.8315;48.4718;45.5160;
483503.591;525078.226;525027.139;-128.6047;169.6235;167.6322;
525747.129;576620.354;576663.261;194.6635;135.3184;132.9983;
457805.659;538361.784;538313.864;1014.6823;-538.9725;-537.8291;
724626.874;500146.832;499396.957;-375.9337;41.4524;38.5120;
478342.523;523079.107;523017.893;-572.3831;57.6986;57.3440;
415041.513;602848.236;602903.198;413.7319;198.9830;198.4678;
468816.483;528023.506;527946.384;-361.3914;149.3463;148.9390;
467371.773;535170.877;535144.531;-259.7130;466.4713;465.7401;
220247.411;436973.549;436783.970;-197.3925;-99.2639;-99.2350;
459914.201;547023.412;546966.201;639.3799;-109.0176;-107.3030;
457512.794;570987.077;570927.867;-266.7912;-495.9158;-496.4917;
446263.246;581535.658;581630.008;-330.7003;686.6126;689.8973;
467326.414;555835.309;555833.455;-114.2201;-509.5446;-511.7579;
408635.568;553532.486;553470.202;238.5098;-137.4021;-137.8551;
800285.287;162664.932;162686.825;-26.2928;29.8850;29.8812;
462417.254;543314.602;543275.392;856.9117;-250.1833;-249.8342;
853342.426;685068.539;684358.780;-40.0431;48.1000;47.1452;
509052.122;415581.608;415598.453;65.7257;104.5229;104.9578;
447535.943;537512.953;537416.664;-482.5192;-559.5055;-562.3341;
469821.591;551130.345;551114.335;376.0289;174.8898;176.3967;
461156.069;563049.732;563099.717;-622.5807;-443.6609;-447.5218;
392789.551;527365.169;527143.887;-646.2738;212.7799;211.6567;
477025.976;509976.886;509821.617;325.9230;31.5702;29.1411;
524819.268;548887.113;548820.830;-401.3175;298.6570;299.6320;
486700.116;524137.263;524085.730;427.9528;172.3255;172.2263;
799843.831;426098.799;426058.590;-56.2067;-27.2570;-27.0639;
452216.672;538255.335;538183.084;305.8098;480.6988;483.9459;
981856.220;626395.790;626282.229;17.7104;35.6314;35.4304;
462556.809;543393.973;543362.655;230.4653;354.3620;356.1685;
97092.304;429182.820;429039.515;-103.0509;72.7681;72.7055;
889545.683;322714.919;322810.780;179.9418;-37.4404;-37.3178;
480586.178;530893.469;530866.170;497.7548;-363.2305;-367.7464;
413054.500;539537.122;539380.234;-138.7539;-692.3511;-694.0602;
446415.520;551617.946;551618.633;55.3151;-141.5712;-143.5878;
147949.146;233608.641;232971.162;-101.2016;-169.0339;-169.3456;
608359.542;584442.419;584431.605;9.0891;-252.1275;-251.0182;
576264.701;571402.339;571670.754;331.7735;31.6753;31.7062;
459634.605;536123.154;536052.550;232.5815;293.2180;295.2489;
395184.184;484859.377;484628.218;-493.6363;7.3995;7.2562;
478519.067;571702.315;571733.626;-220.4403;-17.2970;-20.1833;
409148.743;497934.319;497993.557;488.4261;317.1766;316.1439;
668436.957;520203.475;520111.591;239.9390;-9.1034;-9.4299;
400925.548;455123.379;454729.955;-547.6323;127.3927;127.7906;
473072.390;523141.256;523039.386;-340.0516;115.6245;116.1634;
575961.050;649579.412;649538.470;-201.4946;-95.2604;-94.9353;
41438.584;727148.238;727266.039;-325.8622;8.5316;8.5216;
446500.751;517490.110;517426.009;-495.7808;-9.8123;-10.4323;
557532.914;517689.017;517550.325;-24.6760;125.8267;125.1895;
464604.932;545244.968;545208.388;-498.8156;178.9949;177.8206;
446984.478;552238.973;552210.181;-53.9121;-488.7599;-490.5701;
434342.347;560439.003;560413.997;297.7554;-324.7842;-325.8171;
714005.968;539186.248;538934.680;263.5882;-50.9392;-52.4154;
403997.353;519399.225;519185.888;-199.8062;390.9209;390.1494;
458013.264;521084.554;521021.488;309.0368;-46.0229;-46.0044;
449831.837;528367.786;528327.610;-488.2002;-634.6646;-636.7033;
459415.017;553095.824;553070.624;-72.4041;-257.5096;-256.7639;
484212.059;557001.099;557060.862;229.1386;192.9534;195.4224;
436668.362;545034.558;544972.995;-273.5338;-263.9838;-264.3593;
453050.830;541536.241;541515.137;-390.6710;-255.7812;-255.6424;
511142.226;613760.133;613871.676;352.0754;-135.8253;-136.4528;
749032.416;598545.531;598375.685;-300.1955;92.6695;92.3105;
462662.399;552719.751;552716.918;-972.3743;264.6821;266.4276;
521536.888;453620.763;453557.450;-229.5158;29.0984;29.2133;
610944.436;394573.125;394554.316;-219.4243;17.9109;17.9152;
411795.595;511296.949;511233.518;204.7699;-76.6093;-75.6603;
405818.311;671404.117;671594.521;-246.3668;-155.9211;-155.4435;
548862.136;569560.049;569661.476;67.8672;-247.5523;-247.8121;
710097.071;600050.387;600005.249;114.8332;34.9370;34.9530;
465355.742;555915.529;555912.163;416.5256;675.0308;676.5778;
430704.444;367562.786;367540.150;-152.3534;107.8990;107.9222;
495426.002;529309.808;529265.678;-450.0290;242.5722;243.3169;
882431.750;468348.129;468316.164;39.5660;-8.4407;-8.4085;
459868.678;554184.349;554210.017;576.9069;-14.5613;-13.0353;
451204.661;561906.763;561905.301;157.3126;69.1680;70.6188;
452418.242;531791.529;531732.437;-272.5046;399.9394;400.2767;
315145.335;423911.813;423768.108;262.1062;152.0245;151.8370;
469723.334;474152.844;473933.992;-22.9909;-148.8539;-149.6311;
295580.879;899449.463;899285.149;-102.1765;103.8705;103.7896;
449530.621;532717.732;532720.565;-65.4815;310.2053;311.7365;
465918.097;558405.469;558470.615;590.9424;-154.5804;-151.9995;
474072.968;561166.983;561216.349;-314.2555;241.8194;242.0171;
409012.291;561434.924;561391.812;-370.0272;0.5947;-0.9247;
436045.760;551536.815;551524.285;145.5420;-301.5365;-302.0573;
406174.885;323305.236;323142.383;-7.2695;-99.6628;-99.6104;
447977.837;553857.181;553735.241;298.8616;-711.7740;-713.6767;
476103.458;550358.059;550337.679;785.1803;212.6193;212.9252;
552346.995;587266.023;587158.014;-586.3960;-316.4006;-319.3273;
302128.947;314076.111;314007.401;-218.4770;34.8374;34.7854;
428584.763;590655.489;590545.386;350.5283;-119.9524;-119.7113;
523955.561;553211.576;553296.743;-524.1308;292.7366;293.8630;
456703.554;532468.741;532413.819;-70.6944;350.2397;352.1366;
787926.905;463363.173;463713.824;-180.9776;-152.2447;-149.1003;
605000.297;584454.169;584367.627;-5.7186;123.4937;123.6014;
419002.843;551305.223;551233.309;706.1649;466.1831;467.5477;
485833.814;527164.461;527092.876;126.0856;-221.0874;-220.7037;
466813.305;547302.419;547374.345;-695.1591;-277.3744;-278.0197;
564956.175;511988.735;512072.675;206.5200;-361.1348;-362.2854;
409656.736;567282.140;567310.112;-276.2728;469.9874;470.6138;
429009.364;542716.449;542673.831;1382.4648;-342.6223;-341.2089;
385901.010;558913.662;558803.959;-68.3258;529.2508;528.6498;
476146.314;577092.182;577118.986;-97.6115;-362.6879;-364.1445;
367188.099;289557.507;289129.996;248.1556;96.9099;96.1108;
454706.768;517716.424;517684.983;596.3620;429.0184;432.0656;
428397.098;559985.164;559915.669;668.7494;584.2244;587.8483;
471355.953;497624.368;497460.578;-133.4715;154.3719;153.3381;
567222.603;497964.824;497697.814;-498.2150;-413.9411;-412.7564;
457439.242;549541.782;549539.684;-764.2686;41.2359;40.4416;
478989.566;550459.899;550401.983;740.0032;894.7249;897.1607;
406462.619;513847.283;513886.870;96.6299;127.1257;128.6803;
461694.360;550291.869;550292.205;-1044.2742;-275.3111;-277.9363;
461406.899;548092.839;548109.089;1136.9860;539.3864;540.7295;
450299.426;565144.596;565204.240;-722.3278;9.0697;5.8531;
471558.332;519915.108;519847.943;231.2635;-742.7489;-744.9640;
442892.227;531579.651;531531.835;-147.8346;-405.9339;-406.5035;
448087.240;542824.477;542771.303;-63.6086;-68.3959;-68.8848;
437753.112;549156.150;549125.808;445.3873;552.4505;554.2082;
446942.628;559975.218;560000.079;-367.2286;65.8281;64.3204;
426494.353;551414.282;551392.280;157.0519;-470.0078;-473.2538;
392627.883;541105.852;540940.936;163.1148;-293.4419;-294.5947;
481913.888;587738.813;587906.916;-406.9326;226.0716;224.6561;
179907.115;128934.966;128837.973;-138.0582;-279.0982;-278.6822;
496117.885;486315.191;486232.464;-472.1112;81.1936;81.4542;
438688.069;544034.200;543959.324;-396.2154;271.7134;273.7887;
458285.895;538857.956;538833.461;-204.3681;144.0680;145.3060;
266583.806;636472.295;636581.084;-487.0712;92.2400;91.9720;
465043.792;553343.883;553348.565;-113.5719;-529.2269;-528.9880;
415617.014;558399.631;558353.848;79.2625;-683.9474;-684.4345;
453017.002;560429.984;560396.314;335.5834;568.9865;574.1473;
507206.961;526601.858;526527.909;530.0875;-74.4904;-75.0995;
443003.300;552487.525;552452.246;498.0877;-423.7387;-422.9144;
462716.309;542438.545;542426.723;-657.2322;442.1782;445.6351;
401840.578;529122.969;529052.816;239.8487;-73.4090;-73.7759;
