# This file was created for the Modelling and Simulation course, RUG (September-November 2019).
#
# Project: Simulate colliding galaxies, using Barnes-Hut algorithm.
#
# Students:
#     Stefan Evanghelides (s2895323)
#     Hidde Folkertsma (s2759799)
#
#     X         Y         Z         DX        DY        DZ
268986.351;533573.984;533571.344;377.0507;-141.4837;-141.4702;
372843.112;515859.138;515860.870;-493.0435;190.9585;190.8630;
317675.585;770892.320;770887.948;90.8946;120.8258;120.8228;
204224.946;325768.593;325772.647;-12.3831;-49.2461;-49.2450;
237244.768;644471.564;644497.806;204.0925;-119.5131;-119.5179;
315296.084;507621.279;507623.417;-601.7805;31.0996;31.1043;
289600.233;506625.926;506624.968;-199.8090;-259.5274;-259.5736;
480174.124;418567.598;418576.776;477.2492;2.7946;2.7921;
310255.530;508913.375;508914.240;116.9918;215.4601;215.4353;
331010.905;472496.968;472499.958;277.6576;106.7466;106.7368;
475613.262;383139.171;383135.019;309.9464;-2.9102;-2.9123;
344972.868;422154.912;422153.426;233.0988;76.1095;76.0570;
327283.906;523622.807;523624.442;-168.0462;-156.3127;-156.3058;
415484.992;494803.547;494801.617;289.8822;244.2540;244.2492;
289391.150;517897.491;517898.462;634.1809;-475.9831;-475.9962;
394678.870;508677.527;508677.781;597.6197;214.1127;214.0524;
337173.428;544376.588;544378.996;34.3025;-30.1417;-30.1479;
309587.051;516350.755;516352.117;715.0229;54.7789;54.7932;
327737.740;462896.031;462895.987;66.7673;442.5880;442.6996;
334030.794;500280.045;500281.648;747.8318;-8.4786;-8.4417;
204595.995;172638.017;172632.557;47.6796;-73.1814;-73.1823;
321985.026;503415.580;503415.546;484.0955;-399.5484;-399.5502;
334474.291;517807.924;517809.310;-152.7996;-138.1512;-138.1369;
346169.512;512516.538;512517.786;894.3541;8.2382;8.2105;
309016.374;516110.289;516110.516;1060.7880;12.4085;12.4021;
350115.961;481340.591;481344.011;-320.6755;-56.7071;-56.6210;
319207.197;513383.541;513384.794;760.4101;221.4763;221.5048;
219944.963;546274.883;546276.271;225.3142;-111.1859;-111.1968;
299577.882;522157.480;522157.925;309.5029;-242.1812;-242.1753;
335596.782;508407.789;508408.735;-99.0928;-89.7519;-89.7617;
311978.847;517159.922;517160.306;342.5762;-110.0542;-110.0113;
325140.794;521884.044;521884.874;320.8834;46.3146;46.3033;
363664.107;520790.158;520789.404;-190.2810;-209.5716;-209.5792;
325022.021;515259.416;515261.285;423.8287;1.7879;1.8015;
299628.616;511165.104;511166.394;355.2572;-27.3915;-27.4263;
339865.400;514771.710;514773.249;396.6170;-151.2569;-151.2799;
325300.972;514139.202;514141.096;226.8565;83.2040;83.2125;
360267.222;477042.635;477043.160;-40.7044;13.1939;13.1939;
298338.365;532233.319;532235.230;-134.5230;501.3069;501.3281;
310702.467;523073.183;523074.484;19.7303;-210.8838;-210.9413;
324618.649;514592.425;514594.178;13.4993;241.4632;241.4607;
324830.922;509783.963;509784.774;-108.9200;547.7901;547.8052;
371194.026;495598.597;495599.376;382.8033;-118.4745;-118.5004;
330796.094;511770.127;511770.604;602.3353;128.8182;128.8083;
382976.289;513310.013;513306.965;-565.7557;157.1086;157.2291;
352549.387;547278.052;547277.460;453.8491;-25.3664;-25.3590;
331855.910;480442.334;480444.404;434.3237;-234.5568;-234.5471;
398448.424;546441.576;546444.427;-20.0633;-221.1178;-221.1110;
529668.697;490258.410;490261.347;554.1590;-60.6500;-60.6389;
283488.000;521603.077;521603.063;-136.6466;-335.1091;-335.0815;
210008.788;564654.381;564653.459;250.1957;8.6794;8.6937;
322782.864;506421.880;506424.096;67.6150;256.9088;256.8885;
308538.317;476291.286;476294.761;73.2420;400.2732;400.2248;
389771.789;499174.461;499175.585;287.3778;-17.3768;-17.4438;
335106.701;516056.183;516057.741;512.2359;99.3757;99.3725;
361522.729;522336.973;522339.043;282.7825;110.1498;110.1276;
383643.682;515321.192;515327.709;-536.0646;87.4389;87.4290;
244062.906;511007.282;511008.697;-284.3091;161.1193;161.0987;
340013.594;516658.690;516660.036;577.7857;-222.9773;-222.9956;
343629.789;524719.525;524718.693;499.4446;-68.3961;-68.3622;
326651.409;519481.989;519482.818;396.2621;-318.6842;-318.6617;
325605.941;525388.503;525389.355;-59.1010;-283.4687;-283.4656;
338228.671;529847.023;529847.723;262.1349;144.0941;144.1015;
320608.882;505851.675;505853.028;441.2837;103.8401;103.8712;
320479.547;537791.089;537792.681;-19.1544;75.0043;74.9966;
306549.215;520418.749;520420.047;805.6794;301.1263;301.1320;
294996.833;540440.645;540439.907;0.5434;-9.2701;-9.2792;
349902.274;505467.655;505469.272;581.0661;118.6771;118.6745;
322161.360;509648.816;509650.333;566.2275;335.4410;335.4261;
329207.515;511058.638;511060.111;343.1929;-263.6151;-263.6237;
409659.372;471678.521;471678.731;-132.1181;-71.7370;-71.7224;
281092.876;519563.105;519563.483;714.2939;-0.8518;-0.8510;
242734.649;548469.792;548472.198;-103.2260;114.7893;114.7818;
306159.261;524842.176;524842.130;49.0442;-6.6170;-6.6088;
209618.593;513231.937;513234.155;420.7055;-14.6155;-14.6211;
297657.466;591738.950;591729.975;151.0423;109.7056;109.6886;
351907.136;517739.133;517740.537;40.5669;105.1471;105.1061;
347706.188;516197.904;516198.466;443.7634;-99.4184;-99.4030;
353852.752;513599.508;513599.584;-368.6226;31.8411;31.8745;
344878.908;506902.890;506904.326;-309.2742;178.9201;178.9277;
328991.270;521630.449;521631.684;38.6000;-139.5823;-139.5914;
308351.351;471170.233;471171.680;385.8682;-342.2967;-342.2929;
296627.146;502960.715;502962.018;385.5402;-80.0752;-80.0747;
291037.397;502487.051;502486.887;63.9184;150.8435;150.8024;
379053.360;500728.478;500728.474;182.8852;-164.8531;-164.8753;
357425.348;466206.634;466203.977;-247.3778;12.9853;12.9656;
287220.870;537140.164;537139.378;510.2901;-115.2862;-115.2920;
286453.909;523712.874;523712.812;4.9184;1.4661;1.4643;
338922.656;516450.876;516452.585;-40.3762;-42.7810;-42.8227;
330062.445;543686.446;543689.470;213.7250;329.1153;329.1197;
334050.687;519018.239;519020.171;435.3687;-59.1582;-59.1680;
296940.929;501969.848;501969.188;340.2370;-229.7355;-229.7065;
302594.726;510943.982;510945.407;78.0766;155.1641;155.1600;
351834.836;525132.542;525134.871;434.0205;101.6910;101.7175;
332881.430;531913.469;531912.018;-872.7499;130.2791;130.4056;
338368.658;525621.367;525623.174;-517.8048;16.5702;16.5841;
337925.658;518149.818;518151.285;-687.2342;369.6190;369.6494;
268024.952;646577.113;646582.971;51.3336;-9.1252;-9.1162;
184983.461;387820.726;387826.750;27.6011;-158.5829;-158.5753;
688394.103;558976.844;558973.534;-116.0982;237.5515;237.5263;
681627.826;516056.728;516055.553;-830.1291;-328.1449;-328.1218;
634981.738;508407.473;508406.186;-67.4504;-49.0276;-49.0266;
662872.127;518186.837;518185.044;-558.9237;250.0796;250.0638;
797833.030;548852.432;548847.854;-33.1106;54.9002;54.9000;
667509.460;527952.439;527950.650;-124.7640;130.7035;130.6997;
645914.069;508125.939;508125.622;471.6332;140.9303;140.9324;
670295.387;543265.542;543263.717;-612.9115;47.0293;47.0374;
671608.146;478177.052;478179.487;-22.0433;53.6305;53.6250;
658181.809;468258.524;468259.129;-487.5138;-124.7966;-124.8015;
786284.195;622100.751;622103.997;-130.6188;-33.9277;-33.9210;
707648.461;496653.138;496652.074;-215.6246;212.2597;212.2309;
680257.106;537040.742;537037.640;-34.7350;-132.1676;-132.1835;
662570.185;519185.905;519184.497;-814.6218;-237.4886;-237.4503;
685701.275;503777.701;503775.726;-153.2122;477.8855;477.8098;
678461.039;510045.777;510044.627;-849.3969;-29.7941;-29.7684;
653860.251;519665.346;519665.426;-681.9205;979.7548;979.7197;
675081.133;515729.231;515727.896;-194.2358;126.6699;126.6973;
594109.021;583767.006;583757.872;-21.3117;-26.3427;-26.3492;
613011.456;364885.361;364895.872;-194.9840;-68.9103;-68.9029;
616874.456;541112.453;541110.628;-522.9905;-347.6730;-347.6561;
671523.899;530964.338;530963.413;-510.0234;-201.8358;-201.8413;
637989.137;392104.877;392107.560;-121.3212;-48.8774;-48.8729;
453986.228;316698.570;316679.757;-204.5813;-6.6820;-6.6903;
679230.743;516514.706;516513.698;-394.7350;-32.5819;-32.5563;
537169.517;636491.690;636481.363;-480.1645;166.4161;166.3952;
623438.331;472688.504;472690.923;-448.7202;-188.3068;-188.2962;
800564.458;564247.865;564240.624;130.8477;102.8041;102.8077;
640297.363;537803.888;537802.568;-781.3918;104.9113;104.8961;
674883.584;579514.849;579509.502;-45.6856;97.9737;97.9789;
679914.351;517296.136;517295.775;655.7196;-1.6944;-1.6642;
633590.154;506006.075;506004.666;217.8057;78.3599;78.3853;
665198.313;511221.069;511220.504;-185.9148;-113.6887;-113.6935;
707718.388;650588.375;650581.087;-232.5261;-51.1243;-51.1222;
653148.641;505888.510;505888.883;-543.2196;-175.4853;-175.4783;
647486.071;527941.710;527940.250;-923.6768;-44.4302;-44.4403;
623527.100;524599.916;524598.496;210.7225;-316.6968;-316.6650;
554136.835;493368.410;493369.465;-454.4362;112.5418;112.5259;
649163.562;518863.745;518862.889;570.6355;-459.0810;-458.9912;
653987.414;525020.417;525018.314;-689.6021;270.0283;270.0313;
656453.206;530651.026;530650.665;25.0666;765.2938;765.2663;
652688.349;505800.129;505799.812;-540.4769;-114.5579;-114.5132;
681267.022;500061.712;500061.461;-350.1834;29.7752;29.7652;
753678.016;600255.899;600242.320;0.5246;104.7973;104.7778;
686910.478;462830.804;462830.534;-479.1119;78.3594;78.3538;
671917.024;508910.348;508910.039;19.4097;-265.4584;-265.4566;
672600.891;513154.528;513153.702;531.5752;194.2481;194.2568;
514745.184;422858.880;422870.526;-370.5555;-94.5230;-94.5061;
714343.423;480833.748;480835.738;-274.0621;-164.1782;-164.1648;
673225.058;528626.639;528624.476;282.4265;371.1194;371.1218;
810454.777;444326.518;444330.212;-98.7235;48.7836;48.7768;
742285.355;528259.229;528253.131;347.6207;-159.0462;-159.0620;
668048.954;525240.275;525239.051;52.7649;-298.9234;-298.8744;
667911.181;503478.977;503478.212;121.7829;-49.5282;-49.5430;
698826.859;554793.539;554786.282;-406.7150;-310.4381;-310.3929;
603799.038;423674.317;423677.705;-113.3311;78.1268;78.1299;
663845.890;534317.784;534315.774;-170.6450;29.0786;29.0759;
653336.276;525180.779;525179.489;-378.2359;-296.8716;-296.8484;
688300.705;510939.292;510938.133;-507.9127;-136.0463;-136.0323;
673083.975;536026.459;536024.347;-151.7250;182.1896;182.1409;
478687.146;229966.169;229957.038;-181.7367;-48.9881;-48.9942;
663931.969;504170.827;504170.545;-268.4237;73.3253;73.2864;
637240.678;523152.822;523152.260;-814.1915;287.2222;287.2279;
628397.293;510640.371;510640.798;-360.6879;464.4222;464.3965;
654158.185;500002.816;500002.438;-331.6565;-214.5747;-214.5617;
728327.710;518208.147;518205.002;-609.5222;-230.2788;-230.2957;
618511.057;520157.077;520157.200;-543.4504;551.4092;551.3661;
659129.666;536948.802;536945.586;104.1108;-162.8655;-162.8657;
670669.085;516884.039;516882.584;292.0362;-174.1514;-174.1579;
753816.080;505867.372;505866.700;-179.5613;79.0694;79.0253;
682907.086;518973.501;518972.038;339.7470;-307.1273;-307.1118;
854508.719;449502.563;449505.278;-114.2342;-88.0117;-88.0096;
659118.044;516512.876;516511.829;241.7493;-39.8690;-39.8796;
657541.579;519145.902;519144.508;75.1976;260.2127;260.2226;
680339.233;526080.434;526078.458;-502.6452;-270.3719;-270.4090;
652926.038;511156.557;511154.927;-594.3768;-166.1903;-166.2384;
668799.974;543752.269;543750.915;185.7608;209.7529;209.7241;
873449.640;538200.428;538197.433;263.2051;-8.1744;-8.1905;
671195.933;514087.870;514086.730;342.5141;-267.6129;-267.5702;
637146.093;512087.617;512088.508;213.0744;196.9267;196.8903;
667890.272;521382.526;521381.353;396.9012;-91.1600;-91.1446;
669851.796;538736.077;538734.588;-436.9094;113.9096;113.9331;
637526.437;508767.406;508767.561;-34.9005;4.1007;4.1313;
661831.778;513598.758;513597.267;788.2439;612.8995;612.8786;
547697.150;298272.707;298276.258;-295.4224;-245.2021;-245.2070;
577656.871;536052.655;536049.553;-58.0715;-181.9660;-181.9497;
971506.781;522120.891;522105.839;31.7960;-35.0562;-35.0676;
626986.422;539246.253;539241.528;171.5796;-77.3660;-77.3585;
681266.151;509603.022;509602.581;134.2949;-189.0222;-189.0139;
645361.313;518121.788;518123.207;893.6645;106.9391;106.8108;
635759.946;584964.458;584961.108;-482.7614;2.3263;2.3088;
678407.938;508250.248;508250.130;-628.4373;320.3797;320.3755;
645860.961;506116.904;506117.347;-200.9643;-524.6510;-524.5805;
688321.316;500748.889;500749.974;-10.9354;197.1997;197.1774;
938707.856;745371.553;745363.940;111.4442;161.3816;161.3732;
655508.320;515999.764;515999.857;-54.5006;-16.5866;-16.5799;
640636.815;518284.815;518283.779;-268.7245;317.0981;317.0194;
675790.088;510246.873;510246.589;-641.0587;-212.0013;-211.9999;
690201.171;509542.197;509542.842;161.8284;-95.9488;-95.9218;
