# This file was created for the Modelling and Simulation course, RUG (September-November 2019).
#
# Project: Simulate colliding galaxies, using Barnes-Hut algorithm.
#
# Students:
#     Stefan Evanghelides (s2895323)
#     Hidde Folkertsma (s2759799)
#
#     X         Y         Z         DX        DY        DZ
475113.609;533111.986;533023.574;-149.2997;-5.0979;-6.0439;
492484.803;536129.537;536048.700;-922.4364;-194.6190;-195.8795;
757461.356;829927.766;829908.787;73.0022;-72.1804;-72.1948;
366609.606;822038.212;822679.607;-106.2453;257.8016;258.3027;
486844.278;546065.802;545995.597;-785.2642;29.9413;34.1504;
480313.572;532443.725;532395.840;1149.8304;242.1406;240.5178;
486537.681;584292.367;584203.487;-687.2912;430.5954;431.1909;
533871.652;645876.997;646258.199;402.4963;-162.6818;-161.1248;
364995.002;519851.509;519505.265;-212.6411;-158.4601;-160.8051;
397435.327;555894.421;555677.182;376.1595;-511.2067;-511.3251;
623161.100;480671.268;480876.645;-230.2232;210.5123;212.0098;
315815.929;466015.689;466732.975;118.7507;98.9184;100.3703;
477139.616;529657.533;529600.750;804.5726;-435.4251;-436.1274;
493314.363;522416.932;522373.999;-476.1484;-734.3822;-740.4744;
123369.626;599399.623;599194.419;-139.1831;-72.8439;-73.3097;
538524.229;583794.323;583664.324;-101.7328;-155.7244;-155.9669;
460340.642;546618.564;546613.938;-927.2404;544.9484;544.0017;
446268.279;520342.945;520193.345;-461.3774;-457.5330;-470.4546;
567814.362;600077.973;600033.252;-320.2040;-218.1037;-218.9442;
308269.354;542511.609;541028.221;2.8533;53.9941;51.5054;
499483.772;547090.437;547124.156;-65.8039;208.7679;208.2764;
289632.603;475757.539;474992.852;102.2180;-142.5264;-144.8866;
468261.838;551696.495;551615.452;-426.5913;386.0182;389.2442;
499498.560;534691.582;534492.204;-158.9260;509.9326;513.4547;
527514.042;519885.621;519517.126;-469.7016;-85.4865;-82.9597;
494064.606;547241.703;547163.740;-125.5125;-463.7041;-465.0239;
481233.334;543681.615;543656.020;365.5234;631.4167;633.1103;
480870.600;538027.206;537909.500;318.4225;812.0255;810.4718;
492445.826;532210.920;532065.251;145.8710;421.1652;422.6085;
476195.026;547036.053;546970.035;-261.9195;284.6476;288.8071;
896614.674;156447.404;156472.857;19.3903;-29.3905;-29.3954;
587961.380;577368.269;576241.387;-520.9729;40.3496;42.1776;
505134.613;556791.959;556676.246;-28.4550;95.4756;95.1833;
473413.028;537471.847;537458.067;-485.3465;295.5087;299.9924;
415537.116;552518.814;552378.110;-492.9750;246.5803;250.6981;
480636.748;525041.714;524896.769;-181.4458;183.3954;184.0468;
246513.526;498892.743;497323.701;-185.7833;-122.4715;-122.9932;
495111.783;541398.493;541322.640;190.1606;165.5046;165.9895;
530936.538;501480.949;501067.488;-42.1591;-394.8671;-399.6571;
461745.357;549787.373;549784.230;91.9766;-40.4778;-42.5082;
486632.862;539133.949;539043.850;-698.1961;-6.6588;-5.5942;
168969.325;404427.441;404268.145;55.9653;19.6908;19.3826;
466108.091;542348.888;542257.471;-154.5376;471.9933;467.9061;
397507.930;526370.302;526147.162;366.6674;262.4476;264.1926;
399613.801;681383.513;681368.170;81.3760;-131.1794;-132.0269;
483306.940;524023.722;523897.729;811.5200;376.2180;376.4199;
483953.481;558218.944;558282.923;113.3456;169.7898;169.9656;
763321.683;211327.978;211341.779;-72.1322;95.0846;95.0634;
470910.004;553204.638;553139.226;301.8556;-196.5709;-200.0632;
797989.512;711930.842;710534.516;-100.6232;18.5301;17.7718;
372624.147;573785.087;573925.917;-195.8257;-47.7060;-48.4559;
468340.311;550499.401;550451.883;807.5649;112.0768;115.4379;
468546.306;537652.049;537602.022;-108.8598;-228.4415;-228.7561;
430828.336;547386.801;547449.358;3.1556;10.1020;6.1507;
377776.093;404662.572;404491.372;-336.9614;-138.9291;-139.0258;
515595.383;549399.006;549109.965;-641.6343;-50.3135;-55.0513;
441290.216;576274.033;576357.493;-393.1637;-50.4767;-49.0936;
475638.344;556186.504;556183.129;30.9197;343.8553;340.3086;
660319.719;444648.920;445107.964;-321.2299;84.7857;85.2933;
432785.410;530309.849;530473.775;237.2206;45.7724;44.9805;
971253.655;649782.734;649511.867;-44.1355;23.2401;23.0434;
487574.746;548732.254;548700.538;240.5301;219.1115;217.5782;
39971.181;491643.536;491454.680;-42.2588;83.7741;83.7164;
465066.851;519390.626;519357.239;407.3722;-712.2770;-719.1494;
438618.868;466075.536;465391.081;417.5993;-102.5126;-104.8843;
489253.127;549965.724;549892.498;-307.4467;-255.1598;-260.4886;
89828.547;121070.580;120235.663;-51.9673;-119.6955;-119.9002;
468159.061;552505.566;552552.660;383.0176;963.7606;973.4647;
472365.979;544482.953;544519.394;1378.1826;-691.2145;-676.1316;
503609.526;540817.569;540626.296;-91.7341;-368.9928;-372.1903;
318059.512;580845.237;580637.284;216.4086;90.3910;88.8922;
482041.868;540451.976;540493.035;-79.5840;-1020.5851;-1010.6170;
528680.661;560115.932;560031.296;58.3960;-45.0137;-49.3168;
794549.381;511973.873;511042.809;102.7424;-37.0155;-38.9477;
398169.291;645630.715;645900.055;444.8933;67.0370;66.7225;
497083.954;567034.299;567139.932;527.0373;360.2569;360.9840;
509348.446;452550.851;452071.355;190.7064;-129.7565;-130.5561;
467591.823;555748.227;555728.503;303.4721;453.1137;453.0284;
462761.831;576915.154;576873.248;-173.1563;-338.3642;-334.7074;
483790.408;522520.087;522390.610;-27.3391;-572.8247;-577.5134;
453533.016;517105.350;517079.039;110.3919;-120.9607;-120.2822;
447471.367;522198.827;522129.015;50.9421;-143.9538;-146.3670;
776424.283;503853.155;502897.534;-77.0338;-3.4936;-3.0362;
414489.778;542583.995;542661.186;534.6231;227.6939;227.1269;
483619.651;544337.961;544300.463;683.9230;797.6176;801.5865;
463403.255;533107.307;533118.224;-1072.6890;-632.9247;-620.6559;
478165.958;535918.007;535807.530;1018.1239;210.8041;214.1017;
484938.000;529131.463;528962.445;105.2034;739.7919;740.4935;
496840.477;542855.456;542776.656;-389.5298;-455.5864;-459.7177;
475923.349;532849.907;532729.488;352.7124;-829.2702;-833.1342;
446861.471;484244.486;484227.470;-258.7941;193.9270;197.2403;
499849.668;454473.787;453926.229;476.2581;-244.3576;-246.5283;
491485.703;547434.400;547368.463;208.0813;72.4590;72.1115;
445023.437;607701.784;607675.951;244.2172;197.8589;198.8930;
480778.995;590515.805;590618.630;630.3240;368.8941;370.8266;
486064.654;517303.542;517270.989;-426.8919;-712.3857;-706.4860;
590644.936;643680.219;643546.260;-189.5713;268.9999;268.7499;
458880.215;654228.187;654171.007;222.3822;128.9890;128.8389;
723271.750;609993.455;609694.641;-84.2469;-13.7819;-14.1164;
508623.430;562439.559;562315.055;4.2602;-239.4940;-241.7095;
444183.188;573484.905;573311.683;725.4377;284.9512;287.8938;
467698.670;537054.369;536961.188;72.2476;437.4630;438.3482;
891750.286;464871.703;464863.874;-14.7000;0.1252;0.1423;
456872.747;531315.397;531172.185;-339.7673;161.9951;159.5130;
464324.396;532311.476;532187.672;-105.8098;-123.3214;-125.1512;
451652.855;559552.082;559660.955;195.0820;185.7652;185.4405;
664764.083;640222.275;640500.561;318.0307;137.5238;135.8010;
479732.990;580001.851;579853.462;-43.0330;-321.7618;-324.0323;
222999.234;965126.483;964903.810;-82.5100;65.4245;65.3558;
473485.265;536666.152;536591.199;-573.7924;-5.7664;-4.9737;
485572.562;536888.290;536812.738;-852.1391;145.5335;151.5437;
469471.874;532988.784;532903.363;791.4062;25.6622;25.0910;
470017.111;581623.075;581491.036;-52.7639;60.8837;57.2528;
469832.994;553168.767;553167.234;-360.0993;-218.1040;-218.1841;
405098.045;262330.953;261864.195;5.0744;-55.7491;-56.2266;
488210.257;500014.602;499825.600;478.6643;30.2279;30.8430;
503316.351;543846.596;543708.731;-512.6682;-347.9281;-350.7076;
168024.218;430272.850;429377.968;-144.5565;-72.4401;-73.5781;
164930.042;378314.602;378186.864;-125.7986;132.2711;132.1486;
473351.128;505726.866;505657.871;-641.3769;357.5269;359.7816;
490607.927;602999.520;602453.453;-397.7876;-95.7752;-98.1725;
473545.164;512720.252;512511.286;-573.8793;-85.2772;-87.0477;
529531.747;409047.851;410193.879;-489.8039;106.9323;104.5767;
456034.749;553206.978;553074.353;-194.8085;-488.8617;-490.2274;
502074.575;546254.601;546123.842;-692.4073;-929.5517;-928.7780;
505066.358;508970.148;508856.215;-39.5858;20.9816;19.2946;
495116.755;533891.896;533790.830;-322.2264;-104.2033;-108.1025;
574511.239;329447.109;328403.270;-50.0457;-135.7163;-136.5881;
434368.830;548647.341;548521.482;471.5019;-11.1183;-11.9783;
441652.772;580198.183;580300.162;121.0611;74.1563;69.3711;
416789.600;484819.267;484618.790;-565.0045;123.1052;128.1073;
460786.537;531104.559;530925.222;180.4173;-146.4103;-146.7961;
561618.639;472433.268;472067.115;132.1011;463.4820;464.8787;
484701.856;524192.701;524116.630;118.4105;34.2463;34.2086;
504778.285;518149.453;517898.515;-334.7838;-153.3742;-152.9951;
453881.144;479327.326;479067.604;-214.6249;-299.3173;-304.6760;
273055.303;602720.530;601737.725;135.2570;272.8859;273.3425;
483806.219;539408.698;539373.076;-154.1224;126.6963;126.7179;
483383.456;509145.239;508607.992;581.2013;506.1476;512.9692;
491914.873;539947.485;539692.331;599.7558;829.5760;839.2057;
492867.665;566795.315;566864.608;255.5571;104.4453;104.9602;
416127.505;537410.143;537090.259;-510.7232;-8.9482;-9.9766;
454892.016;547643.976;547548.700;-962.1620;-335.0882;-337.9657;
550111.051;573607.023;573423.909;40.6336;-164.3205;-168.8869;
453624.046;536451.149;536397.659;938.4820;-125.9862;-130.3103;
485735.324;571067.058;571171.186;394.5166;-79.0829;-81.5246;
493256.010;524708.565;524525.504;-369.4185;530.5169;533.2542;
494200.086;530490.298;530275.269;521.3928;-286.5913;-288.9408;
466907.892;550577.121;550501.128;-947.7807;-149.3224;-154.4163;
425633.850;548471.781;548542.527;-461.7766;-274.7451;-277.5096;
455011.580;497931.456;497384.822;495.5207;114.0728;117.4168;
592033.961;678597.356;678816.617;294.9890;70.7980;71.3322;
471754.062;519896.429;519748.101;197.3574;375.5528;377.1866;
468792.463;530223.086;530111.300;851.8511;119.6310;119.4150;
109817.749;589286.449;589066.141;92.4818;-101.9127;-102.3123;
476286.031;528793.929;528704.031;360.1612;-665.7683;-669.3057;
443709.484;582025.174;582043.845;-755.0824;-380.7816;-372.9182;
497194.454;547513.665;547439.344;1014.3304;121.8825;115.7110;
370354.647;503387.246;503186.045;-495.9611;-251.5799;-254.6783;
482206.625;546444.193;546401.033;38.8499;13.6468;13.8184;
480593.344;540998.368;540907.254;327.6536;95.0689;92.3979;
441951.152;582920.903;583093.631;-184.5273;77.4801;77.8036;
