# This file was created for the Modelling and Simulation course, RUG (September-November 2019).
#
# Project: Simulate colliding galaxies, using Barnes-Hut algorithm.
#
# Students:
#     Stefan Evanghelides (s2895323)
#     Hidde Folkertsma (s2759799)
#
#     X         Y         Z         DX        DY        DZ
486196.265;537833.614;537763.271;-73.0259;-58.7423;-59.8737;
480679.673;539278.579;539271.555;142.4933;-954.0659;-951.1890;
727060.659;854956.297;854941.474;84.9617;-58.2151;-58.2231;
408792.406;718719.650;719155.315;-113.9325;285.7791;286.3717;
478087.394;538169.575;538043.293;-846.1330;-35.0938;-34.2397;
489219.015;544483.821;544500.715;-211.5790;-153.1525;-151.7580;
408361.812;437884.824;437468.841;388.0038;21.8168;22.6729;
374286.180;651921.820;651614.201;367.3414;112.6150;113.2776;
614118.864;537201.638;536812.453;-272.6883;21.7729;21.2415;
410049.743;663739.393;663858.757;-198.8264;-100.9789;-100.7307;
636358.043;432150.379;431805.582;111.8966;51.8065;52.4590;
334321.419;470201.237;469793.941;-230.1748;-132.9378;-129.6712;
493700.124;534533.573;534526.593;11.9007;209.4331;211.0241;
427808.179;553545.427;553368.349;-260.2154;134.2809;133.3388;
173964.846;614949.923;614900.312;-156.8200;-26.3589;-26.7410;
503381.132;580700.331;580736.779;300.9847;195.3624;195.0796;
455831.619;561488.617;561557.209;-262.7780;-405.8352;-405.4494;
399660.497;517727.677;517143.819;328.0962;111.6382;109.3570;
616252.058;607733.707;607970.042;93.2382;134.8434;134.0570;
389833.904;530616.562;530412.946;-572.2942;-35.3712;-37.6040;
461680.073;532721.528;532653.958;-457.8551;-48.5321;-52.7527;
288837.651;544054.230;543981.230;-116.2591;-197.3480;-197.8327;
465490.507;559343.881;559284.993;64.6886;-484.2178;-482.6021;
507335.125;549386.462;549441.118;-327.8185;370.8291;369.3305;
443482.465;525379.566;525270.029;-820.7799;-94.1435;-97.5082;
474100.178;541082.219;541052.600;558.7783;417.2306;418.9586;
473031.709;525098.757;524989.112;340.9980;84.0965;84.6314;
481831.022;546475.261;546407.755;-837.2439;-80.2344;-83.1961;
461588.303;548098.252;548081.791;-234.2633;-204.0448;-203.0815;
474152.763;536485.300;536457.166;625.7200;-439.3902;-437.9119;
887016.142;169455.669;169482.396;31.1540;-38.5141;-38.5161;
666250.100;545873.977;545229.468;43.5439;100.6161;97.7331;
493614.174;549266.411;549246.257;-209.8090;-101.2793;-103.2401;
479673.464;538496.710;538419.739;201.0576;-810.9855;-814.1695;
464206.678;547745.679;547855.642;1526.2076;407.7091;406.2261;
485323.891;550781.407;550740.518;-950.1032;162.5178;163.0193;
437830.129;547676.582;547861.785;-1380.6307;-92.1712;-96.5536;
463180.982;522029.598;521915.476;-163.9997;68.0123;67.2357;
431668.593;503442.426;503131.185;-577.1642;116.9342;115.7923;
489213.241;531888.678;531827.940;-79.4383;391.2989;389.6021;
453326.256;558395.358;558393.443;29.8313;278.3628;279.5607;
169889.869;409433.108;409268.470;-60.4574;-40.2394;-40.1562;
475581.395;551066.206;551014.797;-77.5405;203.8799;201.5807;
494390.618;593030.971;592983.895;173.0898;-234.4062;-235.7783;
388600.806;690478.036;690741.488;-26.4583;86.1479;85.6881;
509312.721;534652.800;534634.192;148.8716;-134.9281;-134.8399;
491218.794;561596.395;561547.533;-486.7166;-107.5767;-108.4944;
785772.230;181288.992;181308.251;-46.2033;62.0166;62.0072;
493431.711;544188.266;544160.470;516.2841;560.6034;563.1664;
830844.590;701748.458;700667.289;-70.8153;34.0836;33.2092;
517941.121;494578.332;494668.478;-73.2651;327.8529;327.5983;
486233.930;546770.882;546737.030;272.8227;-317.0622;-314.3418;
485813.670;553637.906;553628.492;581.2245;356.2728;359.3632;
512301.918;549245.552;549212.713;-115.0478;-394.6727;-396.8252;
501433.711;559278.501;559244.553;549.7399;-768.5244;-772.4781;
525995.536;551574.010;551450.758;-14.7039;71.6683;67.4306;
429464.322;466972.367;466489.469;303.5425;-56.9086;-56.3346;
500433.176;557750.160;557785.344;20.0763;495.1221;497.3793;
753617.308;426087.567;426262.175;-177.0329;22.0858;22.9227;
442477.630;532981.192;532846.017;351.6158;301.8381;300.5769;
982471.533;639622.149;639427.426;-14.2885;29.6114;29.4120;
473576.567;524888.380;524774.436;314.5723;133.5254;133.5585;
61802.729;460192.326;460024.914;-71.5380;79.7089;79.6524;
957070.104;310181.922;310325.392;154.2875;-25.2478;-25.1352;
454364.077;560719.208;560816.358;-1017.8730;218.9027;221.9488;
525560.374;542578.486;542548.257;-301.7651;556.1064;553.5262;
462325.169;538999.744;538874.850;175.5476;-216.1306;-219.8147;
113384.238;171050.622;170301.436;-71.6683;-141.2412;-141.4861;
408586.142;579209.813;579205.772;207.2995;195.4332;200.0015;
521307.798;530110.742;529791.127;-995.0724;-87.5261;-82.2441;
459934.577;554955.027;554980.488;99.1297;192.3799;191.6783;
287954.015;529377.104;529273.154;-70.8723;163.2680;163.9545;
475047.051;614203.554;614408.889;31.7725;173.4451;172.0817;
431197.205;509053.979;508966.725;-371.2827;-339.2026;-338.5149;
744398.022;516950.226;516537.131;146.6548;-4.3291;-5.2884;
295889.720;569802.882;569888.483;54.3408;292.5818;293.6740;
481673.250;575916.714;575961.290;-42.7808;83.8571;83.2934;
469728.012;577768.933;577836.930;-343.6441;-359.7055;-360.0151;
439816.875;549789.568;549715.323;-162.8397;204.6435;205.4805;
381755.227;518870.597;518353.215;212.0164;-171.5910;-171.5768;
470379.471;522877.309;522778.680;134.6293;70.6116;68.5197;
464652.055;538157.840;538093.170;1068.9398;-110.9173;-108.6527;
486556.381;543903.391;543862.023;-1300.1415;-39.0618;-38.5505;
780041.604;517607.836;516813.561;74.2418;-51.7211;-52.8051;
461534.380;569814.304;569686.977;379.1871;361.1487;361.1867;
478202.086;521333.328;521251.597;-288.7269;136.5841;136.3944;
498438.358;542529.397;542529.886;1034.0457;46.5363;46.1632;
464453.749;539726.790;539632.151;590.9037;153.3599;153.1042;
437656.772;550195.723;550092.518;-474.3269;-362.4426;-363.1552;
478419.914;545754.249;545710.109;-288.9453;-467.1532;-467.9981;
460859.101;534900.921;534843.462;496.3041;-368.8238;-370.3442;
397729.045;565642.239;565327.221;191.6982;313.1967;312.4270;
575707.816;614016.385;613886.606;-592.1406;-70.7038;-69.7432;
471124.834;551312.423;551279.930;-103.3888;-223.4366;-224.9040;
424373.289;500625.660;500418.204;-201.9956;233.2657;232.9230;
503543.492;431318.937;431260.864;-308.1809;186.8791;186.6641;
448305.288;550787.000;550707.544;1055.0121;-21.4329;-21.4948;
459045.772;512796.358;512557.259;1343.7836;-266.3061;-269.5841;
407947.895;552518.084;552465.245;-182.7347;414.0168;414.8599;
736805.651;610269.284;610108.512;11.5552;12.9003;12.5321;
488601.622;579155.510;579136.625;58.8736;-62.1330;-62.0281;
377647.512;438645.090;438581.467;-77.3718;272.3235;271.5635;
483577.952;536550.342;536513.113;153.0855;-737.4107;-736.3162;
892492.716;465721.588;465703.579;10.9545;-4.4394;-4.4056;
471947.222;531017.875;530953.209;-545.8074;169.2947;168.0664;
465110.669;523875.553;523770.130;-433.9550;-18.8411;-21.1181;
430634.875;538465.636;538372.498;28.1211;328.6722;328.3329;
472790.878;547533.245;547452.014;909.3453;743.0972;749.8960;
469498.721;503317.795;503274.648;-13.0849;378.0603;379.0829;
256395.385;936906.983;936711.547;-91.5636;82.0766;82.0032;
465822.737;562359.123;562352.328;218.3461;307.5241;310.0018;
457623.869;547316.304;547281.058;-671.4463;214.1698;218.8900;
464768.962;551807.842;551779.320;-438.9357;-287.8444;-287.2037;
436503.051;533227.995;533186.973;-281.7125;-553.7103;-553.8005;
436998.200;550004.818;549915.781;71.3694;-211.4808;-212.0066;
403986.501;287321.684;287042.203;0.4695;-75.0856;-75.5822;
463376.041;548798.025;548678.977;-1013.2745;-274.6840;-276.6582;
477250.407;517703.358;517587.935;-274.4208;78.9535;79.1684;
258448.556;465937.761;465700.988;-358.6468;-135.4524;-137.4409;
222707.725;337970.127;337874.925;-173.5288;82.1679;82.0959;
430581.639;557133.464;557122.439;720.9930;348.4174;352.6222;
412562.725;577908.553;577931.815;-449.9528;-215.0599;-215.7610;
518445.082;550681.998;550674.763;193.2083;-428.1357;-429.9110;
686825.091;411045.197;412368.022;-322.5109;-89.7766;-88.3848;
562506.872;609249.240;609318.696;-186.4090;1.2795;1.6301;
455028.434;605105.783;605003.676;270.0002;331.2315;329.8080;
451423.130;557197.096;557104.375;246.1507;-431.4371;-430.6102;
473877.231;532326.181;532254.212;152.3553;108.6259;114.2303;
586204.276;397066.327;396477.821;-5.4756;-222.5839;-224.1171;
450792.386;513817.126;513595.784;-453.7817;100.5612;98.8687;
469173.302;580292.043;580245.359;-324.7374;205.5255;205.5649;
532314.972;604120.534;604321.762;299.3054;-292.0571;-291.8640;
441643.899;515485.506;515374.899;53.0463;-46.0441;-48.9043;
471855.346;350832.476;350271.667;260.8141;212.4110;212.4577;
426073.345;540832.484;540679.407;28.6509;-335.4587;-333.6632;
494650.931;550675.399;550684.007;597.2460;-681.7238;-683.3836;
445947.983;615410.092;615350.306;63.3151;-33.6162;-34.8528;
316681.013;486310.805;486029.205;-391.4741;274.8910;270.4344;
470900.225;547336.656;547287.057;207.1521;253.0969;252.8508;
556883.630;523993.820;524117.931;308.8063;219.3045;218.3723;
419311.271;524846.778;524761.463;117.2655;-29.1215;-31.9365;
492172.187;545343.285;545319.851;522.7595;465.0427;467.7994;
492073.352;548798.457;548832.335;1265.8047;-52.6575;-51.6665;
464418.610;519595.890;519502.827;711.2078;-85.7017;-82.8727;
459508.164;463538.072;463474.494;-116.8307;207.7538;208.7351;
487565.323;535166.581;535114.861;-981.8653;-271.4293;-270.5875;
499946.612;545326.192;545266.147;282.8188;-255.1794;-254.5559;
499789.758;531183.338;531142.545;63.0385;-204.3414;-205.1844;
474497.376;541333.216;541258.959;-436.2864;679.2503;678.2286;
484499.581;546697.099;546711.307;-512.6631;774.6554;776.0254;
470769.732;523811.415;523689.539;611.8444;-747.6107;-750.8408;
547066.388;547835.384;547575.818;-66.0294;182.4802;180.7258;
126129.340;19495.371;19564.842;-128.3044;-262.6711;-262.2650;
465412.265;625389.260;625346.941;363.8973;255.1664;255.9055;
476211.748;535368.700;535272.357;240.3924;-271.7695;-272.4980;
459598.600;541607.012;541556.155;346.0980;-60.9814;-60.6018;
133542.300;628529.414;628475.922;-189.0915;-78.5330;-78.9771;
491440.217;542385.886;542353.400;59.7626;-5.1060;-5.1844;
460113.989;513156.002;513010.489;880.8103;-529.2416;-528.9180;
461232.767;539433.514;539347.273;-756.0695;468.2126;473.0702;
576105.280;544338.421;543985.069;-132.5258;99.8153;97.8734;
465292.195;544639.884;544575.546;-224.8008;-163.2623;-164.0902;
472389.573;546120.001;546083.959;522.6411;386.7133;385.3444;
455902.899;554012.753;553919.616;-215.3580;-426.2508;-426.7521;
