# This file was created for the Modelling and Simulation course, RUG (September-November 2019).
#
# Project: Simulate colliding galaxies, using Barnes-Hut algorithm.
#
# Students:
#     Stefan Evanghelides (s2895323)
#     Hidde Folkertsma (s2759799)
#
#     X         Y         Z         DX        DY        DZ
480652.494;539817.198;537464.147;166.5927;463.5830;426.5667;
442116.270;550360.512;546156.511;-107.4324;-100.2354;-86.1490;
720693.357;478204.746;478756.289;-219.0932;-157.7845;-147.2630;
477136.924;551658.222;548258.181;346.7400;517.7287;559.9222;
466801.989;522406.167;520215.474;722.9485;190.8634;238.4157;
579890.783;641414.576;638763.188;391.2723;-130.1673;-128.0666;
595861.480;940087.120;954087.487;-13.1304;24.4221;32.7712;
573057.716;565433.275;573827.299;249.1630;545.3554;617.2809;
505393.744;593611.079;590448.465;-27.3031;435.7802;381.0838;
530593.872;529908.346;531644.412;-32.4664;773.8505;750.8026;
473119.149;542855.124;539720.012;146.3113;752.8876;724.2799;
645025.078;667695.534;668853.833;-22.1376;192.4752;191.2471;
487698.914;539319.456;537904.024;957.8581;618.6483;665.6072;
432719.314;516517.944;510420.480;124.8047;297.3270;249.4775;
412701.029;439458.247;430980.192;-352.4932;-312.6600;-365.4531;
553470.421;565048.420;563193.806;-106.2588;-7.7372;-0.2649;
483250.673;547364.898;544940.384;611.8170;-24.2600;-21.1143;
542365.482;593130.897;598336.486;189.8587;-177.8640;-131.5539;
432769.468;553865.973;548997.081;395.1745;57.0143;67.7635;
525833.464;536725.627;537900.148;747.5568;-371.8839;-295.3762;
492298.045;539426.246;537899.493;71.0161;271.8217;288.1940;
488859.455;537552.622;535610.954;-109.0753;267.1321;247.1833;
474902.760;559255.559;556468.371;-198.2526;-572.5266;-580.3842;
496320.169;543945.617;543460.181;-695.4898;-220.7835;-268.7145;
496819.409;541328.282;540256.090;788.2504;249.4741;235.2255;
866920.712;152213.731;152128.523;-40.2309;27.7720;27.6096;
397700.886;454036.839;444673.165;23.8643;14.4050;-5.8430;
468276.592;542494.165;538502.315;-499.3217;596.6909;474.4714;
526598.928;536082.406;538259.441;-47.0080;-327.9457;-316.8432;
727967.083;507714.333;508507.928;-146.8232;36.4888;28.8529;
512316.271;531583.834;531231.274;201.4205;691.9914;675.1583;
457610.403;400079.349;405602.527;179.1430;95.3562;127.9641;
516835.410;517962.051;515664.088;252.6004;-317.5722;-326.0859;
489715.606;552995.541;550381.258;-962.3185;533.6233;448.9939;
497054.422;535223.836;534733.893;-679.0516;-241.2841;-269.3600;
468113.224;539893.578;535941.853;-197.7275;26.0877;-9.5862;
496806.514;593031.511;589681.614;706.4493;146.3412;149.0128;
500079.130;526018.136;526246.277;687.3879;-25.5588;51.8631;
493007.318;546312.047;543767.594;-119.2464;-68.5896;-78.5471;
462173.727;536397.216;534879.610;-347.5962;-433.1871;-413.8724;
459923.365;527511.299;525315.013;-279.8047;-209.1614;-201.5377;
548783.153;558983.124;559037.929;-279.5587;2.6759;-4.6522;
527174.941;480367.128;484507.500;87.7288;7.6476;-43.2186;
714624.226;413873.131;416100.491;265.5759;-1.0792;-0.3943;
708195.333;398782.289;400575.690;183.9954;-26.2584;-44.5805;
492057.298;539804.015;538295.156;498.0979;-453.2146;-420.7374;
496285.194;527776.716;526944.525;657.4531;-37.2700;-16.4766;
502007.279;566359.805;564673.656;531.5503;-659.1248;-626.2938;
661819.916;186299.530;183091.313;62.2887;-265.3468;-273.5233;
451234.183;550857.183;545717.228;-797.7018;-287.4442;-299.2843;
499109.343;548788.018;547862.026;-152.3328;-379.0435;-366.1868;
458486.621;561355.217;556760.258;-670.7509;258.9368;235.0113;
525972.883;500005.504;500686.397;-169.5997;-602.7974;-506.4654;
401934.486;682373.589;676310.017;-197.8269;11.0635;-1.4390;
516956.851;463308.208;463757.922;344.5513;-271.0023;-235.3111;
510884.209;581266.228;578606.265;-134.4743;-133.8182;-130.1414;
206497.266;687917.655;687362.561;158.5315;39.3744;39.0804;
501402.834;558071.096;557107.577;422.8700;-486.7913;-459.8500;
479933.954;540549.711;537851.259;-381.8957;87.5087;39.0302;
511314.240;542104.607;541984.194;342.9074;-353.4437;-296.8282;
472371.526;546442.327;543242.189;373.1643;441.8174;438.8782;
469113.999;552160.737;547929.615;350.5548;-161.4296;-139.7279;
486948.715;522042.693;521152.191;-632.2027;-200.5489;-253.9631;
485274.798;569304.020;567953.395;497.4301;-281.1549;-323.5234;
437021.138;500009.327;494779.508;115.3547;540.5437;509.9936;
531691.644;557519.316;557504.270;-239.7453;-356.5443;-375.1801;
573653.008;522979.987;524228.339;-458.1985;82.0128;107.1118;
940900.312;352617.143;337980.834;355.8012;-274.8035;-338.1608;
635775.745;505086.146;509694.484;144.5977;34.3783;30.6081;
430866.037;471319.942;463539.763;180.7415;7.2890;18.7114;
481118.913;484506.033;484586.602;-2.8638;-81.5297;-99.6555;
708100.647;438313.234;439872.713;353.5018;-9.7850;-7.3635;
479235.115;546782.269;544502.893;-1000.6294;509.1884;447.7713;
491884.716;539679.957;538336.911;-24.6031;409.9780;436.2783;
667701.650;463856.077;467151.035;-35.6923;138.6651;136.5895;
702202.049;401355.732;397171.126;322.9473;-143.5914;-131.8301;
474198.998;540685.957;537965.847;-331.5733;305.9445;254.5659;
471616.345;539675.746;536240.459;-69.4823;48.1633;34.4446;
465741.039;552048.226;546213.152;-82.7056;-790.5731;-684.6303;
500897.676;526819.290;526112.063;-39.8796;433.8148;396.2464;
476998.748;547520.430;543971.439;766.7301;-126.6915;-130.9148;
478853.371;551358.262;548150.650;487.2501;590.7925;566.2964;
458945.273;516618.538;515694.152;-726.3262;-689.9568;-692.3347;
484424.665;559979.582;556144.254;-118.9139;474.9479;498.5954;
438541.336;197153.101;182165.315;129.5102;-117.2939;-121.4009;
480112.530;530440.839;528141.820;430.9583;205.8465;220.7576;
775179.937;596585.274;595332.442;-8.7996;-59.5640;-59.0042;
932253.308;601182.187;599411.249;-63.0827;-68.0116;-68.9941;
460991.865;559280.581;558196.951;1011.7305;-326.6276;-347.8554;
487425.262;510432.966;508883.975;796.2527;378.4750;480.2599;
536407.328;515010.429;516404.045;-313.9444;-401.2530;-370.6782;
529620.608;495373.671;499352.100;-415.9596;-261.6647;-274.5501;
813085.613;618566.932;621059.245;213.8357;-54.4518;-56.4869;
513504.534;543800.979;543734.810;33.6455;123.9181;120.1446;
421355.672;566905.909;554911.074;-207.2977;99.5431;102.7575;
493128.376;540505.552;539449.956;-359.9988;657.3950;598.8444;
520760.119;524584.999;525816.341;-544.4867;-214.6892;-307.4369;
502333.738;382005.875;388365.886;-176.8018;-95.1127;-91.3230;
892399.130;709347.833;706534.089;-62.0777;-51.6995;-51.9758;
492298.833;543710.454;541486.609;-463.8855;697.6528;605.6440;
500814.503;542738.134;541514.571;137.0047;162.5155;150.4956;
508349.464;546584.312;547075.773;-747.0664;500.2892;505.0896;
489053.570;556219.924;553394.479;-988.0809;163.2413;97.4395;
511712.545;512381.999;513782.229;-347.0379;-146.8942;-165.0110;
488798.798;539722.832;537901.605;-386.7362;-121.6943;-151.1705;
448760.859;270833.304;268264.563;21.6078;62.8321;60.4496;
438611.306;548107.515;542271.042;233.6813;22.5629;74.6288;
510393.916;474644.812;476109.190;-200.9368;-454.8807;-394.0689;
928919.640;349479.200;329073.502;36.0025;-70.7374;-47.5421;
305414.483;497631.171;492466.514;23.5203;171.2406;167.4163;
489921.915;531110.663;529881.377;-298.2348;188.3465;139.2759;
490601.355;553126.999;551120.301;884.3685;-702.0187;-605.8856;
488657.149;543990.915;541252.945;-274.1861;-22.6820;-42.3957;
984422.241;952025.184;944239.494;221.4392;53.8814;47.9276;
524639.709;498624.856;495346.600;287.5188;286.0629;333.1704;
472271.668;576076.854;574751.484;737.5976;-428.4020;-481.8127;
486328.338;508758.162;503235.371;-281.9911;-476.5201;-516.3745;
477329.897;550303.794;546946.139;753.0077;-71.0265;9.3428;
411511.314;510051.158;504003.327;303.3040;382.3500;401.7743;
491586.988;543956.662;542074.188;484.7303;656.1391;638.4387;
482455.807;549824.565;547418.187;-526.5374;47.4016;13.6198;
576266.626;506105.008;515482.687;211.4396;-72.4415;5.5685;
483010.908;541308.212;538806.966;471.2219;244.4276;246.7243;
455258.920;571615.632;567357.974;-266.4667;-349.8086;-286.5289;
496269.530;557995.239;555728.064;1025.8817;-174.4985;-37.3193;
826607.765;440563.674;433172.770;-18.2819;-57.3648;-57.5014;
396647.618;575742.622;578815.692;441.6702;351.0219;418.2216;
479061.255;535126.578;532432.597;-147.7878;-175.0509;-231.6309;
372129.962;571282.208;570047.085;207.8605;-167.9633;-136.4843;
440870.102;566729.043;563986.746;386.1814;-319.4243;-335.8712;
485024.753;545442.032;543423.843;120.7256;-104.3806;-84.7258;
469890.832;547075.946;542666.842;1270.7636;-351.3131;-350.6352;
415386.719;566028.407;561998.872;200.0852;-141.8345;-80.0409;
593009.077;504171.923;519857.909;368.9227;-47.5365;3.9314;
513413.133;516705.948;517783.676;377.8322;190.1113;193.0509;
463831.735;553131.817;549107.367;-54.1675;-175.9754;-145.2627;
483326.256;548354.059;545545.988;-354.5247;-291.2469;-251.5004;
500546.456;550554.839;549052.748;-699.1682;494.5914;419.2368;
494041.840;550760.582;549243.510;427.5363;-163.3177;-121.0276;
487932.881;548186.364;546890.244;-925.7926;214.1838;164.7407;
533834.501;545215.121;545871.587;-221.4758;552.8910;492.9722;
540442.305;491932.129;497294.471;-65.7458;-120.6068;-118.6243;
472785.381;517799.734;515212.023;-431.6026;-267.8733;-343.2564;
394672.345;460745.632;454446.328;-6.8753;-464.7895;-477.7115;
481925.405;538617.342;536191.763;103.2719;-758.5048;-731.1631;
478514.268;545605.930;543845.022;-1854.2156;142.7877;-76.2477;
478780.346;540938.658;538450.964;-728.8372;-238.6536;-326.5879;
475653.555;528005.565;525022.354;-75.9364;-98.6357;-51.5504;
547036.937;566517.794;564874.448;-121.5870;-128.3236;-135.1054;
480074.771;547709.772;544327.670;391.8715;10.2688;28.6528;
