# This file was created for the Modelling and Simulation course, RUG (September-November 2019).
#
# Project: Simulate colliding galaxies, using Barnes-Hut algorithm.
#
# Students:
#     Stefan Evanghelides (s2895323)
#     Hidde Folkertsma (s2759799)
#
#     X         Y         Z         DX        DY        DZ
479249.096;537513.275;537510.664;18.0768;-152.4561;-152.7307;
439805.680;574062.325;574032.602;501.3400;-87.0488;-87.3407;
651693.018;889721.473;889711.085;104.0038;-29.1560;-29.1602;
414319.167;442653.227;442611.730;158.8401;190.0054;189.9077;
481829.934;526918.171;526879.513;-45.1515;-115.2867;-115.4556;
452695.379;559798.625;559861.683;-78.5120;34.2714;35.0361;
445082.169;600314.900;600365.986;-803.7537;-36.1605;-35.2324;
349773.441;477758.562;477718.929;-353.5992;191.0480;190.7234;
383578.521;552256.103;552246.907;719.0135;-52.5548;-52.8421;
343625.179;525997.853;525751.601;-10.1834;-129.1316;-129.8760;
533703.529;640850.814;640827.868;-328.8717;-137.3580;-137.7412;
629203.410;611879.918;612001.422;-34.1140;27.2634;26.5687;
451367.117;525593.664;525555.179;-231.7467;301.5455;305.0434;
486854.172;543259.893;543351.375;964.0154;-419.7999;-420.6550;
490084.530;589084.066;589100.971;-626.4880;451.4843;452.7851;
428582.270;482932.723;482820.854;-113.1918;-195.4203;-196.3960;
460158.256;526865.192;526823.183;-283.6986;-353.4166;-354.7985;
445928.173;560139.977;560150.438;762.8272;59.3237;58.9100;
370632.271;544643.752;544570.693;-656.2032;41.5301;40.8715;
584716.659;640128.275;640133.312;65.8439;88.3392;88.6017;
457186.422;558566.695;558581.986;-590.0259;270.0367;271.1705;
552981.993;513543.594;513490.828;-71.2634;368.2956;368.4355;
433222.733;532121.218;532099.157;543.8715;-35.0614;-35.5797;
394002.273;522168.733;521968.523;137.7656;-88.3926;-88.4349;
488853.648;555856.675;555858.538;45.6861;-421.3919;-422.9525;
479308.561;544000.484;543979.822;40.3228;268.5783;268.6500;
454225.912;519333.449;519298.144;-271.9324;94.0807;93.1501;
440462.753;529982.682;529977.555;-680.4958;-31.3439;-29.9860;
455142.378;531136.840;531132.348;50.8635;563.9211;564.7355;
459667.182;527728.740;527686.411;249.1948;504.8782;505.0775;
849534.771;206676.325;206702.877;63.8352;-54.1557;-54.1531;
390398.342;640261.476;640335.928;-88.5106;-66.8794;-67.0139;
450233.035;516315.845;516301.563;-188.4658;-317.9988;-321.1700;
472641.345;571145.276;571112.109;-246.3678;-11.1774;-12.3073;
483177.001;548382.624;548335.189;-1170.7204;-491.0290;-487.4591;
439090.019;528769.639;528757.320;-747.7483;-72.9600;-73.5872;
847818.775;495463.351;495692.861;-272.8522;-37.2470;-37.9978;
410178.188;530441.402;530389.321;427.8084;426.4811;426.9958;
545091.961;542958.666;543075.705;-293.7237;-327.3993;-327.7934;
431806.872;536550.552;536562.749;-547.8084;257.9362;258.2695;
436363.735;527073.813;527034.308;89.6777;-70.7284;-70.8490;
347355.222;494927.915;494793.615;-592.9598;-212.4335;-213.3624;
446057.214;529189.710;529166.379;642.8852;457.8764;457.4993;
452476.520;548354.614;548369.719;646.6165;617.2847;618.8202;
462404.566;393106.291;393112.224;3.6744;210.8602;210.7335;
455835.757;547992.971;548018.150;81.5329;-298.3060;-299.0065;
466222.598;521348.759;521306.502;291.3392;127.8122;128.1540;
807038.618;157172.675;157195.175;-7.9454;-1.8847;-1.8842;
459178.223;558776.838;558793.963;-972.2756;-87.7112;-87.2850;
862998.707;663912.134;663583.472;-10.2107;60.9391;59.9377;
475272.374;398162.044;398011.082;128.8834;-13.8090;-13.6480;
476712.340;540656.578;540627.030;-447.8570;-93.8298;-92.1248;
462626.449;542166.207;542165.822;-75.6689;-311.5008;-312.1004;
430405.897;533691.077;533607.175;1219.7884;402.4593;403.4700;
500348.814;523905.562;523830.436;-433.8287;-167.6048;-168.9648;
407841.866;518460.270;518389.445;67.4958;-276.6659;-279.2586;
430270.002;583352.581;583392.061;-204.3647;-608.2476;-609.6907;
440743.043;513433.289;513368.774;-360.6146;209.6310;210.5460;
806545.414;445530.924;445421.294;19.7257;-71.3806;-71.2135;
441639.022;537823.145;537755.847;-230.5020;39.9675;39.3626;
968684.480;611718.977;611678.879;50.5076;37.1161;36.9973;
450692.799;519220.742;519177.974;-710.1737;-96.4071;-96.0683;
143147.224;402878.786;402761.110;-134.9639;62.4019;62.3324;
44037.266;656557.915;656554.638;-149.6384;58.8237;58.7678;
814290.810;340352.179;340398.112;209.0315;-54.6961;-54.5615;
474819.053;521698.246;521736.463;548.6026;-623.9345;-626.0134;
564975.764;523770.590;523635.360;165.6418;244.7452;245.2231;
442043.835;526920.282;526943.662;360.4601;402.8421;404.3203;
195685.488;305884.031;305386.813;-150.6815;-205.7269;-206.1552;
496576.964;649207.857;649325.731;406.2974;15.5061;15.7071;
364850.399;452794.037;452581.464;116.8395;182.2332;182.5471;
456978.958;525218.301;525203.541;-28.2680;-95.7557;-94.8500;
404268.879;603597.413;603563.145;386.8573;-6.0777;-5.9187;
486993.078;568681.094;568696.696;131.0071;-46.7025;-47.4310;
338656.609;472939.042;472812.529;-64.4538;-129.4079;-128.8076;
538913.255;531745.792;531770.269;478.9105;-76.6866;-76.8095;
580251.408;526134.502;526152.664;-111.4973;-447.4386;-449.0669;
440560.691;549785.331;549799.142;169.7384;-172.2915;-172.8219;
640039.312;666608.668;666485.168;-118.2445;-0.5290;-0.4635;
177867.406;718212.357;718328.508;-381.3249;40.8080;40.8285;
464458.971;518403.439;518351.024;-485.1738;-316.1161;-317.5141;
961803.458;649590.141;648811.408;340.6935;56.1569;56.2033;
401003.987;570048.388;570107.694;-120.0983;-38.7580;-39.5021;
457521.558;536562.083;536524.169;167.7665;151.4146;150.7203;
440694.100;520945.840;520901.832;-402.3528;4.6970;4.4614;
438547.134;528322.646;528294.843;367.4489;-181.2618;-181.3046;
550667.632;557247.221;557503.286;702.0420;6.0031;5.9413;
493698.238;510861.730;510774.228;-377.6270;38.5973;37.4174;
437060.419;522769.511;522718.162;-164.3817;-520.5459;-521.4631;
460533.637;584422.220;584443.275;59.1075;-35.3861;-34.6350;
459754.148;565217.835;565260.325;-142.7684;-24.2392;-23.6423;
439678.474;568584.205;568591.551;604.0257;-103.9736;-105.0602;
452800.704;542241.768;542196.506;901.8803;204.8068;205.5341;
467939.180;550061.430;550083.254;154.9459;445.4705;446.8155;
509543.878;480705.321;480628.015;-650.0541;29.6343;29.2262;
834601.150;556579.662;556556.438;-154.9545;122.7518;122.4224;
446138.498;525432.214;525390.399;-457.9756;334.7904;336.1595;
594157.570;461312.323;461152.333;-145.2423;-55.2321;-55.0134;
679285.015;403186.158;403161.905;-132.6862;-57.2804;-57.2613;
433326.268;535864.565;535836.710;-1162.3244;207.6943;208.8336;
511914.253;658415.002;658353.718;-258.3493;270.3175;270.5914;
437776.019;598231.596;598227.957;399.1017;182.8737;183.6705;
640068.992;580926.818;580873.095;265.3748;59.1625;59.1577;
399693.366;529576.834;529557.857;643.9026;184.7588;184.9213;
489458.226;343968.430;343930.184;-144.9941;14.2179;14.2675;
443228.924;527503.506;527456.759;763.2971;-418.2124;-418.4668;
860251.919;472825.065;472779.289;77.5721;-17.5453;-17.5205;
443387.733;546430.122;546409.716;-128.9800;264.5491;266.0817;
447825.416;560577.440;560596.585;345.5267;-617.3017;-617.6738;
488081.235;545080.533;545123.400;89.2110;-188.7130;-189.3522;
233251.118;381826.243;381762.531;166.8397;75.3568;75.1439;
414520.363;595709.378;595713.755;60.0381;-51.2631;-51.4302;
337450.734;854122.771;853991.865;-114.1054;131.1803;131.0882;
449401.642;550140.040;550213.143;47.4950;-131.9597;-132.1751;
480777.632;527115.490;527180.493;-247.3218;304.1273;304.6735;
481214.167;543106.264;543147.567;-54.5326;96.4179;96.4877;
475110.241;571919.471;571904.652;-222.3306;334.4687;333.8383;
447568.547;514040.643;513970.638;309.8451;-116.3761;-116.2051;
410468.187;367975.460;367797.957;-16.8657;-133.1273;-133.1122;
464570.052;564930.468;565030.772;84.2377;419.5451;419.5591;
465240.812;541289.928;541272.247;-383.0420;-164.2874;-166.1723;
614500.892;635441.268;635281.508;218.9478;16.4113;15.7606;
393415.011;308977.870;308908.397;-245.4950;-13.8637;-13.8384;
392489.704;960552.857;960546.707;16.3718;120.7310;120.7229;
504041.733;527499.034;527473.539;273.0776;-137.4979;-138.5828;
467430.306;591587.108;591608.046;-529.3521;13.4113;12.8003;
472978.184;538197.678;538195.254;-87.7736;468.8726;470.2368;
816929.762;521865.315;521230.083;21.0024;-119.8746;-119.2444;
565131.823;534658.154;534566.982;276.7052;142.5833;142.1789;
476785.767;534294.844;534284.603;487.9168;-271.3958;-270.8364;
465610.111;520573.881;520539.954;466.5404;192.5953;192.7198;
449010.424;565380.419;565425.817;-429.6077;106.1370;104.0901;
341940.507;551677.468;551635.946;450.0747;265.7971;265.6033;
391988.356;522994.530;522981.479;579.1815;398.8714;398.3287;
438735.735;520669.670;520644.719;456.6017;-809.5238;-811.3035;
532151.787;581913.346;581984.555;268.4955;-238.6685;-239.5407;
449885.047;511389.002;511346.699;380.2770;332.3902;332.4766;
276005.285;268296.899;268216.110;219.8518;19.4876;18.5633;
420538.985;541525.863;541430.524;914.9284;-84.8015;-81.7918;
451648.290;564146.002;564110.918;488.8389;-411.0791;-411.7087;
438061.167;577628.885;577693.210;-147.6313;16.4004;15.5604;
618008.930;670491.309;670499.484;27.2274;-349.1316;-349.2196;
448015.422;539307.959;539277.964;24.4349;484.5951;485.2612;
567497.938;540878.439;540747.442;-159.3316;85.9886;87.9959;
444067.652;534339.068;534276.077;-983.1572;33.0423;36.0579;
448170.686;523647.032;523593.451;-693.3526;-566.0140;-567.7291;
455768.523;529663.328;529651.695;-547.8784;-172.0250;-173.3495;
475323.117;524576.749;524513.181;807.8982;213.4882;214.1135;
340458.472;660496.887;660515.501;177.9080;-74.7597;-74.9087;
441386.446;523930.274;523899.804;-628.4774;-652.1376;-652.0850;
463601.321;547980.750;547991.704;5.1915;167.9858;168.1110;
450781.234;532907.537;532896.798;108.0061;-401.0738;-400.6901;
460495.922;544360.633;544325.243;-8.4988;295.8910;297.3829;
469181.808;536881.598;536863.607;638.8768;387.9398;388.0572;
420661.636;549526.124;549521.933;-371.9777;-476.7700;-478.1679;
486599.369;546947.175;546902.097;-990.4074;301.4893;301.9055;
236471.898;242108.680;241849.179;-156.9529;-308.3236;-307.9101;
624335.135;496661.861;496494.889;-208.5480;-86.1261;-86.0395;
448254.911;508554.070;508478.237;-104.1374;-48.8226;-50.2759;
451481.966;534812.283;534786.150;297.8941;108.6330;108.9009;
496613.555;476644.592;476594.041;-52.5596;611.7318;611.7392;
471352.142;532020.964;531990.372;-78.7748;756.8006;757.7688;
409963.423;563270.452;563305.696;-613.4929;-304.4441;-306.2382;
436788.216;529167.183;529100.832;637.1340;-127.9791;-127.8567;
393880.214;608398.789;608411.413;-109.1431;-82.2033;-82.6431;
470909.492;539420.840;539412.136;406.1564;699.7364;702.3671;
468708.315;541680.296;541656.827;-440.3729;455.5542;458.2580;
478051.665;538506.912;538526.765;364.3938;98.8827;99.6808;
