# This file was created for the Modelling and Simulation course, RUG (September-November 2019).
#
# Project: Simulate colliding galaxies, using Barnes-Hut algorithm.
#
# Students:
#     Stefan Evanghelides (s2895323)
#     Hidde Folkertsma (s2759799)
#
#     X         Y         Z         DX        DY        DZ
468799.988;527328.257;525972.339;-62.3910;276.8247;273.8720;
490776.739;545691.751;544500.066;-968.7462;196.6870;161.8983;
792478.560;564554.375;563887.433;-81.7136;-162.8502;-163.5208;
471454.471;543337.896;542450.745;-0.5947;636.4351;598.2163;
470881.418;536388.238;535352.744;-1305.2202;131.3661;121.3814;
361980.294;611470.486;609871.062;406.9109;228.6744;215.5833;
600611.398;918105.762;927484.136;-5.1364;62.2453;71.9123;
305238.546;535853.106;535199.966;92.1975;-169.0793;-159.2710;
579543.157;601434.036;602602.315;-278.8753;-98.4391;-117.8313;
507063.772;553350.714;552962.021;-178.1879;583.6511;570.2229;
479026.081;531874.362;530629.914;507.4530;416.7065;426.4418;
544689.057;513588.894;515324.499;757.7996;377.6183;385.7149;
480864.823;534153.488;533002.828;733.7446;-570.8429;-561.4137;
526440.946;529556.167;529595.056;160.0271;-343.5987;-320.4618;
596447.575;651092.621;650053.661;-87.6590;-79.1094;-102.8661;
442216.805;469884.352;465515.270;-137.3119;-49.5680;-63.6583;
483179.824;544370.532;543918.011;460.0574;-141.1633;-128.4685;
89803.068;617268.960;615218.088;-281.1026;-53.5833;-56.0749;
549966.130;510942.642;510552.119;333.9953;-158.7491;-169.0609;
511158.476;552491.134;552455.188;491.5783;60.5317;80.8913;
508854.920;580790.310;580183.444;173.0138;-422.9614;-436.6071;
485457.234;528662.714;527542.848;211.9998;156.4782;150.9575;
487148.940;537058.549;536020.568;240.3013;146.0380;135.4617;
485084.708;554027.876;553237.606;-9.4381;-657.8930;-684.4117;
490605.441;530054.650;529207.911;869.9219;428.9695;441.3934;
500056.740;533102.011;531966.819;881.3549;-19.8797;-3.4736;
884557.939;141191.074;141159.150;-28.8492;15.5579;15.4918;
558506.894;598541.884;598200.459;-164.2775;-82.3964;-106.6853;
483172.113;536161.518;535013.536;871.3635;125.6274;119.7365;
486578.887;555313.663;554483.490;791.5041;-17.5070;17.7252;
709214.617;492237.166;491701.728;213.9724;27.9595;31.9120;
486261.577;517754.283;517277.262;439.1831;-177.8560;-152.1490;
422573.846;458014.431;451458.082;-117.3685;-347.6555;-349.5525;
500981.283;526510.151;526029.368;-777.3957;-44.0628;-29.8412;
469254.944;535563.368;534169.510;-913.2861;-575.1771;-586.3419;
474624.998;560819.527;559798.167;500.7017;-179.8349;-183.2737;
471161.688;540847.139;539481.281;-334.0238;-200.8975;-223.3160;
468585.527;403826.187;398933.505;-185.7272;139.8552;143.7301;
507726.760;515370.431;514074.778;456.5419;192.6295;171.6026;
480610.734;534154.541;533097.680;-311.8309;-417.5326;-501.4881;
506017.941;518518.151;519366.374;445.5639;-69.6112;57.5038;
470442.588;525259.840;523270.513;-578.7390;683.7362;705.4593;
422079.454;545977.723;542872.574;234.0044;-96.8584;-94.9464;
35722.810;601282.974;603210.661;-342.8752;37.7759;36.0948;
499587.182;554367.878;554415.572;-762.1800;-266.4308;-298.8705;
556710.208;436748.223;434700.270;314.5295;-124.6462;-120.4742;
560673.886;457689.534;456238.270;423.6913;-176.5553;-164.1045;
470109.907;515611.916;514433.331;-260.5594;196.1825;171.0871;
524605.396;521535.071;521615.038;-1.8704;580.4406;589.7720;
499040.542;569493.734;569404.645;739.8841;-481.9586;-449.5879;
620170.732;342024.661;342955.795;113.3081;-360.1672;-367.8513;
463855.922;544906.997;543229.742;-1063.3107;-198.1962;-215.8531;
449891.258;566734.480;564844.803;283.1588;49.4024;34.8146;
461609.004;547781.464;546329.546;-1384.9704;67.2363;12.8855;
350772.845;563223.079;558400.589;98.5441;150.3760;170.4184;
517722.909;629842.479;630818.618;-229.4956;224.6889;211.3966;
623511.184;620696.058;620486.918;-352.6405;-98.3990;-90.8591;
482324.785;546356.869;545577.636;-330.1723;-725.7520;-788.7223;
134755.995;663258.338;662818.328;122.8182;56.1198;55.9464;
492804.512;562985.861;562979.038;929.3689;136.5375;203.7202;
468349.360;537086.698;535734.970;342.0936;197.2556;216.7905;
491315.623;525118.886;524275.528;-868.2968;225.8194;204.6566;
480909.407;536854.866;535979.706;-280.5944;325.4169;290.8552;
487792.636;532222.318;531504.317;-409.2828;1073.4602;1055.6872;
477599.329;519615.687;518656.356;-687.7788;275.9956;269.0795;
466310.354;544797.288;543689.654;568.2246;661.1792;617.6145;
429149.380;346777.418;346989.465;4.0942;164.0480;170.7687;
442997.268;557429.900;556700.344;612.1081;121.8228;142.1337;
713279.566;480519.336;479359.445;-197.4749;53.6857;53.2824;
724244.483;490019.055;492572.240;557.0072;-313.4309;-336.8059;
411594.341;568470.978;565642.453;-85.0348;52.1347;46.7573;
405898.502;508215.390;504495.414;-132.1661;-161.3279;-177.6176;
462921.882;508157.036;504663.111;165.1555;384.4798;361.0176;
472166.796;545224.510;543729.067;719.5021;-912.9993;-881.5481;
492024.734;555678.521;554813.285;-151.8506;2.4514;-25.3038;
483390.208;526561.982;525834.368;318.8801;43.5332;43.9120;
558188.486;420450.404;416857.812;451.3704;-82.8528;-73.9050;
478256.246;541343.775;539292.826;1259.2788;-695.0647;-599.5435;
470102.109;539382.292;538434.924;108.3770;-163.3624;-146.3970;
463711.006;539486.575;537689.420;-74.2277;-327.2671;-336.3779;
447703.431;534520.643;536047.525;-489.0671;-311.7665;-305.3987;
492054.452;527496.753;526946.820;-141.2118;-72.4096;-70.8442;
501137.243;533704.952;533403.139;451.7270;58.7070;92.7024;
472162.177;547852.558;546371.567;194.8916;-46.7075;-47.1536;
462187.484;523438.808;522844.931;980.5108;657.0511;629.8043;
472487.996;537817.447;537165.697;-167.7388;1060.7633;1099.1328;
378370.640;274434.087;262593.733;98.7835;-189.6923;-198.5994;
492715.773;522162.729;521547.985;655.6760;-127.9493;-114.3113;
767493.567;625319.195;624167.512;40.0651;-50.1649;-50.8279;
946788.859;633021.290;631770.266;2.7629;-55.5560;-56.5674;
562810.077;438835.606;440475.821;27.1406;150.3126;120.5535;
491901.422;482458.033;483325.522;390.4024;220.2792;233.6186;
399544.496;549529.354;547946.060;34.1498;286.9050;282.6852;
13019.069;374284.993;370430.967;-216.0162;-78.6416;-81.9460;
505619.383;536539.483;536132.479;-125.0697;-764.6372;-761.0386;
674358.297;633904.350;636583.515;340.8250;4.0509;5.5016;
481793.897;530343.577;529132.089;1348.3723;-1.3686;55.8461;
643726.039;508611.612;506865.866;-281.4511;41.2668;64.7004;
490450.335;545373.871;544955.284;269.4924;386.4036;406.4804;
450535.217;550335.810;547988.693;-607.9493;489.4508;488.2827;
570588.215;486763.679;486926.620;23.3062;-363.2992;-335.5611;
911331.908;729278.289;726676.600;-13.1565;-26.5260;-27.0672;
454840.346;516640.367;515470.420;93.4345;-92.8973;-84.1392;
489365.631;536681.767;535764.388;-18.4045;27.9463;45.5138;
469247.442;547231.902;545853.109;-954.1530;138.7107;131.0491;
467605.711;520759.154;519267.222;423.1833;-528.1734;-523.1903;
485377.114;536179.987;535718.948;-1140.5332;-9.5745;-38.6271;
478979.168;534894.101;534170.664;-332.8082;165.8935;182.9032;
438017.022;243983.919;242334.384;22.7121;41.3195;40.5079;
526623.096;538841.717;539954.565;-550.1742;196.4745;169.6926;
463304.767;515520.097;515596.062;-1031.8446;-223.3864;-255.2143;
887161.175;413414.612;397819.905;145.2059;-150.8415;-165.8744;
369013.592;435490.467;433088.273;-263.9740;53.1888;46.4455;
492168.438;525503.453;524938.144;118.3001;-200.4993;-201.6056;
505612.414;525315.340;525134.443;-686.2697;-394.9141;-424.8790;
485934.844;542000.004;540924.496;76.7593;-188.1402;-237.9685;
863947.955;917840.946;913207.965;250.1144;81.3837;75.0170;
381916.144;448152.379;449034.297;214.6203;-16.7326;-15.4911;
563378.598;572023.170;574537.442;-29.4056;-324.2056;-281.9673;
534881.314;492906.768;491547.947;-13.4830;-148.7511;-148.0018;
478107.579;522227.657;520850.237;-531.9370;-471.4980;-506.2841;
380502.011;371324.084;364381.714;-47.3187;190.8631;184.6932;
466993.272;544197.760;543002.321;-313.8852;24.6459;33.2641;
484503.714;527449.864;526850.154;246.0549;533.0472;555.8144;
372942.927;625643.410;625473.178;-26.8506;25.9541;33.2304;
481855.476;539175.787;538147.067;-28.1600;93.6839;79.2372;
457442.072;549641.126;548062.592;-112.7297;-639.4221;-653.2245;
461103.488;530858.676;529949.663;-186.0730;393.7990;407.1732;
811652.127;472695.453;466365.926;86.6547;-65.6284;-70.7655;
542470.615;463532.752;466771.781;-579.0005;-187.9361;-283.7247;
481341.803;530364.168;529507.009;77.4057;178.6228;165.2641;
547755.949;478117.711;479129.096;126.5370;-63.3583;-33.3427;
489095.356;534024.577;532538.659;1516.9512;-161.5478;-135.1694;
476725.219;547788.449;546754.546;67.6314;267.8961;278.7031;
570905.428;482105.881;482067.084;-70.4388;134.3149;179.9232;
472216.207;578090.757;575250.374;-278.7502;271.5119;237.2785;
358990.922;616876.918;612249.941;29.5470;-53.2207;-29.2608;
493867.085;550694.757;550064.596;236.9823;398.4059;395.1160;
471710.804;543509.019;542648.612;78.9792;-120.2282;-127.1576;
480806.874;544416.616;543964.410;-840.1755;-254.1385;-295.7351;
460465.679;548387.830;546630.843;-369.2565;81.6382;69.0673;
455221.075;536568.610;535416.997;-819.8527;648.9282;627.6298;
485743.598;514456.072;513276.302;545.6086;153.2764;149.5561;
464452.149;530654.442;529938.985;459.3269;-622.9420;-614.2422;
992100.289;622011.463;620384.213;110.8402;-35.8140;-36.6998;
544969.531;530551.415;531226.725;-73.8477;40.1389;56.9357;
462317.081;569197.097;566961.343;63.5552;159.1570;150.0480;
655338.195;536601.416;539521.640;-145.9212;201.4718;211.6154;
492959.915;554891.391;554722.994;-367.9469;292.1728;316.3287;
493185.321;499633.968;501132.881;880.2608;-445.8971;-427.9617;
469192.344;542083.360;540685.154;-64.0884;-613.4250;-605.7093;
488621.659;546383.361;545286.029;332.9737;406.8145;394.1485;
508988.975;514791.329;513880.764;-78.3588;-376.7986;-415.0685;
504562.555;553986.534;553899.444;-128.8977;-109.2650;-107.3323;
