# This file was created for the Modelling and Simulation course, RUG (September-November 2019).
#
# Project: Simulate colliding galaxies, using Barnes-Hut algorithm.
#
# Students:
#     Stefan Evanghelides (s2895323)
#     Hidde Folkertsma (s2759799)
#
#     X         Y         Z         DX        DY        DZ
474354.805;524710.682;524709.867;-153.0127;-25.4059;-25.4341;
480853.056;514893.427;514893.664;-750.9857;-139.3440;-139.7788;
501259.348;892624.455;892616.527;115.4246;28.0474;28.0462;
262266.286;313287.111;313293.742;75.0059;33.5803;33.5811;
958852.136;814049.916;813944.238;214.4702;225.5174;225.4561;
439292.620;526846.366;526846.351;53.4486;425.7351;424.6643;
470833.494;520504.970;520509.629;-649.9818;45.8879;46.0320;
819894.823;756462.414;756386.999;-29.0502;210.4283;210.3481;
421835.808;534130.578;534149.241;-1182.7970;45.4182;45.7945;
499102.020;368968.320;368934.806;300.2609;-114.4132;-114.3177;
542791.733;600857.243;600826.478;52.7379;-368.5823;-368.5666;
593765.138;584795.440;584731.448;145.1481;40.5531;40.3125;
472629.052;547048.548;547058.986;654.3460;372.5237;372.4437;
507900.833;507400.730;507389.916;-1150.0916;413.6729;413.9808;
315434.482;370867.308;370807.653;-87.2177;-89.8978;-89.9623;
450849.873;542422.108;542428.310;686.0242;-429.7649;-430.1145;
911942.948;553579.494;553541.716;252.7786;-182.9319;-183.6201;
497819.536;518022.366;518033.641;416.9942;-551.4796;-551.0350;
368988.122;195622.318;195599.870;128.4405;111.9198;111.9023;
530866.503;708125.655;708098.478;-25.2945;15.0809;15.0821;
455556.775;530341.208;530346.409;-378.6343;-533.2366;-533.0974;
474655.138;523439.123;523444.641;-208.1092;-115.1281;-115.0173;
518258.638;536211.511;536193.978;-555.1246;302.2638;302.1013;
590971.417;566182.027;566135.501;126.4521;-114.8341;-114.8342;
472899.266;530944.658;530945.983;-355.9354;595.5839;595.4564;
341756.123;389750.155;389731.434;106.9583;-84.8845;-84.9911;
481273.548;532220.147;532219.639;322.3651;-59.9499;-60.1070;
512536.892;552037.834;552020.286;-505.7171;-180.3532;-180.0338;
466212.765;537167.124;537168.532;-674.5501;-248.5313;-248.4381;
507414.748;521406.086;521420.207;785.9645;-282.8896;-283.3056;
482385.633;523240.632;523242.226;-91.6075;-211.1008;-210.9105;
437876.117;537670.000;537666.192;137.3452;281.4076;280.6577;
476292.385;527079.353;527082.809;-446.5867;-90.4646;-90.3191;
457040.551;525623.176;525629.610;151.2653;-286.7898;-286.9371;
726028.009;303135.574;303152.838;123.7171;-96.4297;-96.4182;
257349.105;400355.356;400359.051;7.5243;-21.2525;-21.2405;
518958.059;527654.376;527649.987;181.1972;-31.4296;-31.6355;
505571.763;522426.653;522425.327;-148.6076;562.9084;562.5081;
310402.411;357644.356;357595.841;-114.9434;-29.7239;-29.8315;
466897.571;530078.908;530079.359;14.6608;591.9520;591.7345;
908591.292;572345.770;572324.546;126.5200;-23.6356;-22.9146;
394441.063;380134.103;380114.342;-153.7372;21.2779;21.2796;
496814.514;549235.696;549254.472;564.6197;418.0215;417.8841;
501764.109;427935.973;427939.043;-107.7560;-83.5786;-83.5596;
743991.670;902364.925;902321.996;-24.8688;180.9065;180.8822;
519182.158;514405.489;514394.064;727.9925;182.7886;182.1555;
755996.811;688363.723;688297.044;-37.3183;38.5889;38.6769;
461067.722;532887.010;532891.530;-770.3642;149.1711;149.0741;
436242.943;485390.839;485385.781;-136.2647;323.6785;323.9988;
466861.090;554108.736;554109.441;607.7583;-717.2688;-717.2281;
452567.293;554099.033;554105.501;-346.9079;-408.8850;-409.1180;
531592.898;540349.510;540337.941;188.2104;-41.9373;-42.2417;
656212.417;793626.033;793585.087;116.1574;230.0952;230.0226;
755947.968;241098.024;241111.282;97.4332;-131.7091;-131.6965;
476070.331;523843.010;523841.899;-894.7927;579.4052;579.7403;
929668.731;536831.743;536787.283;182.4961;-4.9364;-4.9605;
804407.700;541713.130;541687.219;113.6311;85.3789;85.3834;
624048.707;509147.047;509128.074;-199.2448;141.0461;141.1010;
502773.518;535588.633;535593.387;148.5898;-421.6389;-422.1256;
499692.210;535619.590;535627.800;712.5367;-382.1709;-382.5036;
419323.367;522045.352;522056.142;-106.6499;-46.5004;-46.3193;
472415.701;521742.219;521747.007;-24.1584;-354.6888;-354.6675;
490535.370;530943.004;530941.124;635.9168;373.2626;373.1960;
461566.869;506658.883;506665.243;1095.4143;-129.9582;-129.7857;
457320.696;528623.027;528625.073;35.5223;-39.6427;-40.0705;
448114.786;536747.510;536751.974;747.6186;730.2691;731.6484;
479114.465;528799.469;528803.183;-623.4703;-557.3709;-556.6875;
779229.863;552079.992;552057.337;254.4251;74.9862;74.9437;
488474.132;535559.407;535559.376;-522.4809;-696.0002;-695.5994;
401237.499;381524.220;381514.662;-216.3428;-96.3952;-96.4120;
588117.587;527891.150;527890.798;-532.4922;-80.6074;-80.6204;
469213.116;590090.712;590087.363;-276.7788;-284.1347;-284.0906;
417866.611;545350.328;545365.089;-660.8337;200.2845;199.9122;
353039.305;537339.809;537330.438;-301.7158;-196.5711;-196.7467;
516345.742;520859.134;520850.541;-266.8763;50.5595;50.4611;
733069.440;536118.447;536096.295;-165.0439;56.2591;56.2829;
372999.917;453573.002;453567.406;-69.7340;-143.2840;-143.2624;
407496.846;530303.181;530316.853;-987.8670;49.9109;50.0636;
471382.402;538294.343;538293.972;-811.7327;-403.2218;-402.9859;
538677.659;529891.392;529885.599;379.2282;-328.4847;-328.8869;
495821.673;529317.368;529319.354;330.6719;220.6827;220.6275;
410838.633;536688.423;536696.054;-857.7875;188.2480;188.5827;
492560.800;525177.647;525182.229;543.3515;-193.1180;-193.0370;
622695.442;545814.710;545751.651;168.0463;-270.2610;-270.3206;
471793.262;512835.573;512839.350;554.0398;-19.3526;-19.3139;
368529.941;469484.386;469485.694;385.1292;272.4602;272.4535;
642234.622;585600.790;585546.881;145.0967;131.8510;131.7338;
494107.598;368332.467;368332.047;257.3279;236.0882;235.9762;
97513.302;248566.107;248571.556;-326.8470;-177.0253;-177.0577;
498579.580;510538.668;510533.069;150.3748;-164.6586;-164.6471;
377622.177;452208.830;452191.116;-278.3827;-107.5254;-108.0305;
507336.392;554469.537;554457.851;-224.8181;212.1145;211.9054;
447745.963;528321.035;528332.501;-354.9282;-334.4457;-334.5455;
441309.578;535457.490;535464.272;-653.4327;-506.9567;-506.5741;
462701.314;540749.412;540750.423;51.9924;-480.1410;-480.1683;
12905.991;367528.527;367527.399;-180.1564;-67.5549;-67.5876;
544254.474;575951.674;575931.262;246.0182;336.7636;336.5738;
205836.278;597594.656;597597.704;-382.0670;147.6416;147.6136;
422970.510;535042.232;535074.091;131.1697;-472.6458;-472.7579;
468548.869;524302.467;524307.690;100.7197;175.1885;175.0360;
488964.931;532358.806;532364.544;518.0390;948.4709;948.5089;
446794.749;496780.214;496758.850;286.2580;15.0751;14.7118;
483641.855;513432.344;513456.054;717.2484;-204.6248;-203.4995;
504874.579;468943.177;468936.173;15.2140;83.7306;83.1287;
485072.425;532437.663;532438.860;137.8120;-23.2063;-23.2209;
445296.362;593229.450;593225.880;559.6848;166.7745;166.7727;
838096.149;697304.143;697220.924;339.1329;25.0102;24.7581;
801688.813;403104.008;403083.491;189.3944;60.5438;60.5241;
491701.017;528029.303;528028.870;160.9316;-98.8832;-98.8971;
522261.367;580995.049;581028.442;318.5248;29.3120;29.3021;
527301.164;594733.973;594695.559;633.3715;-74.0708;-74.2716;
479877.203;517987.744;517994.014;-12.7254;247.7671;247.8528;
575636.053;511033.421;511036.144;83.5704;596.5678;596.7351;
496861.652;645335.816;645331.423;232.7445;56.3956;56.4129;
611869.339;583925.953;583896.855;-372.0119;-101.1825;-101.2339;
472544.901;463394.870;463412.193;-130.7147;85.0039;85.7289;
438867.321;555744.375;555746.693;718.6547;144.4712;144.5368;
463509.041;525214.710;525215.729;360.3138;514.1229;513.7147;
657128.499;527651.311;527623.755;271.0626;-62.5099;-62.5111;
481911.439;529267.620;529268.733;315.2153;-125.8423;-126.0136;
426730.375;480596.234;480577.436;19.0420;399.2243;399.2032;
441052.155;518475.864;518486.610;-419.6919;18.5857;18.1973;
179834.778;363642.506;363640.566;-79.2376;-41.3702;-41.3790;
467034.056;618650.947;618629.389;-73.6152;79.7453;79.6651;
481904.229;484807.969;484802.028;391.6674;407.1309;407.1651;
443539.675;546428.778;546425.294;-39.0337;362.4145;361.9905;
477566.075;500182.153;500180.723;-748.6961;-193.4483;-193.5498;
520455.607;522403.114;522404.159;-841.3689;222.3093;222.3518;
491074.024;537745.959;537754.019;588.5962;21.5567;21.9046;
453785.238;533292.686;533291.011;458.1540;266.2297;266.1676;
601441.626;636525.443;636499.966;-176.2854;-55.8136;-55.8254;
516641.173;517179.103;517185.691;345.2468;-504.5827;-505.0097;
487592.556;534356.799;534357.761;613.9637;246.5512;246.4850;
480196.502;528698.970;528697.871;1444.1776;566.2360;566.4618;
482992.092;590135.993;590135.659;581.5377;-168.5448;-168.5784;
380774.141;767451.436;767454.869;-7.1737;171.1224;171.1154;
455090.534;533338.653;533332.872;220.1980;161.5804;161.7309;
478806.143;535759.412;535761.415;-1073.9732;16.3666;16.5219;
453245.905;525724.590;525733.963;-648.8197;-71.1328;-70.9882;
425208.952;529690.320;529666.679;-20.1605;892.0397;892.7514;
436624.767;489812.944;489822.796;480.7672;-51.7200;-51.8746;
493722.282;546873.547;546877.966;-89.5939;331.8865;331.7259;
107140.990;237312.581;237315.276;-246.8806;-220.0592;-220.0510;
468424.137;519378.832;519382.953;-682.7645;-590.7254;-590.3632;
467644.338;538556.151;538544.767;740.0455;-27.0256;-26.2353;
254949.892;280303.743;280316.176;-82.5919;112.8302;112.8446;
445399.232;570558.162;570551.009;-232.8856;-90.1723;-90.4516;
470969.583;525012.655;525025.801;-1416.8053;512.6573;512.6185;
441878.633;553131.282;553125.559;339.9789;597.4408;597.1714;
461213.773;536717.114;536720.108;-877.3055;-200.9746;-200.7243;
89099.399;381014.136;381005.844;5.0198;-155.4180;-155.4025;
503966.738;529394.506;529406.501;1318.5335;437.7468;437.6268;
461755.286;535175.728;535180.437;-1419.1166;-177.5899;-177.1056;
452881.550;546810.870;546805.892;341.2513;-100.5028;-100.5539;
416332.644;820739.419;820753.730;164.4689;56.8416;56.8597;
453291.767;541445.202;541435.811;-8.8507;292.5535;292.3877;
352883.868;500265.293;500268.053;633.6758;17.6071;17.5996;
467649.402;538911.879;538926.238;864.6278;625.5649;626.5042;
507142.396;524436.835;524440.195;409.2838;41.5617;41.3508;
479767.929;527336.270;527339.138;-1412.8366;219.7256;220.6468;
455980.093;522347.393;522351.561;17.3232;-599.2878;-599.4103;
21336.373;598223.258;598206.279;-305.8966;46.9245;46.9015;
772311.731;479299.328;479263.297;-377.1097;18.2311;18.2275;
434447.622;524669.253;524667.502;-280.0861;-274.5772;-275.0331;
460297.869;539413.653;539414.507;249.4864;-35.5947;-35.7220;
460950.491;525857.175;525868.588;-478.3499;513.5298;513.4965;
462399.024;525572.892;525569.867;1177.0146;-489.4578;-489.3316;
477750.141;528664.132;528667.773;-1047.7267;-222.2844;-221.8683;
504917.473;497013.185;497018.336;528.9815;-267.3934;-267.4228;
32330.885;67416.370;67400.728;-272.0074;-76.4250;-76.4282;
478148.075;509535.681;509543.405;984.2717;-184.3277;-184.6482;
756616.231;530423.899;530399.505;-329.7565;43.9268;43.8899;
498953.966;607273.224;607285.258;359.6439;85.9695;85.9144;
447364.118;523891.381;523899.661;-81.6950;84.3177;84.0121;
502187.374;544884.251;544881.103;-207.7915;469.0702;468.7987;
459748.384;552531.591;552544.743;-1461.1246;-272.1093;-272.0088;
467737.212;522141.533;522133.852;484.6193;-185.5280;-185.4995;
454090.557;545744.312;545748.388;187.2495;-448.9743;-449.0660;
512453.357;520359.425;520341.134;-686.7326;-228.8921;-228.8936;
417734.821;519019.362;518997.464;-26.8128;41.4594;40.9501;
493103.341;528386.233;528385.252;279.7306;-108.7717;-108.7127;
511359.176;525141.159;525131.129;-316.7632;-259.3840;-259.3228;
455919.153;543840.383;543842.958;-475.1546;232.2173;232.0602;
