# This file was created for the Modelling and Simulation course, RUG (September-November 2019).
#
# Project: Simulate colliding galaxies, using Barnes-Hut algorithm.
#
# Students:
#     Stefan Evanghelides (s2895323)
#     Hidde Folkertsma (s2759799)
#
#     X         Y         Z         DX        DY        DZ
468004.720;530826.099;530832.779;-68.8176;8.8144;8.7493;
442030.425;518310.696;518324.593;118.2062;-683.8853;-684.7482;
540260.492;899439.134;899430.838;113.8734;12.1079;12.1069;
290555.902;328517.066;328521.730;91.2370;59.2044;59.1881;
461960.977;546501.369;546491.238;56.8030;-6.4435;-5.9411;
473730.855;546178.801;546193.400;-303.7646;250.3249;249.8724;
805520.192;824191.655;824090.139;-54.5245;189.2737;189.2006;
213080.321;543936.499;543952.794;-394.2462;21.3219;21.2443;
585213.362;366749.538;366769.993;210.2196;72.2750;72.4327;
403496.646;509881.838;509885.495;-489.8929;363.5544;363.1865;
519105.248;543218.334;543238.880;-879.5104;-275.6988;-275.3681;
454304.442;562988.666;562994.983;637.8095;-227.9833;-227.6231;
319833.728;593294.030;593241.301;-134.8816;-16.2444;-16.3846;
296825.541;365372.166;365309.591;53.6607;162.5835;162.5592;
510266.676;544563.813;544605.480;277.5610;109.5574;108.5525;
995148.943;498737.213;498548.181;219.7774;-140.2418;-140.5326;
452809.746;523806.313;523808.444;-785.1411;-298.1815;-298.0697;
414140.451;242437.683;242409.788;136.7011;165.7431;165.7286;
520125.091;703512.303;703486.986;-37.2112;-43.3458;-43.3361;
442843.456;522903.063;522899.887;-352.1963;339.6979;339.8935;
488597.783;537036.798;537045.900;280.7574;-269.8126;-270.2923;
501863.327;574480.426;574480.570;-46.8639;-24.2671;-24.6761;
469792.940;528771.200;528770.033;-1399.3893;-62.5841;-62.5020;
499692.323;533197.387;533207.000;485.5958;-77.5276;-77.6879;
386760.828;373892.957;373847.454;148.9314;3.9251;3.8844;
447635.938;530681.688;530683.900;-31.0973;-321.0021;-321.5669;
438553.746;520457.687;520433.163;578.7630;275.0856;275.8212;
448715.998;539639.557;539638.301;437.5615;-39.6513;-39.7079;
471550.750;529016.435;529021.474;-827.1764;-302.3496;-301.5995;
488824.541;534784.896;534794.239;626.0722;448.3861;448.5608;
456868.916;535450.531;535449.017;-56.2394;-354.8600;-354.5846;
494131.591;526808.214;526814.833;695.9072;283.8709;284.0522;
455503.092;520570.457;520556.532;541.1524;289.8605;290.0918;
764841.048;273164.406;273185.133;105.2922;-80.7650;-80.7561;
293754.869;402879.157;402874.602;211.2776;30.2181;30.1348;
510547.691;521642.276;521596.664;-394.7262;308.5343;308.6601;
473847.260;573560.882;573574.652;-257.9218;-39.3201;-39.4810;
305258.023;373861.570;373797.433;16.3505;17.9856;18.1067;
470460.605;529979.524;529977.210;97.0642;281.5145;281.7970;
938027.740;555680.217;555874.620;48.3976;-63.1199;-62.5929;
343997.407;395560.389;395536.971;-132.4127;65.0449;65.0097;
392762.483;547837.384;547779.321;-0.9668;220.3435;219.9071;
461266.219;425928.766;425934.282;-118.2158;68.0261;68.0138;
733550.798;960519.987;960469.042;-36.1421;161.7022;161.6793;
452111.439;516871.168;516864.878;761.0261;699.6524;700.3865;
730339.202;692722.460;692688.260;-116.8176;-14.9628;-14.8613;
485981.467;530756.458;530761.666;598.3653;-133.7912;-133.7648;
438188.480;547903.503;547905.559;-1.2233;513.9358;514.2478;
507295.842;393312.707;393284.036;8.7359;-217.3710;-217.4763;
442307.275;554070.484;554076.033;-678.0755;-184.2238;-183.6638;
432953.609;534351.416;534349.482;-346.8396;204.8110;204.1648;
691344.646;864080.026;864015.556;92.0636;187.4165;187.3507;
782791.524;203262.299;203279.370;62.2263;-92.4513;-92.4415;
507175.268;543539.562;543564.772;649.3859;302.5071;302.5260;
973152.086;535252.910;535146.221;96.2250;-12.2764;-12.5189;
832262.210;574246.707;574220.938;75.6769;101.6422;101.6327;
492545.703;563227.888;563220.652;-632.1367;57.9959;58.0973;
439530.275;523080.950;523087.569;100.7519;-500.0032;-501.2789;
459205.549;552259.471;552291.039;-82.1499;-55.4579;-55.4841;
461895.218;528520.288;528523.302;1407.2600;-446.3231;-446.2708;
476269.882;520356.261;520355.032;382.0265;470.8242;470.9634;
480052.107;518838.939;518836.779;-454.5270;-85.0399;-85.3963;
596575.300;633985.864;633949.250;14.0891;254.9464;255.3236;
493417.659;528809.832;528819.180;152.3241;98.0283;97.3884;
660125.907;552365.620;552225.863;364.1340;-110.2966;-110.5527;
465143.029;542268.094;542292.093;848.4436;-188.0069;-187.1289;
855664.387;571564.254;571530.272;181.9594;45.6038;45.5891;
471726.982;516169.902;516155.861;-698.5964;694.4659;695.3118;
328237.897;361748.644;361724.927;-215.8063;-23.8756;-23.9522;
311943.325;564403.585;564438.928;-495.3703;142.4318;142.4887;
529745.240;447285.260;447267.019;404.6531;-222.5315;-222.6427;
509162.694;535035.362;535006.132;-922.8329;-109.0249;-107.5897;
399379.483;490776.709;490758.539;578.0881;-19.3894;-19.3899;
496081.066;530436.877;530421.912;-1091.9550;142.1637;144.7614;
636834.023;545640.585;545606.801;-493.8036;31.2855;30.9894;
399550.181;479907.630;479857.872;465.1552;299.2996;300.2467;
350761.856;547441.994;547468.202;256.1517;-36.7838;-36.7992;
470623.765;523542.010;523551.331;-1177.6071;324.1472;325.2248;
450396.694;514320.141;514324.233;-477.7039;658.2236;658.5245;
475614.026;523976.732;523973.599;-580.4997;-527.9304;-528.3263;
327460.623;542338.610;542354.300;177.3179;19.5251;19.3447;
447578.179;538635.972;538655.016;-777.7199;170.8128;171.0383;
576061.333;469336.793;469312.123;-439.2038;-112.1577;-111.9744;
475589.760;541492.928;541506.063;109.4206;-229.0027;-229.1389;
662731.036;589939.751;589890.889;709.2049;157.7263;157.2620;
674348.566;623440.504;623353.624;51.6550;92.3573;92.2828;
568468.799;473300.134;473250.374;128.2962;430.1049;430.0750;
491670.140;534778.757;534785.435;53.9444;-133.9196;-133.5718;
402197.152;479414.709;479354.890;280.3563;360.8745;360.1973;
480994.742;552902.397;552934.389;676.2452;484.3308;484.8545;
460555.924;527614.266;527611.039;-34.9987;174.1886;173.6568;
462152.805;522347.084;522344.020;-255.2449;479.9310;479.5827;
466107.107;519846.305;519841.944;241.4196;-446.1552;-446.6678;
553230.427;623686.693;623704.294;-88.4418;-22.2604;-21.7449;
81173.293;646215.401;646208.899;-354.6525;139.2968;139.2687;
496580.172;537698.617;537700.653;477.7274;-251.4299;-250.6374;
482841.170;526834.308;526834.255;63.0203;123.8386;123.7920;
453089.216;535924.919;535927.671;1210.2883;698.2602;699.5431;
448532.214;514422.518;514415.619;301.1852;548.2164;547.3100;
454027.859;506122.048;506148.584;-87.0712;43.6712;44.1983;
511474.150;544733.568;544719.317;-41.9901;389.7772;388.4739;
488538.996;523828.167;523824.910;613.9862;327.6687;327.6846;
552162.851;498699.871;498672.819;-315.1597;-376.1026;-376.2467;
943216.944;701646.548;701481.134;283.0055;2.0698;1.8389;
851090.438;430011.097;429984.501;103.6376;94.9149;94.8988;
469383.509;524604.069;524602.148;1068.8703;-15.9284;-16.1219;
605055.348;563306.604;563253.731;159.8882;-105.3341;-105.7191;
669849.222;531971.052;531917.106;219.0754;-195.0446;-194.9794;
481443.445;525458.006;525454.114;-380.7381;-367.1059;-367.7064;
427296.863;621652.377;621629.234;-523.0492;-48.4098;-48.4520;
568123.098;631422.894;631425.862;176.8438;-152.0149;-151.9894;
408474.557;509612.016;509607.679;-513.5210;-143.6592;-144.2451;
483916.395;619443.956;619289.961;95.6605;243.0364;243.0831;
555571.885;448695.252;448650.721;30.0312;-260.8984;-261.0598;
489511.245;527580.329;527585.606;897.4991;-331.4919;-331.5492;
733846.873;508826.045;508798.883;188.2525;-48.6454;-48.6423;
444511.492;531237.663;531250.719;-365.5107;-208.9291;-209.3225;
458556.576;515155.370;515163.522;-977.9260;406.8603;407.3414;
446938.136;541996.623;542005.275;-432.9752;220.4004;220.2895;
163287.976;354575.479;354569.873;-20.2417;-13.6767;-13.6892;
455704.908;595306.795;595277.975;29.6877;-225.0499;-225.0346;
476071.964;653035.481;653022.574;-165.6326;326.8894;326.7547;
450310.334;521890.587;521869.742;1286.8713;-469.1125;-468.4781;
437868.365;552153.958;552165.730;-345.7151;723.6482;723.7538;
498330.998;532844.526;532837.904;-389.2978;-274.8679;-275.1238;
436845.458;566654.102;566645.541;225.0778;-194.3968;-194.5917;
451901.169;523253.523;523253.793;-494.4692;185.2562;185.3560;
529926.218;603841.781;603827.247;-242.2096;-144.6569;-144.5301;
430474.723;557257.111;557247.349;337.3811;-322.2752;-322.5144;
451676.339;537185.239;537192.339;-530.0304;368.1353;368.1958;
522509.796;566325.573;566315.265;-743.8713;-169.8302;-169.0776;
585137.647;468454.995;468422.751;36.1181;-347.0890;-347.2194;
380305.702;822767.873;822768.980;4.0721;154.8187;154.8120;
465286.165;529085.037;529084.018;553.0195;-199.2021;-199.4332;
445785.725;540118.977;540109.861;947.1139;244.2813;244.8810;
488478.855;523496.107;523499.147;235.0962;267.0128;267.3928;
616679.575;625202.702;625203.221;493.3906;-17.8183;-19.0262;
526454.662;569887.544;569883.717;-127.1430;281.7880;281.9312;
435326.156;527385.357;527374.590;-114.4285;342.7064;342.7783;
23109.964;166644.768;166650.145;-245.3111;-199.9679;-199.9610;
478892.877;516885.000;516886.047;526.4011;-457.3650;-457.4352;
436318.837;529719.003;529719.591;-447.3219;-452.7186;-451.4794;
233738.480;326684.950;326699.916;-38.1645;160.4769;160.4746;
453742.509;532144.383;532160.471;-875.9438;-746.4105;-746.7716;
414671.517;511058.721;511020.660;-12.1339;-435.8610;-436.0382;
460985.976;501340.306;501316.395;-883.3130;165.3710;165.4243;
470899.139;528816.297;528815.507;-239.4337;318.2390;318.0274;
103903.344;332294.578;332291.565;83.3747;-128.7912;-128.7765;
513697.517;558153.954;558156.406;-569.2761;-251.9278;-252.0545;
501124.370;521008.328;521015.737;-413.3744;-295.1417;-295.7786;
447054.197;526625.166;526621.272;404.3114;-503.6982;-504.4423;
474581.464;827072.145;827091.323;175.5511;-18.9052;-18.8952;
477356.983;523705.053;523705.341;202.8910;-352.8679;-352.8618;
579826.839;586864.793;586824.570;159.5787;-26.0735;-26.4030;
431411.226;543786.892;543748.680;386.2159;191.2350;191.2263;
487699.785;525249.357;525249.925;-247.5950;-195.7857;-196.3871;
524655.517;532600.813;532561.659;45.4667;35.1618;34.2615;
461968.199;525155.961;525155.316;284.6526;695.6797;696.4208;
605880.054;497558.316;497526.553;-669.7161;103.7633;103.8020;
491075.862;524378.924;524385.658;-172.1674;38.0623;37.3807;
466020.575;519431.545;519428.239;360.8442;-269.7211;-270.0617;
463846.208;533603.715;533595.648;-0.5409;-442.4808;-443.1659;
491046.290;526980.945;526952.229;-904.2181;97.4493;97.0766;
465410.999;536573.979;536570.011;-647.2131;-137.8582;-138.5193;
408207.149;520114.683;520089.230;-5.3706;-303.1906;-304.2004;
511419.055;600573.067;600593.836;-268.5720;129.5247;129.7571;
610266.329;553058.807;553024.019;-513.7194;80.2594;80.0955;
605366.670;601225.302;601180.659;252.6195;-71.0899;-71.3431;
459412.047;531415.222;531424.176;-186.9812;394.3629;393.8053;
466028.729;550303.285;550322.352;-697.0062;139.5293;139.4898;
405070.095;388280.979;388222.265;97.3966;-284.1846;-284.2904;
457140.664;534833.667;534836.399;845.2672;103.5970;104.2759;
466907.912;521599.555;521592.481;-337.5006;-344.2378;-344.6635;
474281.679;522500.441;522482.707;1086.3978;251.9858;252.5177;
485697.728;527077.961;527077.427;-706.8031;110.2489;111.3750;
460853.717;523962.846;523958.711;768.5156;-252.3360;-252.9586;
431969.761;526605.088;526598.067;59.1252;-341.2261;-342.1566;
489679.327;537028.507;537025.916;13.9742;192.4675;192.3975;
