# This file was created for the Modelling and Simulation course, RUG (September-November 2019).
#
# Project: Simulate colliding galaxies, using Barnes-Hut algorithm.
#
# Students:
#     Stefan Evanghelides (s2895323)
#     Hidde Folkertsma (s2759799)
#
#     X         Y         Z         DX        DY        DZ
460662.950;532473.495;531744.362;165.3280;272.3138;262.6481;
494773.086;530921.473;530065.545;-443.5937;692.6721;662.5939;
811363.727;615125.976;614670.649;-39.0924;-155.0442;-155.6901;
461689.339;513766.071;513477.653;-510.8917;173.4549;182.2375;
463515.882;537984.217;537213.165;-198.2702;-264.7575;-256.7541;
436592.662;913603.783;910036.124;-145.3181;289.9358;286.6269;
285581.434;531390.236;530362.498;81.0428;267.8281;271.5754;
601096.164;894258.288;900432.605;2.4155;88.4059;98.8941;
344377.675;585883.922;582939.761;-347.8016;-106.0423;-104.7841;
563467.954;577388.018;579699.370;342.7291;278.6691;305.6188;
463410.269;540612.207;539719.165;-93.1633;-347.2930;-348.3155;
490604.123;518545.874;518270.021;-91.2539;44.8784;34.9959;
376637.570;555513.751;550933.699;-59.5665;-283.4539;-297.6129;
476929.780;534265.185;533473.535;-24.7746;-381.9452;-393.2290;
553883.122;537754.283;538375.032;93.2659;-180.7558;-164.1178;
596046.382;636762.119;642622.880;107.5142;173.2385;157.7847;
486137.334;585089.308;582717.922;148.0168;-115.6376;-116.0029;
479388.794;536980.544;536777.461;925.9401;-96.9998;-75.1461;
184287.654;631926.689;630858.443;-317.2372;-35.4845;-39.0859;
384715.509;557669.050;554786.391;-7.9715;99.3120;98.3536;
478878.474;513186.424;512485.743;-563.7209;-423.8202;-428.5499;
434077.540;576863.880;576618.100;103.7340;393.5513;410.2458;
478700.684;524429.489;524013.350;100.6367;-27.8784;-25.3498;
484434.265;523410.046;522713.520;394.0848;348.7830;335.5137;
492061.710;510227.704;509793.140;-33.7798;-38.4532;-41.7281;
450590.576;534950.964;533951.062;-194.8129;-489.8621;-485.2381;
455896.599;539414.823;538725.245;-446.3546;6.3117;-16.4667;
892657.051;137342.510;137328.020;-22.0957;8.7051;8.6593;
521923.572;551853.234;552178.846;574.9464;515.6378;541.4991;
467482.367;525394.201;524994.318;-250.9412;-83.3365;-92.6744;
438497.400;517161.749;515476.061;-361.5905;322.6817;336.8919;
585195.000;515531.165;516469.690;748.3244;-144.5737;-131.1393;
485103.067;531835.087;530946.523;149.8576;-497.7792;-504.5478;
600764.625;586232.615;585820.763;-397.0063;-148.3096;-146.1538;
438069.632;517574.695;515915.132;267.7654;148.7079;156.5548;
494946.047;534194.386;533055.571;-510.5086;-461.0415;-445.6750;
494935.920;517468.796;516933.372;-679.4835;3.9161;-11.7092;
484850.944;533834.593;533135.583;-214.5243;339.8879;316.7560;
529231.900;391897.198;387171.236;-176.9202;-60.6554;-65.2150;
508635.797;510752.358;510818.235;728.2768;759.1639;779.1897;
486554.013;534382.470;534231.284;70.4697;-475.2155;-542.0182;
482961.910;491202.903;493430.196;451.3483;239.3462;194.7352;
480572.915;501110.787;501043.157;-802.4194;-340.3760;-305.4506;
468337.918;545896.090;546144.296;-516.2497;232.6593;235.0004;
159427.047;588629.881;590819.657;-442.9080;42.8753;42.9798;
520673.229;529731.820;529886.380;558.4146;192.8345;211.6622;
454548.190;510346.692;510045.199;201.0971;-552.8882;-556.7639;
473210.448;582614.648;582835.317;-186.1729;-346.1462;-343.8628;
471958.599;533771.186;532732.829;914.8500;612.0348;624.2302;
505732.755;514311.808;514019.366;856.3308;307.0956;314.2883;
413925.201;500743.318;498756.526;-512.6286;253.1757;238.5314;
560484.682;483277.403;485988.524;358.9044;-597.2804;-595.4435;
496618.790;555331.233;554552.208;-115.7498;251.6629;250.2015;
453426.364;537421.568;535958.997;649.6756;-248.5846;-225.0000;
480659.453;500413.969;499990.646;328.3642;-22.8762;-16.4270;
396635.409;512639.600;506437.908;-511.2040;130.3991;100.8670;
560580.909;528087.862;528573.970;151.2572;383.6251;400.8005;
716073.438;645477.549;644722.947;-244.6671;-57.9428;-58.2854;
491616.279;510005.178;509073.557;-579.2016;98.8378;100.3133;
99047.761;643513.362;643118.269;100.2323;67.7598;67.6193;
469290.640;547877.199;548095.837;1196.6087;220.1781;197.4409;
475774.775;525099.795;524588.086;848.7826;-438.6486;-408.9001;
456559.770;528297.003;527217.848;796.8802;-111.1889;-89.6516;
479255.941;513700.055;513177.936;17.2813;68.7585;83.4540;
477052.151;498099.606;497700.882;-275.9022;254.6293;232.9285;
467714.849;528605.001;527792.186;624.3542;227.6996;236.7524;
460167.283;514244.006;512619.051;-563.0653;243.7920;216.1593;
428996.755;308758.226;306292.712;6.6165;76.5985;86.8289;
517333.200;535949.997;535209.693;614.7661;-23.8444;-24.6066;
762869.462;470232.932;469668.663;-128.2905;21.3960;20.0784;
445434.695;545333.537;544274.647;1007.8356;467.7503;513.5857;
541812.218;497305.834;496268.335;109.4353;-7.4744;-9.6769;
549538.170;535291.173;534723.953;-435.4577;152.6613;155.8152;
484451.162;570693.412;570049.690;107.6575;-193.2302;-223.8169;
454478.307;578419.097;578689.961;-183.8245;301.2280;289.9259;
473006.987;509941.763;509339.466;-547.0971;8.8479;18.1575;
479779.760;527111.920;526420.539;-1.9645;274.2862;262.3325;
455448.065;543504.077;543435.121;-755.5109;-743.2598;-741.1652;
337695.760;616491.864;616238.528;186.0122;-121.4569;-121.2841;
475011.766;533139.189;532708.360;-97.8335;-609.1928;-592.4685;
477530.368;535982.544;535299.267;-23.8515;-932.6213;-963.6565;
499723.364;559969.360;563340.907;-597.9859;107.3544;90.0620;
498807.827;523574.650;523092.115;-335.5491;358.8791;344.6686;
464997.591;525875.419;524889.208;780.5430;-78.2079;-88.5941;
460656.364;528438.964;527485.373;473.9960;194.9472;188.3090;
510422.355;552970.984;554110.989;-305.8561;-448.5965;-453.4485;
453149.392;522747.044;522507.989;-970.9159;291.5406;285.9546;
354465.841;345555.972;337318.234;39.3626;-260.8288;-275.2918;
479547.692;533922.010;533105.464;-460.9582;-208.5749;-217.4604;
750193.290;639487.234;638563.113;69.4570;-38.8230;-39.5918;
942134.142;648241.767;647278.882;24.1033;-35.2976;-35.9787;
489469.968;474386.718;475717.977;385.6431;-520.5163;-497.7838;
556239.346;543377.197;543361.891;-229.4432;277.1981;297.0428;
519020.474;529508.724;529274.968;-224.7478;-515.9761;-530.2231;
85368.662;400532.161;397750.261;-240.6239;-86.9670;-90.4116;
493361.808;505875.817;505214.272;-1005.7587;-149.7643;-173.3218;
542991.961;614129.547;614466.854;479.5448;170.4961;176.2725;
493326.122;533827.503;533580.765;539.5516;57.6889;72.8350;
717309.354;495784.486;492122.912;-182.3299;42.2759;36.9085;
455428.986;521683.921;520304.939;-486.2033;-377.5354;-378.7696;
560160.335;524195.067;523634.759;385.8478;-149.6322;-137.4381;
435780.283;565723.097;567694.400;589.5968;91.2020;55.0036;
911063.254;735281.272;732877.571;14.8996;-11.1160;-11.8227;
499355.559;523579.489;523156.324;641.2711;274.5519;283.0236;
475728.035;518187.324;517486.956;517.1907;272.7509;268.1056;
487009.217;537964.994;536958.911;-268.8232;615.1051;606.0112;
496099.287;532406.502;531570.557;-699.1716;-53.8897;-62.3238;
490811.006;510940.000;510406.432;599.1577;-165.3678;-147.9682;
474108.117;520394.189;519688.123;-283.8921;183.4167;163.5143;
430899.015;233246.056;231816.645;21.6724;26.4120;25.7622;
491035.068;549271.503;548471.270;-620.6843;339.9146;336.3429;
470272.259;548536.555;549144.375;112.9891;738.0119;744.8125;
825170.157;466090.886;455968.737;254.5890;-181.4221;-201.1685;
475898.111;446750.246;446841.068;-396.5427;-163.8682;-171.7306;
492766.965;523441.894;522811.931;-453.5369;219.7181;203.6381;
502468.114;536058.320;535742.679;1091.4036;64.6823;103.1628;
482632.033;513525.036;513118.470;-484.0483;-440.2383;-412.6836;
781062.673;888396.141;885830.885;271.8890;104.9658;98.3257;
330992.196;462898.658;462789.123;106.5520;-74.9680;-71.1545;
495924.005;595391.865;594582.777;338.4441;287.2692;263.2528;
414648.071;528354.298;526314.860;-342.7629;234.1131;218.0351;
483040.540;526822.762;526651.687;643.1355;-430.8723;-421.2900;
403462.016;319098.468;314649.748;-91.2755;141.6874;132.7028;
476447.499;526886.346;526411.095;494.0225;-748.3379;-762.2363;
484440.587;506883.030;506012.617;-247.9366;60.4008;50.5535;
400716.717;573415.837;567995.949;-314.1053;313.8799;295.8090;
480357.426;516842.300;516309.085;-286.2153;180.7927;182.7939;
530126.456;527235.090;526903.521;87.9153;203.1649;196.3790;
482541.894;521346.747;520590.265;-1041.0522;-205.0630;-201.0435;
772461.164;495058.805;490618.175;162.8718;-72.2795;-79.1415;
586991.762;591544.484;591138.844;343.3014;-403.6502;-348.2961;
486192.473;519182.131;518698.098;-309.6085;308.5556;298.6475;
439329.271;546510.831;544582.593;-446.8956;419.3111;421.2901;
514519.904;499664.383;500996.172;43.5374;201.5714;195.3163;
494801.931;511878.988;511118.726;105.0206;-339.8310;-354.3900;
461421.364;540613.045;540191.121;563.9179;-823.1712;-802.5510;
488724.715;563339.081;562555.590;-287.7638;-428.6273;-426.2233;
422378.149;579519.627;578247.502;-431.9643;375.2535;361.8035;
483787.832;521362.651;520746.573;996.1332;557.6164;575.3341;
466519.723;524982.744;524107.342;-192.5514;-12.2410;-15.5821;
497260.182;529932.476;529492.453;-577.6867;200.0758;216.6351;
460462.189;537517.360;536479.377;840.3868;88.9133;87.3320;
516968.231;544220.376;543716.854;188.2885;112.1603;109.7214;
458118.220;512110.866;510889.054;900.4923;-202.3458;-170.8223;
435968.558;522072.729;520848.984;3.6300;-420.1762;-430.9918;
950753.569;633946.783;632637.422;152.1677;-43.9164;-45.1457;
502040.829;504691.708;504730.064;288.3193;215.7053;231.7700;
459484.546;539756.200;538657.912;760.4811;41.9312;72.4106;
632032.760;473594.408;473188.043;323.3100;120.7407;126.2178;
448163.579;533625.011;532950.419;-461.0441;-453.3729;-485.4902;
568646.569;609631.114;611474.240;-288.5767;89.7564;77.7812;
478815.256;518882.107;518457.719;-594.5004;-547.3741;-534.6673;
489593.498;532685.628;532057.756;368.1639;544.8023;532.5117;
464269.613;524717.276;523427.974;-743.1825;-57.5860;-86.3124;
486958.522;525951.392;525241.361;-81.5381;-357.2994;-354.7796;
