# This file was created for the Modelling and Simulation course, RUG (September-November 2019).
#
# Project: Simulate colliding galaxies, using Barnes-Hut algorithm.
#
# Students:
#     Stefan Evanghelides (s2895323)
#     Hidde Folkertsma (s2759799)
#
#     X         Y         Z         DX        DY        DZ
541089.389;551612.339;546766.677;513.6216;-205.9379;-244.3246;
487550.505;552416.021;547868.175;98.5953;247.3796;224.9398;
515587.037;398282.371;405999.692;-331.7260;-44.7779;-35.5236;
514106.727;557164.555;553522.945;-160.9760;-555.8196;-580.6435;
519979.165;544638.554;541901.039;-1031.8424;507.7315;476.8140;
634329.082;464012.226;469114.805;-263.0527;-217.2695;-203.4705;
582909.678;939642.630;958784.555;-23.0317;-25.9942;-20.0174;
527054.760;779045.241;787281.629;-107.9088;153.4154;131.5794;
541416.841;621702.773;618995.876;89.7266;-105.7327;96.2057;
560127.022;591925.544;592002.772;-380.3433;86.7297;39.8415;
515579.496;543053.402;540034.473;546.2703;512.0395;564.5050;
553720.132;720609.198;722276.541;-205.2014;-38.5389;-34.8495;
527152.142;540439.058;537627.179;17.2321;-142.3547;-171.0729;
573097.144;490328.888;491507.020;-84.4249;29.0670;97.9291;
379048.133;371077.474;348712.913;175.2299;-68.2578;-32.9417;
578463.415;560997.531;561229.686;-247.8179;-89.0257;-59.8932;
515064.244;547400.159;544066.751;461.3014;-375.9899;-335.8963;
537467.199;510002.863;516279.029;76.3476;-677.5865;-482.0680;
487159.422;547295.349;542299.101;-703.3522;267.8431;116.7308;
521653.517;565768.970;560273.495;-239.5142;-534.3090;-454.0582;
506483.393;546805.682;542461.191;672.0244;-131.5542;-243.3692;
509499.153;531542.822;528743.025;1057.0525;148.9889;83.6967;
528339.465;549152.494;545205.772;-685.5482;-370.0584;-313.1624;
506707.754;517971.054;514615.855;48.8485;396.6298;382.4606;
535199.852;560223.608;554959.466;367.0362;316.4422;261.4709;
832197.912;178511.844;178216.056;-57.4190;46.4660;46.0779;
644992.222;621916.213;644257.960;223.4107;-8.3233;133.9660;
554468.757;542129.435;539186.978;-167.7603;-69.3920;-91.7267;
517721.733;552473.151;549388.270;475.7019;66.8646;69.8055;
307207.207;528642.364;520060.672;-301.7950;-125.2746;-43.6217;
485726.766;543755.062;539029.211;-1140.3237;-352.4809;-324.7297;
333271.098;579900.844;600522.055;-204.7321;-78.2610;-8.9980;
581854.338;630938.329;631170.016;354.9315;245.1939;290.0476;
476079.135;571515.762;564788.893;-481.1241;19.6415;-24.4199;
520839.517;583091.508;576291.761;138.4789;43.7607;3.7762;
499116.517;545047.081;542596.095;449.1935;224.6185;232.9804;
514794.951;599693.482;598413.943;537.2918;348.4133;331.1740;
529822.968;533011.710;530167.846;251.8382;139.1467;118.5341;
514558.688;532144.459;528344.300;-465.9174;465.6100;484.0457;
478761.834;554487.249;551158.078;359.8822;-225.6428;-173.9017;
522813.222;545310.197;540723.377;-242.8779;-482.9460;-495.0489;
465542.784;517801.166;513060.921;357.8808;84.5456;121.5491;
399448.757;632365.679;628939.945;164.2456;-180.8504;-177.0647;
872849.408;438225.731;434729.220;185.6234;84.3607;74.7552;
837067.686;388245.141;376333.819;171.6203;-3.4886;-12.4460;
516615.803;539879.972;536248.440;-578.5672;-336.6411;-316.9446;
533090.637;536643.790;532737.940;330.4570;-119.8261;-128.7061;
530424.451;563392.124;558259.503;670.6814;432.2840;340.1236;
697189.882;19640.927;10708.147;40.1681;-209.6582;-217.5161;
516683.162;495115.168;496693.804;270.7754;215.5212;243.1527;
509923.041;552002.542;547884.852;264.4176;532.1674;561.6670;
510287.487;545845.178;540737.331;-931.0796;-394.1752;-301.3743;
359983.270;351258.275;346833.465;-189.6023;8.4597;-111.6439;
316586.277;634951.712;623116.872;-20.7270;-133.3531;-134.5402;
683656.800;385579.912;405457.968;164.8840;-25.7707;-8.6492;
549608.565;617005.290;611083.903;471.6241;194.5835;259.2680;
340009.583;703002.780;702016.764;218.8929;-2.7415;-3.8359;
511571.022;547625.675;544105.982;-927.3440;46.1481;24.9902;
507983.664;562044.915;556913.003;498.3203;202.7190;168.8758;
491937.201;554529.171;550472.702;817.8709;283.6528;257.9464;
507913.984;565328.891;560964.384;-59.2860;-257.1674;-303.9603;
531091.733;550657.845;546909.517;-490.5764;283.7359;326.2811;
511068.428;537930.866;533522.655;-385.0331;-119.3143;-55.3162;
626800.330;538959.559;541477.072;7.8326;-112.0313;-148.7461;
492367.267;485017.130;478874.274;-436.1726;145.0317;188.1980;
488042.904;592201.947;584238.094;322.4522;-90.2576;-90.5926;
274500.723;623765.943;579750.614;-219.6054;76.2103;43.7678;
356206.357;535661.880;535541.139;-385.5789;78.1924;-106.1055;
438541.737;604474.897;596564.976;-150.5037;29.6495;42.8117;
500781.516;559454.271;554132.469;-22.0792;-314.3112;-307.3978;
866024.449;436144.902;434013.362;112.0566;-30.1028;-45.4378;
530246.218;536901.234;533064.961;82.6342;180.1431;174.0196;
511620.437;549589.647;546162.560;-1276.0403;191.9164;229.0931;
440130.970;488673.152;482795.322;151.2959;-35.9612;-39.7507;
867194.863;366100.361;373378.373;157.1429;12.2167;18.8417;
516728.450;542039.310;537811.020;201.9768;-25.9985;-8.9886;
501115.391;543687.363;539950.344;225.7025;153.7442;158.3766;
549536.108;548980.926;544929.094;87.2367;1018.1546;907.5649;
494194.612;530204.810;525478.932;-30.6027;-47.1802;-61.8499;
520908.358;545352.325;542326.327;-682.5967;389.4256;410.5363;
526404.892;552410.534;548132.234;161.9033;332.6386;339.6717;
329728.378;351375.117;334330.697;-23.4475;-58.8706;-23.0710;
519423.134;527611.413;526154.770;898.5127;-110.1879;-18.8802;
534720.508;139141.608;122371.254;137.5412;-49.5446;-50.6511;
518804.492;535467.772;530802.552;-181.9530;-626.8674;-593.8291;
741074.475;549525.520;548785.786;-95.0631;-71.3484;-70.5725;
843454.008;552573.493;550971.131;-190.0875;-65.0819;-63.1868;
507378.004;568707.771;569004.354;582.6213;-368.4311;-360.4445;
477680.004;542158.688;534860.110;424.2137;-711.9139;-650.4610;
313444.239;521249.155;501406.883;-134.6077;158.4707;148.6584;
634966.827;485989.510;485597.668;6.9837;-219.4330;-229.3083;
923973.660;566392.149;566054.504;97.1876;-90.6325;-96.6381;
510067.914;543561.589;540119.969;-46.9719;140.3769;176.8022;
585550.961;527377.115;527863.165;183.2039;-84.2254;-28.7432;
519065.987;549308.864;545712.326;-62.6638;489.0347;556.6981;
542721.135;539826.678;536177.137;-519.8071;-663.7018;-660.9651;
368726.563;383751.446;396372.079;-174.1279;62.5248;80.2293;
817192.373;657382.696;654570.418;-158.0446;-97.1882;-96.8731;
513854.289;542849.856;540343.869;1057.5569;-60.4031;-38.8529;
507528.034;550070.703;545401.541;-435.9697;731.5044;745.4957;
546676.891;513377.230;511627.648;155.0653;333.5698;384.6173;
519518.748;567492.775;562577.909;-353.7512;-14.6439;-97.1372;
400630.142;611309.080;603341.596;28.3883;203.5918;198.2388;
494367.285;541976.640;536835.388;-355.1416;72.4999;46.9876;
460767.470;332685.953;321786.230;2.3035;113.9259;78.0187;
509701.828;545769.274;544448.132;996.7272;221.0983;206.3579;
466010.608;427731.940;441371.176;48.7162;167.7013;136.0151;
960023.254;311375.669;315673.681;-9.6734;-27.3377;7.7477;
563416.523;575189.783;575975.183;588.8276;-249.2785;-281.9610;
540082.188;539710.391;535641.468;-209.5360;-293.5123;-339.0672;
543093.833;533030.680;530083.857;240.7941;-204.2436;-138.3675;
511326.205;561434.786;557728.292;321.7020;-276.1616;-241.0804;
376927.569;561700.984;553384.443;-177.4940;-187.6872;-151.7154;
402334.772;394683.512;413698.291;-173.7211;87.9293;69.9743;
539866.552;596879.804;602104.218;-28.9166;-240.9801;-467.6341;
529597.420;550037.102;546340.195;359.1525;-177.4981;-207.5871;
657210.452;479642.065;483070.649;-86.7273;-77.6747;-107.0371;
509903.045;540560.854;537430.853;557.7283;-357.1053;-295.8825;
532284.533;542020.862;538381.403;-269.3113;-398.8175;-429.3736;
312333.821;505551.784;530535.302;-92.9257;-39.2522;-64.5737;
519582.584;547361.886;543306.269;149.2183;-50.6418;-107.9559;
565462.863;525101.348;526157.669;-223.2560;191.1994;207.1762;
519730.335;538416.533;535157.182;275.2264;893.8718;741.5876;
765843.267;412117.349;413193.603;-133.8854;-17.5244;5.1426;
539896.377;424418.428;473358.774;-330.7489;34.5230;36.3495;
538828.765;534300.755;531493.452;-47.6941;426.5258;340.8372;
558129.502;591966.410;591821.660;-580.6960;-214.8645;-408.5265;
568426.234;515341.185;512059.336;180.2310;462.1744;411.7123;
520722.403;530266.708;525266.256;-255.0962;95.6930;116.2859;
532598.456;535091.875;532139.485;811.2611;416.0391;234.0939;
506861.381;590943.283;590594.753;-58.5983;-345.1363;-460.9000;
362088.626;542339.104;539244.192;-306.7219;-124.1978;10.1617;
487930.835;539829.870;534919.887;-629.6350;-501.7700;-513.0448;
529595.390;542468.840;537861.036;-316.3374;-4.3413;-58.2522;
510148.242;542894.056;539442.296;812.0219;-153.2344;-91.9957;
508008.993;537768.800;534099.390;943.1374;-231.0552;-259.3184;
518575.430;533907.038;530663.734;105.9277;-253.9613;-143.7125;
526535.951;548017.476;543423.382;578.8461;-569.4358;-498.0602;
433633.135;531246.927;519474.817;326.7170;-188.1419;-137.4934;
472335.326;561304.640;559588.757;375.8205;390.3323;308.5604;
497644.080;596721.847;590372.416;232.5251;57.0337;119.5356;
483627.874;290649.333;278593.469;167.6539;-91.8480;-59.1995;
545114.386;546293.889;543885.356;-159.3579;291.8022;232.9610;
474013.800;543958.363;538049.764;-839.7713;-98.5755;-54.3012;
512360.382;537831.795;534480.832;547.0381;-141.0405;-138.1778;
505272.554;525635.986;521078.218;-84.1377;424.0193;345.3265;
507547.583;554689.247;551915.405;94.4608;877.5833;937.7098;
535242.922;539465.268;536852.234;-311.0523;-160.7899;-192.3125;
