# This file was created for the Modelling and Simulation course, RUG (September-November 2019).
#
# Project: Simulate colliding galaxies, using Barnes-Hut algorithm.
#
# Students:
#     Stefan Evanghelides (s2895323)
#     Hidde Folkertsma (s2759799)
#
#     X         Y         Z         DX        DY        DZ
456738.284;527973.595;527981.304;-172.2761;-101.2770;-101.2450;
475837.210;532729.995;532731.507;-1176.8594;-194.3033;-193.6003;
459320.991;879321.865;879314.462;115.2338;45.4270;45.4254;
238101.277;304186.759;304192.615;61.1094;16.5086;16.5108;
874698.284;728124.653;728043.351;252.1707;249.4381;249.3620;
517612.879;531693.647;531696.136;-135.7220;-151.4854;-151.7565;
506282.271;522886.788;522889.679;-26.8654;-187.0829;-187.0244;
822771.175;674330.740;674285.867;17.5932;241.6207;241.5336;
908839.068;449487.741;449451.511;491.6206;-107.5314;-107.5804;
674948.288;537945.982;537940.088;-292.7197;42.4441;42.5238;
387292.160;447498.482;447485.267;261.4052;-335.3989;-335.5538;
490612.971;677613.091;677595.942;173.9461;-97.5484;-97.6126;
390392.540;515116.388;515116.969;457.5214;-69.3747;-69.3219;
422142.444;533239.929;533240.149;115.8597;-311.0549;-310.7947;
677631.365;503083.231;503071.659;-134.0613;-147.8951;-147.9609;
376883.602;419172.181;419174.065;-268.3932;-349.2489;-349.3619;
878807.803;502432.771;502399.425;385.9446;49.1834;49.1553;
492251.661;538777.170;538777.474;669.2834;453.7957;453.7269;
819958.416;619838.397;619838.778;279.8386;-151.0701;-150.9015;
492460.955;536174.368;536172.230;-727.0297;-169.5146;-169.4592;
324407.770;163570.492;163554.937;116.8255;65.9250;65.9046;
537207.825;691405.172;691379.290;-7.7605;79.4441;79.4347;
465925.413;525700.850;525705.745;-19.6914;-231.9895;-232.0020;
485166.567;533977.662;533980.169;398.1221;12.3886;12.3311;
514355.229;505260.646;505261.325;-75.6984;-319.1143;-319.1676;
458831.548;501812.579;501816.803;187.6788;500.1651;500.3406;
467997.177;519623.418;519629.118;536.9155;-171.9855;-172.0095;
896112.122;758531.786;758478.682;433.0417;256.9824;256.9283;
327315.031;427283.982;427283.670;-95.3367;-114.2289;-114.2024;
498685.021;522102.841;522104.426;178.4989;-131.0737;-131.1175;
534913.728;536185.404;536186.747;461.0391;132.4645;132.3016;
474191.883;524902.375;524907.356;390.2130;-39.2550;-39.3384;
430480.371;511992.605;512000.370;-99.1325;-89.6671;-89.9719;
503404.276;523240.963;523243.050;22.7726;-126.8980;-126.9482;
485066.443;533734.552;533736.263;-1457.0887;-195.1957;-195.0609;
498937.831;526508.086;526509.269;-171.6545;-230.3557;-230.2989;
465560.093;529164.218;529164.508;345.0847;599.8569;599.7310;
676828.800;342404.180;342416.650;148.2062;-122.2859;-122.2706;
296883.871;422401.848;422396.090;-256.8205;-107.9851;-107.9550;
468702.917;523439.977;523446.111;-640.2291;-169.1521;-168.9354;
494889.586;535077.770;535076.803;675.3160;-659.5794;-659.3975;
378392.713;435172.252;435170.310;-270.1510;-298.0306;-298.2549;
478147.854;533880.196;533881.216;-569.1417;257.6936;257.5867;
826654.747;571099.981;571033.114;314.1798;6.1172;5.9426;
459653.672;395179.880;395164.230;-191.2080;-115.6771;-115.6987;
481859.055;524549.555;524556.871;1017.8359;-377.6876;-377.2310;
520087.363;502757.983;502759.028;112.7391;-393.3145;-393.3647;
750519.273;832369.481;832335.690;-10.6555;205.8730;205.8470;
450250.284;577094.108;577114.369;-467.1560;275.5820;275.4757;
757811.044;671962.897;671899.068;47.8399;46.9952;46.8447;
486445.055;535730.947;535732.212;-530.9462;-523.9800;-523.6963;
442540.086;565591.190;565580.678;395.5713;106.8572;106.8497;
358829.343;611159.744;611164.196;53.3535;67.4220;67.4182;
524744.371;539760.797;539757.962;-542.0529;380.2424;380.1630;
412554.202;515338.685;515342.007;-150.0440;-50.9537;-51.0355;
606835.564;696884.010;696870.798;162.8739;314.5231;314.4431;
711646.857;298846.539;298854.659;150.4929;-191.4365;-191.4206;
469976.834;537421.200;537428.230;-1244.6536;-224.9991;-224.6666;
878790.998;671817.415;671766.028;382.3212;152.9676;152.9328;
852219.881;541993.658;541958.378;248.3469;-16.6557;-16.6796;
745776.253;509943.583;509920.044;195.3080;71.3021;71.2884;
652590.019;473220.370;473193.206;18.5972;39.9001;39.8773;
439848.705;531072.491;531075.246;226.9976;-281.3577;-281.5237;
469951.899;526212.003;526222.415;-1352.2166;-5.5177;-5.2548;
661379.107;533149.544;533152.395;-10.9651;-96.9189;-96.9769;
484785.580;539557.807;539558.195;589.8760;448.6868;448.6404;
468169.293;541257.914;541263.421;-647.9112;512.3607;512.5749;
475206.435;586953.554;586946.852;-286.5009;223.3762;223.2304;
479633.590;519070.896;519075.384;238.8226;197.6482;197.3668;
467970.642;410532.839;410548.038;-195.0038;168.9151;168.7587;
420235.010;544519.103;544521.369;-37.3904;-158.0592;-158.2308;
667390.491;516510.032;516501.134;423.1586;83.9884;83.9294;
964564.325;614341.497;614295.318;556.1549;108.1832;108.1169;
482221.790;542832.720;542833.303;-32.9027;-343.0944;-342.9415;
478839.421;427871.283;427857.278;-191.5972;-179.9605;-179.9496;
696918.959;552401.190;552391.403;-114.1564;-21.8972;-21.8716;
552367.288;629217.317;629199.116;-172.5310;4.0735;4.1020;
672406.285;521883.352;521870.279;-289.8601;-32.0784;-32.0212;
915412.650;549122.135;549082.595;414.3093;75.9256;75.8770;
889782.770;866339.409;866269.647;374.1470;378.3988;378.3119;
518960.969;477405.745;477406.748;211.2528;144.1011;144.0354;
475218.452;527288.395;527292.297;-854.2481;-15.3105;-15.1547;
770685.359;518351.834;518326.893;-9.5844;54.1651;54.1561;
534959.839;541409.747;541403.379;318.8364;492.9129;492.3788;
671568.444;531481.194;531482.455;-381.3979;159.9752;160.0726;
486626.049;532442.244;532442.791;460.4144;569.3097;569.1310;
478844.459;535872.937;535873.011;-1025.1657;-464.2718;-463.9653;
862897.945;454314.060;454288.885;400.4243;-35.4798;-35.5114;
460925.329;543974.922;543980.237;-150.7739;203.9239;203.9045;
663012.801;528296.423;528299.524;-399.7537;-35.3722;-35.3275;
523454.928;536955.404;536953.236;-113.1626;-140.8423;-140.8421;
424304.287;552368.725;552390.425;521.1304;543.0899;543.1449;
473294.735;568651.531;568652.013;-159.5025;-18.7303;-18.7053;
331860.339;404768.383;404761.515;-45.2130;77.9372;77.9346;
552423.341;526884.242;526889.025;420.5747;181.7173;181.5320;
401206.056;317416.454;317423.432;251.2793;75.6792;75.6725;
220300.671;312687.693;312700.460;-337.2112;-191.8036;-191.8087;
491088.771;540998.779;541000.927;-59.0203;378.9884;378.7502;
553131.622;538418.495;538414.437;101.6660;220.1064;219.9988;
467378.728;538120.124;538123.576;-101.5574;66.3715;66.3613;
526197.531;528987.531;528986.113;70.6673;-280.0527;-280.2332;
467324.318;537514.561;537514.914;139.4253;902.2602;902.0744;
499511.645;545852.823;545850.699;-93.1503;-373.5472;-373.3665;
95010.409;397285.937;397295.501;-274.6425;-100.9725;-100.9963;
336565.727;515467.496;515463.837;261.9452;-109.1521;-109.0546;
357409.307;540805.943;540819.385;-481.7053;173.5350;173.4924;
507783.733;424364.835;424366.794;72.8064;175.0902;175.3611;
479794.182;519446.869;519452.492;326.0398;-169.2911;-169.2738;
463616.171;566628.558;566626.880;-368.4094;-318.1741;-317.9346;
443404.601;534539.780;534541.641;654.7735;-331.0802;-331.0765;
492585.384;549657.017;549656.606;203.3145;233.6565;232.7585;
433599.141;591180.925;591196.859;12.7540;164.0203;163.9563;
484817.473;533540.980;533541.717;417.1720;-221.8028;-221.8913;
567089.807;515135.839;515138.823;-507.2633;-363.3324;-363.2342;
699757.776;674207.135;674188.105;407.4199;119.1044;119.0485;
714387.395;391189.430;391177.036;296.2207;-0.4500;-0.4759;
474024.066;525074.078;525076.093;-8.6741;204.5089;204.3142;
431943.675;496467.515;496453.908;-90.0486;333.6088;333.6068;
335329.719;527958.597;527995.386;242.5989;323.8735;323.8865;
490772.000;530187.054;530187.670;438.3902;536.4955;536.2707;
410774.220;416784.753;416769.286;526.0739;-50.8411;-51.0194;
420560.055;573388.341;573387.245;39.3505;394.0691;393.9285;
714252.435;604289.119;604274.676;-221.7655;-26.3406;-26.3852;
424795.315;582173.695;582155.522;193.9227;-149.6147;-149.4373;
443213.498;477697.773;477707.689;-422.3727;3.9662;3.9300;
485186.997;524562.610;524565.354;532.0744;-660.0922;-660.1691;
516500.335;544362.227;544362.206;626.0385;17.2654;17.1483;
502916.783;523517.489;523518.621;10.1392;11.6322;11.5618;
499500.404;485973.734;485975.313;-221.6841;-425.4257;-425.3985;
472897.126;527006.892;527008.975;924.6275;223.9231;224.1455;
222395.386;385481.300;385482.152;-158.7450;-80.8112;-80.8181;
475917.926;488268.413;488259.671;114.7152;395.1474;395.3155;
362807.334;424123.318;424105.631;225.9343;72.5223;72.5065;
502550.390;529686.501;529686.865;-857.3751;321.4213;321.5640;
485659.759;532908.990;532908.789;217.5098;1008.1593;1008.1735;
403679.106;527098.415;527105.159;552.9821;225.5910;225.7678;
446979.475;522388.867;522394.768;67.5972;94.1124;93.7889;
493975.154;542690.111;542686.133;-268.6098;-336.7211;-336.6469;
656440.660;648532.108;648512.234;-131.1727;-14.9643;-14.9828;
464632.822;520171.835;520169.539;791.5218;257.6431;257.7260;
503296.487;514052.908;514053.720;-261.1113;13.7265;13.7244;
443771.425;534677.852;534690.356;-272.0287;277.6516;277.7406;
318062.529;573991.839;573996.185;277.1019;144.3251;144.3233;
385991.161;700849.295;700855.190;-23.2025;199.0194;199.0131;
411442.025;503918.517;503906.819;127.2071;-22.5066;-22.6119;
29189.636;349302.076;349290.930;-678.4165;-261.5091;-261.5301;
15015.969;774212.109;774226.071;-479.0335;246.0645;246.0816;
494750.472;530300.680;530304.372;-450.6262;-903.7645;-903.6119;
487529.989;529932.761;529934.468;725.1345;-452.3723;-452.4859;
592239.681;464607.372;464613.231;-272.8194;-184.3013;-184.2325;
356626.101;544450.694;544462.822;29.7213;-170.5230;-170.4929;
458137.829;545419.265;545424.867;-103.5078;76.4119;76.4091;
200797.938;323535.240;323539.061;-288.7250;-242.8811;-242.8975;
472775.506;542825.144;542824.702;-76.5690;-236.5331;-236.5350;
479449.773;530244.101;530246.781;-1529.6416;-138.5105;-137.9312;
289754.712;246919.676;246925.995;-107.3313;72.5770;72.5953;
467782.214;451136.198;451128.412;51.2202;-19.1809;-19.3856;
520061.973;538591.262;538584.259;598.0093;259.5956;258.9838;
578090.031;483111.267;483085.350;-98.1569;-140.7486;-140.8082;
479190.579;529255.533;529257.589;-382.1240;-416.8247;-416.6354;
101007.520;439447.458;439434.955;-75.6703;-162.1419;-162.1366;
511995.304;515094.201;515084.852;-669.8356;675.8927;676.1548;
475479.765;525541.302;525542.490;-443.0995;-574.5950;-574.3276;
460364.901;517576.777;517580.743;147.2135;351.4490;351.3038;
362060.812;784722.256;784729.069;130.1817;143.6962;143.7189;
427897.540;526746.840;526754.886;-444.6376;-106.0277;-106.2514;
244983.786;507053.421;507056.283;64.4528;-35.2974;-35.2951;
448049.893;521442.514;521446.310;904.8466;-43.1123;-42.6183;
461560.810;537110.399;537113.500;317.0577;351.7181;351.5994;
523771.012;540910.678;540904.746;-351.6982;-224.6018;-224.5547;
461462.798;516049.842;516057.087;242.5130;121.4542;121.3484;
138196.705;580038.700;580030.277;-341.5233;54.0336;54.0093;
883298.041;480941.722;480910.601;-242.5860;-26.2923;-26.3136;
450921.744;536222.391;536228.907;-799.0396;307.3949;307.0694;
468075.652;521212.412;521214.824;158.9634;267.1924;267.0975;
475300.351;530667.570;530669.221;-486.4960;-944.5531;-944.1790;
436047.266;518935.207;518945.452;-727.3424;246.0769;246.0823;
488530.178;535918.135;535918.547;779.9927;-51.0246;-50.9933;
408930.488;617541.677;617534.114;31.2077;40.3683;40.4435;
133500.083;97857.029;97842.631;-285.8576;-92.1291;-92.1328;
490799.638;517754.376;517757.675;517.1115;712.6345;712.8356;
850268.203;520190.533;520176.136;-203.4195;19.3952;19.3817;
410942.539;505946.440;505938.060;-176.0534;374.9075;374.8775;
516740.647;512710.573;512711.305;-216.0923;-108.0821;-108.0825;
486565.328;503418.143;503423.431;285.4557;-212.8908;-212.9146;
475364.817;475636.809;475647.788;567.4983;-268.0651;-268.0814;
520345.893;542274.623;542265.744;359.8219;-135.8178;-136.0662;
488675.627;541589.345;541587.267;439.4731;407.5988;407.6266;
455080.038;515235.716;515246.444;-96.3737;102.2330;102.0609;
503766.488;537979.435;537987.228;608.8417;152.3446;152.2881;
476026.003;530086.961;530089.605;630.0257;-53.8481;-53.8179;
496901.375;520409.390;520414.006;-429.4122;-170.5948;-170.6115;
449294.125;539529.750;539535.141;400.6249;92.2519;92.2646;
