# This file was created for the Modelling and Simulation course, RUG (September-November 2019).
#
# Project: Simulate colliding galaxies, using Barnes-Hut algorithm.
#
# Students:
#     Stefan Evanghelides (s2895323)
#     Hidde Folkertsma (s2759799)
#
#     X         Y         Z         DX        DY        DZ
230621.286;547984.432;547981.297;255.9080;-93.5514;-93.5534;
406360.012;486730.711;486733.426;-69.7866;197.5266;197.5696;
306515.111;755280.057;755276.064;87.6858;129.1251;129.1219;
206157.505;332362.842;332366.746;-18.6031;-56.4083;-56.4070;
214083.054;657041.992;657068.129;168.0184;-82.1352;-82.1298;
307368.656;515328.000;515329.719;1160.5175;124.5706;124.5649;
319564.733;509884.867;509884.776;809.1197;-67.3108;-67.3326;
420049.574;420076.928;420086.041;487.6245;-28.5073;-28.5035;
303086.091;505017.092;505019.089;51.1081;-188.8234;-188.8041;
294939.679;479250.993;479253.599;253.9798;-244.7838;-244.7679;
436646.712;387011.564;387007.941;315.4206;-59.4081;-59.4144;
316233.745;419598.313;419602.698;225.4843;-42.7635;-42.7915;
287099.495;508926.884;508928.177;789.9278;-266.5632;-266.5719;
356405.531;476484.189;476484.767;607.2916;-13.3328;-13.3650;
284170.852;541074.418;541074.997;-366.4951;225.9629;225.9658;
270590.900;523176.442;523175.487;811.4883;-546.8217;-546.7353;
323509.595;530646.585;530648.423;261.3994;281.7751;281.7940;
317141.203;522411.299;522412.855;449.4330;46.3073;46.3234;
320197.904;420695.012;420683.772;54.7356;278.6466;278.7044;
309245.929;509791.404;509792.463;-285.5622;427.7395;427.7545;
199133.775;182520.594;182515.255;39.6361;-85.0868;-85.0879;
287312.951;537673.964;537676.739;117.4774;-19.3000;-19.3004;
290618.738;518230.781;518231.617;-506.0863;-222.4678;-222.4599;
313585.257;517354.946;517356.341;-768.0088;-64.8599;-64.9113;
309297.945;514659.212;514660.145;-927.6583;-305.8846;-305.8518;
374898.052;504244.677;504239.605;-27.8813;-225.5221;-225.5179;
318792.184;522499.044;522500.200;-119.4226;33.6635;33.6732;
195352.461;559500.667;559502.977;176.1634;-101.0993;-101.1009;
296601.590;520282.115;520283.321;-305.6271;370.5999;370.5885;
283171.794;510456.988;510457.205;-91.2714;41.3754;41.3627;
309625.979;512534.268;512536.621;-97.3233;-48.4321;-48.4213;
291383.532;522481.400;522482.096;155.3786;-128.7033;-128.7312;
308008.453;509270.362;509272.359;1331.9537;66.9822;67.0168;
299456.300;518744.662;518745.999;124.4923;94.7308;94.7380;
310194.319;517024.148;517025.887;579.1588;32.7323;32.6991;
298573.217;514545.647;514546.690;-226.8131;-155.0531;-155.0980;
290885.340;516076.546;516077.721;69.7434;92.6660;92.6919;
362842.394;482249.384;482249.420;-31.3862;-107.4161;-107.4124;
336986.819;492588.696;492589.975;-183.6423;-133.9103;-133.9278;
294443.709;507731.918;507732.498;502.4972;-388.0486;-388.1131;
282714.503;522532.764;522534.117;349.0312;193.2716;193.2753;
281426.478;528175.680;528175.805;578.4165;145.6436;145.6530;
269007.003;515672.824;515672.925;528.8138;348.3917;348.3875;
273124.518;512847.787;512849.577;164.7216;-150.6724;-150.6641;
405982.049;489649.638;489646.425;29.0792;203.2243;203.1823;
289718.404;531068.912;531069.003;505.2620;378.5746;378.5463;
296793.325;543429.995;543430.384;-13.2958;-289.7836;-289.7863;
396689.892;570318.900;570320.737;39.1456;-166.6149;-166.6061;
461149.844;498700.585;498701.975;561.0326;-71.3202;-71.3070;
319629.321;498932.066;498934.413;244.1695;312.1221;312.1342;
188507.461;558666.493;558664.424;88.5371;86.6390;86.6407;
291943.507;508673.228;508675.357;-105.1798;149.1485;149.1421;
312624.824;450696.873;450702.630;-81.8948;54.2014;54.2058;
300255.049;520493.639;520493.667;1309.3981;-160.6120;-160.5565;
302413.796;519497.532;519498.726;-199.9457;128.0975;128.0773;
297848.228;506832.157;506832.844;709.1743;-38.8345;-38.8059;
406249.874;491541.394;491540.485;36.4517;256.8258;256.8909;
330179.868;520294.438;520294.596;-645.0054;-563.9217;-563.8850;
310359.287;522936.423;522938.034;-108.8971;-203.7310;-203.7387;
280356.535;504910.294;504912.842;92.6879;-49.3976;-49.3528;
293722.491;509836.758;509838.205;107.6402;316.5632;316.5587;
324371.247;532934.590;532935.694;169.5597;138.9412;138.9386;
283203.721;501731.561;501733.017;371.5502;-29.7564;-29.7492;
296677.369;510549.997;510550.689;189.2037;-205.0937;-205.1127;
292614.563;497901.295;497902.083;342.9236;-376.6990;-376.7122;
318905.552;525174.611;525175.964;-361.1403;-468.6065;-468.6173;
314626.907;493041.488;493042.943;-111.2272;222.9431;222.9548;
288546.885;523390.339;523391.124;-398.9629;254.3717;254.3550;
311252.953;526704.722;526705.686;-170.4328;135.3254;135.2893;
291364.342;516560.803;516562.458;-24.7753;-339.9476;-339.9471;
414198.801;488559.554;488558.195;112.2706;-211.1615;-211.1589;
219489.261;518789.677;518790.374;354.7179;9.6207;9.6165;
270591.352;527662.925;527665.292;-455.3990;260.7669;260.7852;
307504.455;508169.416;508171.417;33.3562;112.1413;112.1245;
172644.830;515745.340;515748.035;182.7853;-24.8442;-24.8463;
279904.824;574968.231;574961.818;130.9567;163.7816;163.7569;
275324.063;518413.753;518413.630;636.4138;-247.4275;-247.4275;
273975.587;511872.662;511874.248;173.4716;56.7609;56.7615;
343311.551;506572.434;506574.480;462.0853;71.9133;71.8897;
280835.330;520873.475;520874.669;1046.3465;194.1764;194.1833;
305911.192;513691.702;513692.841;390.4622;170.7061;170.7196;
321596.223;543307.418;543307.843;-461.7450;-199.8168;-199.8119;
324721.967;513153.921;513155.044;88.7287;123.7362;123.7177;
315324.273;520657.392;520657.510;477.7460;377.8033;377.7678;
306132.132;521315.923;521317.753;1223.2969;32.4667;32.5251;
373083.038;492571.898;492573.865;18.2466;-385.0535;-385.0770;
290847.087;514297.631;514299.428;-967.1436;446.6124;446.6325;
326908.982;509395.539;509397.168;-141.2804;-73.4663;-73.4574;
285536.684;518119.907;518121.100;-200.5473;-123.0598;-123.1080;
288188.321;486645.680;486644.577;352.5597;165.3581;165.3687;
284136.019;511162.379;511162.493;214.8345;58.1555;58.1699;
321993.453;514846.779;514848.804;-84.5179;295.2160;295.2549;
305070.604;522473.350;522474.703;228.9189;167.2391;167.2317;
275442.303;507180.426;507180.853;494.9510;-25.2907;-25.3183;
386398.328;479893.506;479896.710;-114.3365;440.6799;440.5965;
344545.128;491741.619;491741.541;249.2813;230.1905;230.1860;
355327.620;497402.243;497402.935;174.7870;-32.4038;-32.4058;
261812.310;646713.474;646718.394;47.3778;6.9861;6.9927;
184149.521;409455.910;409460.902;-16.5479;-189.1239;-189.1150;
689188.980;510689.787;510689.433;211.9006;496.3278;496.3064;
704238.952;531499.412;531497.545;305.4768;194.2493;194.2306;
711718.529;525725.800;525723.131;-3.9726;55.4463;55.4454;
662966.462;527618.984;527616.868;5.6063;73.0319;73.0216;
788915.723;541156.020;541151.443;229.0764;59.5871;59.5828;
679319.205;524331.089;524329.940;-230.8288;-87.8328;-87.8219;
718637.288;528169.894;528168.355;-371.9112;-0.6285;-0.6311;
649697.542;492623.541;492624.897;507.4711;84.8130;84.7866;
678392.338;516555.240;516553.879;-175.1208;-860.7079;-860.6613;
711498.425;511928.301;511928.079;-131.5279;-598.9359;-598.9057;
801612.080;625579.412;625581.758;-114.6664;-21.6532;-21.6456;
686859.214;497077.633;497077.939;486.1667;-351.1428;-351.1094;
684981.626;496527.723;496527.169;-389.7649;-204.8131;-204.8074;
671494.312;517009.867;517008.915;-830.4927;-34.3014;-34.3255;
670146.469;509340.442;509340.205;78.4361;-660.9259;-660.7987;
662524.147;514094.209;514092.989;-839.2356;208.8152;208.8167;
725538.136;483131.347;483130.434;-221.2163;-149.7613;-149.7823;
688454.282;516373.261;516371.907;-380.3442;196.3356;196.3260;
604332.278;578123.257;578116.177;-141.1032;116.9717;116.9462;
637014.217;376548.774;376558.067;-189.6734;-119.3069;-119.2946;
700775.268;560933.811;560930.517;-704.0992;17.5857;17.5888;
674195.056;513024.246;513024.553;-609.0114;-451.1406;-451.0886;
652882.162;399160.272;399162.413;-117.0063;-64.1901;-64.1860;
479739.510;319103.421;319085.853;-206.9730;-31.7015;-31.7131;
683830.714;513314.417;513313.460;-441.2725;87.3837;87.3878;
599140.386;610363.483;610356.163;-517.1609;259.9429;259.9154;
691651.672;516484.522;516483.777;-547.9450;-626.6619;-626.6129;
780225.097;547436.476;547429.619;195.3427;177.8371;177.8211;
709144.818;481429.746;481429.243;-70.7147;388.9655;388.9492;
677767.896;557928.171;557923.905;-40.8246;256.8428;256.8102;
701412.346;520341.352;520341.004;-623.1875;61.0912;61.1150;
627351.384;503460.103;503458.403;-55.3403;-1.4187;-1.4325;
682711.521;515083.020;515082.621;-159.8760;193.0060;192.9839;
734878.572;653260.572;653253.185;-202.3280;8.0888;8.0883;
693749.620;533663.888;533661.304;-27.8821;105.2732;105.2531;
722969.435;502102.535;502101.756;-104.8606;212.2302;212.2257;
619574.205;556106.080;556101.436;-63.6213;-196.3444;-196.3233;
617995.845;482548.296;482551.086;-588.5086;26.6358;26.6257;
701578.077;506934.793;506936.352;-593.6809;326.6045;326.5780;
656363.545;523808.778;523806.977;190.9040;98.0959;98.0706;
696707.352;466378.457;466377.728;-400.5936;200.0795;200.0702;
682123.450;524797.129;524796.688;124.6629;417.0282;417.0246;
704217.528;512122.236;512121.951;2.2656;-198.4864;-198.4746;
751986.077;585686.810;585675.937;29.4954;131.2285;131.2044;
735136.039;469903.833;469904.144;-268.1454;-199.7187;-199.7195;
683911.095;509326.973;509327.154;-99.5249;107.5289;107.5055;
704030.727;522316.778;522315.341;-408.6506;194.4160;194.4196;
561409.515;436793.396;436802.564;-381.5352;-129.5447;-129.5220;
739195.688;505652.996;505652.757;-115.3225;-213.9669;-213.9482;
683541.899;516697.579;516696.918;-454.0333;-496.8924;-496.8281;
819545.143;440622.348;440626.710;-44.3579;8.7848;8.7810;
652253.906;508300.596;508301.551;517.0277;683.8801;683.8646;
672622.032;512742.917;512742.015;163.3469;-436.5821;-436.5441;
689601.770;522714.767;522713.075;-322.2965;483.4749;483.4429;
730125.933;575186.624;575177.727;-137.9942;-44.6086;-44.6174;
618439.988;415665.677;415668.616;-121.1290;50.5004;50.5044;
669118.165;516722.750;516721.915;-32.9852;-359.6593;-359.6372;
706066.192;518952.492;518951.378;-167.1131;285.5727;285.5469;
654684.989;514753.151;514752.266;-388.2170;174.4447;174.4463;
681396.131;525954.755;525954.231;-346.6681;-246.8070;-246.8073;
501431.724;236975.173;236966.833;-182.0510;-63.2183;-63.2248;
676654.719;521114.573;521113.453;-234.6171;573.1419;573.0712;
701878.783;523155.097;523154.323;685.8422;-248.1897;-248.1883;
715818.232;508669.656;508668.400;-511.1677;-365.2654;-365.2520;
683267.863;513306.645;513305.750;288.7126;581.2170;581.1661;
779856.712;547020.892;547019.115;-300.3402;-198.7451;-198.7463;
742754.904;495781.790;495779.935;-758.1349;-147.1091;-147.0874;
689337.684;490649.283;490648.749;54.3786;-36.4465;-36.4381;
683651.711;513695.063;513694.118;-414.7406;135.4784;135.4744;
746739.937;501467.812;501471.320;371.8171;-2.2245;-2.2258;
693947.099;516701.248;516700.355;-510.9691;-253.2595;-253.2522;
861447.545;462558.712;462561.043;6.8224;-120.9054;-120.9014;
688567.188;522276.523;522275.420;164.1499;78.7845;78.7558;
687074.836;529106.321;529105.054;-50.8531;-104.3549;-104.3247;
661643.021;500255.207;500254.260;-147.9455;90.2999;90.2633;
661720.454;507255.393;507256.121;-215.6453;91.4656;91.4104;
676590.940;491703.722;491702.862;-310.6378;347.8584;347.8615;
833919.098;538542.096;538541.103;383.6313;4.5335;4.5179;
686573.547;510472.426;510471.788;12.8509;-88.1308;-88.1066;
641583.345;496856.147;496857.921;-203.0292;59.4213;59.4334;
683332.091;524063.034;524061.698;243.6385;89.1910;89.1866;
678653.713;522078.178;522076.869;-652.1243;-230.5330;-230.4539;
704817.978;524546.726;524545.737;299.2806;152.7763;152.7722;
611753.202;491101.182;491104.528;162.0937;-5.1940;-5.2181;
584380.127;330546.102;330550.207;-291.9154;-272.1297;-272.1337;
598340.157;554685.297;554680.637;-268.7595;-113.3447;-113.3362;
965519.005;526447.483;526433.955;64.8040;-33.9745;-33.9875;
620790.573;540857.438;540853.754;-48.3303;27.5770;27.5601;
685565.758;511104.114;511103.979;-558.0191;273.1833;273.1530;
608177.994;492980.502;492981.272;-12.5774;197.6346;197.6706;
698509.620;561952.211;561950.310;-466.5048;434.5430;434.5463;
642448.818;532976.133;532975.525;272.5782;-43.2968;-43.3028;
700999.902;513366.949;513366.886;492.0781;106.9559;106.9776;
672340.242;536276.462;536275.280;-370.5316;211.4719;211.4274;
924254.313;724822.193;724815.638;120.1011;167.6565;167.6479;
689199.520;521350.476;521349.387;-124.3044;7.3794;7.3423;
684239.817;533653.713;533652.391;357.3949;113.1254;113.0597;
678561.407;509672.738;509672.627;-820.2582;-9.0521;-9.0482;
654527.280;527294.146;527291.756;98.9375;-42.7750;-42.7939;
