# This file was created for the Modelling and Simulation course, RUG (September-November 2019).
#
# Project: Simulate colliding galaxies, using Barnes-Hut algorithm.
#
# Students:
#     Stefan Evanghelides (s2895323)
#     Hidde Folkertsma (s2759799)
#
#     X         Y         Z         DX        DY        DZ
473164.389;548373.382;548363.073;382.4163;-119.8005;-119.1198;
457653.279;563741.267;563743.415;34.0729;597.6623;594.6918;
719039.277;860216.043;860201.927;87.5526;-54.8652;-54.8724;
419430.238;691466.233;691843.940;-114.6056;301.7972;302.4624;
453245.455;543902.408;543780.011;608.4133;143.0357;145.1775;
458470.869;539450.267;539430.777;-271.6123;-301.7753;-301.5211;
373631.525;439443.496;438992.896;352.1231;-52.9781;-53.0905;
342763.526;639388.006;639030.627;309.5932;157.0153;157.4415;
633635.665;535614.151;535287.779;-157.3272;12.0212;11.2477;
429334.434;669573.783;669665.360;-213.1079;-23.4262;-23.1177;
623168.901;429223.203;428832.217;174.9125;9.7038;10.0761;
357265.917;485844.671;485326.197;-294.2196;-184.1991;-185.2919;
466900.189;549810.052;549780.681;-797.5659;183.9496;186.0544;
511559.217;535257.861;535205.833;-448.0696;-40.0507;-38.0598;
189557.552;617197.441;617183.100;-179.4535;-22.0362;-22.4119;
462414.915;547741.227;547713.350;518.2380;588.7275;591.4751;
474387.105;529782.824;529770.631;549.9627;383.0945;379.3651;
391539.684;519147.168;518982.562;-204.1432;-149.7874;-154.6448;
600363.008;593301.235;593565.419;248.5849;174.8007;175.0559;
474726.469;542899.464;542876.662;-1309.5330;-472.1683;-472.4877;
469899.324;551122.620;551069.409;1014.7896;123.0542;119.7156;
302542.556;562409.800;562387.800;-178.0001;-187.4125;-187.9983;
473206.964;541058.697;541045.565;-30.9696;642.6850;643.1714;
501840.886;520153.282;520102.138;341.0833;218.0731;221.0201;
507537.364;566439.942;566390.324;19.0753;-436.2572;-435.8406;
479357.928;555913.333;555917.521;-191.3243;-208.7985;-209.3354;
475332.914;558418.689;558389.339;-311.2964;47.8233;48.1419;
449791.188;543834.282;543727.997;497.8646;-300.5586;-301.9857;
472614.131;537461.990;537444.067;584.3955;-143.1334;-143.9886;
476318.847;546252.520;546242.723;-320.9770;484.0646;483.9921;
883963.927;173140.312;173167.203;34.5649;-40.7423;-40.7438;
656806.192;536484.877;536125.838;168.0324;100.4766;97.2391;
445355.872;536481.444;536362.458;201.5667;-210.2646;-211.5242;
461370.323;553744.937;553671.176;-249.0003;671.3597;673.9314;
404357.991;521016.913;520535.371;155.8352;74.7602;77.5759;
446142.475;549757.393;549691.109;582.9793;-603.1535;-602.9550;
558033.608;532896.629;532184.109;-809.3224;217.0930;224.1713;
476823.328;548673.011;548643.387;73.0255;-648.3046;-648.8150;
492871.961;517615.098;517577.354;-644.8088;-468.7465;-472.5662;
474587.555;522208.223;522210.374;293.2090;-164.7805;-164.0397;
486237.505;536207.804;536173.417;21.5321;-434.9362;-437.3628;
176783.731;413732.034;413559.953;-88.1942;-52.3789;-52.3029;
463930.712;551634.257;551619.766;-110.9742;-479.2482;-483.6443;
469208.752;595345.669;595449.324;344.5801;213.5301;212.0343;
392871.830;679653.913;679949.202;-69.0914;147.4192;147.2057;
435165.922;549103.427;549031.380;404.9494;92.4345;92.3661;
520797.700;558881.749;558922.232;-139.5279;108.3660;107.7226;
789831.693;175863.813;175883.876;-41.1078;54.5925;54.5846;
469709.233;551770.795;551729.536;-1112.1467;-197.9468;-198.2697;
837107.273;698422.691;697423.851;-63.8106;37.4413;36.5455;
521302.739;468260.737;468360.148;-8.0313;245.3129;245.3331;
464091.565;537323.585;537235.480;-412.5855;-339.9280;-338.4951;
471988.013;551862.813;551815.998;-691.8253;-687.5531;-688.2684;
451894.504;541149.303;541049.982;671.4365;567.9705;571.0894;
432289.661;592441.766;592581.185;688.0930;-47.7013;-47.2538;
458550.233;542857.673;542806.441;1462.1235;-193.8861;-183.7445;
405474.750;479286.432;478806.251;208.9142;-210.0269;-210.6653;
434920.049;540956.692;540904.546;177.6044;-569.1800;-570.7180;
768784.521;424448.712;424548.092;-148.6653;13.1773;13.9429;
432570.915;516409.693;516395.527;-57.1303;31.3300;30.7592;
983468.532;636801.866;636625.714;-7.0781;31.0478;30.8479;
476492.259;559414.229;559374.187;-251.1961;13.7351;13.8529;
68782.883;452837.071;452674.976;-78.6559;78.4300;78.3722;
942469.793;312640.088;312772.974;159.7956;-27.6691;-27.5540;
501353.214;513235.130;513121.321;152.5467;199.6337;195.9314;
524806.218;500933.098;501012.353;226.6309;311.8370;311.4866;
471575.170;542057.991;541948.644;654.2658;55.4189;51.5525;
120310.152;184448.272;183722.448;-77.4180;-146.9944;-147.2522;
420980.502;546297.227;545962.517;-664.1009;533.3241;532.4898;
579639.392;545661.479;545293.390;-380.2784;-166.9219;-168.8806;
481401.512;536787.175;536722.779;135.5176;-456.2915;-460.5345;
298345.032;514826.286;514660.234;-154.9920;149.5232;150.1620;
471062.329;586535.799;586749.935;68.8095;465.6260;467.4453;
494584.833;567124.957;567162.420;-440.3077;-528.3540;-533.0823;
730119.874;517440.440;517115.395;161.1997;-6.3477;-7.2858;
296451.710;541092.421;541061.417;-74.2583;312.7118;314.0953;
464292.903;535214.737;535110.602;327.1214;564.9251;565.9392;
500917.274;603628.818;603687.635;-300.7697;-224.3671;-224.1097;
498135.909;536847.001;536828.087;-511.8154;-112.1927;-113.6478;
382612.114;537290.391;536897.200;-246.2119;-213.1721;-216.0519;
474951.701;561694.244;561625.642;-50.4966;-144.6793;-145.7631;
487476.991;544861.113;544816.798;-21.2250;161.6492;161.9157;
518068.262;544441.277;544401.775;351.8970;31.7164;31.5337;
771375.445;522485.613;521798.871;112.5982;-53.0610;-54.2867;
487328.461;517750.979;517678.512;-671.5904;77.6673;79.8250;
459271.049;563385.037;563361.667;-64.5613;93.4330;92.8460;
430902.909;544018.385;543882.882;-340.0871;71.1892;69.8376;
483369.413;549182.550;549108.196;-181.8848;-241.4408;-242.3247;
493689.584;528991.275;528933.220;443.5660;357.0436;358.9205;
456027.502;536308.062;536222.459;116.2897;-338.2714;-339.0146;
478824.537;544359.254;544302.591;341.1387;372.4382;370.6790;
414009.248;531243.210;531143.040;-623.9953;382.6899;380.1089;
626311.946;616690.740;616509.942;-497.2034;8.6188;8.8052;
464918.392;544325.153;544281.804;131.2847;-775.3519;-777.6360;
445992.980;482504.638;482333.683;-247.4777;162.6107;162.1762;
531193.688;416477.015;416437.217;-287.0456;134.6760;134.5019;
435335.088;536588.424;536488.916;-763.0618;159.7116;161.1511;
384641.893;563375.992;563502.421;328.9203;-566.1083;-567.7753;
447433.807;517466.237;517320.872;-632.1207;236.7462;237.3740;
734711.801;608771.856;608645.427;33.7875;19.3760;19.0058;
463403.754;546814.940;546777.247;420.3745;933.4370;934.8236;
387203.769;415985.430;415959.704;-118.7031;213.3228;213.2343;
457096.375;552616.550;552587.517;-290.3845;686.0860;686.2575;
891186.424;466180.211;466158.987;17.2156;-5.4232;-5.3880;
464063.737;556180.602;556131.640;701.5722;-197.6806;-198.3158;
469543.145;560074.463;560031.092;684.8177;70.8205;70.3838;
452083.999;520101.126;520029.000;-419.4962;-19.0926;-19.1165;
418652.223;496317.123;496105.783;431.2947;369.7746;369.2435;
469050.946;479347.550;479195.146;12.3466;174.9217;176.0822;
265017.364;929067.179;928878.634;-93.8902;86.6128;86.5380;
478593.317;536207.608;536193.399;64.9288;-619.9630;-620.3426;
466696.601;548804.957;548758.934;1381.8948;-334.9296;-329.6600;
474746.495;534780.547;534739.824;657.1650;7.9042;8.2261;
502408.270;565987.929;565943.435;-531.2562;72.3653;71.4299;
446835.750;562658.275;562629.357;-310.3503;-29.9922;-30.5452;
404011.691;294557.591;294324.363;-1.1174;-80.7040;-81.2013;
509185.264;537212.845;537250.401;235.0772;222.9208;225.6848;
463655.709;564522.848;564518.843;338.0697;-429.3330;-429.3828;
296412.525;480125.930;480073.963;-465.3193;-172.7734;-174.7302;
239337.721;330807.735;330719.124;-184.1702;71.7248;71.6551;
407631.623;519420.400;519088.036;-87.6675;340.1340;341.6153;
477166.597;569278.784;569259.856;-823.5010;704.9322;706.3733;
460540.735;564589.890;564590.482;867.2213;362.4894;365.5797;
714954.826;420555.018;421722.014;-283.6363;-113.7800;-111.8531;
578454.277;607880.017;607909.267;-155.2655;29.2631;29.7141;
446969.262;552166.739;552193.194;-544.2858;954.1576;955.7184;
482984.411;539797.223;539768.187;-288.6732;616.5635;617.9850;
473568.443;549995.606;549908.125;167.0960;45.7171;50.0621;
585941.994;419045.273;418605.701;11.5095;-251.2908;-252.9631;
479980.760;562549.943;562537.941;423.5262;-875.5726;-872.7334;
459098.804;517674.222;517577.395;590.0225;344.0488;346.1388;
498013.303;623394.125;623541.437;425.2618;-118.2150;-117.3263;
489183.481;565504.383;565440.457;-458.4974;-498.4427;-499.7290;
447602.080;332630.893;332070.038;260.3929;179.7480;179.7044;
494299.089;545948.117;545985.917;-560.1623;440.7691;440.9402;
457235.627;530020.348;529942.932;-750.1402;129.2992;126.1660;
443192.440;612577.234;612630.713;2.1181;101.3041;100.1661;
363332.747;463747.061;463712.144;-594.5626;176.8602;176.2238;
472133.215;550515.765;550471.683;67.7899;-490.2939;-492.5083;
499463.144;518030.432;518053.092;993.0067;-182.4608;-178.9405;
450424.768;543180.723;543113.593;-1021.2615;-423.7960;-420.0611;
444479.863;540218.107;540156.724;-84.5455;-398.1933;-399.8519;
416960.756;533137.773;532922.586;167.6909;122.9696;123.1630;
490465.171;558420.679;558447.664;-761.7274;42.7687;44.1985;
469895.133;451730.937;451569.124;-107.3107;52.3901;53.4343;
487458.168;562372.016;562390.336;841.6733;44.6420;44.2701;
450326.816;551424.619;551395.079;390.6901;155.3447;155.0649;
445828.605;551224.304;551155.928;-322.8567;264.8387;263.8892;
461034.129;558932.872;558876.415;-16.9986;-183.8282;-186.8301;
455741.789;557616.016;557629.570;29.4993;-797.6638;-801.0362;
464703.439;587890.339;587892.498;-264.4573;-305.9062;-305.1478;
530052.815;529645.747;529563.797;437.5686;162.7743;161.3555;
138146.019;44066.269;44097.872;-130.1683;-265.8190;-265.4106;
432763.277;596584.401;596490.468;315.0172;373.3037;373.5201;
469436.196;545924.998;545840.929;-202.8285;341.7532;342.2023;
482852.089;545394.897;545350.212;137.3472;-23.0259;-23.7098;
153795.477;634995.929;634983.548;-247.5571;-59.5936;-60.0320;
464763.178;542514.734;542454.559;-614.3071;-178.3677;-179.4672;
441920.637;577405.649;577418.805;-504.6174;-443.2496;-444.9176;
458211.022;554830.986;554776.192;1126.5378;-73.8208;-67.7137;
581186.219;535207.835;535043.653;31.6415;82.5040;80.8493;
461519.527;543060.970;542992.049;649.3006;-397.3020;-397.9461;
476834.421;554874.884;554867.133;88.8055;-454.9581;-457.8263;
482875.589;573605.614;573633.245;-243.8781;-1.4702;-2.5959;
