# This file was created for the Modelling and Simulation course, RUG (September-November 2019).
#
# Project: Simulate colliding galaxies, using Barnes-Hut algorithm.
#
# Students:
#     Stefan Evanghelides (s2895323)
#     Hidde Folkertsma (s2759799)
#
#     X         Y         Z         DX        DY        DZ
450242.749;555053.136;555112.777;58.2296;-15.4335;-17.8616;
457920.425;537476.003;537424.411;353.5679;397.3183;409.7290;
810350.168;732988.770;732914.643;27.4551;-117.6820;-117.8730;
475374.426;528977.435;528754.148;-1206.7626;-280.7151;-283.6630;
472807.254;531574.550;531314.629;-502.6826;679.0643;677.0108;
553676.490;586102.036;585603.869;16.6169;630.5275;628.1218;
452022.617;399709.340;397710.274;-354.8741;-33.1156;-35.2172;
589699.113;763044.328;761635.017;55.3929;260.4522;262.3595;
512870.504;500505.580;500336.594;544.5921;-23.7982;-26.8079;
194980.969;522833.513;521067.524;17.4907;-60.0152;-63.2549;
916480.992;591343.379;588082.302;409.4589;27.1823;21.5248;
481760.985;555051.161;554976.699;-77.2664;72.0222;72.2588;
465096.282;541390.104;541188.265;58.1443;-291.2661;-286.2573;
309214.189;449149.021;447667.510;385.7825;-102.2941;-104.3558;
89256.273;493578.110;492871.360;-329.1232;-28.6501;-31.7989;
459074.983;524828.814;524709.654;369.8368;-369.9503;-376.0802;
447973.758;565176.141;565053.084;-143.7349;-249.0237;-253.7990;
224580.423;465940.478;464905.895;131.7809;27.8240;31.3128;
418962.098;560671.131;561266.862;-471.2720;198.3255;229.2437;
475843.763;533675.586;533511.089;1058.5258;-314.6641;-324.8533;
537729.025;550751.599;550528.134;-205.6385;499.8194;504.7828;
470122.598;537782.131;537822.327;1574.1883;122.6022;129.9515;
465268.500;546003.453;545882.063;-83.3189;473.1475;484.4891;
652781.909;578853.350;575620.592;221.5302;-79.5272;-87.1841;
484205.340;548822.287;548522.534;470.6949;-323.8224;-324.2868;
454970.325;544371.162;544309.847;21.2146;94.3051;104.8474;
468871.434;546435.309;546294.487;-516.8717;-237.8774;-234.5120;
420903.855;561497.202;561759.668;-161.4143;-245.7306;-246.6530;
476339.080;527895.066;527846.286;38.6117;239.7203;243.8722;
903928.520;137192.035;137204.949;-4.3378;-8.2016;-8.2235;
585078.986;421736.617;419007.296;57.5231;170.1430;173.8243;
472329.176;544342.934;544218.042;187.6413;-209.9679;-213.7445;
470572.946;523580.965;523372.351;-771.0362;-572.1251;-576.0146;
481525.135;511492.847;510577.719;-853.0410;462.3074;479.6698;
467040.259;540463.565;540400.588;107.4053;-374.4127;-376.8698;
396592.849;499466.854;499590.994;605.5251;328.5329;327.8553;
488248.757;534571.366;534309.569;494.1937;181.1471;185.8029;
461088.307;547063.054;547133.903;258.9614;-168.1443;-178.4234;
507764.382;557169.791;557181.532;-18.7016;-44.0727;-42.3849;
470983.323;533937.908;533739.694;-304.0446;534.8811;544.2822;
314769.029;533208.068;531391.248;406.0335;221.2450;222.1237;
467117.219;540989.517;540965.139;-758.1350;-484.8019;-487.5591;
468778.788;519686.573;517881.334;-1256.1154;312.0041;294.8182;
423230.079;596691.453;596147.730;-130.2994;-235.1470;-234.9514;
498440.039;539271.550;538913.968;-905.0088;-302.3407;-293.5819;
443751.229;519091.941;519141.997;-51.6633;-46.8607;-49.6653;
626609.345;377346.547;377226.472;-228.3532;262.4823;261.9568;
492110.000;532402.402;532065.022;509.6399;660.3951;662.3570;
645754.294;693407.144;691966.913;-196.5646;-64.8156;-63.9946;
570302.257;626885.410;624560.655;41.6972;105.0673;99.8419;
494283.928;539647.288;539756.631;333.0153;-907.5608;-906.9689;
483021.020;526757.871;526642.583;150.2883;51.0763;49.7399;
530347.869;569091.975;569895.746;797.2356;-133.7445;-152.4217;
186580.613;441266.907;441756.579;12.5457;129.9688;131.6351;
477841.276;541705.626;541983.768;-796.2331;-483.5759;-504.1182;
506965.334;545083.883;545031.328;360.2751;438.7416;426.0632;
450766.339;531882.810;531805.194;-197.0644;-550.8495;-558.7348;
520422.795;682161.732;681155.214;102.0765;-6.0612;-10.7948;
501919.695;562217.179;561802.821;-325.4494;450.0617;450.3226;
878208.975;663472.347;662995.827;-145.0770;0.6359;0.3634;
477185.700;515823.179;515473.504;361.2826;-112.6257;-112.9685;
39197.506;579638.263;579365.542;40.7459;81.0188;80.8913;
500993.481;535768.098;535504.747;-1099.9034;-72.5239;-74.2536;
526688.384;570870.353;570299.412;-316.1502;182.1720;186.2306;
457878.743;519975.759;519733.638;-499.4339;24.0167;20.6593;
56342.915;21355.932;20344.621;-15.2800;-74.9206;-75.0625;
456625.945;535286.045;534947.228;-3.9164;209.4451;195.2794;
497672.134;522919.636;522780.808;126.6714;-159.0807;-181.4494;
479174.184;530487.346;530316.588;-227.4174;663.7407;649.9953;
509708.722;504760.745;505121.185;-401.8729;-243.3716;-238.5413;
429420.416;300949.092;296176.063;-33.1501;-55.8814;-58.1670;
463879.951;548798.532;548656.474;-600.9641;-302.0631;-296.2622;
823801.014;478121.188;475687.308;-20.8328;-27.5868;-27.4909;
338374.136;547207.748;546446.712;21.9337;341.4905;336.5287;
433100.076;572636.207;571585.109;293.9778;-303.8645;-291.5195;
644305.084;437129.429;436190.980;50.6726;60.8309;60.6009;
473405.248;558915.050;558765.141;278.2972;-296.7775;-301.8101;
485439.974;459400.019;459130.651;-89.6496;-65.0608;-66.3419;
482007.256;529602.411;529451.980;-396.2417;-91.3583;-92.3479;
475592.549;545484.271;545454.240;-462.6483;-152.5139;-155.0170;
457451.626;530989.299;530736.106;-178.7746;-966.4130;-967.5563;
376816.617;589443.997;589288.869;-366.3094;241.9190;241.6472;
411218.881;519853.344;519520.180;-150.8755;120.5909;105.7531;
478441.051;539695.579;539637.374;245.1119;-9.7281;-4.4995;
377980.987;536225.560;533773.111;-202.8553;-291.6842;-299.4941;
473357.493;533316.187;533124.880;603.2129;230.7676;241.7931;
472029.132;523805.781;523707.751;17.5703;-830.6459;-832.9257;
461427.886;531456.782;531336.616;-243.2116;593.9977;597.8502;
447061.875;575888.778;574415.481;-57.5343;188.3718;187.3734;
441608.985;546246.047;545564.687;548.5276;623.3242;618.8740;
642818.762;520849.701;520548.953;-269.7412;210.2335;211.3883;
472463.036;536306.186;536187.831;1065.1785;-71.6921;-68.2461;
660633.698;666392.568;666308.018;142.8866;-11.2843;-12.2138;
838670.262;650648.084;649944.032;207.8667;-9.8117;-10.5809;
471976.783;491470.031;491861.116;-274.9874;64.7049;65.9227;
512662.337;494320.675;494183.048;767.7868;307.4569;308.6982;
565295.773;549091.669;548510.933;-274.3444;-330.0145;-331.9090;
352411.239;502743.097;503025.159;-466.4689;-188.4101;-190.1912;
480541.877;509505.291;509474.909;-575.4973;-587.9627;-592.7431;
640517.593;457982.877;457057.044;-141.7659;-75.9285;-78.1945;
502377.607;556536.452;556590.490;628.9221;-551.8070;-540.2735;
838015.742;473341.880;473169.118;-99.9125;20.5451;19.1445;
529492.549;545642.211;545657.189;-185.8239;259.3313;264.0478;
506107.059;532696.079;532733.096;-201.4041;-320.3706;-323.4131;
461090.035;582893.012;582061.868;410.0069;-106.6573;-106.4902;
863706.316;724503.540;722942.320;102.9991;40.9256;39.5286;
441547.394;544517.421;544495.007;-436.8084;-25.7404;-41.9989;
471480.128;529015.150;528924.673;162.6973;-760.7035;-747.5957;
501470.402;557043.915;556912.173;324.7126;445.1910;443.7471;
489022.423;530182.331;530113.496;-144.1376;-373.4303;-377.0621;
468779.342;537102.537;537012.369;4.8894;468.6070;478.2678;
413442.072;535277.881;534923.868;-68.1718;-110.6443;-113.2566;
415124.669;227397.445;226452.786;14.3752;-12.3277;-12.8037;
443503.365;556725.351;556422.019;519.3053;271.8146;266.3715;
435186.724;550193.260;549798.179;501.3896;-139.2773;-129.4819;
291851.609;457752.565;456409.452;408.4147;264.0959;258.1831;
239605.953;560490.116;559401.043;323.9104;133.1483;138.6391;
497422.047;527896.951;527829.326;-188.2225;-125.9382;-124.8388;
439730.741;555519.616;555487.698;517.7482;-243.8178;-268.3285;
489306.901;548536.072;548205.909;-197.5945;-279.1658;-287.9543;
514810.876;768473.169;769589.977;326.6884;180.3958;183.7284;
426409.592;556081.880;556191.930;-568.6242;-69.0450;-75.0551;
551992.555;524636.435;525204.372;678.6307;-323.4857;-316.4292;
480980.906;538238.201;538155.982;1012.8901;-203.5349;-200.4674;
493952.240;528964.103;528969.722;505.6696;272.5211;275.5561;
496593.816;262662.143;261045.644;-91.4248;-0.1150;-0.4888;
474691.735;534017.052;533918.921;420.1508;-91.8530;-84.6301;
482438.755;534303.741;534148.258;435.2510;714.7702;687.2738;
482683.169;554160.977;553635.483;1298.7149;177.3158;165.5790;
459625.210;529264.504;529182.577;145.0725;-69.1802;-69.5207;
40629.991;498688.314;497408.225;-342.4207;-201.8867;-203.5528;
475870.134;525994.662;525808.561;-158.0574;-910.2963;-923.9615;
454208.854;532315.208;532230.120;319.6409;-267.7741;-262.1197;
484843.768;558391.650;558190.294;919.9762;231.6512;217.9248;
457827.970;480047.970;480716.866;-871.8739;26.8669;64.8598;
439478.575;536195.024;535915.039;-470.9657;147.8832;145.5066;
460272.795;528546.682;528642.710;877.5730;867.7262;868.3262;
480720.726;543715.483;543845.581;-440.5020;-84.6686;-85.6408;
454846.046;544169.022;544001.792;488.7934;155.5021;159.3719;
518894.827;517837.574;516758.189;-553.1375;94.0719;92.1350;
510682.470;566155.547;566120.810;-672.6660;142.8224;160.0881;
518649.518;515854.150;516014.381;592.4398;-521.7963;-520.9550;
474782.301;516121.230;515618.111;488.1597;513.2383;523.6026;
474880.140;524821.720;524664.931;-152.4771;-48.8728;-51.5979;
445274.978;542809.076;542655.418;-252.6148;80.3266;82.1747;
488904.820;558692.004;558764.618;-711.3198;-124.3695;-119.3511;
430091.087;577447.086;577945.601;-627.0968;228.6019;222.8476;
393415.515;524505.245;523170.574;109.8358;-168.8166;-177.1951;
402517.793;562481.017;561649.020;-3.3692;-421.8717;-428.8231;
820571.204;683078.466;683114.574;168.2097;-34.0439;-35.0708;
456188.740;548108.395;547805.917;340.8881;47.2386;40.5193;
499514.735;537881.142;537917.796;550.0063;-52.3002;-47.0406;
427324.275;517592.217;516578.172;1193.3773;74.1817;95.2449;
492915.072;544802.642;545142.783;-1325.6591;316.1631;332.8795;
508314.653;565900.520;565846.062;-822.8811;209.9632;232.4910;
448400.630;533303.369;533118.034;-356.7249;-386.3443;-397.9891;
20298.417;325553.975;326325.231;-275.8119;-126.6273;-123.3422;
457631.540;550783.165;550687.180;-23.5167;-6.9450;-2.0653;
483617.088;552405.058;552407.224;34.0993;386.5266;397.1192;
466531.727;539474.306;539034.944;-421.9611;234.9075;236.0840;
