# This file was created for the Modelling and Simulation course, RUG (September-November 2019).
#
# Project: Simulate colliding galaxies, using Barnes-Hut algorithm.
#
# Students:
#     Stefan Evanghelides (s2895323)
#     Hidde Folkertsma (s2759799)
#
#     X         Y         Z         DX        DY        DZ
473967.156;537774.173;537648.263;57.8236;131.7782;131.8418;
461440.715;540244.765;540159.724;362.3702;5.0350;6.6908;
762272.778;825006.966;824986.976;70.6414;-74.6754;-74.6913;
359524.185;839218.914;839893.622;-105.2917;255.1486;255.6421;
477416.969;532006.267;531815.280;395.6330;88.1690;87.9666;
487105.790;553489.279;553387.954;-754.3215;-11.1082;-5.0814;
441984.373;603094.786;602955.255;-599.9999;158.9630;157.2333;
559956.343;633266.962;633736.378;373.5095;-211.0922;-210.0516;
355741.804;510046.853;509561.658;-71.6670;-134.9692;-136.7385;
444190.299;521400.804;521277.576;1070.0205;-441.2982;-438.7209;
603725.244;496091.089;496383.219;-356.9369;251.1332;252.1572;
325802.755;474034.088;474793.685;182.5657;140.8277;140.5232;
488076.008;545792.676;545653.848;-759.8792;617.7296;621.9362;
454643.647;512318.222;511967.741;-499.2718;245.2964;247.8689;
113551.951;592486.183;592247.324;-139.0117;-145.6858;-146.2298;
528897.485;571126.734;570978.186;-197.8791;-220.0377;-220.3408;
436101.758;565851.734;565714.945;-27.0791;89.7730;88.9235;
443169.586;505356.101;504820.408;264.8265;-16.6455;-14.4202;
540760.236;580859.311;580694.999;-505.6918;-379.5107;-383.3636;
311028.730;546050.287;544431.616;79.1524;51.2447;49.7044;
463849.415;533251.484;533108.836;-345.3905;-411.4699;-405.6843;
297876.447;466556.198;465665.699;143.4771;-130.6331;-132.0267;
469880.928;550006.448;550003.964;494.9009;-373.3522;-376.7162;
469811.046;562508.493;562603.201;-425.9330;205.0444;207.1224;
470639.020;525961.712;525921.795;-1113.1325;441.8078;446.6639;
460767.757;528480.329;528366.461;-346.0362;307.6737;307.8883;
487989.905;546447.559;546314.270;-266.7558;-450.9610;-450.2791;
486265.577;549782.594;549766.334;-247.7788;-480.2811;-481.3593;
470210.847;553519.040;553489.557;-290.6774;-15.8527;-16.9393;
488006.523;533765.421;533581.687;176.6880;-245.2768;-249.5756;
897852.733;154528.979;154554.085;17.6048;-27.9027;-27.9082;
545224.697;578294.978;577448.152;-786.0978;-22.4671;-14.1573;
468249.055;533851.881;533787.321;-754.6309;-545.7208;-546.1073;
492081.110;544576.755;544390.721;529.6651;-132.7506;-131.0232;
402773.141;560289.788;560440.897;92.2161;21.1733;25.4938;
486567.427;556378.861;556314.939;288.2883;81.7083;80.3181;
236033.024;490952.925;489367.462;-129.1125;-114.4978;-114.4920;
481435.070;546805.111;546707.429;-371.9549;-19.4918;-20.2625;
520783.723;480703.025;480035.434;-228.5570;-233.7672;-236.6239;
484712.651;539120.156;538954.214;449.2228;-225.4553;-226.7625;
479634.246;538686.032;538563.594;435.2578;11.9552;11.5440;
173143.888;406309.258;406114.249;65.8614;36.7345;35.9353;
497721.817;542216.103;542177.353;274.5711;-387.8735;-388.7343;
439664.935;547290.533;547209.917;973.4925;282.0251;284.6360;
405892.908;670967.115;670896.361;107.5149;-180.2921;-181.0878;
487241.929;562105.541;562045.419;-530.0951;302.0117;303.5623;
489577.161;557357.579;557297.995;32.5852;-167.5494;-170.4886;
758303.546;217911.912;217924.175;-77.6247;101.3880;101.3633;
493961.116;521310.756;521204.776;-131.2643;-129.3280;-130.3887;
791060.017;713070.197;711623.986;-106.1691;15.5051;14.7744;
362021.873;569730.673;569812.282;-123.3044;-71.4072;-72.4072;
497571.778;532435.245;532217.889;-595.1473;-74.6892;-77.2003;
495150.480;547346.167;547226.848;-115.5924;451.0888;452.3360;
463313.186;539762.592;539543.192;1159.9461;-327.2062;-325.2241;
356053.824;396665.009;396488.010;-312.2138;-101.5440;-101.6219;
445120.303;532521.977;532711.394;-715.9787;-365.6124;-359.3231;
427869.772;564966.808;565055.360;-11.5266;-294.4472;-295.7447;
487902.198;530767.899;530679.130;0.3623;-491.4004;-490.3650;
637600.507;450978.645;451466.817;-357.2912;104.4855;104.8422;
463914.799;536731.373;536647.573;743.9775;141.7120;135.2184;
968117.128;651300.634;651016.620;-49.4201;22.0849;21.8892;
474064.014;532825.006;532712.069;-527.7074;-243.5580;-241.9790;
37313.799;497274.152;497081.375;-37.1354;84.2905;84.2311;
498734.665;506522.901;506131.969;366.8994;240.0539;239.5340;
467951.716;464983.012;464236.945;440.6736;62.6451;62.9616;
469459.917;527656.207;527607.609;-69.5458;171.3497;171.9281;
86447.907;113167.136;112318.693;-49.0113;-116.2937;-116.4929;
498800.519;582927.365;583055.576;370.7208;114.1408;110.1942;
529900.081;507635.735;507314.027;382.9049;-375.3923;-386.0737;
452578.961;534782.776;534789.752;-513.9499;243.5885;243.2817;
334636.056;586226.782;585916.900;279.5314;69.1133;67.6031;
477999.774;489672.223;489531.078;-75.5251;-535.3116;-543.0885;
511238.276;550918.163;550609.144;-699.2702;-249.0053;-248.7547;
800858.070;509426.527;508367.201;86.6223;-38.4604;-40.3517;
429411.249;648101.360;648337.792;484.0211;5.9919;5.3112;
521781.392;578957.563;578984.332;235.5973;47.0856;44.7558;
521718.784;444784.646;444258.132;178.3317;-103.6714;-104.2725;
493175.693;565355.069;565305.577;367.9573;-163.8768;-164.1219;
463898.173;539295.936;539327.319;413.9483;-828.3461;-833.8604;
476588.350;514207.523;514000.840;-117.4797;223.2960;225.3308;
487261.986;538661.449;538485.935;470.7999;873.2379;872.1490;
478788.164;530370.700;530217.345;746.2563;546.3049;548.5372;
770729.577;503804.636;502882.044;-93.5354;1.4976;2.0192;
473988.608;553466.529;553338.507;1337.2709;-53.7653;-56.6506;
492237.300;550741.635;550620.423;-448.2392;-525.8646;-526.9977;
439421.038;507296.123;507296.714;81.7801;-174.0707;-182.1309;
499290.839;550355.915;550281.397;-557.0730;121.2169;118.3116;
479412.398;555937.275;555928.807;91.2718;-307.8879;-311.9646;
458521.043;534345.593;534274.758;149.7078;277.5831;278.7933;
498352.608;512200.532;512031.722;85.3875;75.1424;75.0662;
437789.742;507395.319;507461.995;41.0887;542.6789;541.3301;
530506.333;441182.793;440516.043;437.2041;-160.8317;-162.2137;
464577.900;531510.446;531402.840;-427.7217;111.1356;112.5923;
461934.376;619578.859;619619.070;257.3856;158.4651;159.3934;
520036.176;609971.710;610073.233;548.3268;227.0532;226.3083;
456745.845;504487.571;504408.093;-383.4221;200.0330;194.7892;
575856.124;659821.106;659676.154;-248.5123;212.4996;212.4508;
473799.920;661636.158;661569.116;221.7894;93.1369;92.9955;
717010.965;608931.380;608610.883;-102.4138;-17.8209;-18.1331;
475321.423;532165.506;532092.666;-922.7336;-435.0048;-432.3993;
494546.978;586472.512;586577.253;751.0765;80.9688;84.5754;
500468.782;544948.703;544837.670;-14.2054;-159.7775;-161.9774;
890614.985;464908.958;464902.138;-19.1206;0.9768;0.9898;
476435.910;545258.777;545198.789;849.5647;95.4354;98.5374;
493224.945;543307.811;543235.671;394.2435;402.7328;402.8586;
475384.340;561311.482;561259.055;505.4134;-159.6658;-163.2143;
685190.329;649006.256;649166.660;293.0687;125.2467;123.4593;
477542.977;548070.998;547924.181;68.8893;-681.7970;-677.6990;
217522.714;969419.935;969192.683;-80.9931;62.7874;62.7195;
493389.048;543610.916;543483.021;409.5116;175.3576;175.2249;
484612.907;541814.582;541640.596;746.6791;-137.3118;-135.4481;
508610.477;548503.480;548382.161;-81.9575;293.2709;292.7280;
468639.604;574558.657;574300.359;14.2279;-283.1593;-282.9552;
456347.441;532871.839;532781.798;-20.1542;-328.1725;-330.5316;
405460.911;258701.071;258202.450;5.7380;-52.6636;-53.1373;
507267.564;520244.236;520104.332;-46.6135;525.6389;526.2142;
448050.655;531593.718;531564.816;-439.2290;36.8978;38.2248;
159394.538;425248.371;424296.204;-111.9374;-78.5137;-79.0362;
156926.282;387663.476;387525.657;-112.3305;147.0919;146.9033;
449759.855;544971.269;544900.893;167.2801;638.0692;636.0415;
461125.870;581953.776;581606.102;-414.5590;-567.1597;-558.9773;
450334.252;524829.406;524706.135;-82.3095;421.1691;425.0294;
496043.671;418356.057;419313.069;-506.3468;173.2032;169.8374;
456630.327;519624.807;519486.382;183.5348;-433.8294;-432.9633;
434519.579;501579.524;501490.370;-824.0043;-392.5332;-393.6215;
476747.483;533645.446;533449.108;-743.4828;760.9183;764.4309;
466356.032;546055.990;546023.598;249.8838;72.1280;72.7082;
570977.533;320739.985;319639.887;-55.2475;-124.5201;-125.3305;
496483.059;539249.796;539191.653;1133.4060;-237.9974;-237.5349;
462811.839;567879.248;567652.898;580.5725;-475.2407;-478.3599;
384625.379;496865.979;496995.804;-400.9696;228.1587;232.8578;
501206.877;550231.877;550172.065;28.8375;544.5041;540.1885;
566087.609;506048.921;505789.470;-10.4823;537.0092;538.8089;
478702.870;556883.549;556823.474;-78.5394;399.7396;404.0438;
454990.269;543453.287;543449.579;-396.4732;763.3035;763.0144;
440381.263;462411.303;461794.992;-174.2908;-217.8471;-223.2733;
284309.335;620136.041;619196.239;198.6991;246.6742;247.4844;
476096.301;538401.902;538278.994;-28.1383;-93.9654;-92.7693;
480553.979;567971.705;568127.453;-597.6314;655.1800;647.2993;
488609.664;569424.115;569726.745;-362.1576;17.1494;15.0042;
497422.298;555890.949;555845.993;-240.1062;-458.3649;-461.8841;
401235.700;539778.431;539615.495;59.6945;45.4852;49.9849;
441291.195;527618.863;527500.483;501.1203;-162.0315;-160.4246;
542716.576;559763.099;559293.180;-286.3697;-240.8857;-244.4384;
525517.663;542366.100;542231.288;552.6319;254.8875;256.3120;
507004.919;557867.050;557758.188;170.5066;-325.0394;-328.4071;
469508.131;560965.971;560944.034;231.5466;33.6693;31.2973;
462024.639;546803.352;546758.885;-541.9518;412.8248;408.4408;
461912.031;528435.043;528341.135;754.0180;-185.8436;-182.7429;
410130.031;530102.917;529827.701;-10.2201;-241.7770;-247.3317;
494601.587;520988.559;520944.046;597.3287;597.7827;607.0821;
611361.182;682772.185;683024.752;281.6675;54.5686;55.0288;
494348.516;563371.552;563328.386;91.3358;437.6383;437.6934;
507487.214;553458.080;553386.241;-137.2280;321.5062;321.1747;
118232.561;584179.196;583934.209;143.1554;-38.1599;-38.4910;
495547.757;522841.925;522652.592;-47.5672;328.0749;329.2494;
410251.441;547031.249;547378.849;-247.5665;-605.8659;-605.4514;
482158.731;540370.545;540292.536;-1268.7299;-186.8722;-179.5784;
339151.170;487492.127;487086.847;-442.0755;-227.1680;-230.0372;
475704.014;532651.634;532515.748;-345.7171;147.8088;149.5353;
478808.753;539637.480;539554.933;-401.6482;64.4970;62.6214;
432412.193;584177.926;584324.963;-99.2994;-27.5850;-28.5241;
