# This file was created for the Modelling and Simulation course, RUG (September-November 2019).
#
# Project: Simulate colliding galaxies, using Barnes-Hut algorithm.
#
# Students:
#     Stefan Evanghelides (s2895323)
#     Hidde Folkertsma (s2759799)
#
#     X         Y         Z         DX        DY        DZ
215017.051;553503.627;553500.702;224.9692;-75.9723;-75.9766;
406579.083;475887.943;475887.529;53.6267;140.0887;140.1363;
300866.038;746742.392;746738.608;86.1226;133.6690;133.6657;
207472.013;336155.330;336159.148;-21.9075;-60.3852;-60.3839;
203662.313;661813.509;661839.169;152.6999;-64.6301;-64.6210;
257559.271;515771.758;515772.169;179.5337;-15.4558;-15.4509;
254906.767;521178.072;521180.387;777.1540;50.0730;50.1120;
388051.721;422607.971;422616.713;497.2674;-50.9051;-50.8973;
296742.175;522488.856;522489.325;112.5255;-238.7848;-238.7674;
282173.578;506312.241;506313.163;77.9394;-681.9931;-681.9659;
415911.817;391846.325;391843.171;323.3378;-90.1575;-90.1657;
302455.437;423553.887;423558.855;197.7246;-79.3958;-79.3878;
264149.644;527740.905;527741.742;91.9033;-113.9043;-113.8899;
312901.751;485616.061;485618.505;747.4256;-304.5683;-304.5872;
307722.110;499877.350;499879.159;-13.8450;749.6128;749.5816;
240764.103;547340.005;547336.560;283.6642;-248.7962;-248.7814;
296763.271;506035.569;506036.152;545.2897;387.3930;387.4008;
272721.242;508100.961;508102.103;340.7560;146.1282;146.1125;
316297.622;404618.303;404604.777;64.8140;216.8617;216.8770;
303123.243;512902.334;512903.931;547.6154;-387.1461;-387.1599;
196692.655;188253.741;188248.476;35.4034;-91.4424;-91.4436;
282627.374;532088.424;532090.452;30.7737;184.7770;184.7964;
306156.758;510028.396;510030.235;466.3674;341.1584;341.1538;
319661.229;516021.648;516023.468;515.8777;149.8387;149.8741;
333638.637;530236.927;530238.068;8.3278;-121.6642;-121.6845;
370888.578;516613.449;516610.299;147.7694;-172.2547;-172.3018;
293394.943;508455.496;508456.903;722.1252;244.8715;244.8564;
184752.967;565362.396;565364.643;150.5290;-74.3960;-74.3906;
310319.518;500880.139;500881.713;-35.6576;120.7032;120.7058;
307342.446;519922.373;519924.896;-345.1420;51.5569;51.5549;
302612.385;517870.447;517870.741;284.2120;25.5392;25.5628;
297901.458;508504.386;508506.147;-324.4217;334.9661;334.9837;
244956.314;523213.058;523212.682;395.8845;-187.2717;-187.2791;
292531.619;512267.082;512268.522;-30.7518;46.7638;46.7469;
268685.865;512734.575;512735.201;366.0457;93.9265;93.9422;
299739.409;515715.304;515717.041;246.9961;317.3144;317.3524;
300042.548;514678.744;514680.329;-245.7337;48.9063;48.8784;
362580.041;490710.445;490710.419;39.0088;-150.7318;-150.7325;
338329.178;507640.291;507642.234;217.3070;-301.6946;-301.6942;
285548.644;528605.950;528607.919;-125.9127;24.3472;24.3764;
298947.984;507569.118;507570.210;-634.1009;25.7731;25.7529;
279170.502;502073.112;502075.013;-468.9319;250.2294;250.2028;
280086.555;511133.589;511135.035;-742.1503;-206.3066;-206.3198;
271490.908;521828.924;521829.693;-59.3149;-74.9053;-74.8871;
400168.930;478060.029;478060.144;141.2289;151.5376;151.4805;
268892.357;499778.075;499780.484;143.5876;422.0809;422.0588;
297421.168;550977.303;550978.174;-12.3409;23.3124;23.3025;
393557.802;580506.794;580508.047;56.8042;-146.7489;-146.7398;
423179.984;503202.747;503203.245;614.7146;-64.8635;-64.8490;
297537.830;500333.238;500333.846;355.9675;-487.4571;-487.4433;
185421.001;552240.483;552238.538;1.8903;108.1647;108.1573;
304096.876;523408.527;523409.099;-17.9489;18.2669;18.2533;
318220.187;450952.654;450957.689;-85.1752;-64.0584;-64.0412;
242464.007;513355.510;513356.758;412.6458;234.7177;234.6756;
297653.317;509129.923;509131.266;273.3741;82.4469;82.4596;
258578.708;516888.419;516888.503;469.3813;-192.0460;-192.0561;
400710.663;476001.849;475997.159;126.0408;219.3428;219.3928;
350284.310;550537.972;550537.314;-131.8441;-377.5060;-377.5065;
286455.811;505213.576;505214.632;417.2230;326.1527;326.1430;
289325.162;518640.334;518639.973;-346.0136;-219.1229;-219.1227;
291270.294;504487.721;504488.973;-40.9451;-136.8661;-136.8604;
305704.045;515749.695;515751.016;430.3295;401.6558;401.6511;
268551.686;514177.763;514178.458;108.8656;-293.0858;-293.0749;
296624.740;515888.445;515890.020;-227.3346;486.2349;486.2580;
292877.930;537571.801;537573.471;-240.7177;-313.3883;-313.3914;
322511.164;533923.902;533925.189;99.9612;118.6341;118.6431;
317134.694;491687.837;491688.603;58.0203;-178.6663;-178.6630;
310642.763;507225.563;507227.299;55.9830;13.9906;13.9960;
296374.043;504167.579;504169.263;604.2369;187.0034;187.0374;
302179.629;509402.487;509403.468;-80.7050;444.7999;444.7811;
402890.069;500223.846;500222.709;222.7342;-153.3602;-153.3666;
199350.926;518131.835;518132.810;266.4693;10.6072;10.6029;
310450.990;504574.921;504575.187;-575.7831;330.2703;330.2915;
299940.516;508853.431;508855.400;195.7231;-115.1844;-115.1654;
164396.613;517481.881;517484.638;67.2674;-28.3521;-28.3518;
271927.865;563044.566;563039.933;113.5040;205.2714;205.2409;
254692.859;526857.196;526858.151;108.3502;36.1293;36.1087;
279437.365;513922.965;513923.801;-274.6451;-54.0607;-54.0501;
297947.556;507645.208;507647.227;953.8624;-188.7365;-188.6978;
265365.112;508820.897;508821.307;-503.9870;78.6186;78.5998;
279368.508;508275.010;508275.713;354.0716;3.1405;3.1371;
343289.102;543269.446;543269.855;-221.9088;156.7806;156.7790;
288087.597;513656.153;513657.657;700.1035;-10.6183;-10.6040;
268712.441;508263.308;508265.865;495.2070;-98.8442;-98.8172;
248367.367;507964.434;507963.942;464.9601;193.8299;193.8189;
362714.413;519026.407;519028.099;323.0659;-401.0467;-401.0305;
334816.912;508657.335;508657.753;-241.9031;-92.2080;-92.2141;
316865.988;516221.719;516222.608;503.7892;-54.8925;-54.8868;
309382.793;511454.345;511455.731;-103.3792;244.5787;244.6079;
270144.792;483150.123;483149.311;203.6810;-56.8842;-56.9000;
278795.806;512363.320;512363.908;-33.7246;-50.5819;-50.6065;
302145.339;506709.670;506709.681;623.2421;-88.8933;-88.9051;
286962.441;508079.704;508081.027;109.2424;77.2916;77.2922;
254931.185;513594.146;513596.265;156.2706;-148.9004;-148.9174;
392518.253;455180.979;455188.600;-77.7039;327.1846;327.1311;
324351.608;482558.609;482559.457;398.5831;33.1451;33.1235;
330383.438;502452.525;502453.575;652.2435;-165.4344;-165.4427;
258825.509;645990.861;645995.362;44.4696;15.3663;15.3726;
186119.287;422365.157;422369.539;-45.5226;-209.0941;-209.0843;
676502.687;489709.725;489710.154;148.2043;180.2675;180.2612;
677984.001;505987.063;505987.032;153.4123;364.5580;364.5385;
678712.520;511558.321;511558.874;396.3971;259.0982;259.0737;
699747.931;510367.627;510367.784;-1053.9352;280.4507;280.4395;
768074.082;538148.712;538145.009;410.4201;61.0093;60.9891;
701153.253;510559.848;510559.305;-240.0647;145.9891;145.9711;
696024.652;514899.968;514899.170;1215.6328;337.8220;337.7979;
625474.761;492719.025;492721.323;267.5385;-35.5739;-35.5778;
698869.796;546028.473;546026.655;-359.7956;-106.6417;-106.6492;
697727.237;543366.288;543363.764;383.4446;-240.5861;-240.5572;
808810.381;626781.469;626783.308;-106.7085;-15.2532;-15.2452;
681171.640;535360.492;535358.638;-459.3376;-445.1422;-445.1324;
695844.365;533726.702;533725.607;-38.7069;-296.3782;-296.3547;
704472.367;518761.850;518760.791;556.4652;128.7476;128.7524;
698461.394;542578.281;542574.634;-695.8549;-197.4762;-197.5011;
719933.923;523714.065;523713.447;83.1820;-267.1498;-267.1134;
727207.244;503054.954;503055.635;324.1640;-500.9001;-500.9165;
694289.425;519853.476;519852.873;-247.3945;5.4386;5.4623;
616269.493;567385.752;567380.646;-244.4621;228.6031;228.5679;
649291.936;385250.431;385258.828;-188.1561;-149.6010;-149.5855;
742691.161;553779.496;553776.316;-571.7008;193.3336;193.3285;
706305.888;517482.824;517481.762;254.7154;437.1892;437.0941;
660410.556;403581.242;403583.133;-114.5076;-71.8541;-71.8506;
493205.345;321554.129;321537.364;-207.3196;-43.7827;-43.7958;
697994.939;520101.321;520100.501;-183.6260;227.3533;227.3477;
633715.407;591060.189;591054.791;-548.1478;341.9161;341.8842;
713764.125;546957.626;546954.491;-209.3851;-311.8425;-311.8182;
766361.133;535004.104;534998.829;251.5044;201.9139;201.8841;
711672.680;461561.186;461561.618;-21.1385;237.6921;237.6803;
683389.789;534642.523;534640.924;-193.8084;500.2508;500.2013;
692137.819;516513.351;516512.263;773.6340;-22.2830;-22.3306;
633818.945;503565.492;503564.927;-137.4904;-0.0091;-0.0296;
696342.664;518319.325;518318.149;-356.3934;-144.2053;-144.1878;
747560.564;651787.372;651780.067;-187.6335;37.7339;37.7320;
689986.042;510498.879;510499.183;-45.6602;478.1133;478.0770;
721780.913;494119.116;494119.364;152.1377;-11.5675;-11.5912;
624151.719;567504.082;567498.225;-62.4076;-153.2670;-153.2517;
658651.421;484366.702;484369.689;-662.3365;-83.4991;-83.4926;
712283.933;506608.023;506606.825;356.3977;-346.7511;-346.6918;
695485.738;512061.282;512061.259;-1518.5845;109.3007;109.3189;
721942.929;459005.096;459005.018;-357.0396;32.5869;32.5760;
693093.782;503104.557;503103.682;-471.4158;-95.1983;-95.2140;
693035.359;524770.756;524769.424;229.3690;-102.6603;-102.6465;
749214.792;576437.914;576428.742;60.3692;155.6067;155.5778;
746699.323;487933.744;487933.929;-68.5465;-355.2701;-355.2657;
696229.539;522128.812;522127.144;-482.9905;-183.8642;-183.8402;
683275.590;513490.582;513490.347;455.5353;-71.9411;-71.9495;
586761.091;445904.211;445911.809;-400.8221;-152.2215;-152.1956;
742741.434;519415.067;519413.693;17.1541;-210.3205;-210.3043;
703957.462;525666.782;525665.221;-109.6092;358.7252;358.6751;
821389.663;440809.043;440813.591;-11.4136;-15.2552;-15.2571;
635688.153;471247.130;471248.038;147.1046;463.8239;463.8265;
711338.071;519338.693;519338.041;-590.5756;528.4449;528.4235;
691827.127;507028.044;507028.450;38.3298;-245.3615;-245.3424;
736452.311;574187.380;574179.688;-64.2520;80.8558;80.8279;
626456.447;412799.741;412802.413;-125.7864;37.6114;37.6156;
711841.149;518571.315;518570.410;-624.3057;482.8207;482.7951;
700474.290;505809.084;505809.249;294.1488;31.4869;31.4837;
713246.621;515457.134;515456.657;-810.5301;-297.0252;-297.0190;
697052.411;507941.418;507940.410;-46.6061;310.5809;310.5509;
513262.012;241318.363;241310.456;-181.9282;-70.5265;-70.5332;
703714.023;504420.893;504420.847;-255.5748;-320.1775;-320.1270;
669934.485;509983.975;509982.969;-386.5811;399.1705;399.1485;
721656.279;533246.196;533244.909;331.8387;-250.6858;-250.6923;
687104.898;511588.388;511588.225;-708.6753;-504.6220;-504.5729;
795937.196;556517.713;556515.323;-185.8725;-106.7753;-106.7626;
779725.674;508006.705;508004.384;-412.6117;-215.5887;-215.5884;
689897.630;527079.239;527078.682;-509.3924;-741.0882;-741.0801;
701420.267;517781.648;517780.987;-99.6067;-188.5557;-188.5587;
704622.709;505867.733;505867.618;1106.6265;-306.2679;-306.1415;
692061.591;517229.471;517228.663;134.1820;421.5053;421.4888;
858732.648;470974.696;470976.729;79.7068;-138.6458;-138.6406;
692168.219;511773.004;511772.172;-503.6130;7.5241;7.5477;
692309.163;510918.811;510917.967;-264.2397;469.6425;469.5942;
693673.854;515098.437;515099.020;-973.3091;-567.0928;-567.0367;
713144.504;523698.413;523695.958;-712.1457;-335.4607;-335.4129;
698629.851;474288.453;474287.545;-346.3615;211.0085;211.0078;
805550.746;537913.084;537913.032;501.5852;15.1304;15.1178;
692994.233;523622.759;523621.938;-487.8617;90.2366;90.2105;
658471.532;495171.041;495171.731;-314.6411;-4.8764;-4.8568;
700253.269;511054.431;511054.029;-599.1424;-50.2035;-50.1876;
699286.035;511834.333;511834.641;325.4097;38.5006;38.4852;
675076.150;510135.932;510135.413;-283.9643;18.1708;18.1535;
607922.831;492659.027;492663.211;-52.6425;-25.5944;-25.5870;
603340.869;348746.756;348751.106;-291.7846;-288.5415;-288.5451;
619507.943;561343.346;561338.241;-382.6975;-107.8860;-107.8799;
960715.254;528626.242;528613.590;83.5410;-33.0050;-33.0189;
627126.942;537897.306;537894.938;-149.2098;64.7139;64.6905;
697706.117;519728.660;519727.438;201.2820;-418.8677;-418.8331;
614402.817;482096.537;482095.286;-171.5309;118.2869;118.3018;
718777.730;520821.783;520819.977;171.8894;925.1284;925.1015;
640500.386;529654.681;529654.028;-184.4797;118.1997;118.2055;
674300.199;521256.441;521255.148;-369.5330;-29.0142;-29.0415;
708062.751;500306.217;500305.101;-294.0309;211.9101;211.9234;
916287.171;713805.003;713799.006;125.1986;171.4666;171.4579;
692291.577;515038.327;515038.199;-118.0385;134.6562;134.6742;
694600.295;502406.332;502405.489;-822.2406;124.9686;125.0029;
700601.177;524852.103;524850.656;244.9067;131.3092;131.2844;
654863.480;527417.349;527416.617;-94.5392;31.5867;31.5586;
