# This file was created for the Modelling and Simulation course, RUG (September-November 2019).
#
# Project: Simulate colliding galaxies, using Barnes-Hut algorithm.
#
# Students:
#     Stefan Evanghelides (s2895323)
#     Hidde Folkertsma (s2759799)
#
#     X         Y         Z         DX        DY        DZ
482148.721;543188.768;542069.788;339.9165;-7.7775;-6.2882;
461775.361;527883.339;527604.476;309.1691;-563.2336;-562.9756;
808190.654;603737.283;603234.380;-47.8204;-156.9368;-157.5940;
491235.397;533046.903;532106.327;589.3844;-183.4546;-153.5961;
499029.795;511280.657;510549.647;426.2614;101.6829;105.2578;
426051.272;934498.117;930692.425;-143.5244;282.7357;279.5201;
293824.209;550968.983;550208.471;145.2976;268.0819;271.5517;
601201.982;900475.269;907408.196;0.5249;82.0548;92.3533;
323386.236;576674.413;573889.246;-231.1795;-142.9857;-140.0213;
584681.705;593409.216;596762.806;225.4973;155.8815;158.5268;
503520.123;506172.604;505773.064;455.1533;40.1838;40.9909;
466311.015;532287.255;531700.729;356.6251;44.1126;62.5925;
381644.246;534573.255;529635.635;191.1879;-300.0451;-297.4980;
482457.013;517277.894;516800.283;-34.7150;289.4561;278.3304;
534490.935;526227.019;526998.815;-757.5852;-93.0522;-112.8492;
601729.677;647110.895;651676.268;50.5206;112.6060;92.9717;
494421.522;566759.371;565246.171;59.1352;-392.9113;-368.4126;
489177.827;515001.324;514110.155;-553.7404;-89.3860;-77.8305;
161544.054;629109.401;627784.915;-306.4084;-41.4546;-44.8672;
391292.429;561864.014;558757.997;195.9668;17.5079;15.8344;
448977.527;499465.441;498706.029;-280.7132;-4.1300;-4.0235;
447302.572;598673.614;599370.282;233.1189;215.7802;225.0464;
475894.516;528208.122;527572.527;-177.5594;86.4634;94.6378;
470570.679;527879.192;527495.678;-421.3163;-313.9838;-321.8075;
461705.570;541839.851;540918.492;-0.0021;250.6960;248.3594;
490073.495;508331.303;507833.955;892.2201;14.2499;15.5572;
482551.593;516191.449;515650.107;1082.3890;-281.2482;-241.1745;
890987.353;138034.570;138016.607;-23.6294;10.2378;10.1884;
549909.434;578389.404;580126.248;278.9872;258.8026;272.1354;
493676.776;523432.651;523004.631;196.2669;7.0505;32.0359;
463416.100;540363.098;540179.372;1077.8952;120.7237;124.5602;
629797.248;506712.845;508448.372;511.1755;-105.2690;-96.3341;
470152.196;523808.560;523105.154;86.2351;460.7792;439.4834;
564168.565;573415.842;573829.691;-596.6964;-212.4389;-191.1261;
481755.183;532102.146;531830.114;850.5128;197.4329;216.4808;
449068.571;510366.109;509930.037;-203.6566;-17.1816;-36.8164;
445620.774;528952.171;527886.891;-405.8470;233.0409;235.4872;
473924.999;515418.242;515042.378;96.4260;-289.7766;-289.8503;
515850.905;389066.897;384064.338;-188.6813;-17.3361;-20.3212;
518407.775;564796.086;564553.572;-185.0205;440.0499;429.3438;
467900.616;511641.110;511710.042;-49.0704;207.5601;248.3418;
494813.280;540682.294;538452.425;-282.1326;767.5926;789.0231;
441813.980;510186.999;510365.298;-166.4813;454.7848;423.9323;
437306.635;554710.950;554418.650;-336.2024;61.1786;48.7571;
128130.914;591673.991;593855.052;-415.5809;40.7873;40.4523;
511153.417;538494.880;538369.954;-744.6859;-75.3593;-102.4316;
477596.873;480498.711;479728.620;353.7752;-300.2686;-307.1010;
462396.621;551084.791;551193.861;-83.4075;-551.0003;-559.4465;
511314.024;524278.732;524162.522;-23.0639;-547.9977;-562.1327;
514307.003;549340.703;549264.414;-409.8633;388.0700;390.2226;
391168.229;525360.439;522332.029;-135.2025;391.0620;376.4136;
581318.369;443907.947;446462.304;235.7481;-495.8461;-500.2180;
474871.456;550194.963;550105.152;-381.8485;-421.6685;-417.9610;
518932.471;510488.238;510503.748;558.8323;-135.9530;-142.3104;
475378.359;545181.018;544197.496;-548.4606;531.8659;522.4606;
368104.418;523074.285;515673.417;-287.1011;154.9973;149.8933;
563404.765;555647.856;557178.710;-55.2355;361.4898;373.3925;
697647.431;640931.922;640155.492;-260.6148;-66.6982;-66.9433;
465249.411;542727.090;541927.920;331.3308;178.7432;157.9438;
106578.649;648384.150;647979.277;106.0449;65.6152;65.4880;
534559.812;523935.694;523104.588;348.7104;-558.8374;-531.6628;
494598.157;521103.209;520282.631;-287.5219;229.0037;224.4594;
515037.743;521066.181;520780.814;117.6384;-58.3366;-63.7087;
474341.431;538363.071;537341.306;-262.7155;-114.8131;-109.4167;
476592.321;550581.680;550006.022;98.8460;476.1935;486.6084;
508639.881;524863.768;524583.884;96.2600;-245.4036;-243.5085;
458475.681;538305.838;537755.804;566.3934;237.0811;277.4677;
429249.496;315083.709;313335.342;0.9651;96.3172;105.7353;
529982.476;531569.565;531620.742;-262.2054;-71.1864;-52.5378;
753155.601;471985.023;471300.884;-137.9299;26.3762;24.4725;
534819.212;553451.489;554787.249;1124.6639;-160.2003;-151.6309;
540155.716;502311.948;501345.936;-164.3897;148.5707;152.2809;
509716.443;543985.849;543908.660;-664.3311;64.3953;72.9790;
489322.939;540858.266;539235.742;-65.4877;-675.1319;-661.2319;
443137.600;592389.266;591709.916;-119.3972;105.6246;92.4352;
481961.516;539964.947;538982.991;485.7191;350.0522;348.1686;
476732.636;522981.231;522425.985;-104.1518;-117.9203;-127.6816;
449267.629;486509.929;484735.945;339.0084;-588.8756;-611.2407;
353227.864;606187.209;605906.885;241.8343;-161.6902;-162.8229;
484796.459;510677.616;509655.162;40.6402;274.9271;278.2390;
484165.877;506623.214;506492.998;83.8348;462.6802;467.5001;
454431.239;537345.129;534026.654;-220.6165;-830.9249;-879.4567;
455254.835;530306.664;529631.984;-56.2780;-184.5274;-179.7260;
497631.156;525738.561;525667.067;-353.5031;-15.2436;-37.5160;
508134.844;518371.029;518311.531;-33.7804;-270.2679;-269.7277;
459647.832;503943.016;501859.805;-715.2782;-492.3295;-501.8158;
435567.015;541010.729;538964.792;299.0637;141.7384;125.1377;
358037.441;327132.962;317889.836;58.8815;-244.2220;-257.2038;
482555.527;517956.144;517331.201;224.7929;240.0548;227.8847;
754987.116;636557.598;635578.408;62.1676;-41.4431;-42.1849;
943750.732;645353.664;644334.955;20.3191;-43.1279;-43.9607;
515046.697;447700.861;450226.818;317.6260;-255.3673;-243.7896;
517052.390;552778.761;553745.048;-900.0209;-49.6904;-59.4776;
481983.236;500922.638;499978.154;-719.4110;-155.2357;-157.9700;
68047.508;394265.861;391233.834;-234.1190;-84.7751;-88.1844;
434349.965;525147.671;524432.996;-338.5319;473.3265;483.5901;
577638.028;623462.511;624382.435;453.6772;91.6103;100.9531;
468374.732;521668.502;520745.694;-697.3348;-158.3585;-156.5357;
703485.707;498933.464;494891.771;-197.0656;43.9639;38.9687;
463611.824;514970.899;514689.286;709.5178;153.0410;163.0509;
575778.029;516218.499;516730.501;63.7900;-79.6004;-64.8271;
483859.300;567017.148;565815.081;709.5045;-78.1254;-123.8376;
911912.374;734336.669;731882.850;8.4523;-14.7083;-15.3753;
522561.204;543797.133;543872.428;101.6792;219.7626;225.5699;
478723.328;532133.579;531722.577;-525.7925;-334.4929;-341.7539;
471729.867;522229.642;521784.675;55.6291;-703.9603;-730.3509;
450867.004;513735.162;513221.574;-43.9142;-229.3480;-227.5545;
497405.474;523846.147;523654.459;-332.4231;439.4079;420.6279;
467484.490;534183.340;532916.961;118.6986;138.3227;148.7724;
432495.790;235296.367;233819.249;22.0655;29.7195;29.0621;
451931.149;550740.888;550712.465;-334.0942;-268.5190;-263.4530;
487650.244;579618.686;578948.408;286.7522;215.5327;187.7090;
842576.754;453128.659;441615.891;223.6620;-173.8814;-192.3083;
447643.883;437734.713;437243.894;-375.2777;-89.0634;-97.0854;
458821.100;528801.453;528207.060;133.6353;-107.2541;-100.7105;
528229.167;531045.567;531343.798;-340.4112;-74.9273;-92.8883;
465542.773;519272.589;518439.906;131.2167;509.0957;477.3612;
800710.491;895833.378;892785.748;266.5253;98.9421;92.3657;
339671.341;457876.462;458038.882;130.7993;-62.6303;-59.0060;
518726.545;608448.201;606016.263;297.8094;91.0066;72.1886;
409367.909;543754.861;541043.468;151.1121;177.8027;175.0374;
466836.509;527262.145;526632.036;-428.0152;348.4724;366.3289;
397144.814;329814.226;324732.017;-83.2882;151.8331;143.3334;
488214.262;514111.369;513561.688;-215.4825;350.7895;370.4190;
471919.374;544390.302;543692.508;159.4191;96.1316;73.7897;
384584.406;592499.564;586591.685;-142.4587;221.3217;224.6312;
476975.633;531684.973;530964.390;-44.5284;-288.7473;-280.2752;
497946.810;539073.016;538792.579;-843.7082;-48.6924;-41.8909;
485510.980;532368.786;531506.509;789.4902;195.1111;199.2981;
783650.982;489759.626;484836.516;143.8613;-72.6121;-78.9770;
604341.270;559599.902;563139.686;116.6339;-455.4168;-405.5906;
470908.514;532028.463;531389.347;154.1355;-206.6463;-196.9028;
434049.114;562193.716;561470.663;187.6614;41.3458;62.2684;
481772.349;535608.617;534290.423;-959.6475;599.7582;560.8285;
477836.509;514831.302;514297.947;-419.5292;416.5948;427.7186;
515104.594;490647.622;489381.918;539.1571;-333.2673;-349.4301;
472648.151;501474.892;500363.165;-25.4778;-689.0506;-729.9728;
397193.884;601163.030;598909.037;-294.9430;234.3755;218.6133;
512961.513;551066.999;550958.448;157.7130;119.5879;124.5846;
475874.968;525581.934;524934.011;337.7961;44.6335;50.0930;
460602.498;516266.804;514988.158;492.6896;-213.3604;-201.9704;
509379.639;512339.861;512386.776;-192.1759;-110.2571;-117.3028;
495076.475;524106.596;524027.954;-784.5386;-584.4026;-603.2683;
519345.678;533787.981;533881.343;332.7292;533.8416;519.8789;
469671.643;506449.418;505421.230;864.8544;92.7800;115.8764;
961462.325;630945.040;629552.102;141.3127;-38.9760;-40.0516;
478379.126;537651.892;536648.169;-906.2855;356.4844;317.9871;
517650.998;514335.397;514195.993;406.3562;-415.9632;-429.1079;
651064.732;484189.414;484192.578;199.9292;168.0498;173.8595;
482354.218;510145.007;509459.568;1044.8778;160.0919;210.7454;
544083.771;612534.904;613245.247;-370.4663;-14.8912;-33.0064;
481222.575;537591.225;536672.771;333.8554;582.0189;596.1187;
468861.004;521596.987;521179.397;-482.3500;-588.5003;-594.5020;
488049.503;527647.426;527378.574;945.4530;157.1625;138.0655;
473289.855;510401.403;509895.996;-191.8631;-46.1126;-46.4401;
