# This file was created for the Modelling and Simulation course, RUG (September-November 2019).
#
# Project: Simulate colliding galaxies, using Barnes-Hut algorithm.
#
# Students:
#     Stefan Evanghelides (s2895323)
#     Hidde Folkertsma (s2759799)
#
#     X         Y         Z         DX        DY        DZ
211249.422;554758.812;554755.965;217.9370;-71.4339;-71.4387;
405470.604;473588.550;473587.343;77.9135;129.9710;130.0164;
299405.125;744460.315;744456.587;85.7274;134.8838;134.8805;
207851.444;337190.499;337194.294;-22.7841;-61.4658;-61.4644;
201096.317;662877.202;662902.701;148.9800;-60.2665;-60.2565;
256710.922;515469.545;515470.012;-76.6940;42.8683;42.8549;
243156.599;519737.620;519739.147;579.0230;119.8229;119.8751;
379579.130;423531.187;423539.787;499.5740;-58.2621;-58.2532;
294832.526;526112.348;526112.576;110.6896;-185.4842;-185.4732;
282165.436;517601.974;517602.561;-92.1133;-602.2302;-602.2199;
410393.431;393446.842;393443.830;326.0953;-98.6914;-98.7001;
299132.674;425002.211;425007.026;192.9678;-91.8934;-91.8833;
263015.292;528869.841;528870.455;43.2327;-13.9669;-13.9555;
300093.790;492032.856;492035.489;762.7168;-476.7905;-476.7910;
306888.414;489143.551;489145.725;88.2702;513.6356;513.6231;
236310.128;551228.695;551225.050;239.4080;-207.3229;-207.3143;
287759.231;500115.286;500115.841;493.2543;296.4621;296.4575;
270318.697;506135.442;506136.861;-79.7264;75.8273;75.8124;
315200.884;401026.843;401013.085;64.0565;205.1843;205.1964;
293334.488;517847.078;517848.730;567.6998;-120.3954;-120.3825;
196099.713;189821.771;189816.526;34.2878;-93.1339;-93.1351;
282279.298;528611.314;528612.988;9.2625;229.6810;229.7033;
296242.009;504595.562;504597.298;672.8706;262.1457;262.1628;
307806.624;512536.555;512537.707;908.0464;268.1195;268.1609;
332487.076;531921.699;531923.173;129.8409;-71.3427;-71.3606;
367838.413;519574.260;519572.028;216.8633;-177.6138;-177.6755;
282563.274;505560.760;505562.353;515.2607;69.0277;69.0252;
182254.013;566575.286;566577.434;143.0027;-68.1145;-68.1083;
309999.761;499635.298;499636.795;83.8306;15.8653;15.8711;
311281.647;517238.110;517240.375;-99.5190;256.5733;256.6044;
297468.930;516523.697;516523.739;317.8146;142.7507;142.7538;
302741.002;503788.270;503789.650;-189.6403;197.5980;197.6244;
239728.095;525897.387;525897.255;219.7728;-127.8033;-127.8229;
293550.019;510558.049;510559.637;-88.2796;140.0006;139.9996;
264167.147;511297.800;511298.263;138.5534;74.4419;74.4445;
295300.937;509339.078;509340.079;264.5760;417.4173;417.4599;
303387.262;512489.558;512491.408;-73.2410;215.4477;215.4483;
361771.538;493337.728;493337.718;57.2676;-158.5694;-158.5706;
333290.370;512741.646;512743.530;384.8477;-297.0852;-297.0788;
288303.235;526891.215;526892.603;-201.5272;197.3315;197.3702;
308375.555;507865.179;507866.649;-426.8822;-49.5534;-49.5737;
289008.926;500310.379;500312.470;-703.9630;-65.8550;-65.8472;
295213.408;513413.979;513415.521;-995.7676;-38.4549;-38.4508;
272677.697;522826.207;522826.686;-84.2457;-40.5268;-40.5112;
397575.594;475572.326;475573.420;165.0736;140.5844;140.5263;
267056.791;493173.182;493175.891;73.6335;357.7413;357.7280;
297611.436;550004.682;550005.729;-9.7175;99.2164;99.2052;
392559.651;582960.885;582961.983;60.8260;-141.6797;-141.6705;
412557.454;504278.573;504278.818;637.6526;-61.4527;-61.4374;
291343.110;510309.539;510310.215;358.3138;-620.6703;-620.6928;
185584.226;550344.301;550342.496;-22.7953;115.6211;115.6121;
303143.303;520586.612;520587.597;161.1343;332.9862;332.9520;
319631.547;452295.396;452300.116;-80.0872;-96.0631;-96.0432;
236776.220;509671.580;509673.513;256.7639;196.3840;196.3460;
292554.985;508019.259;508020.391;302.1649;55.6180;55.6270;
251038.017;520026.987;520027.276;418.9746;-177.5980;-177.6114;
398421.931;472333.778;472328.272;144.0586;211.8654;211.9112;
352172.693;556542.794;556542.173;-92.6257;-329.9618;-329.9654;
281750.428;502216.460;502217.730;144.6123;5.4056;5.3931;
295727.882;521217.318;521217.270;-384.4895;-79.7550;-79.7899;
292327.428;507414.162;507415.332;-83.3551;-193.7890;-193.7855;
297964.730;508676.948;508678.338;472.9541;416.8293;416.8259;
267162.205;518814.775;518815.329;57.8188;-240.8013;-240.7965;
299778.827;506544.786;506545.889;-98.1973;537.3398;537.3665;
296990.356;541784.322;541786.009;-242.9621;-185.7071;-185.7054;
320449.405;531057.670;531058.802;146.8705;221.9631;221.9718;
315031.505;495720.147;495720.957;213.5122;-303.0489;-303.0586;
307300.267;507716.764;507718.310;330.2115;-65.2262;-65.2090;
286950.463;502689.599;502690.688;452.6906;-42.7292;-42.6949;
301190.742;502883.803;502885.202;225.3615;270.5850;270.5588;
398983.736;502811.161;502810.143;236.5768;-151.3458;-151.3535;
194984.360;517949.835;517950.883;246.2521;10.7810;10.7767;
319136.889;499497.419;499497.468;-446.1165;269.0548;269.0599;
296502.217;510789.668;510791.275;206.4013;-109.4799;-109.4564;
163512.426;517969.121;517971.866;34.6899;-29.0006;-28.9994;
270041.123;559456.330;559452.228;108.0458;217.6942;217.6620;
253247.197;525680.526;525681.789;55.5616;106.8273;106.8116;
284854.458;514221.602;514222.325;-380.1906;30.3085;30.3099;
281979.113;511082.156;511083.419;870.8915;-182.7088;-182.6613;
276494.204;507944.955;507945.832;-850.3475;25.2821;25.2451;
273800.415;508282.379;508283.189;291.3697;-3.3068;-3.3158;
346573.361;540220.807;540221.246;-157.0456;207.7987;207.7961;
277960.509;512710.228;512711.446;480.4571;128.6302;128.6485;
262197.164;510390.869;510392.744;260.2359;-150.2436;-150.1902;
241726.406;505092.101;505091.891;317.4813;144.3494;144.3281;
356641.511;525647.011;525648.328;395.2795;-374.7237;-374.6953;
337293.949;510165.992;510166.575;-49.6830;-88.6353;-88.6477;
306769.210;516531.225;516532.077;686.1709;36.8695;36.8678;
308454.650;507449.637;507450.558;221.0049;220.4610;220.4834;
267025.177;484589.867;484589.365;159.2340;-116.9547;-116.9760;
279698.887;512973.862;512974.910;-83.3185;-17.2300;-17.2590;
291394.887;508874.366;508874.863;623.1831;-142.2699;-142.3139;
286558.944;507210.409;507211.702;-46.1327;1.9268;1.9300;
252747.337;516071.936;516074.280;100.2819;-141.6048;-141.6141;
393765.894;449792.553;449801.031;-68.3502;305.9705;305.9233;
317087.596;482584.546;482585.785;458.6455;-43.1123;-43.1365;
317584.407;505998.151;505999.363;917.7702;-248.7206;-248.7319;
258075.656;645712.226;645716.619;43.7033;17.5429;17.5492;
186961.932;425967.365;425971.577;-54.2151;-215.1114;-215.1013;
674162.404;486969.372;486969.901;125.6011;140.5786;140.5734;
676858.162;500594.434;500594.678;-14.5485;256.4053;256.3925;
675386.574;507925.529;507926.228;1.1306;162.8769;162.8841;
715729.654;507068.856;507068.843;-767.0711;118.3910;118.4191;
760591.676;536976.254;536972.920;476.8611;78.0659;78.0423;
703983.690;510058.256;510057.878;-112.4630;-84.1641;-84.1628;
679023.096;509702.262;509701.856;724.6240;265.4348;265.4127;
621124.269;493378.989;493381.328;246.7500;-41.5815;-41.5829;
704910.893;546846.645;546844.973;-338.6676;20.3567;20.3477;
691336.057;546513.371;546510.441;348.0941;-126.8241;-126.8065;
810607.835;627027.478;627029.181;-104.6337;-13.5879;-13.5798;
690467.641;541686.738;541684.813;-638.2546;-289.7491;-289.7513;
696682.462;536936.915;536935.365;-73.3437;-84.8698;-84.8417;
694453.121;514215.834;514214.936;523.5725;353.0900;353.0691;
710053.489;544790.394;544787.341;-655.9864;-59.3037;-59.3490;
714847.911;526135.937;526134.690;514.3420;3.1018;3.1344;
718106.082;512767.579;512768.208;826.1943;-639.3061;-639.2716;
699686.587;517581.080;517580.140;-353.7168;277.0330;277.0458;
620646.051;563358.874;563354.380;-274.1752;244.4836;244.4472;
652487.950;387863.350;387871.476;-187.8242;-158.4032;-158.3867;
752059.197;550212.482;550209.398;-527.3395;228.6157;228.6094;
699637.838;510097.183;510097.532;431.9868;374.5051;374.4499;
662351.237;404817.946;404819.780;-113.7481;-73.7392;-73.7360;
496730.188;322323.018;322306.477;-207.3692;-46.8511;-46.8645;
701141.261;513865.983;513865.336;-171.2448;455.6311;455.6209;
643103.417;585016.943;585012.098;-556.8074;371.5370;371.5038;
716960.398;551823.964;551820.458;-164.5218;-257.0323;-257.0135;
761852.383;531514.954;531510.207;281.8608;209.0048;208.9722;
712133.380;457787.808;457788.424;-31.3792;203.3378;203.3279;
687705.578;525345.964;525345.233;-329.2938;605.5832;605.5316;
682879.759;516195.097;516194.893;256.1098;68.8714;68.8222;
636284.521;503571.334;503571.125;-153.6005;-0.9868;-1.0080;
702497.372;519031.002;519029.751;-347.5779;79.1420;79.1312;
750719.360;651083.457;651076.187;-183.7694;45.5505;45.5482;
691644.115;503238.630;503239.340;-137.4003;346.9774;346.9685;
718457.304;495075.976;495076.567;250.3080;-114.3623;-114.3765;
625306.175;570046.618;570040.510;-72.8493;-143.6616;-143.6478;
670171.619;486081.196;486084.022;-695.2531;-122.6748;-122.6618;
702746.719;514208.538;514206.780;710.0616;-495.3673;-495.3727;
718870.480;511927.880;511927.209;-1098.7150;-70.5484;-70.4988;
727688.872;458719.057;458719.170;-318.8510;0.6515;0.6400;
701855.547;507048.720;507048.189;-531.4244;-379.1980;-379.2185;
689535.899;525964.020;525962.506;174.4273;-35.6516;-35.6443;
748082.839;573727.960;573719.296;74.2904;163.8022;163.7710;
747268.729;494287.863;494287.961;9.7178;-394.8420;-394.8360;
704507.388;523552.571;523550.800;-477.4980;17.1530;17.1425;
679846.439;514747.140;514746.861;-52.2302;-53.2695;-53.2583;
593634.126;448549.314;448556.463;-408.5215;-159.5447;-159.5177;
742106.830;522963.353;522961.709;60.2368;-206.2695;-206.2539;
705373.152;517782.920;517782.341;-50.5044;566.3284;566.2674;
821510.484;441121.050;441125.626;-2.2176;-21.8535;-21.8549;
633381.852;463668.450;463669.306;123.8148;426.9156;426.9190;
716172.485;510220.382;510219.965;55.0158;506.1411;506.1365;
692640.758;512612.798;512612.616;-134.4252;-395.6764;-395.6255;
737444.963;572528.993;572521.808;-52.0086;116.7762;116.7444;
628606.519;412186.705;412189.306;-127.2761;34.3120;34.3162;
718190.847;510245.453;510244.971;-92.5941;464.1430;464.1222;
695602.257;506160.292;506160.399;261.3042;-88.7262;-88.7138;
723371.779;520419.347;520418.627;-364.0201;-258.9896;-258.9682;
698213.277;505833.226;505832.770;-118.6568;-118.6561;-118.6856;
516354.347;242532.591;242524.799;-181.8709;-72.4366;-72.4434;
706398.966;511850.460;511849.501;-57.1213;-532.1556;-532.1053;
679822.914;504306.463;504305.888;-802.9623;233.0381;233.0100;
714780.267;536308.250;536307.056;478.3005;-102.9342;-102.9372;
702363.416;519978.038;519976.932;-964.0200;-385.4282;-385.3758;
798865.718;558203.341;558200.743;-156.6985;-90.7558;-90.7438;
786215.888;511748.571;511746.256;-347.7361;-224.9377;-224.9387;
700079.076;536793.115;536792.239;-635.4413;-430.5655;-430.5370;
702866.658;519857.386;519856.775;-69.5549;-46.9225;-46.9248;
686263.797;513494.702;513492.554;901.7350;-544.1035;-544.0127;
692159.859;510168.612;510168.098;-142.3238;368.6326;368.6171;
857210.496;473371.471;473373.413;100.7550;-143.6549;-143.6493;
701887.530;512777.225;512776.084;-605.4319;-104.2190;-104.2101;
697731.707;504236.659;504236.605;-378.3067;267.1237;267.0854;
710476.423;523307.129;523306.437;-942.9936;-360.9630;-360.8747;
721750.623;527309.632;527306.956;-314.0660;-93.3683;-93.3875;
704519.059;470865.638;470864.746;-346.2766;191.1519;191.1507;
796700.269;537624.723;537624.871;542.8353;19.5323;19.5216;
701667.608;520078.957;520078.565;-505.6829;332.9576;332.9355;
664146.630;495422.761;495423.110;-357.9835;-27.1424;-27.1219;
708027.555;513751.430;513750.621;-309.9359;-222.9733;-222.9493;
694503.874;512558.064;512558.044;175.7215;-104.2232;-104.1707;
684268.043;510779.065;510778.785;-858.4015;-96.6447;-96.6535;
609331.669;493092.278;493096.255;-119.9802;-26.0686;-26.0511;
608303.361;353689.680;353694.090;-292.0829;-293.3002;-293.3036;
626186.438;563061.663;563056.468;-404.3566;-93.5032;-93.4989;
959254.008;529184.980;529172.566;88.6894;-32.7100;-32.7241;
629873.262;536723.000;536721.038;-175.2377;73.8515;73.8271;
694477.487;524913.458;524911.894;144.2638;-177.1585;-177.1541;
617583.601;480300.662;480299.226;-203.3706;91.8812;91.8880;
711521.940;505118.138;505117.064;696.2107;844.6410;844.5819;
644509.981;527443.428;527442.667;-295.9505;143.5863;143.5928;
684216.134;520297.569;520296.869;-834.2955;159.6240;159.5852;
711079.246;499798.878;499797.737;-71.0164;-173.7390;-173.7519;
914147.528;710881.529;710875.680;126.6143;172.5406;172.5320;
695348.021;512658.408;512657.885;-233.7842;142.3281;142.3550;
708768.283;503848.041;503846.809;-772.7549;-327.7154;-327.7101;
696377.924;520348.215;520347.391;235.9211;440.5571;440.5113;
656728.067;526788.989;526788.732;-125.3102;43.1000;43.0725;
