# This file was created for the Modelling and Simulation course, RUG (September-November 2019).
#
# Project: Simulate colliding galaxies, using Barnes-Hut algorithm.
#
# Students:
#     Stefan Evanghelides (s2895323)
#     Hidde Folkertsma (s2759799)
#
#     X         Y         Z         DX        DY        DZ
480620.349;545697.110;545694.305;269.3266;-110.4511;-110.5088;
461778.705;571465.336;571392.987;269.3888;129.2514;126.6333;
721045.418;858944.221;858929.938;86.9209;-55.6919;-55.6993;
416795.276;698349.205;698741.896;-114.5406;297.0467;297.6870;
475691.016;548645.511;548639.329;1120.8893;201.8143;207.2576;
456925.991;537638.335;537590.157;167.4343;113.9007;111.4831;
381890.345;438464.743;438013.634;365.3341;-33.6853;-33.6212;
350060.976;642871.182;642524.201;324.2360;146.3011;146.7771;
629766.544;535921.642;535577.880;-179.1773;14.5895;13.8509;
424451.822;668799.731;668898.492;-211.2968;-42.9464;-42.6322;
626983.747;429578.484;429196.690;157.7957;20.6514;21.0768;
351012.074;481769.449;481231.465;-252.7116;-173.0097;-173.5607;
455116.824;550984.669;550958.389;-30.5962;-59.2755;-61.0195;
496006.523;535505.059;535497.311;-929.5591;88.1024;89.8191;
185502.488;616678.765;616655.760;-173.4620;-23.0355;-23.4131;
474766.847;560162.077;560181.871;535.8732;466.2645;467.6485;
482642.625;544910.717;544809.177;53.1058;877.4328;874.7419;
389067.953;516520.263;516233.751;-32.7655;-81.4888;-86.8725;
605625.011;597171.630;597439.113;211.3411;162.9659;162.9969;
445321.473;535697.295;535645.362;-1135.5844;-190.8716;-192.7070;
487347.059;552078.969;551986.891;385.2630;-82.6927;-82.2396;
298633.335;558017.490;557981.941;-163.1845;-195.5322;-196.1188;
469674.717;556874.295;556835.689;-155.6072;602.9698;600.9771;
508468.701;525813.878;525826.377;236.3348;264.2427;266.6815;
504191.336;555060.155;555024.201;-306.6359;-549.1920;-548.5060;
469038.657;545956.655;545902.491;-558.5090;-517.4940;-520.8839;
465750.643;553506.543;553473.941;-376.5820;-424.5623;-425.2235;
469356.066;539848.352;539769.037;1080.0780;13.0015;16.2878;
482195.945;539563.291;539505.541;209.1931;264.2713;262.0504;
465090.308;555800.039;555754.822;-447.3867;244.7440;242.3902;
884748.479;172209.795;172236.650;33.6973;-40.1955;-40.1971;
660232.208;538803.921;538371.289;132.4330;101.0374;97.8744;
455604.763;535751.637;535642.801;650.4330;128.3643;130.2589;
460802.695;564397.697;564396.624;172.7556;251.6736;254.5568;
409652.650;523856.330;523476.459;308.7829;168.4699;174.0477;
469067.003;536738.549;536686.701;1266.3571;-402.3290;-401.6415;
537831.329;538073.531;537548.091;-955.7063;232.1137;241.3740;
475957.177;534635.100;534589.400;-117.0951;-531.5820;-532.4772;
477676.367;508864.322;508739.067;-680.7308;-293.1666;-296.7879;
481035.636;519845.453;519856.492;262.3699;-43.3457;-43.3131;
482404.965;530281.052;530195.671;-328.1139;-60.1131;-61.7160;
174838.437;412563.676;412393.369;-81.2751;-49.3527;-49.2745;
466672.888;539764.965;539654.200;348.4344;-386.0535;-387.9044;
476825.799;598489.653;598555.335;318.5405;79.6186;77.8251;
391432.235;682861.597;683151.186;-56.7736;132.2007;131.9218;
450873.455;549768.120;549697.667;944.7122;-32.7425;-32.4243;
516572.973;561126.212;561149.094;-225.7004;84.6994;83.8225;
788871.583;177141.351;177161.228;-42.3311;56.4191;56.4108;
449842.300;544636.903;544580.596;-444.0184;-401.5791;-402.7703;
835618.944;699274.091;698254.708;-65.5333;36.6282;35.7374;
520981.505;474093.999;474193.269;-19.6251;261.5890;261.5582;
457447.054;535901.538;535858.591;-134.3378;179.3905;180.8493;
458025.638;536817.607;536758.008;-398.6880;-499.1752;-499.6358;
475394.809;554785.639;554781.291;1216.2489;478.0572;481.8464;
449087.263;590160.553;590301.176;769.0412;-152.7955;-153.1756;
491647.781;542809.987;542918.140;1201.1741;137.7842;140.2137;
410591.626;474929.161;474438.195;234.2883;-171.0845;-171.4091;
446271.181;530328.466;530227.608;758.0566;-325.3730;-327.4362;
765279.445;424777.579;424894.893;-155.7968;15.3281;16.1198;
432004.635;517962.763;517930.309;5.6583;100.8342;99.8442;
983284.342;637511.758;637331.009;-8.8602;30.6967;30.4968;
467702.236;553548.397;553511.662;-378.3013;-488.9642;-489.0189;
66994.982;454644.941;454481.520;-76.8911;78.7604;78.7029;
946128.447;312011.100;312146.625;158.4113;-27.0546;-26.9401;
502450.164;520206.489;520026.454;-34.1508;402.1571;400.4837;
528995.486;508905.529;508972.707;135.1695;381.2522;380.5656;
480729.694;546487.443;546391.063;135.0031;290.4389;294.6439;
118547.200;181084.860;180353.145;-75.9510;-145.5425;-145.7971;
410518.404;557480.690;557179.841;-314.6544;443.0006;445.8719;
569862.233;541601.420;541195.289;-466.2939;-183.7532;-185.0491;
480532.807;530991.283;530855.211;-185.9550;-59.2608;-60.7896;
295039.729;518310.775;518159.657;-133.4015;153.2246;153.8823;
472357.161;596064.718;596304.309;43.8994;368.0554;368.6814;
479502.873;551835.308;551757.958;-926.4549;-814.0885;-818.7227;
733779.573;517301.239;516954.585;157.2454;-5.7879;-6.7291;
295162.576;548292.551;548292.941;-39.0183;314.5598;315.9017;
472720.608;551488.469;551441.398;373.1183;739.8200;743.3066;
493808.397;598225.785;598290.220;-318.0116;-245.3152;-245.0810;
482756.760;535716.267;535661.632;-807.6537;45.0154;43.5932;
378414.871;532399.013;531948.462;-124.3914;-210.2486;-212.3559;
471343.915;552686.790;552625.469;-198.4186;-600.7777;-599.5361;
474885.103;549344.167;549306.934;-937.7250;183.1715;183.3125;
522616.908;544789.684;544747.885;60.0402;2.4575;2.4164;
773850.576;521268.328;520553.786;103.0587;-52.7973;-53.9902;
471172.026;522624.808;522602.230;-725.3060;368.1884;370.0631;
463182.829;557890.410;557847.282;443.5662;-546.4312;-547.3311;
429602.071;545342.628;545191.365;184.6270;35.8457;35.9476;
472137.169;544081.286;544016.535;-679.3348;-178.3354;-176.8333;
497067.658;540285.231;540272.245;-206.4068;596.2528;597.9241;
463207.204;536676.654;536598.166;491.4200;275.9161;277.1084;
477750.816;553566.563;553499.327;-388.2395;327.7416;328.6018;
402562.025;540367.536;540197.348;-379.7171;401.2652;398.0223;
614593.853;616723.480;616548.013;-521.0958;-5.9901;-5.7017;
469558.262;534358.273;534270.839;238.8669;-129.2181;-129.9939;
440348.050;486415.648;486234.907;-243.3438;177.0514;176.6341;
524535.746;419710.162;419666.207;-291.7646;146.0790;145.8925;
423738.717;541787.348;541717.473;-290.9341;238.0394;239.2311;
394035.653;549872.717;549951.608;496.1238;-606.5950;-609.2363;
433774.651;524143.631;524017.863;-551.7892;340.3606;341.3674;
735422.236;609198.213;609063.273;28.2419;17.7688;17.3990;
473906.202;565167.984;565147.684;429.2573;576.0801;576.3536;
384520.146;421043.206;421014.667;-114.6882;226.4100;226.2446;
457012.404;563147.097;563110.004;223.1683;252.7298;252.1691;
891563.735;466058.322;466037.904;15.6612;-5.1858;-5.1508;
480403.458;548144.050;548090.823;598.1575;-454.3673;-454.2218;
482408.879;555483.023;555440.922;341.7502;-443.1501;-442.5868;
443334.551;521170.663;521097.664;-345.3053;106.0268;105.9671;
428958.245;505404.738;505182.520;465.9688;421.9977;421.6120;
469306.480;483747.633;483622.378;10.1864;207.1621;208.3589;
262864.873;931045.488;930855.227;-93.3090;85.4667;85.3922;
475892.303;527921.641;527875.850;-240.4834;-116.3779;-118.2966;
491438.813;541828.523;541861.406;636.0476;-216.5236;-216.1241;
486012.847;539842.573;539800.471;292.1993;369.4584;369.0439;
486940.088;565649.748;565588.082;-796.6190;-117.2831;-117.7858;
441143.729;561146.929;561104.516;-198.3370;-91.2207;-91.8400;
403991.480;292719.031;292474.361;-0.6688;-79.2441;-79.7417;
511035.656;542822.012;542903.047;-69.7712;252.3203;253.1784;
472913.993;549099.123;549072.031;441.1666;-850.3653;-852.2934;
286074.728;476286.309;476188.974;-435.3250;-161.8401;-163.8236;
235132.996;332488.603;332398.381;-181.5677;74.3218;74.2515;
406834.973;528048.395;527763.596;21.0207;405.6066;408.1564;
457182.787;579544.834;579553.112;-862.2712;256.0402;256.9046;
481198.060;568520.157;568565.464;853.6836;11.7960;12.6992;
708327.483;418001.093;419211.047;-292.3626;-108.4726;-106.6600;
574789.423;608464.026;608503.715;-163.0832;21.9238;22.3782;
441931.952;571081.159;571095.896;-21.5446;709.4600;707.9465;
469605.332;555189.369;555173.298;-703.5279;612.0007;611.5296;
472145.044;549427.755;549451.935;-167.9311;-119.3409;-116.0242;
586155.999;413357.124;412879.510;7.2556;-243.7006;-245.3378;
483534.041;539616.718;539635.902;-163.5442;-985.2259;-986.1133;
473414.263;530913.523;530870.164;632.8148;857.6119;859.8299;
507537.148;620139.411;620305.609;402.7118;-162.6408;-161.8833;
471546.967;548766.499;548701.141;-993.1582;-958.4661;-957.3454;
453594.826;336854.212;336292.603;260.6876;187.2339;187.2111;
470812.816;555163.436;555142.281;-1338.7828;270.3440;265.3817;
445520.862;539486.662;539364.337;-187.1209;590.3600;590.2137;
443386.855;614466.355;614493.066;14.2678;64.4337;63.2435;
350030.860;468186.047;468132.292;-563.1823;209.4783;208.4269;
471030.877;540080.368;540006.250;-68.2547;-314.8332;-314.6822;
519629.059;515924.800;516013.523;774.1599;-22.4596;-20.3719;
432908.574;534981.537;534984.101;-559.0467;-298.2912;-296.7645;
447199.051;532956.062;532857.411;303.4069;-230.5397;-231.8054;
423838.483;536844.837;536649.309;425.0588;192.4346;194.0747;
464723.017;553490.699;553483.293;-1220.6746;-492.3935;-496.6494;
467399.236;453352.173;453214.705;-109.5035;87.1638;88.2329;
501745.426;560597.736;560590.639;433.3479;-171.5855;-173.1301;
462328.411;553995.356;553952.223;629.2292;70.4093;69.6981;
448483.731;554710.307;554637.375;485.2522;54.8015;55.4040;
468044.102;547552.577;547472.970;559.1895;-719.7547;-718.5390;
464729.624;536494.387;536390.872;703.0447;-831.7416;-836.5955;
459082.298;578975.907;578997.208;-223.1692;-477.9797;-477.2365;
538549.878;533805.526;533686.900;310.4815;194.6701;192.9154;
135157.908;37962.148;38003.136;-129.6904;-265.0124;-264.6046;
440334.604;604730.113;604644.140;341.2577;337.0758;337.5517;
465886.351;553036.368;552992.204;-50.6855;207.1855;209.5776;
478071.662;545818.802;545764.839;-476.0622;58.7916;58.5968;
148279.022;633563.468;633540.974;-232.8126;-64.6972;-65.1379;
455827.414;542979.580;542909.642;-84.0154;110.1526;110.1806;
433337.826;564721.952;564692.303;-229.6071;-646.3020;-648.3460;
486089.168;548231.982;548272.246;908.5577;-443.6363;-443.1645;
581423.802;537298.254;537091.361;-12.1617;97.8940;95.8498;
477721.951;540220.213;540164.667;580.7034;102.1556;103.6948;
471920.429;542905.299;542822.332;-409.2413;-478.7761;-480.9779;
476705.226;572415.909;572414.109;-293.2626;-96.7230;-98.1252;
