# This file was created for the Modelling and Simulation course, RUG (September-November 2019).
#
# Project: Simulate colliding galaxies, using Barnes-Hut algorithm.
#
# Students:
#     Stefan Evanghelides (s2895323)
#     Hidde Folkertsma (s2759799)
#
#     X         Y         Z         DX        DY        DZ
457087.608;528176.460;528184.103;-181.8458;-101.9572;-101.9209;
478197.976;533103.410;533103.528;-1190.2214;-169.9392;-169.2612;
459090.527;879230.962;879223.562;115.2265;45.5255;45.5238;
237979.044;304153.815;304159.667;61.1378;16.3598;16.3620;
874193.802;727625.694;727544.544;252.4526;249.6040;249.5277;
517861.917;531997.614;532000.639;-92.4212;-154.1566;-154.4146;
506316.188;523268.126;523270.895;12.0756;-201.6305;-201.5627;
822735.841;673847.413;673802.714;17.8890;241.7931;241.7058;
907855.739;449702.843;449666.711;491.7965;-107.6096;-107.6586;
675531.333;537859.730;537853.678;-287.9363;45.1560;45.2340;
386769.856;448169.223;448156.319;260.3689;-335.2619;-335.4186;
490265.083;677807.698;677790.678;173.9378;-96.5705;-96.6348;
389481.851;515255.866;515256.341;448.9078;-70.8359;-70.7835;
421923.607;533859.530;533859.235;90.2208;-306.2194;-305.9682;
677897.876;503380.404;503368.964;-130.8600;-150.6103;-150.6768;
377420.660;419872.341;419874.450;-268.9674;-352.5451;-352.6553;
878035.755;502334.371;502301.082;386.2614;49.2480;49.2197;
490894.189;537850.223;537850.671;712.6060;493.2396;493.1595;
819398.457;620140.432;620140.475;280.4013;-150.8597;-150.6909;
493896.926;536501.150;536498.914;-673.1682;-139.1347;-139.1077;
324174.154;163438.759;163423.244;116.7566;65.6923;65.6719;
537223.283;691246.090;691220.227;-7.6335;79.8310;79.8215;
465991.101;526176.991;526181.905;-76.5619;-256.5699;-256.5705;
484359.344;533943.891;533946.513;413.3137;28.4791;28.4249;
514498.092;505910.662;505911.445;-58.6199;-343.3671;-343.4155;
458459.379;500818.861;500822.735;181.4228;487.0907;487.2661;
466946.342;519987.247;519992.988;487.9069;-214.4992;-214.5086;
895245.968;758017.766;757964.770;433.1833;257.0929;257.0387;
327506.151;427512.517;427512.152;-96.2284;-114.3845;-114.3578;
498308.751;522377.724;522379.397;216.5713;-156.3140;-156.3566;
533983.293;535920.264;535921.931;476.5299;133.3164;133.1573;
473428.130;524992.831;524997.970;355.7841;-64.5322;-64.5980;
430690.555;512179.678;512188.052;-123.3953;-105.0805;-105.3818;
503339.386;523502.811;523504.996;60.8030;-142.9580;-143.0038;
487963.646;534117.735;534119.178;-1422.6629;-176.8592;-176.7307;
499257.744;526977.990;526979.059;-124.9259;-248.7492;-248.6925;
464913.839;527968.282;527968.837;272.0498;589.4148;589.2674;
676532.314;342648.846;342661.285;148.3529;-122.4741;-122.4587;
297398.602;422618.114;422612.295;-259.0039;-108.5770;-108.5469;
470004.484;523790.501;523796.195;-682.1591;-193.7771;-193.5456;
493521.058;536387.776;536386.452;717.7072;-636.3416;-636.1750;
378934.240;435768.930;435767.436;-272.6115;-299.2901;-299.5127;
479283.550;533348.583;533349.825;-565.8373;286.1585;286.0374;
826025.944;571087.633;571021.116;315.0671;6.3439;6.1688;
460036.138;395411.746;395396.140;-191.3126;-116.7058;-116.7280;
479821.406;525324.082;525330.469;1015.3611;-414.5935;-414.1071;
519859.097;503547.258;503548.403;118.3923;-398.7259;-398.7755;
750540.540;831957.656;831923.917;-10.5694;206.0311;206.0051;
451186.797;576537.717;576558.184;-471.6959;286.0926;286.0000;
757715.084;671868.724;671805.196;48.3984;47.3618;47.2109;
487489.297;536762.188;536762.892;-488.1351;-483.6158;-483.3449;
441754.065;565373.775;565363.284;385.3655;114.2289;114.2107;
358723.768;611024.170;611028.629;51.0875;68.8822;68.8784;
525816.981;538994.731;538992.059;-517.7867;391.0222;390.9368;
412856.691;515441.007;515444.493;-154.8484;-51.7857;-51.8671;
606509.610;696254.612;696241.560;163.2857;315.2280;315.1480;
711345.687;299229.625;299237.713;150.8611;-191.8634;-191.8475;
472495.048;537847.257;537853.603;-1310.8262;-175.6960;-175.3204;
878026.191;671511.435;671460.118;382.6500;153.0576;153.0227;
851722.981;542026.924;541991.693;248.7577;-16.5659;-16.5899;
745385.435;509801.068;509777.556;195.7163;71.1247;71.1109;
652552.429;473140.822;473113.703;19.3927;39.4004;39.3773;
439412.480;531631.474;531634.564;191.9047;-273.5783;-273.7501;
472682.698;526237.343;526247.196;-1406.0463;-32.0018;-31.6667;
661405.505;533342.009;533344.972;-19.5710;-94.1650;-94.2176;
483596.938;538638.758;538639.243;603.9595;491.7703;491.7149;
469483.697;540217.248;540222.320;-686.0266;546.0444;546.2738;
475778.749;586503.030;586496.621;-285.1218;230.9580;230.8104;
479146.706;518714.912;518719.954;256.5569;117.0399;116.7765;
468360.619;410195.712;410211.223;-194.9417;167.5150;167.3596;
420313.928;544834.391;544837.002;-45.2300;-155.4828;-155.6568;
666543.829;516342.667;516333.887;422.6422;81.7314;81.6721;
963451.947;614125.119;614079.073;556.2921;108.2058;108.1394;
482292.524;543487.715;543487.997;-44.6239;-279.9104;-279.7681;
479222.617;428231.537;428217.510;-191.6020;-180.6275;-180.6171;
697146.311;552444.521;552434.683;-112.2309;-20.9656;-20.9403;
552712.036;629208.723;629190.465;-171.9016;4.9678;4.9961;
672982.744;521950.851;521937.669;-282.0213;-38.2422;-38.1986;
914583.923;548970.273;548930.831;414.5257;75.9454;75.8968;
889034.356;865582.498;865512.910;374.3874;378.6254;378.5384;
518536.148;477120.481;477121.615;215.8503;138.2237;138.1580;
476939.761;527329.694;527333.278;-876.0219;-35.4262;-35.2605;
770703.860;518243.528;518218.605;-8.2474;54.1163;54.1072;
534306.213;540419.190;540413.893;350.4335;502.0091;501.4697;
672326.567;531159.577;531160.641;-372.3370;163.3880;163.4910;
485688.655;531301.743;531302.653;487.9273;572.8735;572.6835;
480897.128;536795.124;536794.589;-1028.5425;-450.1520;-449.8556;
862097.041;454385.076;454359.964;400.5354;-35.5914;-35.6231;
461239.708;543555.787;543561.137;-176.5053;227.5539;227.5427;
663813.525;528366.055;528369.063;-402.1883;-33.1290;-33.0773;
523678.217;537235.861;537233.693;-107.2519;-138.3665;-138.3673;
423268.480;551278.522;551300.106;507.7735;550.3116;550.3771;
473613.844;568684.456;568684.888;-159.7168;-9.6873;-9.6631;
331951.572;404613.399;404606.537;-46.8228;76.1566;76.1539;
551580.112;526521.208;526526.361;424.7548;180.8963;180.7121;
400703.562;317265.375;317272.367;251.1505;75.1208;75.1142;
220975.167;313071.381;313084.158;-337.3592;-191.9640;-191.9691;
491197.420;540228.311;540230.933;-37.9920;404.0416;403.8076;
552918.725;537976.958;537973.116;120.8288;222.7563;222.6470;
467603.381;537972.319;537975.789;-144.8598;96.0844;96.0796;
526042.026;529552.155;529551.097;98.8643;-289.4971;-289.6761;
467085.538;535688.085;535688.819;55.7900;946.3586;946.1540;
499683.080;546582.142;546579.662;-64.5067;-338.2972;-338.1265;
95559.950;397487.995;397497.607;-275.1543;-101.1976;-101.2214;
336043.288;515686.305;515682.453;259.0534;-110.1874;-110.0927;
358373.277;540458.763;540472.290;-482.8377;173.7568;173.7143;
507637.470;424015.871;424017.288;74.1059;172.6596;172.9306;
479137.017;519812.210;519817.790;333.4861;-221.0849;-221.0486;
464354.058;567257.231;567255.076;-370.4592;-302.9910;-302.7564;
442107.845;535198.595;535200.451;627.2198;-324.4204;-324.4211;
492165.159;549161.832;549163.218;230.5381;290.0507;289.1533;
433575.384;590848.037;590864.094;9.3123;173.7154;173.6618;
483971.622;533975.260;533976.180;433.7787;-205.0794;-205.1806;
568099.086;515863.649;515866.436;-496.7755;-365.5888;-365.4898;
698942.722;673968.690;673949.772;407.8495;119.5775;119.5217;
713794.617;391190.552;391178.210;296.8950;-0.8946;-0.9205;
474061.561;524683.999;524686.403;-47.2615;161.2394;161.0487;
432124.664;495801.289;495787.688;-91.8408;331.6326;331.6290;
334845.905;527310.534;527347.295;239.8376;324.5333;324.5499;
489870.009;529114.436;529115.508;492.3299;521.8665;521.6317;
409722.003;416887.709;416872.598;526.2296;-53.3948;-53.5742;
420483.674;572599.448;572598.633;34.7314;395.6288;395.4891;
714695.723;604341.676;604327.321;-221.2802;-26.0920;-26.1366;
424410.786;582471.078;582452.557;187.2289;-145.9997;-145.8351;
444059.520;477691.578;477701.566;-424.9395;0.4751;0.4397;
484117.096;525906.790;525909.685;541.5480;-708.0469;-708.1159;
515246.201;544325.168;544325.381;630.4191;22.2511;22.1350;
502880.334;523501.099;523502.372;41.6974;-1.9529;-2.0224;
499942.045;486828.786;486830.310;-218.1934;-433.8765;-433.8494;
471057.742;526563.765;526565.404;903.1328;213.5547;213.7747;
222713.124;385643.046;385643.912;-159.2413;-81.0581;-81.0650;
475688.881;487480.342;487471.267;113.9938;390.7946;390.9585;
362356.797;423978.595;423960.941;223.3001;71.8669;71.8483;
504232.752;529048.741;529048.822;-795.2996;311.3554;311.4930;
485214.419;530893.270;530893.052;235.6428;1002.0240;1002.0146;
402579.107;526647.044;526653.434;541.2196;225.9542;226.1322;
446855.746;522203.720;522210.268;44.7962;88.2744;87.9516;
494507.675;543358.454;543354.331;-259.5367;-326.6387;-326.5710;
656702.919;648561.960;648542.123;-130.9995;-14.8111;-14.8296;
463068.958;519672.651;519670.210;755.1799;227.4178;227.4616;
503808.430;514039.912;514040.730;-240.8647;-14.5401;-14.5467;
444333.002;534118.241;534130.558;-307.2116;286.4298;286.5359;
317509.133;573702.945;573707.295;275.4870;144.8107;144.8089;
386037.629;700451.147;700457.054;-23.3286;199.2379;199.2316;
411192.108;503965.989;503954.504;118.2447;-27.3614;-27.4715;
30546.624;349825.158;349814.054;-678.7275;-261.6359;-261.6569;
15974.184;773719.901;773733.828;-479.3308;246.2231;246.2402;
495593.859;532116.069;532119.440;-343.1638;-911.7872;-911.6089;
486070.066;530839.872;530841.806;748.0825;-456.6054;-456.7186;
592783.830;464977.113;464982.834;-269.8334;-186.5742;-186.5045;
356567.417;544791.575;544803.643;28.1980;-170.1947;-170.1645;
458361.970;545250.492;545256.096;-137.3660;107.9670;107.9726;
201375.543;324021.035;324024.888;-289.0342;-242.9455;-242.9619;
472943.059;543277.637;543277.205;-102.1414;-191.8485;-191.8634;
482511.960;530528.637;530530.161;-1520.4345;-145.7588;-145.1877;
289969.432;246774.622;246780.905;-107.4467;72.3767;72.3950;
467680.045;451176.501;451169.125;50.6835;-23.0648;-23.2704;
518848.132;538065.263;538059.491;634.5829;273.3745;272.7474;
578284.564;483393.678;483367.882;-94.5951;-142.5767;-142.6387;
479955.912;530092.388;530094.071;-391.5239;-428.9232;-428.7407;
101159.143;439771.735;439759.221;-76.2371;-162.1282;-162.1230;
513319.376;513752.444;513742.585;-640.0867;657.3935;657.6271;
476381.689;526711.710;526712.368;-473.6305;-608.1650;-607.9141;
460077.499;516881.174;516885.430;133.3921;337.0650;336.9202;
361800.579;784434.604;784441.372;129.9202;144.2142;144.2370;
428800.087;526960.426;526968.916;-471.6025;-109.0858;-109.3017;
244855.957;507124.059;507126.916;62.3004;-35.3837;-35.3814;
446254.324;521532.419;521535.231;874.3112;-51.3341;-50.8482;
460944.731;536399.620;536402.959;280.3011;364.1160;363.9959;
524466.971;541354.072;541348.050;-332.7183;-213.3193;-213.2818;
460995.061;515826.269;515833.719;208.0346;83.1080;83.0160;
138879.884;579930.605;579922.231;-341.7884;54.0878;54.0635;
883782.832;480994.454;480963.377;-241.8217;-26.5881;-26.6096;
452539.040;535602.644;535609.805;-835.8021;317.4280;317.1147;
467763.101;520682.584;520685.187;147.8733;257.8612;257.7650;
476278.205;532550.585;532551.499;-504.3119;-938.9642;-938.6063;
437520.330;518449.562;518459.787;-765.3219;232.2352;232.2589;
486943.121;535999.943;536000.302;822.1274;-11.6435;-11.6309;
408869.002;617459.570;617451.857;29.3496;43.1094;43.1841;
134071.840;98041.338;98026.947;-285.9416;-92.2313;-92.2350;
489755.489;516344.418;516347.314;533.2577;680.2325;680.4339;
850674.821;520151.795;520137.424;-202.9780;19.2923;19.2791;
411296.965;505197.880;505189.562;-180.6544;372.4324;372.4002;
517160.037;512931.675;512932.408;-190.4899;-117.7674;-117.7687;
485993.322;503852.882;503858.216;287.7327;-230.9388;-230.9596;
474230.379;476178.163;476189.172;566.3684;-278.6042;-278.6161;
519612.792;542537.696;542529.322;387.3378;-118.6701;-118.9359;
487780.296;540745.515;540743.396;471.8647;467.1133;467.1083;
455288.773;515048.450;515059.507;-128.8454;67.5711;67.4307;
502538.501;537670.279;537678.176;630.8658;161.2595;161.2218;
474789.276;530204.577;530207.158;584.0383;-74.3980;-74.3629;
497739.591;520767.574;520772.216;-385.9472;-202.4185;-202.4183;
448498.450;539343.542;539348.908;389.7330;95.6928;95.7070;
