# This file was created for the Modelling and Simulation course, RUG (September-November 2019).
#
# Project: Simulate colliding galaxies, using Barnes-Hut algorithm.
#
# Students:
#     Stefan Evanghelides (s2895323)
#     Hidde Folkertsma (s2759799)
#
#     X         Y         Z         DX        DY        DZ
473898.406;538833.591;538772.190;223.1395;-120.7417;-121.6222;
465578.137;540570.893;540463.574;300.7013;61.7744;63.5994;
780834.042;802164.524;802138.737;59.3127;-85.7139;-85.7401;
329991.282;910622.334;911433.831;-102.2125;246.5941;247.0622;
474519.539;543507.965;543358.287;560.6899;451.9942;454.3519;
469422.072;555067.806;554932.556;-566.5354;576.7536;582.3512;
335116.397;587102.473;586635.004;-149.4268;-194.5597;-194.9777;
620960.185;549531.809;549873.868;41.0253;-369.1173;-372.2633;
406653.165;496895.901;497377.606;403.5563;110.8875;113.9949;
593592.405;597104.969;596879.823;3.1955;284.3200;283.7052;
352425.639;559404.390;559839.301;-669.9479;-45.3306;-43.2591;
493857.576;552068.491;552225.798;1535.2690;368.1512;391.0698;
485872.258;520817.756;520716.820;220.1381;-677.1869;-681.5017;
446358.871;554587.758;554323.727;262.9956;224.9992;229.0667;
123479.245;543964.263;543580.917;120.0910;-153.9132;-154.3736;
360501.521;518880.917;519259.649;-524.6644;-60.7712;-59.4608;
458157.705;564470.214;564314.804;226.6341;-130.9086;-137.2949;
479219.229;515609.254;515432.418;301.8345;-167.9069;-173.3104;
325375.679;486015.925;486226.718;-416.9084;-141.4563;-145.1133;
394788.250;552565.471;552682.903;577.5927;-3.3536;16.5390;
477279.537;556560.412;556444.345;-437.5616;595.3850;588.5364;
356358.913;442034.257;441032.938;256.1642;-39.0777;-38.7692;
497313.315;532080.928;531935.526;1136.6643;-339.4877;-344.5549;
489819.878;536992.672;536794.865;-529.0902;167.7754;163.0581;
479278.155;513238.439;513310.978;-420.1766;-614.8912;-614.4101;
489117.114;520861.464;520797.252;-523.6188;-106.0472;-104.4483;
472793.072;558494.867;558372.339;-178.1950;45.0441;45.2462;
469523.947;549970.319;549952.076;-244.7100;-325.7800;-331.5943;
485758.661;538692.815;538536.111;-368.2612;165.1916;167.9248;
489705.175;534801.267;534652.958;228.8158;-141.9206;-148.0594;
901852.259;147452.560;147475.655;10.6252;-21.8396;-21.8484;
465468.854;446003.519;444317.035;237.1766;-302.8093;-310.0213;
528253.504;559606.927;559157.876;-181.9239;-264.2216;-264.5177;
479348.034;542600.225;542440.048;696.0153;-16.9473;-22.9511;
566417.338;542779.445;542469.347;-167.6307;64.2968;68.7086;
465705.132;544199.589;544083.797;1044.6237;627.0022;619.9945;
227678.382;463278.973;461947.577;60.7459;-81.9143;-80.1614;
474399.333;532707.646;532654.017;121.3424;-329.0869;-329.9538;
429374.949;498151.470;497667.086;-234.5572;370.6202;374.1600;
435403.069;557015.105;557020.911;95.1843;-163.5797;-163.1137;
463354.036;537124.542;537025.980;495.0432;131.5758;128.1615;
187086.232;425000.766;424292.206;51.7304;84.5365;82.4683;
481393.149;530527.061;530470.603;-169.4771;-131.4957;-136.7730;
521112.815;488040.656;487739.848;-497.3315;-72.1812;-75.1735;
464343.476;568615.698;568404.769;427.9805;-818.3084;-816.9259;
437783.051;555443.579;555473.872;-643.2926;-48.4463;-45.9264;
482400.023;552090.607;551909.609;498.8493;149.0285;145.1830;
732496.890;250918.539;250920.372;-104.4668;131.1092;131.0570;
472454.249;546840.821;546807.557;-385.0477;-637.3807;-630.7843;
757157.972;715376.350;713746.028;-132.3676;-0.6694;-1.1882;
363603.465;541267.775;540928.968;136.6038;-103.6724;-104.4164;
469349.600;535340.964;535214.965;-501.8501;266.7593;267.0489;
467088.831;558399.484;558293.268;-306.7437;300.1955;298.8003;
526245.652;539138.948;538971.578;180.6571;-84.8667;-81.9247;
280251.217;385034.092;384829.014;-224.2060;11.2670;11.1098;
487631.277;583049.300;582269.388;-292.0108;-29.3520;-38.5533;
529474.279;572910.336;572280.995;-415.8455;62.9720;62.1102;
465919.853;538816.625;538804.382;-186.0439;-455.8787;-453.6718;
498153.986;505667.129;505205.138;-652.6173;389.5786;377.9431;
444892.496;534496.388;534469.350;96.8548;-236.9824;-233.9718;
950739.147;656870.612;656531.488;-72.7435;16.9244;16.7334;
474528.269;532305.369;532219.797;-628.0003;-152.7219;-150.7623;
29915.214;521568.474;521357.527;-14.5537;85.9897;85.9210;
502127.092;536458.436;536393.778;1357.5210;22.9495;12.9906;
513294.018;575307.717;575075.156;-540.9622;455.3781;453.5444;
453656.363;543471.027;543493.062;-238.9976;335.8303;336.8198;
74149.789;81987.120;81084.981;-37.6061;-102.8040;-102.9826;
441508.689;560378.920;560141.772;831.3029;39.3527;34.0708;
519669.303;496695.419;496161.650;-367.4888;320.5801;337.4967;
502452.842;537615.770;537318.069;392.4507;-232.3799;-232.7952;
474607.825;571276.304;570943.854;786.3803;-423.2685;-417.3658;
461130.232;391637.748;389514.125;-57.3969;-237.2422;-242.8479;
508842.506;556095.769;555971.635;-65.0672;-50.5891;-56.6972;
818923.039;498881.062;497312.624;43.8605;-34.9758;-36.6650;
561572.934;596118.252;595967.801;319.6679;-397.7041;-399.5629;
424999.938;531583.208;531653.717;63.2058;76.9703;71.9732;
571063.530;425411.509;424711.973;156.2355;-34.9847;-35.4996;
448629.201;559820.084;559839.597;606.3806;134.6335;128.7049;
437873.850;549798.114;549646.095;-341.4131;-186.0419;-187.6173;
471578.096;562564.165;562485.106;-207.4520;223.5454;223.7828;
467648.807;532816.564;532794.682;74.8503;-632.5210;-638.5178;
483531.514;552584.352;552420.098;-763.7807;612.4536;615.9183;
730172.386;506513.090;505772.816;-199.1359;18.4722;19.2444;
458905.074;550891.005;550964.531;-1033.4113;609.3660;627.5417;
473471.083;561403.371;561275.791;-390.3615;-29.7671;-28.4702;
477201.036;629527.258;628893.488;-109.6878;57.6979;51.9124;
490533.537;540757.608;540619.980;331.0848;316.9446;319.0359;
482857.443;559699.678;559610.817;954.6556;298.5294;294.8524;
455592.561;548006.143;547952.391;367.4320;68.8234;67.1126;
515955.277;526090.190;526004.542;392.5620;-38.7685;-44.5743;
470345.078;530709.647;530590.354;-1364.0699;-168.6009;-151.2521;
624229.106;427449.386;426668.150;242.7780;29.7439;29.8160;
456555.893;539976.713;539898.359;-402.0884;375.9034;374.9659;
533307.419;650843.226;651089.327;238.2401;70.1019;70.5450;
649115.266;643091.405;642952.661;376.0528;55.0890;54.2435;
469948.556;530740.013;530837.184;-911.7145;660.5877;670.9551;
484605.404;682518.534;682411.297;-355.1092;-64.3744;-64.1830;
534094.088;669462.062;669364.145;190.7074;-24.1492;-24.2716;
675563.574;601032.246;600640.855;-194.9765;-40.0089;-40.1795;
544908.872;562976.907;562535.771;268.4361;5.4178;-0.2816;
633441.386;548948.663;549097.831;245.9288;-159.3290;-159.4863;
485839.906;548600.267;548496.611;-267.9901;-38.1308;-39.4057;
882476.070;465726.551;465720.548;-38.0698;4.8336;4.8229;
490357.300;523687.160;523679.967;-272.8728;-129.2169;-129.5770;
457901.069;554080.286;554021.300;-265.5280;-353.8295;-356.9247;
455126.319;551364.406;551298.167;350.7191;548.7639;546.0089;
757264.341;679203.552;678841.241;218.6070;91.0903;89.2200;
483317.002;537704.159;537550.021;-131.5428;664.7873;670.8302;
195359.339;985770.378;985524.248;-74.5673;52.1487;52.0843;
482874.421;553162.048;553007.645;-68.1764;514.5429;513.9924;
496128.170;537149.080;536974.876;230.6995;-407.3136;-403.7635;
457485.994;544632.984;544555.422;-168.7455;-498.1342;-497.3014;
478681.556;552846.546;552646.028;-190.9515;-461.6583;-462.9577;
474910.780;559856.038;559795.513;-262.5968;328.6451;325.7019;
407461.245;245487.432;244855.991;8.2303;-40.2989;-40.7578;
497671.496;533312.808;533091.313;-579.0825;-60.1513;-61.9515;
454449.891;520563.756;520607.106;347.9186;56.1772;55.6339;
150622.786;401679.071;401431.948;35.8007;-45.2367;-41.0256;
141331.785;438325.517;437595.138;4.5513;177.9543;174.4626;
458891.681;550666.541;550637.977;763.0516;233.3686;225.9010;
503586.111;552935.416;552827.205;-1163.7854;311.8007;310.7631;
491873.541;534925.000;534870.343;-26.1137;-545.8566;-540.9048;
369878.915;521689.138;520768.291;-237.2822;548.5400;544.2393;
509810.318;469738.306;469492.527;170.3771;-39.0729;-41.9848;
310003.035;481100.162;480763.664;-195.4869;71.8270;72.4222;
479718.012;564858.770;564708.733;388.3433;131.7577;134.0050;
474694.547;557676.271;557613.799;362.2901;7.5670;6.7879;
552776.327;291273.179;289971.553;-70.9264;-83.8674;-84.4818;
426889.841;555847.062;555737.989;344.8899;-225.5718;-229.5249;
489952.199;576821.687;576571.261;150.9323;-123.8617;-134.5915;
360763.788;575727.720;575263.242;277.2638;225.6597;217.9242;
491665.185;525165.472;525139.943;462.1455;-166.8088;-162.8080;
392129.108;606795.878;606740.187;-798.3698;-0.4654;-1.8912;
454210.261;527484.241;527453.871;-523.5426;-16.2432;-17.1850;
513398.905;552160.500;551906.478;393.8812;-295.1327;-301.2143;
409505.318;430022.350;428633.857;-60.2777;-32.5073;-33.1967;
374292.152;669339.099;668800.177;417.1313;82.3681;84.2690;
467797.856;542298.200;542170.850;-105.0317;-83.9840;-82.6618;
506829.639;544539.750;544112.493;-819.6725;261.9728;287.6647;
470574.088;552018.473;552181.171;224.1197;-714.4037;-727.1923;
516982.827;547663.589;547412.217;-41.5005;-322.6015;-322.7642;
565558.013;568346.763;567985.511;31.2080;7.6373;12.9120;
506953.735;532919.281;532720.214;172.6525;684.2134;684.9709;
331192.673;551905.097;551867.538;-333.5643;133.1444;126.5760;
446271.068;509871.179;510010.398;280.6742;-110.5985;-111.1155;
414403.680;544564.618;544800.489;-51.0359;219.1457;218.5885;
463176.635;535306.417;535267.789;38.3320;612.3615;611.3702;
490291.571;531004.312;530969.267;-452.2297;458.0486;454.0261;
484310.362;534652.198;534563.819;590.3660;-428.9119;-427.6923;
485969.979;590961.531;590439.636;-284.3044;-73.6773;-71.6099;
393477.361;558477.040;558207.822;-146.2135;-349.2363;-344.2143;
684498.271;691814.752;692170.612;235.5394;12.9752;13.2433;
473833.051;574299.613;574225.081;-363.7485;182.2878;181.8645;
462281.687;549920.982;549858.817;-45.0979;-476.4241;-478.1864;
141302.574;575179.574;574832.358;110.7143;-64.9922;-65.3696;
494572.221;529538.918;529418.436;465.5517;-285.9364;-288.1634;
530449.443;476003.091;474895.037;495.7539;188.9200;190.7299;
464228.969;519392.618;519495.793;163.5103;-94.1703;-99.3910;
231902.293;427880.611;427166.272;-338.9053;-190.0251;-190.9609;
460000.911;548805.858;548714.079;26.6252;148.4857;148.7017;
472703.518;546356.630;546213.901;20.1495;-99.4656;-98.7669;
508191.536;529187.673;529301.037;390.2494;-135.2897;-135.3658;
