# This file was created for the Modelling and Simulation course, RUG (September-November 2019).
#
# Project: Simulate colliding galaxies, using Barnes-Hut algorithm.
#
# Students:
#     Stefan Evanghelides (s2895323)
#     Hidde Folkertsma (s2759799)
#
#     X         Y         Z         DX        DY        DZ
461829.745;520886.846;520890.628;223.3266;7.6452;7.5853;
465902.425;525526.286;525522.533;818.1479;365.5075;365.8798;
471091.426;883698.476;883690.911;115.5304;40.4534;40.4519;
244369.047;306144.103;306150.222;62.7267;21.4372;21.4398;
899742.668;753159.100;753070.372;239.5067;241.7161;241.6461;
434043.532;525092.025;525104.358;-133.1531;-72.3684;-72.6844;
454094.187;534797.860;534803.589;176.1044;-217.7508;-217.6705;
823786.053;698547.754;698494.040;2.5011;233.3561;233.2700;
958574.050;438666.250;438625.062;484.1281;-105.0130;-105.0612;
635514.835;532003.212;532007.106;-457.9972;-144.0264;-143.9440;
415851.827;415563.191;415536.865;300.5203;-276.2352;-276.3429;
508216.467;664984.042;664960.749;169.5019;-150.9161;-150.9716;
476363.529;524515.653;524521.332;1309.0795;482.7764;482.8512;
494041.555;526398.057;526396.642;742.0413;600.6025;600.1287;
655988.880;493343.960;493327.387;-288.0171;-58.6566;-58.6926;
351686.573;391959.496;391946.001;-223.6929;-192.7044;-192.8759;
917243.804;507349.567;507313.488;368.5323;48.2936;48.2676;
453979.347;520146.204;520155.514;-596.1131;-9.8114;-9.6869;
847092.391;603807.399;603824.189;253.1945;-163.8926;-163.7426;
451050.757;523168.164;523169.595;470.7787;377.6684;377.2875;
336502.521;170915.807;170898.206;120.2858;78.0684;78.0487;
536081.412;698498.113;698471.476;-14.1000;59.9134;59.9078;
489267.083;535375.742;535377.899;-409.1498;-178.3556;-178.3012;
462650.851;531495.395;531501.786;-158.8557;79.4921;79.4664;
470297.469;525143.658;525149.124;-725.1009;997.9948;998.2551;
508470.917;564231.442;564222.916;568.9935;281.7889;281.4664;
481198.735;540571.397;540574.289;-420.4083;-420.7861;-420.6187;
939927.506;784490.036;784431.347;426.3379;252.3609;252.3057;
321125.113;415231.196;415232.046;5.7602;-125.1447;-125.1729;
459665.571;535946.531;535951.710;-120.4315;-176.5070;-176.4957;
558938.060;549449.547;549429.393;82.7780;112.0467;111.8480;
480886.230;532520.725;532524.771;-418.8868;-258.7855;-258.7059;
486732.207;535058.794;535069.759;1238.8103;112.7600;112.8401;
459086.713;534445.760;534452.003;15.8141;-163.8955;-163.8757;
433191.321;513180.647;513184.965;480.0745;99.8452;99.6864;
463689.657;533151.308;533155.569;230.6421;-129.0366;-129.0346;
490779.938;526252.678;526252.518;-935.3142;-177.3326;-177.3105;
691565.280;330394.886;330408.847;140.8656;-113.5371;-113.5231;
275907.852;412888.708;412886.158;-160.1029;-79.0790;-79.0475;
490106.256;532689.334;532690.931;506.6008;-115.9141;-115.8038;
470935.971;517320.584;517324.695;-718.6879;666.1040;666.0577;
355761.480;406730.910;406705.603;-194.1552;-260.0662;-260.2597;
485891.391;528026.026;528026.480;-61.7321;557.6959;557.6954;
856481.342;571213.914;571130.943;271.7171;-2.7347;-2.8728;
440165.558;385807.626;385790.434;-190.3404;-70.0927;-70.1051;
504889.268;532869.613;532859.036;-695.2251;340.9540;340.9615;
521979.040;470885.733;470882.482;-38.9049;-258.7363;-258.7635;
749210.249;852966.202;852929.785;-14.9289;198.1812;198.1557;
414332.667;588943.076;588928.232;-176.1617;13.5999;13.2168;
760958.742;675932.466;675854.589;9.9075;33.4282;33.3140;
465582.101;532707.103;532710.595;664.7207;371.1226;371.1380;
498955.910;537616.665;537627.919;524.4420;-902.1412;-902.2427;
370216.068;613997.368;614001.221;169.6374;-13.8150;-13.8231;
444606.091;521455.502;521465.710;-260.4638;-685.9002;-685.7008;
411837.905;513744.489;513739.776;148.6373;19.8480;19.7950;
622481.601;727282.124;727260.843;145.0538;283.2391;283.1610;
726083.313;280375.800;280385.483;133.1852;-171.4869;-171.4720;
473028.962;525259.675;525265.022;827.0625;716.0356;716.3532;
917022.880;687205.494;687150.614;368.1665;148.9878;148.9541;
876400.849;540166.941;540129.331;226.3185;-17.9342;-17.9573;
765347.703;517997.780;517972.964;191.7121;89.2622;89.2500;
652560.213;478775.619;478747.025;-18.0776;71.8241;71.8215;
511056.913;544640.945;544637.394;-116.6755;396.6944;396.4009;
478498.789;523166.234;523174.035;1179.0752;155.8275;155.9128;
649878.412;524237.238;524230.337;-351.7903;-31.7759;-31.7980;
473075.410;522684.102;522687.989;-972.4349;-290.3599;-290.2390;
450396.144;543208.813;543213.095;272.5161;-437.6432;-437.7898;
442508.855;592844.743;592831.485;-353.3536;-106.9654;-106.9093;
481206.205;523099.391;523102.412;-435.5792;-359.4096;-359.5271;
448110.189;431133.765;431126.195;-187.3114;218.4173;218.0967;
444210.263;520227.840;520224.501;607.1824;-273.2492;-273.0825;
704739.466;526956.466;526943.405;322.1826;108.3556;108.3224;
475690.699;523982.629;523986.180;-179.6492;805.4982;805.5106;
457923.755;411200.661;411189.976;-219.8457;-142.1097;-142.0721;
680193.265;548091.392;548084.785;-211.1337;-59.4123;-59.3772;
533102.699;627159.074;627144.273;-205.1137;-45.4648;-45.4268;
631272.468;533630.629;533641.374;-437.2188;181.9848;182.2186;
957155.008;556825.703;556781.242;404.6715;75.1853;75.1374;
927368.847;904379.322;904300.807;363.3604;367.9666;367.8817;
524018.873;507600.004;507596.806;-185.9008;447.5447;447.5505;
487079.470;528542.070;528544.379;530.8301;86.2180;86.2131;
765867.553;523533.157;523507.715;-84.5737;43.5277;43.5272;
513063.387;557330.447;557303.695;-586.4585;-224.2486;-223.9076;
625932.725;531732.688;531734.737;-447.0656;-119.7382;-119.7973;
477099.965;523371.758;523377.482;-535.0077;-566.3291;-566.2668;
421203.817;503496.461;503508.895;-223.6880;-37.1672;-37.3080;
903369.237;450997.092;450968.670;392.6875;-30.2152;-30.2471;
485073.715;520540.634;520544.089;357.6124;-374.6843;-374.6141;
635188.879;529256.543;529253.488;-228.3144;65.9513;65.8716;
479647.874;522621.405;522624.126;-761.7449;-36.7231;-36.5893;
499146.972;586338.399;586336.843;767.6767;115.3112;114.9496;
460179.290;534382.143;534387.175;86.3539;-775.4456;-775.3698;
331691.978;417498.818;417492.808;21.0768;161.9067;161.9400;
587096.747;546017.824;546002.878;283.7610;184.5831;184.3924;
427132.088;326690.119;326696.326;256.5524;106.6176;106.6090;
186059.328;293664.451;293676.382;-336.8253;-180.7339;-180.7461;
477531.271;525718.536;525725.497;-154.7046;-553.7858;-553.4512;
515033.169;551012.975;550997.942;-895.2502;-71.4759;-71.5162;
492538.408;521627.320;521630.016;-92.9312;306.8772;306.8719;
450708.216;529837.289;529850.373;-960.1810;331.7301;332.0116;
496980.183;525752.317;525754.265;-401.0511;-814.4407;-814.5105;
450304.461;520334.833;520339.771;-203.8513;459.0558;459.0834;
68374.981;387596.086;387603.013;-247.4899;-89.0658;-89.0935;
372143.145;506150.861;506158.677;449.5063;-71.2076;-71.0937;
310976.343;557628.758;557638.968;-432.6643;159.7785;159.7522;
511551.899;449720.552;449748.251;-1.8364;335.6492;335.8591;
477012.763;526773.292;526779.035;-255.7001;-468.6307;-468.5762;
478319.449;502730.882;502729.445;643.7710;-221.2594;-221.4834;
529422.671;527161.207;527161.068;300.8868;254.6850;254.5206;
462306.832;516425.267;516439.465;-356.7464;439.0210;437.6808;
442557.180;582655.152;582648.394;160.5986;-262.7076;-263.0592;
468135.932;533945.651;533949.010;-299.3612;259.9136;259.8839;
486820.542;490313.997;490321.726;-1014.5842;-21.7292;-21.7562;
740586.573;685179.851;685154.468;398.5768;95.5238;95.4443;
742881.871;392244.229;392229.320;263.2880;20.3097;20.2861;
476381.455;528306.736;528307.984;-590.4509;192.6924;192.8274;
432417.223;535556.594;535553.827;178.7205;386.8191;387.0740;
368298.955;560161.124;560192.699;406.1892;300.3324;300.2348;
469080.349;518309.778;518315.142;-308.7763;-136.9764;-137.0429;
466619.322;418959.086;418931.677;564.4833;108.7437;108.7414;
436458.457;607170.956;607163.117;227.2231;257.4487;257.4475;
690277.320;600909.089;600890.189;-248.8946;-40.1741;-40.2165;
463452.406;555030.841;555054.543;526.7428;-501.1287;-500.7653;
407182.300;486302.285;486307.025;-273.2295;157.4155;157.3565;
466475.731;540780.876;540785.238;-732.4424;12.3844;12.4192;
568488.583;542101.970;542088.023;422.5023;-33.6859;-33.8278;
457119.001;533486.173;533492.838;-119.9622;-178.5648;-178.5437;
473476.557;457258.195;457262.696;-255.4176;-174.5487;-174.5493;
534941.992;543416.490;543413.183;216.3857;111.1431;110.9016;
207463.599;377870.896;377871.027;-134.4720;-68.7160;-68.7232;
484915.931;550910.240;550919.968;-5.7549;586.7486;586.7134;
389588.695;432362.310;432347.281;282.1656;87.9660;88.0019;
443482.561;514194.476;514198.177;384.8181;-244.5833;-244.6338;
485866.060;529920.944;529922.532;-271.8917;-1081.8605;-1081.7031;
508024.355;529094.120;529091.245;1023.7875;-263.8444;-264.1701;
511065.800;535085.252;535092.988;429.3197;76.0609;76.0396;
461478.529;506465.874;506477.096;-268.0655;-183.3644;-183.2661;
642565.020;646566.941;646545.255;-141.1374;-23.7604;-23.7774;
502465.752;540518.810;540513.144;-425.1621;-205.5929;-205.7655;
455365.342;541282.622;541286.947;-92.6084;-295.8800;-295.8689;
498416.435;522088.397;522089.567;671.5365;-230.2291;-229.9916;
350860.729;587192.499;587196.686;368.5364;112.2779;112.2769;
383924.154;720624.717;720629.948;-17.6171;189.1617;189.1551;
456346.876;525254.267;525260.279;952.2041;530.8948;531.4365;
451486.414;537644.959;537649.863;636.0405;242.4370;242.3549;
476203.724;530680.882;530686.408;-857.2211;372.2800;372.3549;
556711.798;452295.080;452305.099;-423.8586;-52.5410;-52.5293;
363254.077;526641.776;526657.698;107.1499;-175.4835;-175.4450;
502953.174;512293.579;512297.991;146.7072;28.7894;28.8405;
172256.245;298875.970;298878.345;-269.6671;-241.3035;-241.3142;
486072.257;524137.595;524140.490;-324.2628;627.1037;626.9445;
443337.368;518426.060;518419.763;823.6397;101.6333;101.5603;
279114.538;254858.670;254866.826;-101.2946;83.0581;83.0758;
475461.275;459785.993;459762.882;102.3844;194.7361;194.6716;
501206.859;538468.165;538467.372;-1122.2219;-335.1111;-334.3189;
558266.236;473488.977;473463.606;-294.9156;-48.4139;-48.3406;
485388.335;532841.265;532844.385;141.3108;-180.0769;-179.9278;
94691.117;422873.445;422861.699;-49.2726;-162.7345;-162.7250;
417025.487;557109.827;557125.211;-609.0223;14.0328;13.9552;
494484.297;535634.686;535635.563;329.3527;-332.9915;-332.7553;
504990.875;543668.260;543671.007;414.5886;-115.0356;-115.0394;
375987.932;798045.245;798054.324;142.4341;118.0401;118.0618;
447613.246;520508.596;520508.581;969.7860;50.3715;50.6466;
257287.873;503709.442;503712.509;176.8961;-29.9358;-29.9342;
524634.296;548797.020;548774.055;12.5741;216.5109;216.1897;
503097.537;524418.208;524421.081;-115.2841;-286.0096;-285.9489;
432179.827;521126.406;521135.430;-605.2764;27.9620;27.8936;
493359.697;532165.071;532167.350;-594.0509;-435.0005;-434.9563;
104013.038;585417.719;585406.844;-329.2488;51.5462;51.5224;
856836.124;478913.130;478880.022;-275.3687;-14.2681;-14.2856;
432475.973;539499.218;539493.266;366.8379;-196.6969;-196.5132;
498405.386;541085.947;541088.761;242.0403;-40.5972;-40.5674;
476151.562;538337.414;538336.020;351.0976;521.4877;521.4700;
445388.846;541371.386;541367.942;1006.8650;-76.1446;-76.0881;
454542.135;533565.614;533571.688;-257.0478;242.1128;242.1979;
417160.630;614040.143;614041.189;133.0119;-114.4348;-114.3497;
104558.613;88718.687;88703.921;-281.7016;-87.2037;-87.2072;
487501.459;573989.799;573983.325;-285.2498;227.1460;226.9842;
828382.409;522437.713;522421.418;-226.2287;23.8832;23.8607;
410992.892;546557.361;546553.257;188.0943;385.1743;385.2733;
447655.734;545454.634;545460.774;-480.5774;220.5452;220.5767;
493863.824;526130.100;526130.717;-512.2810;696.6889;696.7334;
529294.477;470539.259;470541.312;434.1864;120.6562;120.5321;
458048.034;526477.173;526488.720;-1380.3629;162.1392;162.1215;
459720.897;517533.048;517536.731;-589.6012;56.2519;56.3347;
513083.022;535604.761;535605.926;-111.9031;-169.9371;-170.0000;
531500.561;541855.697;541837.034;-13.5630;-13.1322;-13.3568;
462785.909;532195.982;532201.416;-688.9464;78.6193;78.8134;
476776.132;527920.139;527924.524;546.5792;-467.8525;-468.0517;
506758.505;529161.067;529160.687;432.5719;-211.9557;-212.0647;
