# This file was created for the Modelling and Simulation course, RUG (September-November 2019).
#
# Project: Simulate colliding galaxies, using Barnes-Hut algorithm.
#
# Students:
#     Stefan Evanghelides (s2895323)
#     Hidde Folkertsma (s2759799)
#
#     X         Y         Z         DX        DY        DZ
293710.033;594281.115;594281.219;328.9887;-42.4411;-42.4366;
243224.797;694598.081;694599.753;130.8145;107.3228;107.3282;
301364.384;637482.511;637483.043;156.7444;304.3768;304.3714;
384826.418;557977.027;557976.855;301.7117;100.5779;100.5748;
287104.064;545827.410;545827.395;333.0168;-202.3488;-202.3680;
299321.158;587314.647;587316.051;290.3643;34.3771;34.3380;
292543.902;616187.185;616187.767;372.4795;-205.2680;-205.2577;
290071.658;580519.860;580520.423;-218.5111;64.0448;64.0310;
326385.758;594871.922;594873.127;240.7069;17.5672;17.5728;
310832.485;560219.573;560220.300;370.3127;322.8673;322.8776;
300048.483;579297.689;579297.684;72.2678;850.8602;850.9002;
263072.639;578149.355;578151.870;833.6289;103.0793;103.0580;
329057.490;629790.580;629790.773;424.7397;56.2294;56.2243;
370498.196;531572.307;531575.491;57.1002;359.1813;359.1710;
237934.265;867314.790;867316.522;102.1377;443.2701;443.2623;
324703.013;544251.845;544251.526;-110.0705;394.2457;394.2205;
324136.118;616843.405;616843.509;472.8366;260.8727;260.8591;
295812.809;624891.017;624890.787;-334.6795;163.9042;163.8667;
479412.207;340634.855;340639.688;356.4077;-214.0184;-214.0123;
307407.297;585804.585;585805.106;123.4240;271.5078;271.5137;
312359.295;389209.402;389207.846;137.6161;-57.5377;-57.5471;
290863.838;588667.241;588667.463;32.6870;462.3220;462.3426;
308839.283;574277.597;574278.220;299.0807;262.3839;262.3739;
274941.244;635684.358;635683.234;294.0865;227.7352;227.7240;
274040.227;592966.598;592967.749;231.2152;279.2942;279.3067;
270919.430;552259.102;552257.964;-73.0054;377.8882;377.9245;
262513.293;495181.819;495180.718;65.4205;264.1917;264.2027;
255691.202;535784.935;535784.871;-92.5790;87.7712;87.7631;
294372.700;594222.749;594223.768;7.5839;-33.7250;-33.7096;
313661.316;548919.604;548919.378;-55.4996;154.1717;154.1799;
324413.258;564952.318;564953.101;-33.2594;403.8730;403.8738;
288646.330;577976.804;577976.719;997.1980;169.6125;169.5877;
295796.231;574038.004;574038.299;751.3936;117.5265;117.5517;
327495.623;585656.271;585657.394;-33.5664;58.9359;58.9331;
261104.275;578865.123;578866.186;256.5974;363.9789;363.9748;
315251.567;596874.089;596873.849;-121.2578;37.8499;37.7842;
317350.359;576570.188;576572.016;-293.3717;-33.0130;-33.0348;
262652.572;598630.807;598632.946;303.1848;101.7537;101.7525;
341567.000;558916.113;558916.798;-249.3211;258.8677;258.8862;
339558.115;625921.741;625922.030;285.7433;338.0315;338.0200;
314011.940;507165.492;507167.321;376.1730;60.6717;60.6651;
253037.952;694198.285;694198.946;210.6540;84.1404;84.1379;
196028.520;737709.141;737710.790;51.5623;225.4744;225.4758;
291624.154;577795.195;577795.370;409.8390;350.7544;350.7553;
337749.253;611847.983;611849.120;315.6964;-19.7120;-19.6887;
306996.386;593785.818;593786.972;151.6004;263.7534;263.7748;
308695.307;579983.369;579984.532;115.6216;-320.7247;-320.7044;
246519.687;514102.513;514104.458;184.6208;155.2465;155.2636;
326175.612;588820.174;588821.140;-102.8348;-274.1213;-274.1122;
295336.338;662129.908;662132.119;363.4488;173.0992;173.1009;
237017.406;509233.932;509236.629;100.5788;42.5104;42.5006;
305531.661;588995.388;588995.527;722.5675;177.6709;177.6824;
343068.834;401443.062;401441.600;306.3642;-145.7821;-145.7877;
336643.001;628865.580;628864.682;1.4889;88.5856;88.6115;
455596.457;596017.168;596014.087;443.4411;44.1078;44.1016;
413811.469;400592.403;400596.365;374.5295;-173.0706;-173.0756;
357802.983;572025.147;572024.648;106.5939;207.1945;207.2112;
231773.771;554077.790;554078.016;8.5952;228.8338;228.8392;
324689.806;553461.026;553460.600;587.0388;270.9888;270.9769;
303721.604;610485.162;610486.561;320.1929;361.2527;361.2566;
437823.905;541643.175;541643.912;216.8087;94.6960;94.6921;
326838.272;515610.641;515608.413;404.4679;-32.9005;-32.9232;
278760.660;599905.164;599906.267;144.1224;137.7405;137.7461;
350513.642;575529.023;575528.965;-64.5943;-4.9676;-4.9714;
258078.999;856564.017;856558.760;41.5226;574.8346;574.8372;
318098.365;576312.105;576313.112;413.6952;309.3997;309.3954;
425255.188;396050.168;396052.587;400.7470;-136.5411;-136.5263;
300792.531;511965.374;511964.967;373.1209;78.2743;78.2773;
143475.956;641827.963;641830.126;5.1343;203.6731;203.6757;
317840.001;581117.670;581117.854;366.9873;290.9066;290.9215;
364060.952;514368.746;514368.420;229.1398;4.1716;4.1818;
322855.188;585256.300;585257.339;711.0469;51.6187;51.6364;
316625.127;587894.577;587895.543;280.6266;230.9998;230.9927;
281624.121;605575.537;605576.878;198.1990;144.3813;144.3764;
311737.688;600851.238;600851.891;227.4966;307.9282;307.9291;
346743.503;540329.264;540328.543;176.3064;128.1367;128.1574;
277849.467;592320.930;592321.543;641.1936;444.5111;444.5088;
292618.996;570677.525;570677.704;290.3294;363.5454;363.5405;
296354.435;576604.219;576604.253;-157.8915;750.9188;750.9539;
349878.776;640665.140;640663.636;432.3153;231.2272;231.1767;
320969.509;571771.189;571769.800;543.5200;19.9903;19.9691;
330456.243;545358.008;545358.826;73.3030;446.9942;446.9794;
389723.421;825278.119;825275.635;491.3507;864.9483;864.9382;
354643.142;557007.704;557005.935;236.7591;171.7684;171.7709;
286275.474;604950.780;604952.663;-65.0002;-191.7441;-191.6992;
345809.310;493327.012;493325.793;153.0649;181.6642;181.6626;
361948.282;432530.763;432533.221;312.1512;-62.4647;-62.4589;
375638.759;370045.740;370039.696;394.7730;-61.6431;-61.6474;
351555.628;589178.952;589177.821;66.1989;388.3112;388.3193;
300616.826;563072.716;563073.727;363.0114;-406.1128;-406.1505;
307681.136;584335.335;584335.440;471.3864;451.7829;451.7801;
288135.374;552786.888;552788.840;657.2984;-24.8229;-24.7898;
925624.256;666781.409;666781.290;363.0052;554.4834;554.4636;
729510.304;461629.920;461631.476;-108.7287;73.3276;73.3307;
705085.108;458325.118;458326.615;-174.3464;-128.7337;-128.7113;
693218.758;457520.750;457521.275;-12.4360;43.3183;43.3101;
904530.837;656953.263;656953.118;227.3925;443.4143;443.4148;
828399.616;517383.531;517382.991;-33.9913;-37.4881;-37.4904;
924165.992;677098.040;677096.622;-217.2221;1001.3091;1001.2734;
917355.939;673709.773;673709.139;588.7771;387.2395;387.2371;
918461.667;656156.861;656156.559;122.0909;157.6019;157.6065;
741664.986;430241.356;430243.879;-196.1725;-19.0601;-19.0428;
933325.948;688486.889;688485.959;-269.8076;793.4584;793.3958;
928545.509;692822.034;692821.417;323.5623;444.2473;444.2479;
680841.470;332146.818;332146.914;-126.9832;-164.2553;-164.2491;
942916.311;670949.782;670949.023;534.4839;252.3026;252.2915;
917998.633;739938.590;739937.265;-91.5242;-61.3531;-61.3477;
940253.018;659985.870;659985.261;317.9154;712.4415;712.4182;
897976.576;615122.363;615123.995;166.2499;420.8720;420.8731;
831879.409;620710.949;620713.083;13.4354;53.8053;53.8152;
805525.105;576185.493;576182.571;76.0071;168.7738;168.7731;
691626.464;444107.276;444107.379;-183.0574;-210.0775;-210.1297;
884252.153;696233.495;696232.356;607.1507;205.7186;205.7061;
701669.489;399680.444;399679.114;-89.4586;-101.5536;-101.5603;
927313.034;679393.899;679392.388;-42.6510;623.4133;623.3904;
697528.849;468186.968;468189.761;-253.0209;-132.8344;-132.8341;
936453.704;667346.941;667345.928;-337.0288;-53.7082;-53.6819;
699406.097;461426.651;461428.049;-478.2509;138.5228;138.5365;
884019.316;687256.077;687254.921;111.7977;419.8681;419.8657;
931076.266;673907.618;673907.153;523.6476;127.5085;127.5060;
653584.680;465235.406;465236.437;11.5938;45.8573;45.8530;
940466.653;488733.070;488739.346;425.9992;-71.1928;-71.1733;
938776.979;681499.421;681498.039;109.2676;-89.7919;-89.7771;
928112.038;682919.505;682917.638;463.1390;341.5170;341.5247;
927624.917;645275.239;645276.613;85.2167;603.5002;603.4767;
911185.746;666220.169;666219.612;-117.5897;259.8004;259.8046;
949467.831;673837.552;673836.928;433.3255;104.1124;104.1102;
691254.148;544713.741;544717.958;-211.7329;23.5659;23.5726;
995018.580;633657.234;633656.555;308.4420;283.3098;283.3116;
885342.486;609149.085;609150.471;80.8861;37.8488;37.8337;
896098.974;622355.160;622356.436;360.0983;5.6192;5.6368;
913716.755;675374.572;675374.211;-239.9072;-162.2906;-162.2196;
954655.216;680222.569;680222.174;796.1935;345.0391;345.0404;
946127.900;663440.760;663439.960;138.9778;340.5900;340.5938;
842642.718;439142.471;439145.907;66.6116;-61.8099;-61.8065;
614431.149;319203.381;319201.633;-203.1354;-148.1968;-148.1949;
930299.731;667848.369;667847.235;-218.3263;316.5084;316.5207;
934987.228;683757.523;683756.422;302.7785;46.5608;46.5574;
899203.269;570890.309;570890.104;-35.3680;344.8550;344.8499;
954205.664;645904.023;645904.792;255.0003;354.8490;354.8470;
945784.971;691692.094;691690.857;507.1595;135.9237;135.9135;
946406.144;678008.903;678007.303;134.3892;203.5203;203.5091;
897594.938;699189.401;699188.212;285.1238;329.3973;329.3919;
923773.071;672499.310;672498.243;618.3882;281.8890;281.8724;
651546.098;298888.900;298886.260;-197.4154;-297.4933;-297.5063;
917588.163;683409.675;683408.419;458.0232;-193.6345;-193.5828;
711573.014;464020.646;464022.919;23.7880;82.5900;82.6295;
939700.595;658766.943;658766.172;-256.7841;185.7932;185.8097;
921368.585;674658.302;674657.632;-253.2421;161.3283;161.3305;
920994.158;688615.071;688613.430;-4.5558;8.8465;8.8605;
932774.999;659266.377;659265.887;366.1823;44.3401;44.3513;
670626.882;462155.976;462156.380;100.1418;-105.3994;-105.3973;
922073.259;682634.202;682633.040;245.2372;102.6018;102.6058;
951536.157;665872.535;665870.884;-74.6452;158.4970;158.5183;
896448.439;625553.814;625558.412;331.6571;251.4047;251.4403;
907060.439;687707.567;687706.331;28.3008;60.4463;60.4475;
727945.377;825130.485;825127.112;-3.8595;467.5744;467.5688;
752062.607;558877.937;558879.410;68.2853;177.2554;177.2610;
910309.979;640618.920;640619.490;158.8790;457.3978;457.3957;
940915.349;671446.122;671445.014;911.6455;352.7222;352.6678;
941833.057;697534.030;697531.629;208.6568;-50.4246;-50.4319;
929411.455;645884.717;645885.355;289.4381;272.3428;272.3599;
900366.122;613283.315;613285.242;332.8558;356.9761;356.9689;
972008.205;674055.793;674053.796;439.5844;585.0356;584.9915;
716523.512;453582.448;453582.740;-109.8736;91.2085;91.2099;
913921.171;640576.451;640577.220;290.0567;81.1153;81.1248;
913515.707;700001.730;700000.797;126.1050;59.4690;59.4651;
891285.897;703790.603;703789.077;204.0249;744.5448;744.5289;
910651.532;670394.492;670393.886;-314.3474;577.4572;577.4613;
911779.031;676223.876;676223.354;124.2987;690.7000;690.6743;
894099.090;672028.890;672028.441;612.3921;2.0348;2.0313;
762016.440;477664.496;477660.046;-4.1372;212.3112;212.2668;
908393.538;678543.508;678542.287;-99.8301;123.9527;123.9661;
892436.090;664686.136;664685.745;186.2389;307.5976;307.6060;
749773.322;431222.627;431226.060;-162.1097;47.4349;47.4521;
910381.146;618828.517;618831.557;214.3902;168.1288;168.1372;
