# This file was created for the Modelling and Simulation course, RUG (September-November 2019).
#
# Project: Simulate colliding galaxies, using Barnes-Hut algorithm.
#
# Students:
#     Stefan Evanghelides (s2895323)
#     Hidde Folkertsma (s2759799)
#
#     X         Y         Z         DX        DY        DZ
236601.283;498203.430;498203.063;34.5909;392.7052;392.6975;
206371.039;596458.975;596459.333;-17.4787;401.4842;401.4890;
192236.490;464499.558;464499.229;160.1778;286.8813;286.8833;
184881.579;517776.288;517777.119;350.7411;10.4881;10.4818;
253572.161;535048.571;535048.796;559.1716;534.8618;534.8403;
228062.617;528733.491;528733.821;426.5542;519.8694;519.8633;
233481.711;458224.551;458223.441;-15.5991;133.3147;133.3104;
225368.669;506648.937;506649.702;62.1517;435.7528;435.7592;
203715.086;503180.373;503181.229;-67.6862;278.2626;278.2707;
236152.130;495692.487;495693.657;104.6214;452.3622;452.3739;
288459.949;461093.069;461093.629;164.3560;-65.9911;-65.9930;
118967.179;536091.824;536092.835;26.7853;119.1467;119.1567;
252923.840;506147.657;506148.436;108.2302;-459.9473;-459.9459;
206346.655;494360.155;494360.660;205.5277;-384.4198;-384.4477;
212811.222;638776.109;638777.672;23.2233;620.8372;620.8412;
249616.619;542117.847;542117.662;-213.1667;323.1769;323.1742;
235101.588;511447.372;511447.848;69.0965;128.8111;128.8208;
249471.299;531993.511;531993.302;-624.5141;-195.5761;-195.5742;
310271.150;454396.354;454397.830;463.6540;-331.8394;-331.8292;
251578.860;508318.897;508318.848;-266.8624;-62.4404;-62.4451;
261474.519;444404.668;444404.136;164.3654;-257.2841;-257.2793;
244614.544;495925.953;495925.788;351.5215;-185.5683;-185.5678;
246163.983;513523.381;513523.808;739.8499;-69.4365;-69.4473;
237918.985;537232.294;537232.230;18.1460;-482.0460;-482.0481;
231657.802;496874.179;496874.961;210.7732;-101.4228;-101.4308;
314626.226;511166.931;511169.674;276.7230;-17.1336;-17.1287;
472882.710;732794.266;732795.864;1620.5201;1432.7654;1432.7734;
247333.797;405148.036;405144.532;19.1283;144.2245;144.2206;
238718.666;563374.307;563374.517;427.5573;112.0599;112.0566;
285943.306;522905.148;522904.546;18.9171;337.9430;337.9438;
211081.288;523378.106;523378.673;180.8148;-111.9297;-111.9272;
198765.868;545156.178;545156.475;363.9746;27.5028;27.4941;
206452.387;499848.424;499849.679;-175.3949;348.9420;348.9280;
242987.493;499362.335;499363.644;382.4929;450.4049;450.3895;
257383.099;504578.142;504578.616;32.2193;39.4060;39.4035;
257851.691;505725.855;505726.448;-132.1391;12.8585;12.8569;
220173.562;510520.246;510520.636;-88.3844;562.6133;562.6702;
273783.764;503067.051;503067.071;65.8446;85.0753;85.0589;
238576.710;535255.590;535255.712;-232.1827;83.8806;83.9080;
199377.705;541092.870;541092.629;-112.3007;-134.9839;-134.9897;
240321.919;536107.075;536107.450;617.1047;473.2969;473.2912;
196503.341;528554.860;528554.516;-32.4432;-107.3165;-107.3196;
211060.924;589824.302;589824.185;-35.7235;397.6848;397.6902;
191008.450;620062.864;620063.627;-44.8762;323.1142;323.1172;
239587.533;509022.128;509022.723;365.8551;-108.8650;-108.8630;
182555.986;517806.848;517808.498;25.3214;383.4480;383.4462;
222482.429;504690.255;504690.844;396.3325;342.3442;342.3415;
221122.508;514307.569;514308.051;51.9664;314.6284;314.6349;
248058.887;564910.644;564911.048;112.4427;-66.3820;-66.3874;
226434.790;527171.763;527171.879;-62.4995;8.5295;8.5429;
239113.603;495010.727;495011.600;-627.1418;343.3200;343.2965;
248155.903;564051.867;564052.752;147.8135;96.7944;96.8146;
235229.982;502237.015;502237.296;175.8360;-123.6212;-123.6116;
213761.300;483877.224;483877.660;222.5505;-320.3854;-320.3813;
416452.908;860343.046;860348.820;1282.3099;2266.3421;2266.3837;
220481.903;434693.407;434691.554;-115.3205;307.8734;307.8705;
257714.050;495021.697;495022.421;-48.0926;85.0678;85.0595;
232932.335;492703.111;492701.935;518.1579;-448.1167;-448.1073;
199344.565;520336.548;520336.723;64.5782;-101.8169;-101.8011;
250541.096;521430.138;521430.506;432.0640;-4.4752;-4.4718;
175523.915;527055.635;527056.355;-90.9812;-29.7054;-29.7000;
236886.326;513267.734;513268.328;109.8371;-299.5313;-299.5340;
173556.891;535642.609;535643.381;179.0721;-178.7713;-178.7881;
242591.054;539616.479;539617.020;-207.9483;711.9936;711.9906;
638123.045;752834.767;752832.185;1363.3178;805.1804;805.1727;
249129.164;527484.528;527484.994;260.9300;280.1456;280.1666;
618798.177;878046.770;878045.680;1111.9435;1014.5096;1014.5066;
249674.776;507650.206;507650.776;991.0747;-292.0348;-292.0140;
231137.756;591834.920;591832.804;104.3012;688.7465;688.7278;
223428.205;505220.389;505220.938;284.0229;253.5501;253.5140;
227901.314;496450.843;496451.388;431.1560;-485.6135;-485.6077;
193192.907;522093.441;522094.813;-57.4096;-132.4298;-132.4284;
167844.941;542428.590;542429.350;-173.8519;272.9597;272.9639;
238093.904;509935.645;509936.380;-78.0859;180.5948;180.5884;
198892.217;539420.338;539420.720;160.9752;100.5265;100.5218;
230843.356;515154.580;515154.697;-200.5213;260.9843;261.0101;
244010.861;506766.630;506766.997;-114.8975;142.4995;142.5074;
241771.831;511156.707;511157.314;4.8491;65.9092;65.9069;
226708.271;511036.751;511037.368;-102.2513;124.2175;124.2029;
240027.471;577619.013;577618.763;-47.0073;154.6622;154.6546;
215828.000;504246.437;504247.125;-212.1278;694.4968;694.5042;
237944.075;507161.946;507162.559;359.7596;-171.3723;-171.3619;
164358.471;542606.743;542607.387;550.1943;34.6463;34.6510;
231287.664;519760.874;519761.299;914.9108;-139.2885;-139.3060;
237824.487;509849.243;509849.051;-173.3267;-226.9288;-226.9560;
186688.302;537680.424;537680.592;113.0608;166.8882;166.8975;
246680.771;488158.378;488158.380;237.1985;114.9308;114.9227;
206073.325;520103.753;520103.816;149.7767;-32.4071;-32.4001;
214258.248;508848.212;508848.224;757.5800;542.2110;542.2368;
218217.544;536969.284;536969.288;261.7734;-400.0828;-400.0833;
222124.618;486690.996;486689.925;305.3308;-290.4849;-290.4805;
208397.853;450586.666;450587.266;278.2495;-391.5763;-391.5918;
238590.597;529872.340;529873.430;-162.3206;-291.3427;-291.3447;
245902.467;530612.400;530613.060;805.7468;721.2742;721.2585;
183856.999;462279.761;462280.246;91.2644;148.4442;148.4512;
269964.497;514437.992;514436.674;302.7827;524.2817;524.3050;
842066.342;564823.606;564822.819;368.1435;380.8125;380.8153;
781007.029;471168.766;471169.636;-344.7725;-18.7146;-18.7202;
779828.450;465117.662;465117.835;34.9583;-72.3392;-72.3587;
841576.230;536065.642;536066.201;-330.1673;-184.1571;-184.1430;
785689.498;463217.170;463217.992;-207.7567;-187.5491;-187.5374;
834209.142;558847.458;558847.301;0.7485;-305.7648;-305.7780;
855400.485;606715.388;606713.032;-7.9307;12.9033;12.9121;
852138.989;586179.190;586178.952;-401.6313;82.4335;82.4268;
848134.269;564831.250;564831.273;-120.6082;210.2549;210.2503;
977279.592;565767.582;565768.812;379.7604;232.8298;232.8356;
849157.028;573810.486;573809.750;159.8080;397.7782;397.7719;
738487.082;477633.577;477635.258;-76.3636;-181.3582;-181.3629;
873047.744;553344.773;553344.374;610.8761;337.4739;337.4682;
841748.426;562740.483;562740.047;761.9288;720.0293;720.0110;
715992.425;415868.652;415867.681;-147.5551;-209.2089;-209.2104;
823653.569;545800.162;545799.905;346.9334;193.0956;193.1108;
929873.674;665905.382;665902.906;55.3852;327.0313;327.0292;
800258.847;534296.273;534296.324;146.4959;-87.5494;-87.5473;
861789.411;580343.107;580343.036;127.2757;278.8110;278.7924;
925947.992;572197.610;572198.131;140.9442;274.6042;274.5980;
788951.550;500687.781;500688.072;-141.0074;306.5667;306.5709;
783844.604;508869.420;508868.703;-3.0672;117.1426;117.1243;
828796.052;543865.173;543864.581;-417.5050;-500.6305;-500.6290;
814118.772;545122.061;545121.847;46.6115;460.9401;460.9246;
910962.600;536131.546;536131.707;436.8231;308.9561;308.9535;
768183.287;482195.698;482196.648;-259.6892;-288.8945;-288.8867;
825386.223;560113.229;560112.913;60.5283;-217.5173;-217.5200;
778178.246;461230.820;461231.663;-459.3499;-239.0641;-239.0586;
880808.768;529757.851;529757.392;611.5917;91.3512;91.3546;
832303.286;547824.649;547824.636;-401.7381;92.5318;92.5199;
905188.663;629605.576;629605.594;800.1042;946.5767;946.5700;
782981.374;458755.749;458756.161;161.8666;-293.5477;-293.5496;
821956.164;545668.133;545667.842;-199.5499;192.6638;192.6584;
828728.266;548218.896;548218.769;-97.7872;484.1069;484.1132;
704857.704;481015.468;481016.753;-189.0342;-77.9488;-77.9521;
750871.934;545319.500;545317.465;300.0901;-188.0203;-188.0159;
841350.898;556438.766;556438.370;541.6172;244.9140;244.9185;
850774.283;567708.596;567708.745;852.7370;654.7618;654.7871;
809689.754;612457.501;612457.242;230.0985;137.8320;137.8336;
837153.556;559078.328;559078.140;140.8122;-13.3798;-13.3675;
850500.589;526322.003;526321.918;68.1034;281.6093;281.6118;
801526.241;532865.345;532865.591;-358.5473;-1.7635;-1.7517;
857671.111;570106.538;570106.083;-225.7947;647.1602;647.1152;
852013.564;558491.916;558491.583;666.2627;702.6506;702.6608;
829905.149;568682.942;568682.708;503.2229;826.6249;826.6062;
822208.277;550680.702;550680.104;657.5728;631.2760;631.2918;
778864.209;573954.909;573954.403;136.3125;300.0113;300.0071;
807177.863;549863.027;549862.621;216.5444;592.2144;592.2041;
777630.212;480737.991;480738.380;295.6304;-87.4893;-87.4765;
734063.396;421009.143;421008.249;-290.9189;-410.3367;-410.3492;
850925.994;540691.845;540691.970;88.5884;-17.4715;-17.4688;
840693.659;540473.133;540473.260;10.4001;302.5371;302.5390;
882570.015;480666.916;480668.615;164.0351;37.7346;37.7348;
843136.325;581216.236;581215.705;-95.9756;273.9286;273.9272;
857995.576;557397.860;557397.620;22.5125;67.9738;67.9720;
839383.492;545654.691;545654.371;504.5279;120.7265;120.7312;
833834.210;556127.266;556127.012;353.8855;-278.0208;-278.0016;
817910.004;548570.876;548570.870;-360.4181;235.2661;235.2499;
742107.444;445234.498;445235.207;-234.3962;-357.2253;-357.2237;
787549.795;542064.081;542064.940;495.2883;-5.0643;-5.0540;
814435.336;547127.225;547126.799;363.9423;297.5852;297.5791;
967578.332;568434.351;568437.103;581.5010;359.4582;359.4605;
791577.018;452623.241;452621.782;17.3270;-80.2124;-80.2094;
818824.967;539113.570;539113.575;35.7895;764.2670;764.2540;
844752.485;541848.030;541848.478;47.0059;14.3102;14.3252;
839728.899;566365.630;566365.319;-8.9919;86.9005;86.9079;
968220.913;721422.255;721421.677;372.2096;445.6946;445.6909;
829883.392;564794.723;564794.178;-199.2881;471.8046;471.7888;
710398.385;471380.112;471381.688;-351.1585;-16.4049;-16.4002;
805136.021;549775.984;549775.549;162.4651;377.7618;377.7578;
824801.788;557231.737;557231.218;670.8406;242.9592;242.9663;
857419.995;583115.684;583113.082;438.8204;618.2482;618.1892;
837625.840;548091.578;548091.488;-356.4674;308.1823;308.1769;
859201.875;506503.428;506501.309;547.0140;39.0556;39.0394;
748065.005;594963.127;594962.579;-153.4094;606.2347;606.2274;
750641.903;479684.375;479684.380;-135.4040;258.3994;258.3854;
834269.951;544328.785;544328.600;317.2562;-198.6494;-198.6345;
843193.224;550035.895;550035.919;864.8650;189.3992;189.3909;
875248.873;583540.661;583540.771;1108.3599;451.3978;451.4161;
833464.403;556608.687;556608.089;301.9832;60.6219;60.6182;
801572.565;547485.479;547485.092;131.9882;-123.2298;-123.2140;
859517.657;586861.340;586861.057;3.7482;131.9707;131.9690;
734854.420;559997.783;559996.654;152.7162;208.3714;208.3698;
781896.897;458441.952;458442.178;-257.8466;54.4664;54.4532;
863226.870;582193.174;582191.699;349.9090;455.3121;455.2998;
849540.058;556401.018;556400.989;294.0540;505.8056;505.8029;
778346.497;492814.292;492815.567;187.9081;452.3436;452.4128;
903488.280;540402.371;540401.931;519.2184;10.4726;10.4771;
820567.982;559150.999;559150.665;-82.3429;562.0676;562.0683;
837328.326;558179.962;558179.711;922.5363;-230.8803;-230.8581;
829226.740;536107.869;536107.869;416.1452;38.3577;38.3662;
755059.480;395971.473;395975.054;15.6241;112.5988;112.6055;
839196.067;550952.144;550952.098;-203.1722;124.8383;124.8369;
848184.890;576611.064;576611.071;254.5601;-16.5892;-16.5864;
749816.977;475291.965;475293.107;-93.9446;-61.5063;-61.4962;
861495.478;583505.036;583505.636;34.1226;252.5607;252.5714;
