# This file was created for the Modelling and Simulation course, RUG (September-November 2019).
#
# Project: Simulate colliding galaxies, using Barnes-Hut algorithm.
#
# Students:
#     Stefan Evanghelides (s2895323)
#     Hidde Folkertsma (s2759799)
#
#     X         Y         Z         DX        DY        DZ
212173.439;441838.777;441839.048;7.2780;9.1663;9.1771;
245664.754;439226.496;439226.355;-26.2436;1.6780;1.6726;
162151.897;401463.321;401463.264;8.1321;16.0728;16.0706;
127554.345;518791.797;518792.043;2.4450;0.8606;0.8703;
165697.628;396996.980;396996.872;17.5735;32.7394;32.7352;
225481.554;552663.385;552663.274;-64.1000;-20.1448;-20.1492;
122822.491;574653.833;574653.723;68.4012;-39.6452;-39.6495;
182630.372;529049.194;529048.897;15.5989;-34.0387;-34.0496;
266526.397;464295.521;464295.466;-21.1865;3.7322;3.7300;
150358.288;541375.899;541375.586;45.6487;-13.7752;-13.7873;
167050.615;567326.689;567326.726;13.7509;-38.1777;-38.1762;
255429.375;503150.412;503150.654;-77.2575;-2.6317;-2.6222;
183275.719;508306.024;508306.371;186.3766;-36.3745;-36.3630;
144492.881;479276.122;479276.481;105.2606;37.9233;37.9373;
221344.709;421109.388;421109.561;18.2099;41.9669;41.9738;
163154.490;414134.050;414133.928;3.2917;19.5601;19.5553;
183329.874;541680.194;541680.040;-0.4963;-26.0499;-26.0557;
261357.949;507440.562;507440.304;-120.2918;3.6736;3.6638;
157993.369;588812.002;588812.283;13.2283;-37.1272;-37.1161;
200023.338;500207.085;500206.846;94.1524;6.7660;6.7583;
140227.093;567335.001;567334.648;38.8957;-19.2774;-19.2911;
217971.183;486188.528;486188.810;-12.6439;59.9559;59.9661;
219691.689;510240.660;510240.684;-193.6341;-31.7717;-31.7711;
245778.155;462181.976;462182.144;-71.2620;40.6441;40.6506;
222045.855;505898.949;505898.760;-219.8949;-0.5067;-0.5132;
114982.258;524881.379;524881.608;48.8058;-3.0055;-2.9964;
216485.012;486132.037;486132.261;-197.7172;66.1262;66.1325;
238858.224;374288.703;374288.401;3.0919;7.3684;7.3563;
258009.386;480652.549;480652.557;-52.1291;10.2002;10.2006;
223693.090;562398.333;562398.240;-19.6446;-52.0387;-52.0422;
216350.970;504273.112;504273.156;-90.8392;7.0415;7.0431;
166389.518;498791.824;498791.860;134.9232;8.8998;8.9013;
112090.380;519207.289;519206.950;77.3374;-4.2687;-4.2820;
238444.700;484634.015;484634.381;-154.2015;25.3764;25.3900;
205019.363;492802.840;492802.902;-49.3013;98.9469;98.9477;
186097.119;474301.013;474301.097;96.9364;76.9455;76.9487;
161572.595;568225.078;568225.387;55.7036;-35.2820;-35.2707;
127562.144;547657.712;547658.112;22.6538;-4.9586;-4.9427;
187942.175;471497.960;471497.781;95.4829;83.7023;83.6955;
133285.529;498750.266;498750.204;76.7544;4.9441;4.9418;
201083.915;500869.310;500869.542;81.7611;17.1667;17.1740;
197928.051;553473.629;553473.534;-15.6080;-61.1057;-61.1093;
207820.148;485346.075;485345.947;114.8997;167.3971;167.3953;
194164.069;483403.878;483403.746;46.9390;20.7161;20.7109;
249754.975;431461.432;431461.356;-65.8311;66.6012;66.5983;
223578.756;469788.470;469788.471;-34.1923;47.2976;47.2975;
204764.027;510694.020;510693.952;24.7297;-111.1406;-111.1428;
251261.341;437299.745;437299.585;-15.1521;12.0380;12.0316;
175425.056;520110.172;520110.121;83.4776;-13.6860;-13.6879;
209424.102;489438.352;489438.355;-10.2430;75.8873;75.8867;
245953.375;457407.518;457407.598;-45.4579;19.2175;19.2206;
139443.368;419536.947;419536.952;55.4353;44.8424;44.8426;
329458.953;468327.746;468327.900;-18.1468;3.4791;3.4852;
187418.462;468708.503;468708.426;85.4681;75.0906;75.0877;
173388.015;520939.526;520939.980;122.6458;-18.1651;-18.1480;
217248.352;504922.415;504922.607;-185.7192;-28.5029;-28.4963;
231505.154;570188.357;570188.412;-17.0290;-20.0575;-20.0553;
243098.724;417044.325;417044.740;-21.4292;40.9593;40.9756;
259828.358;379763.000;379762.935;-13.9090;15.9835;15.9809;
218846.907;487884.253;487884.226;236.2080;588.7136;588.7123;
204854.561;591853.954;591854.304;-3.8638;-18.8485;-18.8345;
220739.176;512087.729;512088.089;-67.2482;-30.7635;-30.7502;
199581.157;498050.731;498050.759;40.6920;0.8962;0.8971;
206036.642;517590.454;517590.459;32.7134;-36.9162;-36.9161;
198694.756;518365.492;518365.425;68.2393;-127.8149;-127.8171;
214871.640;528152.578;528152.427;-66.9987;-131.5856;-131.5911;
152409.424;432642.007;432641.987;3.5548;7.3001;7.2993;
187960.853;527876.430;527876.643;45.8581;-76.5197;-76.5117;
175610.904;537579.281;537579.622;83.7368;-49.9415;-49.9288;
199773.706;503631.780;503631.846;114.8663;2.6657;2.6677;
221442.769;524188.634;524188.351;-139.7616;-116.7901;-116.8004;
226499.636;445517.434;445517.137;8.5532;22.8708;22.8593;
177119.546;518631.923;518632.315;67.0689;-15.6870;-15.6718;
210474.004;590541.702;590541.700;-3.5730;-17.4506;-17.4507;
191251.714;487629.362;487629.658;57.7359;18.8330;18.8442;
125978.526;548003.899;548004.120;64.1608;-14.8073;-14.7987;
273411.033;494475.450;494475.456;-27.9650;5.2753;5.2755;
196498.955;481233.006;481233.224;99.6109;64.1630;64.1704;
179755.543;498431.844;498431.918;91.7391;21.2741;21.2769;
177172.322;552320.055;552320.305;20.2362;-26.1016;-26.0920;
200412.920;497290.678;497290.511;128.3183;-14.5878;-14.5934;
195423.674;535975.277;535975.374;-6.5440;-23.4874;-23.4836;
219802.213;522600.302;522600.302;-118.0829;-150.8668;-150.8667;
201968.435;500806.239;500806.185;65.7284;11.3613;11.3592;
175338.052;569283.997;569283.655;-31.1338;-53.9349;-53.9476;
215365.326;510835.192;510835.254;-114.7762;-62.4781;-62.4767;
265129.721;521245.186;521245.422;-103.7091;-51.9427;-51.9337;
194283.943;504482.983;504482.689;288.8734;-129.1789;-129.1863;
207032.166;497552.861;497552.405;-4.4099;12.2661;12.2501;
219330.585;487149.803;487149.673;241.3109;522.7998;522.7953;
221416.165;479607.759;479607.440;-88.9809;94.8389;94.8281;
200816.921;499222.465;499222.317;20.0437;-3.5584;-3.5641;
179858.534;402936.559;402936.667;-22.7156;18.9015;18.9057;
205676.557;464592.744;464592.559;-7.2957;88.6887;88.6816;
222816.851;572638.208;572638.492;-7.2859;-20.8058;-20.7946;
262492.099;583345.483;583345.288;-25.7936;-23.0907;-23.0985;
155113.298;483263.986;483264.312;33.9271;10.1444;10.1573;
130942.297;434340.976;434340.971;66.1163;5.4060;5.4059;
179561.183;436085.435;436085.297;1.2522;6.6866;6.6811;
119752.771;456713.521;456713.921;35.9924;7.3570;7.3729;
816720.301;506327.491;506327.723;-64.8142;-23.6250;-23.6162;
793437.468;536824.323;536824.473;4.4267;0.1857;0.1916;
874564.546;541552.878;541552.680;-63.0628;-6.6921;-6.6999;
776980.022;504843.507;504843.727;109.4114;-60.3677;-60.3596;
900773.744;547144.811;547144.422;-73.2036;-13.9878;-14.0032;
849026.321;511201.680;511201.881;-68.6820;6.4456;6.4522;
734697.887;448973.219;448972.931;64.6819;55.2060;55.1947;
737359.036;507432.351;507431.927;27.8935;-14.1932;-14.2094;
764263.961;474048.484;474048.371;89.8368;69.0730;69.0691;
758321.660;526638.705;526638.523;34.4928;-28.7008;-28.7079;
755489.006;465621.778;465621.657;24.2705;21.2941;21.2895;
806076.150;595036.960;595036.841;11.2420;-68.8434;-68.8477;
877029.745;489098.053;489098.240;-112.9875;11.6125;11.6199;
790995.328;490555.402;490555.615;219.4781;-17.9421;-17.9362;
835397.500;542781.016;542780.808;-10.1599;-34.9804;-34.9881;
826717.668;469169.335;469169.159;-161.7552;68.0518;68.0457;
790415.949;494134.473;494134.791;321.7241;-43.2218;-43.2128;
835661.626;453121.895;453121.910;-95.4359;106.1089;106.1095;
730357.609;515097.154;515096.761;77.0665;-73.8271;-73.8423;
812271.219;522977.306;522977.016;-33.0181;-62.6621;-62.6732;
716817.419;503945.217;503945.127;91.4201;-11.4016;-11.4053;
840084.581;532130.046;532130.333;-70.2664;-21.8849;-21.8743;
812399.885;512074.233;512073.918;-28.1782;-9.3120;-9.3245;
876226.805;614854.028;614854.119;-8.9908;-14.2714;-14.2678;
790164.042;488982.213;488982.246;231.9276;77.0650;77.0663;
705083.317;565840.415;565840.385;34.2589;-18.7879;-18.7892;
864853.013;570308.890;570308.956;-25.8177;-21.7566;-21.7540;
747969.265;481548.922;481549.099;44.3315;6.4994;6.5060;
839234.868;585141.504;585141.617;-22.5320;-33.3393;-33.3348;
746324.376;577277.385;577277.468;14.0165;-20.1931;-20.1898;
829785.580;463132.840;463132.829;-122.7018;49.5139;49.5134;
814620.810;496745.602;496745.971;-89.9379;-21.2235;-21.2097;
786454.699;513257.092;513256.832;67.1051;-78.2285;-78.2381;
847133.594;554337.421;554337.311;-33.3122;-28.1242;-28.1286;
804134.745;497509.149;497509.023;-26.5471;-63.2402;-63.2439;
808497.067;491903.222;491903.021;-172.6496;-7.8497;-7.8557;
841991.061;518571.024;518570.670;-24.3976;-22.5129;-22.5264;
699424.371;587780.493;587780.310;10.8481;-12.0248;-12.0321;
801249.303;495887.249;495887.078;-44.0225;-137.9059;-137.9098;
793689.024;545248.795;545248.934;13.4751;-60.8119;-60.8066;
840980.641;452543.866;452544.147;-118.4120;58.3267;58.3373;
828200.616;482076.374;482076.364;-131.6316;-5.0589;-5.0593;
771288.324;513071.124;513071.198;26.4172;-19.2894;-19.2865;
878574.266;560564.479;560564.427;-14.0982;-6.4358;-6.4379;
687669.215;470317.803;470317.626;48.4376;12.4302;12.4231;
738198.934;486121.464;486121.195;129.7785;3.9393;3.9298;
831276.124;506454.093;506453.795;-126.1746;-21.4015;-21.4124;
811600.293;518760.378;518760.222;-43.6458;-67.4020;-67.4081;
826625.048;475843.919;475843.974;-28.2181;-8.6807;-8.6787;
827726.403;471678.583;471678.571;-87.2501;-7.3648;-7.3653;
858267.502;513943.601;513943.409;-111.2076;-20.2245;-20.2315;
884255.325;586479.721;586479.387;-40.7726;-29.8053;-29.8186;
828370.142;452756.837;452756.848;-36.5779;149.6438;149.6445;
813436.606;485415.735;485415.728;-155.1239;86.6984;86.6984;
756043.271;561635.845;561635.610;34.3534;-34.4876;-34.4968;
749055.668;484412.290;484412.234;23.9028;9.9974;9.9952;
767372.526;462031.047;462031.404;-0.3985;116.9552;116.9684;
774784.654;482864.896;482864.992;39.8755;21.0650;21.0688;
807084.018;507240.153;507240.270;-53.1169;-136.5604;-136.5561;
764528.668;531220.096;531219.989;68.7951;-34.2264;-34.2304;
854579.864;558544.505;558544.538;-13.4263;-14.7604;-14.7591;
797446.074;469006.073;469005.940;20.1526;97.3624;97.3576;
711532.198;504212.146;504212.246;147.4264;-36.0427;-36.0390;
784085.174;485518.906;485518.837;82.8891;93.5631;93.5618;
849160.816;560996.163;560996.231;-32.7541;-37.7910;-37.7883;
717958.739;497572.330;497572.361;34.4069;28.0899;28.0911;
881349.472;541296.513;541296.643;-40.6538;-2.9679;-2.9628;
749564.299;492780.036;492780.120;125.1097;-40.7844;-40.7814;
800793.241;512026.373;512026.129;0.5811;-125.7394;-125.7480;
793528.791;485300.571;485300.613;84.9027;86.1686;86.1703;
804007.810;486828.411;486828.257;-175.9841;224.6094;224.6064;
761078.379;494764.767;494764.964;54.3515;-44.7257;-44.7185;
813462.338;574252.240;574252.237;-15.6052;-19.4457;-19.4455;
804683.381;484682.564;484682.576;-78.3091;173.0694;173.0703;
828026.884;477278.428;477278.352;-95.5746;-20.6292;-20.6321;
722754.192;426665.060;426664.787;27.6670;31.5323;31.5214;
822435.618;464354.071;464354.034;88.9067;127.1615;127.1601;
733179.367;535539.220;535539.462;19.7047;-12.4025;-12.3929;
893335.160;455053.487;455053.446;-45.5328;17.8958;17.8942;
769708.201;544235.693;544235.985;38.9575;-47.6309;-47.6198;
793723.387;466543.409;466543.389;4.5580;31.9508;31.9501;
802002.444;492416.496;492416.713;-166.2136;-70.5415;-70.5346;
810410.195;554319.100;554319.181;-24.9510;-53.2550;-53.2519;
797009.897;491956.477;491956.703;30.2351;-136.3111;-136.3055;
725215.773;478626.382;478626.430;106.5509;33.0639;33.0656;
737783.499;448945.188;448945.370;34.7881;31.0898;31.0971;
856474.827;492329.809;492329.956;-66.2466;4.7638;4.7695;
786517.378;557700.157;557699.816;20.9384;-37.1513;-37.1646;
763461.189;448682.723;448682.599;6.1707;32.2315;32.2266;
758679.897;474807.186;474807.134;70.8774;57.4005;57.3988;
753045.567;401911.401;401911.102;3.8744;21.3217;21.3098;
804608.084;445716.710;445716.883;20.5141;99.7906;99.7973;
756226.222;471616.241;471616.568;72.7755;66.5512;66.5636;
805439.490;490513.845;490513.916;-295.7687;34.0732;34.0761;
774013.470;481537.871;481537.844;128.5680;70.8603;70.8597;
751217.162;371371.432;371371.665;1.0305;7.4416;7.4510;
796499.093;494442.033;494442.045;-1.4696;-46.8908;-46.8904;
800741.175;498491.003;498491.302;-12.8653;-135.0517;-135.0423;
807469.834;584540.951;584541.305;24.3721;-46.4243;-46.4111;
744664.968;470282.101;470282.512;59.2794;20.4357;20.4517;
