# This file was created for the Modelling and Simulation course, RUG (September-November 2019).
#
# Project: Simulate colliding galaxies, using Barnes-Hut algorithm.
#
# Students:
#     Stefan Evanghelides (s2895323)
#     Hidde Folkertsma (s2759799)
#
#     X         Y         Z         DX        DY        DZ
218729.565;447487.934;447489.367;98.2993;76.2939;76.2943;
222528.173;453854.942;453855.103;-181.3042;172.8082;172.8268;
167997.189;411888.081;411887.760;63.9738;120.5718;120.5704;
132072.294;519163.273;519164.604;96.3718;-0.5258;-0.5220;
175400.638;419390.300;419389.845;59.8152;256.4752;256.4750;
195335.372;518706.442;518706.636;-0.0286;-593.8725;-593.8566;
179465.501;545885.946;545885.392;721.5379;-421.4536;-421.4444;
221130.342;497240.032;497240.601;477.3324;-270.4153;-270.4121;
253805.520;467211.367;467211.047;-140.3701;35.3586;35.3575;
188871.103;531630.303;531629.643;564.4182;-142.1461;-142.1228;
176661.907;542843.738;542843.746;150.6999;-302.7204;-302.7256;
176656.450;509899.725;509899.255;-641.1956;103.0375;103.0256;
232685.566;502705.717;502705.366;-352.1317;121.3184;121.3350;
222651.607;513312.542;513312.409;825.2925;436.6730;436.6295;
235185.322;456273.909;456274.212;-26.0355;467.9945;467.9804;
165159.937;431878.805;431878.591;77.8305;293.8086;293.8156;
195928.385;526712.549;526712.472;228.2180;-189.0526;-189.0433;
174194.189;500337.838;500338.592;-121.9637;-19.6142;-19.6185;
168320.314;562446.591;562447.835;132.3121;-335.8940;-335.8992;
201412.373;501955.269;501955.248;152.2649;10.0266;10.0292;
168603.048;553828.572;553827.938;401.4001;-211.9735;-211.9600;
198271.501;522891.919;522891.528;-30.8686;211.3432;211.3435;
210181.717;512780.115;512780.323;-428.9071;205.6896;205.6796;
200674.955;493575.318;493575.493;-381.9157;595.4617;595.4572;
222412.954;510825.575;510825.450;-113.2443;64.9234;64.9168;
151539.211;519308.517;519309.030;516.4351;-98.0526;-98.0706;
206244.327;528214.208;528214.729;8.1337;-104.0740;-104.0706;
241090.576;379171.472;379169.444;26.5217;58.1363;58.1269;
220916.356;491521.530;491521.646;-492.7323;203.9763;203.9775;
201273.021;520387.630;520387.674;-324.8531;-599.5040;-599.4878;
210856.296;506870.502;506870.712;180.5241;72.1605;72.1642;
245921.600;510277.476;510277.355;106.2631;78.0038;77.9995;
165117.081;516950.636;516950.158;667.9961;-12.8990;-12.8708;
193671.822;529689.865;529689.629;382.0079;271.8076;271.8298;
211049.265;499160.819;499161.060;136.9556;-71.7030;-71.7048;
215490.260;532208.587;532208.642;-245.9951;290.8384;290.8430;
184739.206;540126.581;540126.575;166.2388;-450.8895;-450.9106;
387439.016;792866.368;792868.791;2017.3299;1863.2771;1863.2866;
210900.349;537171.315;537172.095;-336.4514;335.8104;335.8087;
201379.187;503893.050;503893.336;1120.5123;190.2554;190.2636;
201001.146;505077.174;505077.785;-277.3666;-324.3290;-324.3211;
206608.478;500818.804;500819.093;494.4753;-659.5492;-659.5419;
308900.754;681256.864;681257.247;825.0370;1513.1570;1513.1600;
215570.085;509965.286;509965.485;122.4438;341.6856;341.6986;
219302.439;460084.412;460084.515;-229.4137;272.0026;272.0123;
211739.539;511665.322;511665.515;53.7957;704.0169;704.0212;
205115.667;515250.491;515250.699;5.5647;211.2994;211.2962;
234770.614;445993.555;445993.004;-255.8183;126.1811;126.1897;
229780.654;497080.123;497080.410;198.2633;-236.4252;-236.4225;
200349.822;533752.148;533752.375;-280.5306;-240.2281;-240.2238;
211543.795;481250.439;481250.782;-422.7936;386.8090;386.8093;
172444.736;447288.019;447287.899;320.5498;180.7336;180.7322;
317689.259;470759.441;470760.506;-134.6704;29.7790;29.7845;
292939.612;613155.600;613156.283;1308.5249;1910.3284;1910.3399;
223120.694;493598.225;493597.643;-243.4136;-97.4136;-97.4009;
220791.335;515831.592;515832.050;-147.9255;164.5822;164.5883;
223121.286;558659.159;558659.423;-80.9530;-124.6505;-124.6498;
225371.491;448987.210;448988.237;-158.6810;442.6788;442.6555;
251058.735;389430.084;389429.542;-97.5105;103.3687;103.3645;
224581.926;499788.346;499788.544;608.3279;23.4063;23.3969;
202525.186;579754.735;579757.010;-19.3698;-141.7814;-141.7715;
204245.154;500170.926;500170.740;199.0264;137.3952;137.4122;
215262.754;512825.441;512825.589;-149.4741;102.5011;102.5040;
217385.661;495185.729;495185.977;204.6628;228.0514;228.0554;
198511.358;518668.793;518669.099;121.8553;456.6064;456.6040;
214037.764;473141.391;473141.960;111.4802;140.4741;140.4740;
158173.517;435332.292;435332.204;295.5315;57.2784;57.2776;
301865.104;549855.776;549855.145;1408.5976;854.9267;854.9182;
224725.685;486916.518;486916.091;164.3875;-338.0942;-338.0922;
344882.106;625124.027;625123.701;1126.3501;1045.4645;1045.4611;
214516.069;482052.993;482053.514;343.2424;165.9166;165.9033;
233570.035;456010.566;456010.096;-15.9707;96.6943;96.7101;
227363.561;500247.361;500246.674;266.0283;-200.9675;-200.9879;
208431.948;579305.145;579305.152;-17.4076;-131.2019;-131.2017;
220083.683;514367.972;514367.682;126.5296;290.4774;290.4660;
400056.123;785793.926;785795.117;2062.2544;1817.9885;1817.9969;
254189.416;497338.146;497338.190;-236.5508;34.0355;34.0357;
207302.734;525324.217;525324.306;-215.8574;146.6306;146.6431;
233393.348;510536.488;510536.494;49.5623;64.9496;64.9494;
193929.605;531878.859;531878.818;244.3459;-329.5867;-329.6025;
210392.642;504702.477;504702.557;382.7053;82.1256;82.1323;
196424.856;519737.555;519737.830;105.7881;-185.9869;-185.9909;
214544.121;500283.488;500283.831;209.5842;545.0008;544.9960;
207162.896;515769.640;515769.935;-384.2161;-193.7764;-193.7750;
175250.674;536647.753;536647.546;300.4739;-335.8192;-335.8047;
211489.338;510980.588;510980.943;-63.8383;265.8471;265.8448;
161852.484;503398.760;503398.533;-690.0237;160.1185;160.1191;
191658.321;507281.613;507281.527;15.3125;46.0549;46.0624;
211573.857;525801.739;525802.751;-322.5064;-0.1057;-0.1085;
191016.919;511397.470;511397.777;496.0802;-188.2832;-188.2913;
195674.559;535818.902;535819.428;38.0076;214.6128;214.6044;
217647.326;510747.824;510748.204;37.8295;154.7193;154.7281;
165390.608;416917.859;416918.048;-106.5297;194.9857;194.9829;
212698.554;536062.168;536062.922;65.4934;519.4527;519.4590;
217960.198;560854.554;560856.195;-54.1820;-127.2065;-127.2006;
245226.946;567286.140;567285.127;-192.3670;-197.3550;-197.3551;
200731.864;504144.406;504145.075;780.8031;418.1231;418.0926;
175337.604;434164.007;434163.896;321.6689;18.5728;18.5685;
179031.088;439712.882;439712.051;-34.7887;38.9328;38.9316;
142908.450;461419.494;461421.962;269.5310;55.6316;55.6404;
785578.973;485040.794;485040.509;-41.6353;11.2923;11.2930;
797827.547;520720.486;520720.655;46.3299;-423.9407;-423.9551;
837369.765;537037.885;537037.752;-500.4176;-54.1033;-54.0935;
804828.565;484992.857;484992.887;-458.7130;361.9705;361.9815;
841320.870;536297.268;536296.415;-797.5760;-127.8846;-127.8669;
780316.389;493071.678;493071.694;-361.2626;-160.1724;-160.1569;
795009.983;498553.624;498553.776;1156.9463;926.2852;926.3182;
778620.739;493079.301;493079.397;1006.3724;1.8299;1.8500;
822513.943;510228.026;510227.904;-64.0330;94.0605;94.0521;
811471.888;505154.926;505155.201;1380.7190;244.1857;244.2055;
772623.422;482094.872;482094.723;219.7627;198.3646;198.3667;
817463.420;547379.921;547380.497;130.0570;-484.9875;-484.9825;
767931.279;504593.257;504592.771;-845.5285;250.1271;250.1064;
795391.565;505957.710;505957.808;-82.3148;62.8834;62.8682;
800719.320;505402.975;505403.195;-853.5576;-721.9052;-721.9176;
799572.327;506565.906;506565.672;175.6954;-372.2127;-372.2068;
892432.267;567284.190;567282.915;327.0377;491.3848;491.3752;
782505.384;521125.113;521125.006;287.8626;166.5674;166.5588;
816068.225;498719.327;498719.861;1163.7558;303.4968;303.5124;
786452.873;477728.047;477729.111;-222.3510;-31.0008;-30.9903;
800467.119;499146.054;499145.989;1360.3954;43.9474;43.9824;
790869.446;503430.472;503430.359;-568.8393;-855.6976;-855.6696;
796011.769;491590.015;491590.138;-189.9537;-168.7502;-168.7240;
870142.058;605523.552;605524.137;-75.2152;-114.8759;-114.8735;
806172.787;511216.679;511216.730;714.6595;969.1976;969.1923;
729163.300;553042.687;553042.462;301.0715;-159.8326;-159.8336;
848167.521;556144.322;556144.462;-191.0552;-158.2304;-158.2352;
806795.081;497671.314;497671.314;683.1408;431.2032;431.1906;
819421.378;559179.634;559180.110;-275.7210;-363.1237;-363.1261;
755578.610;564355.686;564356.146;108.1085;-150.5608;-150.5594;
793881.536;514006.878;514006.834;456.0655;-5.2136;-5.2237;
784564.961;490503.854;490503.379;70.2475;104.0494;104.0382;
801476.630;478679.562;478680.175;-233.7713;250.7312;250.7255;
832954.297;535427.547;535427.342;-142.5033;-247.5904;-247.5909;
796373.178;497024.811;497025.071;58.9644;369.2235;369.2179;
806229.907;498516.220;498516.423;92.9179;347.4377;347.4263;
808681.354;503628.646;503628.394;-706.6875;-200.1506;-200.1214;
706720.746;580264.770;580263.526;85.7069;-83.5473;-83.5535;
792049.930;501903.233;501903.049;-21.6054;321.0946;321.0900;
800589.144;496600.337;496600.233;-157.4320;-841.5761;-841.5781;
777764.511;528426.131;528425.709;-86.6699;695.3969;695.3916;
799532.345;511418.082;511418.085;361.9989;259.3235;259.3168;
795320.956;498828.927;498829.010;431.2622;-144.7377;-144.7446;
869090.663;555923.339;555922.911;-108.4503;-54.2115;-54.2152;
720019.729;478431.428;478430.330;381.9146;97.2499;97.2458;
833957.191;509264.031;509264.132;348.5413;464.8654;464.8492;
801414.946;494910.594;494910.591;431.1134;701.9481;701.9273;
788420.737;475121.074;475121.763;-158.9719;-91.6603;-91.6502;
797181.806;486300.869;486301.051;-381.8102;276.0949;276.0944;
786931.718;519693.073;519693.032;168.6563;535.8239;535.8142;
782155.840;499579.985;499580.318;-841.0327;-209.2813;-209.2720;
854417.150;564157.120;564155.543;-383.3142;-296.7758;-296.7702;
782290.228;507680.776;507680.646;681.7152;-76.6767;-76.6739;
809982.927;493296.011;493295.988;267.1074;218.9568;218.9572;
782592.656;535071.116;535070.163;356.8641;-412.4897;-412.4838;
783262.092;491230.296;491230.373;522.6346;162.5172;162.5185;
819828.973;509844.281;509844.123;233.5025;-272.1269;-272.1122;
813515.491;503157.826;503157.727;195.9623;314.1027;314.0989;
802813.839;515335.124;515335.241;-36.5976;332.7705;332.7703;
805741.998;489221.765;489221.926;158.7981;-332.4340;-332.4358;
836775.383;541778.894;541778.700;-208.5299;-234.2804;-234.2848;
798011.828;509550.936;509550.834;-327.5931;-347.8398;-347.8539;
833779.587;496826.769;496827.323;740.1706;-39.6992;-39.6750;
785149.540;495213.523;495213.558;-76.5625;323.3156;323.3254;
827508.986;535522.657;535522.672;-183.3444;-317.6515;-317.6604;
772098.400;501660.427;501659.827;911.4448;-5.4242;-5.4283;
842780.032;538406.080;538405.043;-583.0147;-54.3955;-54.4098;
821308.102;517109.738;517109.734;-75.7158;642.1549;642.1503;
797201.344;517848.971;517848.788;-210.0686;524.3230;524.3304;
793368.688;496232.830;496232.830;-184.4430;23.9632;23.9638;
866855.928;598006.267;598006.498;473.4258;599.3008;599.2977;
818223.288;511591.765;511591.733;-139.2874;586.4005;586.4060;
812105.008;559212.150;559212.639;163.6274;-339.2516;-339.2540;
796526.693;494014.008;494014.162;-238.1607;493.1918;493.1945;
788523.451;515135.172;515135.273;295.3219;510.0761;510.0640;
740802.249;446694.457;446692.749;208.9326;227.6694;227.6627;
788960.537;511288.232;511288.090;744.9528;2.0888;2.0837;
747263.411;527691.951;527693.385;185.7701;-91.9949;-91.9904;
863330.639;468019.604;468019.370;-355.5063;166.1604;166.1597;
807112.099;496462.823;496462.473;217.2169;-763.3111;-763.3198;
803634.743;508377.576;508377.724;49.1464;599.1647;599.1649;
799088.638;504435.571;504435.779;-238.6388;405.3401;405.3347;
795193.311;494117.164;494117.053;40.2426;-849.4342;-849.4394;
790760.038;498593.659;498593.820;252.9401;323.9347;323.9194;
823446.603;507706.576;507706.551;935.7799;407.0439;407.0463;
764572.113;472970.264;472970.701;365.6706;321.4748;321.4672;
786867.496;502128.066;502127.962;-1067.0023;285.7783;285.7564;
800948.939;528773.866;528773.125;135.4878;-423.8784;-423.8645;
766888.526;470064.795;470064.212;68.1104;261.5121;261.5125;
825253.431;505881.795;505881.605;187.3908;171.7738;171.7677;
755719.728;415632.244;415630.230;33.3702;155.9858;155.9761;
774084.514;530178.637;530178.386;-396.8953;347.4344;347.4359;
821278.046;502204.017;502203.991;-217.9592;48.4836;48.4989;
792168.571;507553.043;507553.193;-377.3149;648.8926;648.8812;
785776.443;497827.449;497827.559;-799.8933;10.2105;10.2188;
751883.050;376022.975;376024.610;7.6655;51.1935;51.2022;
800398.826;498926.617;498926.757;-93.9224;355.5776;355.5768;
795135.423;507771.256;507771.496;21.5622;418.9218;418.9082;
821240.706;553766.940;553766.961;110.5853;-357.6037;-357.6090;
780362.447;488635.110;488636.076;450.0151;262.3561;262.3397;
