# This file was created for the Modelling and Simulation course, RUG (September-November 2019).
#
# Project: Simulate colliding galaxies, using Barnes-Hut algorithm.
#
# Students:
#     Stefan Evanghelides (s2895323)
#     Hidde Folkertsma (s2759799)
#
#     X         Y         Z         DX        DY        DZ
270315.761;593996.922;593997.219;204.1260;47.3661;47.3598;
233426.288;683071.971;683073.146;94.9497;158.0835;158.0894;
288471.086;606759.785;606760.661;122.7632;398.1580;398.1566;
356155.709;549525.315;549525.419;364.4130;96.8430;96.8404;
266718.586;572819.962;572820.916;27.6087;-402.6267;-402.6271;
295810.286;574905.191;574904.820;222.9270;278.6186;278.6247;
271910.649;621894.525;621894.332;155.5316;83.7654;83.7715;
311316.145;577952.649;577953.800;-68.9662;-16.8909;-16.8875;
299279.492;589400.757;589401.339;365.9233;98.1969;98.2037;
278807.506;544750.772;544750.332;345.4108;53.1891;53.1978;
293570.937;521478.013;521477.103;61.6427;517.2449;517.2447;
207299.948;571214.300;571217.591;503.2202;83.0765;83.0755;
295843.969;614418.006;614418.535;336.8413;331.2974;331.2872;
357605.930;503770.135;503773.054;237.2695;271.1085;271.1243;
230252.345;827616.602;827618.712;77.1201;468.9828;468.9808;
331733.151;521463.387;521464.377;3.1821;149.1652;149.1665;
282162.022;590491.999;590493.326;458.7465;358.6570;358.6461;
320115.374;594422.696;594424.735;-47.6085;512.8633;512.8749;
448316.547;359764.952;359769.235;358.9428;-226.1661;-226.1595;
283618.018;572712.125;572713.164;377.1093;5.9121;5.9203;
301205.539;395115.392;395114.647;117.9980;-79.4297;-79.4388;
292314.041;550217.169;550216.834;20.4332;372.8646;372.8573;
276139.218;573369.554;573370.069;335.9871;-129.1681;-129.1669;
261938.001;607328.625;607329.058;-31.3296;417.6178;417.5958;
282812.255;564889.653;564889.963;-402.6242;275.6199;275.6118;
287298.461;527938.854;527936.627;-291.4051;196.1631;196.1484;
257272.574;473448.986;473447.001;54.2878;235.9964;236.0058;
267858.299;531266.380;531266.961;-201.1419;6.9457;6.9404;
302680.832;574718.482;574719.179;57.6795;355.3758;355.3686;
317383.025;539371.289;539370.733;7.4827;98.1802;98.1813;
314811.850;535323.617;535323.579;232.1473;324.7909;324.8098;
239502.925;565976.932;565978.879;166.6509;155.6232;155.6187;
255824.340;571203.823;571204.741;115.6779;26.4716;26.4402;
282986.234;579494.097;579494.577;838.1043;192.6962;192.6977;
261612.055;555953.224;555954.142;-251.5662;139.5708;139.5808;
296835.383;573979.758;573982.069;651.4575;335.8030;335.8587;
306658.796;588528.769;588528.985;507.9963;-132.7174;-132.6940;
261355.454;580329.179;580330.118;-288.1840;342.5545;342.5793;
349934.879;540524.525;540523.496;52.9497;173.4700;173.4877;
299296.711;590132.262;590133.099;657.0039;529.3755;529.3706;
281751.637;503699.209;503701.341;367.4881;18.1562;18.1554;
236060.242;684789.599;684790.470;180.1871;131.7372;131.7348;
192036.650;717620.896;717622.418;39.6730;236.8429;236.8445;
276591.381;558329.135;558329.872;9.1925;-10.2037;-10.2101;
305501.177;611703.726;611702.922;423.0415;44.4372;44.4527;
288314.373;565827.822;565827.649;361.1341;240.6054;240.5960;
287971.830;593168.810;593169.389;191.6882;84.7236;84.7130;
232695.822;502832.399;502832.887;116.6230;95.5316;95.5490;
300235.608;598069.944;598070.629;530.0508;40.2765;40.2623;
264445.995;644040.740;644042.676;342.7541;244.9190;244.9237;
233301.102;508906.748;508909.979;-6.8407;-33.8285;-33.8318;
270599.463;569474.052;569475.231;7.8130;251.9148;251.9047;
316384.642;414307.018;414306.043;306.8165;-150.0931;-150.0987;
324673.152;614040.415;614039.235;310.1898;271.7838;271.7634;
412538.887;591248.095;591245.704;552.9673;68.2427;68.2329;
382328.333;415270.484;415274.548;349.5556;-162.1426;-162.1385;
341546.039;556007.316;556005.772;251.3842;172.6185;172.6261;
234470.352;535341.328;535341.129;-73.3819;197.2604;197.2645;
273389.264;535540.053;535540.709;563.7051;143.3461;143.3401;
285200.166;559661.706;559661.878;57.6663;480.3420;480.3449;
414285.538;534669.214;534670.261;329.5382;66.0655;66.0625;
292684.056;527365.824;527366.257;359.7047;-274.8477;-274.8792;
287553.365;571427.058;571427.560;-317.8827;523.7302;523.7360;
334664.088;575837.690;575837.920;423.1099;18.5014;18.4980;
253778.118;806748.939;806743.763;54.4661;571.8327;571.8293;
274285.978;558232.903;558233.511;510.5723;63.0744;63.0861;
388786.148;408983.531;408984.926;438.2692;-164.4603;-164.4530;
269418.832;506479.314;506478.719;347.2026;45.8551;45.8560;
143718.674;623924.939;623926.865;-11.4160;208.1782;208.1810;
274690.798;567139.886;567140.578;491.6216;30.2509;30.2329;
343193.386;516793.071;516792.525;265.1102;-58.5522;-58.5594;
267929.664;583418.483;583418.666;466.8226;140.0777;140.0724;
281423.509;574075.623;574076.231;581.7299;276.0931;276.0985;
269301.121;589391.015;589392.484;80.5370;234.6196;234.6227;
281137.315;562891.543;562892.415;373.7107;196.6442;196.6524;
317644.501;532810.066;532809.605;482.9713;59.0672;59.0398;
252166.295;553036.452;553037.368;-16.2023;359.1016;359.1028;
282072.229;554802.724;554803.290;46.9434;-3.7795;-3.7809;
310961.190;529570.290;529570.021;-150.8302;423.8730;423.8610;
301773.434;607889.713;607892.026;692.1515;539.4054;539.3927;
268210.889;578981.259;578983.589;470.2125;-65.2135;-65.2329;
322566.376;515930.182;515931.027;109.3454;214.8564;214.8680;
346927.205;749603.197;749601.602;492.8115;875.6446;875.6343;
331169.019;543104.962;543103.359;297.6130;154.1970;154.1905;
300220.259;612784.827;612782.975;-215.5708;12.3647;12.3891;
331512.692;480875.310;480874.331;174.3293;103.6988;103.6946;
334741.484;438321.183;438323.122;313.4194;-71.2931;-71.2869;
341338.111;376496.837;376491.277;394.5693;-87.8781;-87.8851;
333273.658;553809.592;553808.805;321.4375;396.9955;396.9832;
287147.542;604108.830;604108.625;-61.4250;-308.2749;-308.2435;
269004.092;547613.118;547613.881;405.2686;365.3606;365.3533;
241732.138;563656.673;563655.298;349.5327;-208.2612;-208.2392;
899733.577;629967.649;629967.805;225.7719;321.4200;321.4272;
731746.812;454619.908;454620.986;56.9816;80.3122;80.3201;
715525.002;466497.334;466497.479;-75.0096;-3.8822;-3.8769;
967191.943;665223.268;665221.023;552.2416;286.5979;286.5882;
708220.659;457756.553;457758.219;-305.6862;-60.2256;-60.2373;
904281.112;634768.038;634767.639;-206.7537;52.5246;52.5226;
831059.229;521700.980;521700.668;-29.5097;-64.1172;-64.1202;
931167.099;611243.970;611245.440;106.3996;541.4685;541.4485;
902480.519;649269.806;649268.940;-107.0842;155.9644;155.9615;
910908.317;648808.898;648808.120;77.2169;26.4610;26.4662;
756561.289;433970.661;433971.594;-143.4006;-69.5548;-69.5358;
913842.813;619461.906;619461.278;537.0069;545.4794;545.4897;
904451.210;634286.056;634285.371;249.5750;529.9619;529.9136;
691410.546;346883.512;346883.056;-115.3022;-174.5809;-174.5744;
883923.154;654544.770;654544.037;241.6396;138.4849;138.4896;
925461.521;739260.802;739259.045;-76.3829;65.9558;65.9602;
903531.917;626864.755;626865.143;392.8083;43.0548;43.0660;
880476.088;587372.721;587374.405;202.8579;234.2188;234.2190;
835332.728;617397.948;617399.117;-109.5497;19.4009;19.4135;
933849.011;662951.640;662949.157;1202.6864;260.9219;260.8960;
799151.507;561669.387;561666.555;70.0949;164.8780;164.8767;
712331.146;467115.488;467119.591;-299.5701;-274.5481;-274.5718;
858792.165;669529.597;669529.319;28.4161;415.0075;414.9998;
709647.476;409354.931;409354.232;-94.8435;-121.5986;-121.6064;
924260.900;628936.013;628936.677;143.9523;505.1105;505.0950;
722554.899;469121.661;469122.809;-269.6396;77.5581;77.5820;
918187.203;659162.348;659161.356;736.1677;326.8304;326.8123;
736266.985;451620.166;451620.540;-342.6304;78.9950;79.0048;
888765.309;650447.620;650446.918;-274.5591;414.4630;414.4545;
894519.828;659260.791;659259.579;258.8091;244.6603;244.6618;
657085.657;461647.050;461648.293;-89.6590;24.8034;24.8032;
902946.343;495416.584;495421.136;437.0345;-83.6838;-83.6636;
896308.829;662172.200;662171.393;460.1454;534.2153;534.1969;
899799.598;641264.504;641265.095;120.3456;450.2073;450.2353;
916140.050;605225.544;605227.531;174.6773;325.3840;325.3911;
931071.235;656051.073;656050.037;-21.7155;35.3814;35.3878;
901605.691;661852.393;661851.481;569.8000;171.8107;171.8182;
709851.821;542630.251;542633.868;-216.6716;24.3051;24.3122;
961820.255;612247.303;612246.501;468.9211;202.7804;202.7809;
888209.553;612629.695;612632.169;-91.0827;-116.9706;-116.9672;
874347.232;622950.712;622950.922;86.0145;-38.1634;-38.1573;
932041.790;680042.007;680038.163;-46.4106;92.2547;92.2547;
885644.314;655572.642;655571.637;616.8217;153.0489;153.0568;
906751.393;651398.637;651397.841;545.1064;-48.9527;-48.9611;
836083.448;445035.093;445038.213;85.1676;-74.1484;-74.1445;
632739.591;332714.453;332712.560;-219.5991;-163.1320;-163.1306;
914363.807;656094.834;656094.308;660.9993;66.8864;66.8915;
896479.616;662002.301;662001.255;326.2554;433.1035;433.1001;
901777.458;543330.504;543330.767;-21.3490;289.3956;289.3900;
926771.815;619302.933;619303.578;384.6539;254.5045;254.5097;
885682.674;655342.748;655341.759;401.7710;605.3057;605.3025;
916866.293;655610.307;655610.002;505.1622;287.6559;287.6456;
893429.267;653882.696;653882.003;-327.6598;670.7080;670.7018;
914342.690;660675.583;660674.703;-208.9584;66.5822;66.6089;
668444.744;325394.178;325392.684;-190.5642;-312.5461;-312.5594;
915426.118;662711.099;662710.569;-116.0081;752.1403;752.0945;
707234.599;456054.827;456054.027;-9.2280;63.6268;63.6477;
917530.524;661286.899;661285.984;756.6858;-34.6156;-34.6251;
918657.483;652291.185;652289.919;559.4826;234.7920;234.7804;
916119.021;671591.296;671589.762;163.1721;394.6276;394.6131;
903062.892;670539.342;670538.287;245.5742;13.8807;13.8785;
665653.049;470270.289;470270.839;31.8605;-72.0730;-72.0780;
910220.759;657167.398;657166.399;68.6375;408.6198;408.6136;
921922.194;655026.338;655025.444;707.1625;94.9159;94.8868;
874000.312;606655.618;606655.541;152.3680;141.1028;141.1611;
926191.617;654714.922;654713.733;74.8542;617.8013;617.7951;
728602.351;783839.162;783836.287;-11.9165;482.2594;482.2535;
746717.882;543591.752;543592.723;54.1389;174.3306;174.3364;
897269.841;604018.486;604019.312;155.7013;380.8529;380.8481;
884817.192;655403.739;655402.844;11.5018;64.3381;64.3761;
901913.753;665776.642;665776.139;557.6699;872.0731;872.0637;
905196.054;640838.298;640837.382;256.5489;-159.5174;-159.5152;
870643.535;589245.129;589247.506;319.3303;206.1061;206.1042;
907203.077;629441.119;629442.164;1004.0869;375.5946;375.5898;
720932.909;451247.793;451248.612;-29.0151;-36.3519;-36.3613;
894782.580;639636.636;639636.269;86.7157;-66.5653;-66.5473;
909437.240;667514.041;667512.649;-28.7480;761.2322;761.2384;
979018.216;675357.039;675358.097;531.7593;300.7153;300.7643;
904049.680;632306.066;632306.066;-672.5724;655.6313;655.6189;
943420.486;647388.271;647387.485;37.6291;36.7908;36.7901;
932030.295;638248.670;638247.772;-129.9891;179.3707;179.3838;
879251.745;668677.221;668676.412;-268.0448;179.3664;179.3743;
761148.879;458921.550;458921.116;29.0631;219.3504;219.3026;
925861.155;662559.646;662558.390;-94.2188;289.7799;289.7673;
912701.032;653238.844;653238.085;-543.8825;-89.8797;-89.8820;
761470.567;429261.028;429262.825;-106.0672;-4.7172;-4.6970;
888447.190;606268.137;606270.003;271.6765;114.9048;114.9231;
