# This file was created for the Modelling and Simulation course, RUG (September-November 2019).
#
# Project: Simulate colliding galaxies, using Barnes-Hut algorithm.
#
# Students:
#     Stefan Evanghelides (s2895323)
#     Hidde Folkertsma (s2759799)
#
#     X         Y         Z         DX        DY        DZ
229077.446;462400.832;462401.803;70.6401;180.8108;180.8041;
218501.898;512432.543;512432.737;165.9041;945.8664;945.8463;
176678.924;431377.606;431377.210;90.9730;212.0783;212.0781;
149575.514;518100.458;518101.903;195.6175;-10.5882;-10.5908;
185142.740;461659.774;461659.803;225.2628;448.9927;449.0001;
242899.077;488917.995;488918.000;229.8815;103.7447;103.7445;
235018.075;469852.291;469852.622;80.7877;-419.7917;-419.8071;
237686.431;480028.673;480028.515;-109.5157;-31.9901;-31.9943;
230352.550;475156.028;475155.791;-263.0261;128.4738;128.4780;
223197.536;493063.505;493063.297;-5.5539;-272.9935;-273.0184;
249409.016;487813.760;487814.460;645.5851;-394.9377;-394.9307;
131103.079;520837.783;520837.499;-245.4928;88.0746;88.0823;
188571.526;529559.198;529559.364;270.9775;166.1467;166.1316;
249094.754;533692.231;533690.896;-190.2442;-33.8305;-33.8109;
210753.230;541504.396;541504.995;-27.1547;1004.5714;1004.5874;
199901.629;469679.567;469679.935;484.8531;389.6523;389.6589;
224968.172;505264.868;505265.337;160.4470;-70.2157;-70.2229;
241377.129;526032.194;526032.679;619.2751;191.8423;191.8607;
221821.245;504662.652;504662.427;966.3513;-462.4007;-462.3947;
202893.827;518064.976;518064.972;-93.8401;-290.0447;-290.0405;
228169.051;499775.173;499775.441;338.5421;-641.7359;-641.7711;
206667.975;530822.114;530822.916;162.6418;-152.0249;-152.0176;
223409.702;514876.193;514876.448;181.7192;-63.1251;-63.1341;
226257.848;555549.886;555550.362;319.2020;156.7908;156.7945;
214904.252;523156.796;523157.027;601.5654;139.4769;139.4596;
250582.836;512222.027;512222.808;764.4675;31.7530;31.7842;
257190.268;541247.097;541247.614;1718.8002;1511.6400;1511.6507;
244404.136;388586.617;388583.742;26.8678;105.2199;105.2141;
193527.584;537732.475;537732.803;195.6161;352.5690;352.5697;
227586.514;479740.230;479740.814;852.2165;166.0860;166.0778;
209310.091;520980.659;520980.826;-135.1056;175.7864;175.7850;
188394.902;516996.898;516997.633;-532.0246;279.1403;279.1514;
256175.054;505633.799;505633.280;154.1786;-193.6273;-193.6482;
210762.918;503089.261;503088.873;-193.1905;-376.7063;-376.7348;
204841.099;524483.591;524483.919;-15.5817;-115.6856;-115.6878;
189902.624;518279.995;518280.290;396.5444;-360.2866;-360.2917;
243963.373;489826.207;489827.311;194.0429;-197.4983;-197.4957;
186206.692;522821.689;522821.433;351.6782;-479.9488;-479.9409;
270968.532;528273.596;528273.051;132.4334;166.9455;166.9334;
225080.545;527054.694;527055.026;31.7722;451.1492;451.1674;
241168.812;477795.661;477795.725;-76.4872;177.6437;177.6459;
403113.975;851635.761;851636.494;831.7595;1478.8352;1478.8384;
209629.743;535004.953;535005.585;-157.0021;51.8443;51.8373;
220424.832;513659.519;513659.839;184.9490;851.7814;851.7631;
201477.157;573154.687;573155.115;-114.6127;411.9267;411.9288;
214605.845;514474.340;514474.690;254.0713;-41.4825;-41.4873;
200851.160;471611.470;471612.384;-293.0465;303.7585;303.7712;
216123.190;483120.768;483120.992;-224.0112;4.3560;4.3585;
238509.970;503879.393;503879.673;387.4600;-9.4892;-9.4822;
216158.199;548633.568;548633.719;362.5486;376.1239;376.1261;
215296.878;473363.653;473363.821;446.9483;415.3212;415.3356;
296041.532;476097.490;476099.093;-256.8085;69.5463;69.5499;
441911.383;829295.395;829297.352;1304.4876;1889.7918;1889.8027;
210672.305;533204.705;533204.588;389.6487;521.8790;521.8435;
211029.910;517508.573;517508.827;589.2034;121.4372;121.4556;
210007.843;535529.767;535530.023;-143.2469;-327.9152;-327.9160;
247061.083;559501.589;559501.843;1305.9542;2322.7736;2322.8158;
237528.740;404494.691;404493.528;-132.0231;166.0738;166.0676;
195004.960;526208.672;526209.157;99.2668;124.1382;124.1265;
202250.830;554605.044;554607.795;38.2682;-321.6808;-321.6885;
213805.871;525027.827;525028.159;-224.9945;128.6634;128.6415;
202777.515;517373.775;517374.114;181.5263;78.5189;78.5186;
208931.285;528411.344;528411.496;-403.9672;139.3966;139.3960;
211986.934;506929.346;506929.757;260.4497;-249.3902;-249.3841;
208519.272;531234.517;531234.881;-726.6506;520.8254;520.8519;
208191.729;453326.529;453326.377;418.2609;321.3093;321.3106;
458452.419;645228.522;645226.965;1360.6240;825.1064;825.0985;
215997.302;481129.083;481130.178;-105.5787;203.1806;203.1849;
472047.127;743215.596;743214.906;1111.6171;1028.8559;1028.8528;
195329.787;528527.256;528527.971;-590.8706;58.4440;58.4478;
216312.144;488391.578;488393.137;114.9960;733.2950;733.2981;
223674.517;489391.966;489392.322;-175.8226;25.2509;25.2851;
207210.638;555965.818;555965.928;11.9813;-302.8645;-302.8626;
212106.044;533610.173;533610.174;-211.3870;8.7986;8.8140;
633123.599;993474.497;993476.823;2029.9024;1825.8587;1825.8697;
207823.401;506968.104;506968.234;-497.7927;195.6478;195.6514;
214849.848;512848.048;512848.031;561.4858;-144.4450;-144.4510;
196721.095;517052.196;517052.635;-340.9678;189.2142;189.2211;
228786.023;499564.157;499565.143;236.9553;-29.1506;-29.1445;
203651.637;519917.107;519917.286;220.6720;3.2109;3.2196;
222957.241;505107.448;505107.615;287.5942;1.9433;1.9471;
200503.709;516678.190;516678.694;624.8949;-321.1083;-321.1163;
225489.528;529821.847;529822.090;428.8181;626.5265;626.5311;
246289.256;490575.647;490575.610;207.2652;-267.4568;-267.4683;
215409.936;516955.228;516955.669;284.5984;-4.9865;-4.9859;
131734.854;526791.539;526791.719;29.2860;198.2580;198.2622;
213495.235;517604.608;517604.565;-617.2259;-88.1113;-88.1092;
206206.899;511124.613;511124.279;540.4026;13.3891;13.4115;
227425.858;511702.211;511702.673;-516.6275;144.7788;144.7846;
211787.823;519337.688;519337.745;225.5071;-527.0199;-527.0013;
205132.971;520993.378;520993.506;-130.6891;22.0823;22.0723;
167222.249;449672.280;449671.853;145.4159;361.3354;361.3300;
204358.186;562938.960;562939.329;-66.2611;22.2266;22.2216;
209618.702;537228.344;537229.675;-79.5800;-330.5150;-330.5331;
204247.023;523373.169;523373.490;-538.3910;-770.6457;-770.6130;
250346.419;538507.307;538506.053;100.2570;125.2862;125.2899;
191545.840;451470.611;451470.237;95.4265;335.0475;335.0504;
176670.570;446326.242;446325.807;22.9478;84.5582;84.5651;
187674.647;471021.123;471023.551;558.4727;111.1233;111.1050;
800368.177;506257.224;506257.865;200.8994;308.4982;308.4969;
806286.194;477540.517;477540.642;-12.1268;-157.8970;-157.8837;
791496.511;492162.390;492162.029;43.5114;-415.9004;-415.8927;
800881.683;551665.147;551664.610;486.4239;349.9910;349.9800;
785390.153;494499.312;494499.199;210.5599;-363.7274;-363.7407;
815208.978;518685.946;518685.601;538.3246;667.5517;667.5316;
847876.006;577940.415;577938.590;126.2487;406.4531;406.4326;
867928.979;538676.403;538676.462;276.4369;495.8190;495.8191;
790032.255;519988.765;519988.791;258.8510;128.3112;128.3045;
911952.546;534322.185;534323.125;615.1492;248.1439;248.1458;
810855.617;514371.521;514371.832;389.2804;380.2033;380.2028;
788210.726;492670.479;492670.150;-650.5234;-129.7791;-129.7586;
754194.343;528882.748;528881.977;344.3364;197.0188;197.0279;
825030.850;538112.852;538112.720;25.6756;235.8535;235.8357;
743722.117;451020.337;451019.739;-286.1779;-333.2439;-333.2469;
814336.966;530921.961;530921.531;436.1053;570.4504;570.4474;
917288.486;617724.208;617722.153;143.7974;404.2663;404.2619;
856628.396;540894.916;540894.636;-154.3933;248.9383;248.9306;
798254.402;514695.785;514695.003;432.5150;571.0715;571.0698;
890388.294;531754.877;531756.124;427.5663;343.3757;343.3715;
791999.474;466089.643;466090.040;123.2876;49.8011;49.7913;
787466.314;494248.787;494250.279;-27.7892;104.3647;104.3597;
860218.601;588513.057;588513.744;-110.4555;-193.3511;-193.3520;
835801.182;556947.897;556947.398;24.1433;-4.4846;-4.4890;
798792.367;522711.920;522711.780;1186.6253;-403.3483;-403.3450;
809520.536;522864.834;522864.399;-440.9546;-450.5874;-450.5805;
835083.634;550235.193;550234.912;-51.8059;342.8116;342.8138;
816131.456;501666.954;501666.444;-40.0893;-450.5755;-450.5688;
780415.003;539255.353;539255.588;599.6812;-111.2485;-111.2553;
811884.510;524150.202;524150.258;-98.4393;553.1823;553.1693;
810921.258;518725.485;518725.651;295.0819;349.8075;349.8199;
779539.875;503121.967;503122.065;-257.6290;-256.0383;-256.0355;
824202.487;539980.730;539980.390;374.4542;159.8848;159.8908;
812468.955;536730.925;536730.897;335.9995;78.5319;78.5393;
741588.288;489924.128;489925.646;-400.3279;-75.9025;-75.8996;
720604.150;567725.790;567723.917;162.2492;-136.2626;-136.2673;
822132.220;531852.731;531852.433;-198.0576;-73.7741;-73.7744;
776987.463;485012.311;485012.921;77.5051;332.0833;332.0741;
785495.211;582050.000;582049.516;135.5948;329.8456;329.8471;
811178.040;521925.912;521925.946;102.7938;188.6814;188.6832;
832703.098;500026.414;500026.089;220.2527;119.1724;119.1726;
850473.185;547001.407;547000.605;-224.7673;-119.9870;-119.9882;
789860.920;497767.471;497766.974;938.0380;282.8024;282.8322;
795155.162;535157.286;535157.308;-484.8599;-208.4914;-208.4802;
817065.306;527399.933;527399.853;337.4341;-423.3209;-423.3271;
783976.727;494280.993;494281.206;115.8020;340.4175;340.4013;
770723.480;529257.418;529257.428;-50.4919;387.5505;387.5483;
831799.579;520705.409;520705.455;79.1449;-299.2199;-299.2086;
749671.204;487395.821;487395.716;-3.5783;-47.2041;-47.2118;
782757.570;492519.049;492519.697;-635.9773;-845.5887;-845.5889;
822096.340;529341.346;529341.242;-695.7859;519.4544;519.4431;
805779.273;545912.787;545912.457;177.2598;269.7919;269.7870;
848159.612;486368.893;486370.156;409.9801;-153.2745;-153.2664;
842150.488;530967.590;530967.503;267.9831;444.0184;444.0150;
785392.985;519192.334;519191.934;36.8121;350.2110;350.2049;
803036.309;535859.133;535859.033;-76.2472;163.6012;163.6002;
820129.802;517153.891;517153.997;250.7563;280.0124;280.0181;
797889.430;529801.493;529801.549;522.4736;591.1476;591.1387;
783248.044;500625.392;500625.515;-479.6587;-424.8991;-424.8915;
817083.674;531349.863;531349.392;-1064.9772;495.4874;495.4465;
834165.462;540449.066;540448.535;114.9447;110.3863;110.3882;
884237.433;521836.578;521838.024;737.7845;317.3243;317.3404;
780256.745;495532.639;495533.959;18.0737;-555.2578;-555.2634;
817553.301;532964.930;532964.673;152.9864;-510.4217;-510.4197;
827004.974;519671.735;519671.676;-199.7367;406.4336;406.4470;
810539.693;522470.117;522470.154;403.9344;346.5808;346.5759;
916545.802;659542.989;659542.876;413.3462;497.2169;497.2136;
804225.105;518275.749;518275.505;396.1827;-241.1341;-241.1241;
791725.089;488537.393;488537.272;-970.8241;-427.5734;-427.5506;
835242.883;536598.801;536598.552;395.5208;-118.3996;-118.3909;
828747.504;522661.448;522661.491;-39.3719;-110.7458;-110.7349;
778635.463;486211.752;486210.430;557.9432;543.4105;543.4417;
804568.837;528111.860;528111.651;-383.9679;510.8403;510.8302;
784227.328;513246.960;513247.651;517.4698;-149.4074;-149.4293;
799688.779;506847.911;506847.912;-825.1259;610.1127;610.1177;
781506.661;461168.272;461169.237;-328.4163;-43.0291;-43.0166;
807757.682;551410.724;551410.211;87.4321;168.6712;168.6651;
831002.624;527515.768;527515.968;144.9021;104.6893;104.6920;
790136.465;496472.360;496472.895;-149.3567;532.2835;532.2712;
814259.002;528113.622;528113.477;197.8779;-165.0308;-165.0423;
855075.153;539059.462;539059.846;-138.3712;132.6319;132.6292;
833169.843;536114.611;536114.420;538.2280;662.0875;662.0882;
733598.173;530473.246;530472.225;-155.7548;243.4774;243.4756;
806701.132;474667.505;474668.677;-61.8441;-285.9583;-285.9539;
795948.416;512376.087;512376.543;434.9494;465.4129;465.4238;
784917.423;527012.422;527012.266;-109.8065;65.8877;65.8800;
761760.593;439818.571;439815.660;76.1146;277.0716;277.0670;
781147.602;541412.161;541412.092;688.6556;44.0454;44.0465;
802994.955;533610.755;533610.355;689.9766;72.8983;72.9143;
832233.957;519212.014;519212.314;-184.3191;58.7126;58.7166;
829128.555;523679.536;523679.426;565.1579;631.3435;631.3400;
753060.111;383467.471;383470.057;12.9177;78.5146;78.5227;
814823.355;538236.277;538235.919;373.5254;166.9757;166.9742;
821014.643;526153.238;526153.336;64.0725;77.5984;77.5884;
783454.049;489985.615;489985.534;-616.5942;-256.9656;-256.9578;
838623.161;538129.192;538128.087;348.0088;446.4288;446.4340;
