# This file was created for the Modelling and Simulation course, RUG (September-November 2019).
#
# Project: Simulate colliding galaxies, using Barnes-Hut algorithm.
#
# Students:
#     Stefan Evanghelides (s2895323)
#     Hidde Folkertsma (s2759799)
#
#     X         Y         Z         DX        DY        DZ
240494.238;522621.402;522621.156;106.2254;449.7781;449.7899;
207898.635;615590.934;615591.397;51.0113;311.5000;311.5008;
202352.097;481366.597;481366.414;205.0502;315.8031;315.8061;
207265.678;518856.717;518857.159;453.2637;32.8275;32.8199;
272814.225;560844.788;560844.091;188.3886;381.6450;381.6364;
257534.632;548827.211;548827.369;518.5312;218.4993;218.5040;
232584.694;470048.709;470047.592;-8.6230;305.0072;305.0123;
236814.190;531443.568;531444.289;280.6798;372.8832;372.8770;
203408.372;519948.939;519950.146;52.5766;321.1030;321.1063;
249941.170;533250.121;533250.410;131.8960;615.7784;615.7471;
295737.829;459065.663;459066.110;96.5048;-7.7273;-7.7295;
122615.862;542542.272;542543.828;100.1115;111.2111;111.2204;
246682.806;491092.566;491092.923;-179.3133;-60.3205;-60.3332;
226400.334;479242.821;479241.943;462.3876;-195.7426;-195.7637;
214318.842;672256.466;672258.229;30.7465;578.6194;578.6226;
235847.613;548963.176;548963.454;-209.8745;-18.0679;-18.0524;
240905.302;518106.489;518107.302;141.3725;130.3750;130.3758;
211645.587;516861.090;516862.136;-386.7842;-322.3585;-322.3325;
334729.670;436823.463;436825.468;417.3284;-299.2263;-299.2174;
233258.652;514381.994;514382.765;-131.5719;310.7264;310.7394;
269867.495;431852.514;431852.271;138.2990;-196.6453;-196.6400;
261653.167;491047.573;491047.769;262.6666;-8.3756;-8.3667;
259804.757;502391.817;502392.144;-206.0585;-145.8106;-145.8066;
238049.306;504804.667;504805.453;57.0673;-475.9277;-475.9086;
253138.734;511090.808;511090.804;392.3946;593.4029;593.3950;
326648.095;510413.408;510416.288;160.5629;-9.3330;-9.3325;
563679.966;812810.328;812812.372;1622.4191;1425.2918;1425.2997;
248388.735;413708.388;413704.687;18.7182;161.7879;161.7850;
262017.079;567306.511;567306.534;405.3665;19.5395;19.5360;
277643.354;539752.220;539751.862;-304.0218;271.0572;271.0654;
230771.840;516169.319;516169.906;551.2309;-111.1962;-111.1988;
222247.024;540556.287;540556.218;486.9386;-207.3402;-207.3390;
215587.058;526172.833;526172.850;471.2756;533.9866;533.9677;
249630.364;525243.229;525242.734;-283.0820;276.8082;276.7960;
239267.959;516652.089;516652.374;-352.0549;475.3947;475.3898;
237737.327;512768.498;512768.788;-364.9864;311.8012;311.7924;
233129.395;536982.215;536984.155;420.1134;285.0379;285.0226;
256743.085;510521.172;510520.983;-674.6373;158.2028;158.2177;
229973.078;528773.564;528774.777;-108.5419;-321.9004;-321.8971;
197814.065;530169.651;530169.710;102.4937;-206.8654;-206.8451;
267849.661;552898.722;552898.688;348.3218;222.2499;222.2424;
196929.854;522397.761;522397.484;56.7788;-104.8347;-104.8290;
209750.167;611530.862;611531.097;-2.8585;360.8803;360.8862;
188994.944;637607.208;637608.135;-27.6081;304.0099;304.0126;
258472.850;509829.997;509830.323;91.5816;100.7552;100.7453;
187968.571;539934.795;539936.034;185.9298;391.3180;391.3039;
251918.303;527244.676;527245.089;428.0996;340.5791;340.5771;
239374.266;525402.940;525403.475;539.7739;-20.8172;-20.8223;
253970.565;558051.356;558051.442;96.3146;-206.1890;-206.1925;
237833.649;516693.318;516694.192;418.7205;-357.9229;-357.9246;
213528.342;522942.831;522942.440;-256.1400;588.2305;588.2176;
255985.775;566661.413;566663.156;116.8732;-45.1176;-45.1126;
256256.423;516929.979;516930.582;233.0352;423.9860;423.9759;
227688.987;468026.343;468026.911;268.4788;-255.1962;-255.1965;
488299.154;987130.295;987138.395;1283.5276;2262.0958;2262.1373;
214777.555;454637.015;454635.268;-74.7500;395.2643;395.2702;
240170.391;523079.746;523079.778;-344.7217;785.1394;785.1376;
262566.689;473609.399;473609.394;512.3753;-275.4646;-275.4403;
209130.600;515054.637;515055.716;286.5512;-64.7681;-64.7547;
268151.260;518666.713;518667.216;190.0185;-89.0585;-89.0576;
174429.749;526269.828;526270.802;58.6331;-4.7204;-4.7175;
247099.740;506430.095;506430.303;258.8323;192.0937;192.0887;
196310.905;527044.057;527043.931;674.3884;-132.5262;-132.5360;
233776.434;567652.430;567652.602;-75.9758;367.1317;367.1247;
714513.066;797671.710;797668.705;1364.6231;796.3457;796.3383;
251197.268;540827.289;540828.278;-102.8399;174.9066;174.9022;
681059.886;934707.225;934705.969;1111.5987;1009.2922;1009.2893;
274172.817;498391.961;498392.747;-2.8241;-2.4889;-2.5016;
235905.044;628836.874;628833.927;71.3790;638.7149;638.7027;
247931.302;523464.931;523464.274;456.1301;324.3490;324.3510;
253723.343;474743.505;474744.225;453.7642;-325.8907;-325.8904;
192764.967;515192.996;515194.278;49.3499;-105.6457;-105.6507;
160062.337;556817.435;556818.413;-114.2426;246.3306;246.3343;
236682.420;521511.507;521511.676;11.8707;167.6553;167.6511;
208904.009;542322.113;542322.265;206.8059;-3.7930;-3.7955;
228201.158;525084.857;525086.108;137.2315;79.7371;79.7385;
240939.181;517352.904;517353.430;52.9002;205.2633;205.2558;
241631.579;514315.238;514315.627;20.8367;67.0510;67.0458;
242888.250;519674.452;519674.790;459.1167;179.5062;179.5171;
237505.504;582753.105;582752.538;-37.0957;30.7611;30.7575;
226885.488;542278.349;542278.947;471.2460;549.9839;549.9756;
256961.505;503799.720;503800.245;224.5718;110.2953;110.2805;
206199.339;538131.667;538132.335;931.0848;-226.1362;-226.1432;
266279.244;500730.327;500730.616;191.8543;-357.0811;-357.0704;
233896.230;502897.433;502897.353;113.4395;46.3602;46.3847;
199931.224;542878.006;542878.690;369.2526;-11.0478;-11.0413;
255354.246;505779.059;505779.118;61.7098;494.1351;494.1451;
219031.720;518044.463;518045.049;313.3175;-29.5547;-29.5440;
260655.892;535561.130;535562.468;716.5995;370.8883;370.9001;
243633.265;508055.004;508055.543;587.7322;-487.8784;-487.8632;
240407.028;473082.698;473082.154;331.9230;-214.5525;-214.5404;
225763.952;430862.519;430862.035;325.5840;-309.2804;-309.3020;
230303.847;509531.082;509531.228;4.2641;-328.8293;-328.8472;
276463.661;565376.649;565376.234;359.3092;522.0467;522.0309;
190048.152;471250.432;471251.284;129.4924;171.6100;171.6160;
277970.323;542109.932;542110.472;12.0719;470.9365;470.9728;
861631.388;583039.115;583038.853;318.5757;304.7973;304.8074;
762257.372;468865.903;468866.316;-322.4045;-63.4949;-63.5048;
780219.751;461105.842;461105.274;-50.0481;-86.7656;-86.7686;
822470.265;539759.596;539760.094;-306.4173;259.9140;259.9020;
772872.113;453545.456;453546.449;-216.9522;-142.1654;-142.1765;
836708.001;544539.936;544539.594;81.4702;-59.7698;-59.7559;
855045.027;598302.556;598301.137;30.9202;-360.6835;-360.6558;
835872.348;580152.887;580152.066;-191.1835;-302.1051;-302.1125;
838412.685;566706.526;566706.011;-201.3304;-106.4727;-106.4765;
996774.351;579020.542;579022.165;323.5067;249.3147;249.3236;
858056.997;594369.405;594368.500;166.7727;343.7252;343.7243;
740581.745;468229.790;468230.823;101.4439;-156.9725;-156.9867;
891647.419;573459.253;573458.683;109.5428;369.7514;369.7505;
875562.906;595542.408;595541.764;357.6550;565.5701;565.5680;
710851.591;404985.861;404984.799;-37.1633;-188.9317;-188.9339;
849284.423;565255.314;565255.334;315.3236;406.4304;406.4156;
932204.570;683148.193;683145.645;33.6539;287.1497;287.1501;
817540.763;539040.450;539040.709;496.3346;240.0184;240.0234;
860334.521;589939.804;589938.493;-108.8037;113.7640;113.7463;
930358.021;586948.014;586948.159;15.6122;256.4917;256.4847;
781677.971;518940.098;518940.768;-89.7091;359.0738;359.0802;
784227.239;515415.234;515413.606;15.0764;122.0794;122.0641;
808944.987;524301.050;524301.093;-321.2792;-251.1021;-251.0859;
840246.051;570942.728;570942.233;734.4855;344.0838;344.0942;
929933.984;554093.926;554093.894;236.5496;304.4342;304.4294;
753850.343;465687.712;465688.988;-263.3508;-291.7929;-291.7889;
834252.075;547047.174;547046.893;218.8402;-161.8580;-161.8523;
757439.225;450988.233;450989.095;-288.0042;-126.7157;-126.7193;
913006.742;536670.546;536670.301;552.6695;151.5174;151.5215;
822878.177;562062.861;562062.326;249.8877;373.0359;373.0385;
949716.290;682468.855;682468.476;786.7386;944.8731;944.8647;
788790.025;446460.258;446460.486;40.4037;-155.2985;-155.3006;
819923.931;560390.442;560390.047;152.7537;316.3290;316.3311;
829117.386;574170.073;574169.916;169.6326;372.8424;372.8357;
695755.967;475720.947;475722.089;-143.6403;-100.0304;-100.0327;
769963.104;534905.529;534903.841;380.5986;-184.2251;-184.2169;
853358.326;567138.587;567138.645;-205.0979;118.5574;118.5617;
878163.285;596066.712;596066.540;198.8244;447.0333;447.0046;
824075.203;617719.789;617719.596;286.3444;47.4154;47.4160;
842464.699;555656.954;555657.018;23.7372;-10.7252;-10.7299;
852160.349;545026.482;545026.561;-8.9476;387.6536;387.6566;
783228.786;534051.305;534052.185;-301.5534;30.3320;30.3428;
843872.956;599295.715;599293.774;-126.6273;397.1751;397.1684;
871757.377;597631.366;597631.411;172.1102;694.4574;694.4530;
869087.737;601260.610;601259.445;779.5848;382.3984;382.3850;
861614.720;581368.166;581368.557;661.4254;463.7968;463.8074;
787769.928;590156.540;590155.804;180.6310;279.6243;279.6203;
835930.037;576583.605;576583.025;731.9094;290.9976;291.0018;
792621.204;474916.926;474918.049;240.1735;-115.0069;-114.9950;
716087.340;399270.524;399269.029;-352.6845;-361.0121;-361.0206;
836902.780;557402.598;557402.502;-370.5053;634.2111;634.2010;
835570.013;565605.768;565605.533;-108.1993;497.5642;497.5521;
890317.761;484282.716;484284.370;116.0259;89.3082;89.3064;
840212.259;593400.252;593399.649;-12.6701;169.3236;169.3221;
837304.895;562023.950;562023.791;-563.2573;85.3214;85.3264;
860239.887;556980.275;556980.352;222.1800;267.9777;267.9856;
849402.930;546537.003;546537.369;151.8258;90.0519;90.0505;
827104.513;563962.339;563961.663;736.4473;325.9958;325.9991;
729569.074;425896.897;425897.675;-216.3222;-336.5680;-336.5671;
834046.325;545916.532;545916.759;1077.7771;209.0283;208.9985;
846178.706;566000.054;565999.834;622.8345;298.6739;298.6874;
999127.235;588112.080;588114.838;543.3990;334.8902;334.8875;
787768.974;452497.731;452497.180;-146.1997;57.0786;57.1029;
837548.388;583563.725;583563.036;557.2218;594.7272;594.7205;
832396.483;562702.933;562702.606;-182.2902;674.8903;674.8573;
838521.573;564536.922;564536.876;-34.9594;-109.1360;-109.1354;
988662.966;745936.296;745935.513;358.3746;430.4945;430.4908;
831520.754;576890.086;576889.357;220.4646;-0.7626;-0.7554;
693334.492;472091.199;472092.931;-263.4794;27.9109;27.9124;
837124.242;567078.451;567078.169;873.8470;262.3838;262.3899;
862827.728;564719.560;564719.730;490.1754;74.2985;74.3097;
875602.353;609766.324;609762.441;218.3275;341.0129;341.0223;
825122.131;568601.472;568601.031;208.5351;308.3514;308.3485;
889150.679;509608.069;509605.115;523.6626;68.2908;68.2770;
741184.800;627813.593;627812.643;-98.3963;570.1998;570.1928;
744463.343;491881.816;491881.572;-82.0838;186.1207;186.1214;
849636.457;538377.830;538378.445;233.9233;-14.4891;-14.4770;
863012.880;566967.873;566967.411;-104.0409;333.4914;333.4900;
927157.638;604661.979;604662.778;820.1806;324.1668;324.1759;
846910.089;556115.021;556115.336;44.1272;92.8502;92.8631;
825612.784;544956.290;544956.782;641.4152;56.3407;56.3490;
856817.250;588010.439;588009.822;-59.6938;-68.7332;-68.7430;
745794.961;571206.808;571205.618;234.6279;193.2073;193.2067;
767825.151;462208.618;462208.178;-242.7085;72.2429;72.2369;
879426.476;604589.209;604587.494;222.2402;334.4050;334.4090;
851317.985;581395.871;581395.381;-115.1630;333.6538;333.6436;
790734.656;519574.930;519579.627;249.8290;503.2246;503.2796;
926482.280;543013.840;543013.688;330.2016;101.9777;101.9840;
835599.527;573282.801;573282.496;510.2783;-51.0892;-51.0906;
867709.589;548632.687;548633.128;153.9452;-26.8861;-26.8842;
850796.337;562179.577;562179.638;162.9058;799.6022;799.5898;
755747.357;402782.262;402786.166;8.0578;129.7670;129.7717;
827538.693;559550.864;559550.618;-130.7598;204.8608;204.8561;
856270.923;566520.911;566520.475;-120.4478;-286.8555;-286.8639;
746416.768;473829.216;473830.670;12.5326;-15.5525;-15.5522;
861390.779;594843.878;594844.530;-6.1827;160.9162;160.9035;
