# This file was created for the Modelling and Simulation course, RUG (September-November 2019).
#
# Project: Simulate colliding galaxies, using Barnes-Hut algorithm.
#
# Students:
#     Stefan Evanghelides (s2895323)
#     Hidde Folkertsma (s2759799)
#
#     X         Y         Z         DX        DY        DZ
244598.953;543291.638;543292.205;63.0747;384.0166;384.0346;
211106.368;629842.546;629843.025;77.7229;272.0896;272.0897;
213792.084;497628.170;497628.150;264.0425;350.8769;350.8810;
232022.289;521536.168;521536.268;565.2154;75.2712;75.2659;
278748.546;576477.409;576476.671;84.1911;261.0333;261.0380;
277040.526;555085.639;555086.136;224.0741;38.5339;38.5441;
234487.806;489351.986;489351.423;125.8592;498.8356;498.8547;
251176.051;545999.869;545999.986;455.0038;408.0384;408.0245;
208696.317;535901.911;535903.095;162.0352;323.0896;323.0865;
251628.094;557874.032;557873.426;2.5173;385.0764;385.0745;
298813.902;459998.762;459999.102;23.6480;45.5910;45.5891;
128948.337;547818.174;547820.170;156.4445;104.4709;104.4795;
238861.344;493774.213;493774.001;-132.7020;142.9518;142.9415;
250992.765;472504.619;472503.020;509.7756;-67.7927;-67.7996;
216005.586;699921.030;699922.935;38.0284;552.2862;552.2888;
231579.364;538797.740;538798.664;130.9053;-373.8399;-373.8396;
247526.302;525509.027;525509.524;103.5052;168.6690;168.6575;
204772.802;507671.487;507673.033;63.3430;-86.2772;-86.2783;
354606.737;422659.038;422661.465;396.0651;-280.2894;-280.2811;
239542.270;534319.412;534319.855;318.1047;413.6198;413.5971;
276174.037;423196.753;423196.758;119.1408;-158.5940;-158.5893;
272920.457;493325.994;493326.647;191.8996;87.6127;87.6215;
243477.170;504961.111;504961.594;-339.5917;190.6067;190.6074;
247276.585;493347.978;493348.772;247.0737;-52.3040;-52.3200;
253597.616;538811.217;538811.545;-323.3194;492.9548;492.9689;
332402.777;510189.403;510192.232;77.6256;0.8731;0.8707;
643224.891;882503.390;882505.820;1624.1601;1419.5776;1419.5855;
249154.152;422115.635;422111.874;11.2445;180.3098;180.3110;
280990.729;565488.060;565487.990;347.5822;-90.1432;-90.1425;
255118.960;552893.992;552894.404;-580.1645;234.2330;234.2529;
260904.435;515323.211;515323.546;582.3201;53.7436;53.7370;
251999.209;525394.362;525395.067;641.4241;-337.6472;-337.6326;
250030.624;545792.331;545792.535;809.3891;218.5948;218.6144;
230504.019;532484.137;532484.860;-268.0840;85.8961;85.9345;
232072.872;542493.971;542494.241;114.2973;476.1085;476.1151;
230220.257;532312.276;532312.434;78.5857;453.3994;453.4044;
251554.654;544890.118;544889.265;509.4258;203.5651;203.5049;
222041.397;526022.809;526023.849;-513.7872;459.8505;459.8707;
236692.874;514264.738;514264.758;348.2482;-163.8061;-163.8372;
215226.926;519899.806;519900.860;595.5332;-195.7432;-195.7263;
276752.789;560000.615;560000.529;29.6844;76.5783;76.5842;
202484.003;517413.168;517413.323;163.5078;-102.4256;-102.4139;
210287.072;628193.353;628193.863;22.6796;321.7785;321.7839;
188003.787;652119.394;652120.448;-13.2936;288.9741;288.9765;
251995.950;518315.783;518315.879;-300.7409;291.5868;291.5897;
200045.639;557988.084;557988.556;292.3808;347.1000;347.0836;
264472.351;540840.675;540840.964;80.0674;230.6238;230.6199;
256620.056;521197.063;521197.287;103.9849;-45.1913;-45.2004;
259113.950;543213.216;543213.426;-5.5073;-389.3655;-389.3595;
260061.814;506564.886;506564.849;349.4905;-51.0606;-51.0792;
207022.361;550407.288;550406.978;-11.5970;522.2305;522.2396;
262393.952;559002.048;559003.173;139.4579;-279.6517;-279.6836;
251229.784;535441.200;535441.169;-381.0430;293.1803;293.1749;
241130.126;456786.812;456787.240;280.0676;-208.0224;-208.0267;
213328.764;476458.453;476457.146;19.6461;495.6344;495.6467;
230002.511;549494.868;549495.659;42.0584;278.3719;278.3849;
286499.419;461396.249;461397.418;466.5402;-231.2477;-231.2247;
227622.582;514444.982;514446.377;467.6891;44.9830;44.9808;
271504.385;514203.482;514203.956;-42.0507;-82.5089;-82.5110;
179923.072;526036.196;526037.276;157.1229;-5.3224;-5.3208;
252957.250;525107.396;525107.785;-116.1134;524.9053;524.9107;
246875.119;522104.374;522104.677;1389.9872;24.2519;24.2794;
232673.623;582246.302;582246.136;20.3013;231.4788;231.4723;
781379.756;836510.415;836507.048;1364.3797;789.1958;789.1884;
242078.086;544296.100;544296.431;-247.1778;-47.5370;-47.5563;
735517.453;984060.387;984058.986;1111.1321;1005.2868;1005.2839;
261203.585;503055.265;503055.329;-491.8524;176.8126;176.8008;
239130.627;659432.457;659428.977;62.2397;612.6997;612.6899;
263835.858;536552.874;536553.013;185.5042;230.9555;230.9788;
275160.744;460165.265;460165.927;434.6123;-274.5401;-274.5420;
197839.760;510834.151;510835.108;147.1105;-76.2752;-76.2828;
155135.350;568611.179;568612.329;-88.9138;235.9692;235.9726;
241262.099;528888.093;528888.306;173.9835;150.1538;150.1595;
224215.689;539480.351;539480.465;442.5419;-99.3557;-99.3536;
242521.990;528010.047;528010.233;399.5899;59.6271;59.5966;
244809.551;529777.351;529777.400;106.2086;234.4072;234.4066;
244063.077;519275.166;519275.322;86.3495;150.8287;150.8259;
254165.811;525364.471;525364.946;-78.8279;163.5468;163.5350;
236179.428;580896.040;580895.438;-9.3655;-98.3342;-98.3327;
254827.014;559442.685;559442.995;643.6357;160.8940;160.8887;
258078.911;514654.686;514654.554;-148.6760;320.8827;320.8773;
260379.661;521713.482;521713.547;1088.2558;-361.0230;-361.0343;
264489.263;490506.763;490507.498;-185.1619;-75.0052;-74.9995;
244875.888;510606.856;510608.025;301.1478;247.6569;247.6753;
227521.096;537324.930;537325.699;817.8116;-194.0752;-194.0806;
250549.012;532843.396;532844.065;-242.5539;578.6989;578.7071;
237400.240;517970.379;517971.391;423.8624;32.7688;32.7743;
288806.260;553745.970;553747.239;420.7424;387.7974;387.7851;
270930.354;492048.598;492049.430;472.9619;-221.6054;-221.6053;
256021.603;463874.346;463874.383;308.0444;-162.6746;-162.6638;
242439.751;416866.165;416864.586;357.1785;-265.4179;-265.4414;
239526.157;498970.209;498970.065;317.8290;-147.1439;-147.1397;
288752.798;586395.173;586394.179;172.0500;346.4579;346.4489;
197275.148;480114.844;480115.958;166.6847;189.7998;189.8042;
271985.522;563935.738;563937.698;-228.8864;393.6141;393.6321;
872835.919;596820.798;596820.809;149.1853;253.4421;253.4431;
745437.132;465240.169;465240.260;-343.0322;-82.1646;-82.1690;
775090.519;455798.647;455798.324;-159.9687;-114.7709;-114.7611;
814281.390;556461.017;556460.839;-44.8445;396.6913;396.6788;
763384.130;449377.228;449377.319;-176.0141;-30.9780;-30.9986;
846882.755;553440.588;553441.060;314.8338;409.3899;409.4016;
852553.370;571005.372;571005.638;-214.6942;-640.3582;-640.3345;
841067.640;560536.798;560536.510;400.5942;-326.1232;-326.0964;
839635.993;568398.838;568398.631;270.6471;191.0894;191.0999;
866243.923;609880.482;609879.560;165.5370;287.3972;287.3973;
750176.360;462758.063;462758.549;255.7956;-82.4279;-82.4364;
887708.011;591551.029;591550.482;-282.2255;360.0451;360.0473;
886394.871;620699.910;620698.861;134.2570;464.8843;464.8737;
709472.622;394697.960;394696.717;-30.5924;-225.1815;-225.1860;
847244.982;584570.136;584569.304;-189.1373;322.8126;322.8098;
933478.793;696497.732;696495.235;16.5375;257.7888;257.7902;
850623.368;558475.994;558476.290;788.6683;578.0237;578.0161;
852098.129;589823.647;589822.438;-219.0083;-175.9163;-175.8904;
928376.633;599338.691;599338.483;-96.5704;246.8967;246.8891;
781800.466;538346.780;538348.217;81.2313;414.3965;414.4140;
785385.616;522031.429;522029.289;31.3897;145.7103;145.7036;
792949.806;513634.966;513636.036;-329.4587;-190.0793;-190.0579;
862598.714;581622.550;581622.411;65.6147;164.2169;164.2131;
937886.269;568421.902;568421.624;95.2032;286.3637;286.3587;
742002.991;452446.698;452447.958;-208.7356;-250.0170;-250.0214;
849953.089;546368.949;546369.036;385.4312;106.4359;106.4445;
745371.028;446990.423;446991.068;-210.5843;-36.7761;-36.7810;
939808.607;545398.001;545397.966;531.4865;196.0573;196.0617;
854873.439;582072.320;582072.092;835.5373;398.3722;398.3748;
987995.131;728642.289;728641.484;778.4002;940.2492;940.2404;
788717.763;441346.767;441346.865;-37.3123;-64.6387;-64.6414;
839018.653;578335.475;578335.175;598.3496;394.0558;394.0564;
847156.916;585438.652;585438.048;542.5892;110.0390;110.0302;
689320.169;470899.165;470900.188;-120.4999;-96.9995;-97.0021;
790497.883;525888.731;525887.750;442.4595;-171.0889;-171.0678;
836833.622;576229.355;576228.748;-223.5853;208.9310;208.9096;
881145.454;616324.336;616322.432;-15.5578;368.9562;368.9235;
840044.856;617227.556;617227.302;371.5601;-76.0292;-76.0333;
843689.817;562105.727;562105.391;72.3364;262.9007;262.8940;
849946.043;566290.622;566290.801;-77.1026;474.1284;474.1280;
769211.039;535379.530;535380.929;-267.5461;26.8070;26.8173;
841417.272;613220.387;613218.677;1.3872;194.5288;194.5421;
879237.869;626974.931;626974.072;208.2889;458.8789;458.8492;
901388.368;617438.887;617436.869;465.5136;296.9813;296.9680;
888283.808;603365.299;603365.585;459.8925;429.6155;429.6048;
797565.165;603441.253;603440.331;218.3210;262.9921;262.9885;
869050.148;583012.290;583012.012;476.9552;28.1049;28.1097;
803300.949;469167.958;469169.589;197.5142;-117.2894;-117.2803;
699188.228;383938.373;383936.599;-327.7170;-272.2009;-272.2044;
838111.411;589966.151;589965.553;482.3007;491.8247;491.8166;
841473.436;586808.070;586807.370;379.6827;314.7553;314.7506;
895169.046;489681.561;489683.091;83.9047;129.4642;129.4610;
841929.702;599396.616;599395.870;80.6522;66.1774;66.1738;
827118.645;573392.078;573391.823;213.1604;316.9741;316.9662;
864567.014;572714.192;572714.438;-45.5896;366.3244;366.3208;
849536.026;559701.196;559701.120;-86.4426;437.8165;437.8015;
867008.394;583681.863;583681.825;461.9209;384.4464;384.4537;
719146.232;409607.996;409608.795;-210.7606;-330.1757;-330.1757;
879831.555;567589.271;567588.471;660.9448;594.5522;594.5454;
862767.004;580697.807;580697.799;24.0520;291.4185;291.4100;
777557.051;456192.376;456193.152;-252.8845;79.2340;79.2615;
868636.467;601787.264;601786.443;606.0369;195.3844;195.3851;
845873.694;591367.669;591366.654;695.7273;343.0003;343.0104;
841115.992;563858.081;563857.828;141.6612;78.3761;78.3703;
854534.068;569950.105;569950.043;560.7931;-103.3876;-103.3762;
681877.873;473682.437;473684.218;-208.2258;36.1546;36.1551;
868982.659;578046.838;578046.609;344.9377;222.1611;222.1581;
874119.649;570216.986;570217.313;12.9235;167.2620;167.2568;
884692.426;618507.027;618505.396;173.5180;74.7022;74.7675;
860683.765;577856.862;577856.573;916.3159;146.9828;146.9889;
914342.002;513368.300;513364.717;505.2128;84.0140;84.0020;
737137.991;655162.767;655161.477;-69.5184;547.5804;547.5736;
741497.965;500551.143;500550.992;-41.6240;171.9105;171.9131;
859593.175;540664.691;540665.744;179.7871;98.1892;98.1953;
838754.945;581921.176;581920.926;-499.1306;291.6411;291.6403;
964080.362;619067.531;619068.688;696.1985;272.6667;272.6727;
843963.407;576427.858;576427.346;42.1185;646.1774;646.1459;
859207.808;554390.841;554391.230;644.4071;350.3460;350.3341;
850414.465;580214.780;580213.998;-185.9537;-252.1386;-252.1289;
759023.709;580403.375;580402.178;304.6150;182.5118;182.5122;
755722.591;465471.508;465471.102;-268.0353;62.5730;62.5804;
888398.340;618736.323;618735.064;160.7085;267.0919;267.1031;
845480.646;588899.236;588898.417;-58.8359;-72.4940;-72.4921;
802941.409;544975.171;544981.008;265.4628;536.0252;536.0261;
938730.471;549610.462;549610.596;183.7481;164.2926;164.2978;
856442.540;567773.149;567772.801;251.3655;57.0253;57.0287;
863374.666;554519.399;554519.544;-313.4940;286.9104;286.8963;
848097.319;597345.496;597344.574;-124.4303;442.9074;442.8894;
755978.869;409470.191;409474.285;1.9756;142.9497;142.9528;
829281.055;572380.250;572379.777;213.1781;295.1200;295.1161;
838943.106;560732.181;560732.015;-346.5636;97.5800;97.5965;
748679.483;469330.668;469331.668;86.3582;-161.5358;-161.5540;
860869.514;600839.903;600839.598;-29.2470;76.9525;76.9286;
