# This file was created for the Modelling and Simulation course, RUG (September-November 2019).
#
# Project: Simulate colliding galaxies, using Barnes-Hut algorithm.
#
# Students:
#     Stefan Evanghelides (s2895323)
#     Hidde Folkertsma (s2759799)
#
#     X         Y         Z         DX        DY        DZ
236859.964;501019.583;501019.170;39.2093;409.2780;409.2721;
206327.074;599159.764;599160.150;2.1520;374.0664;374.0697;
193378.100;466521.263;466520.949;165.2689;290.3136;290.3157;
187378.063;517856.831;517857.616;361.1062;12.2131;12.2066;
257202.546;538734.613;538734.688;488.2530;518.6780;518.6567;
231335.112;532289.777;532290.063;491.3098;498.5445;498.5379;
233368.169;459224.389;459223.252;-16.6654;149.9777;149.9743;
225983.095;509740.578;509741.378;109.5767;446.0003;446.0042;
203318.398;505144.847;505145.756;-48.8420;282.6291;282.6368;
236937.518;499073.165;499074.399;120.7438;507.4035;507.4102;
289577.087;460661.110;460661.656;156.0029;-58.5265;-58.5284;
119194.383;536922.314;536923.395;36.6799;118.2571;118.2670;
253353.266;502981.334;502982.115;26.3599;-444.9838;-444.9847;
207997.361;491827.752;491828.064;256.3481;-343.9729;-343.9999;
212976.677;643096.269;643097.859;23.9616;614.4582;614.4621;
247938.957;544070.017;544069.828;-252.6891;248.8941;248.8948;
235617.521;512327.433;512327.975;77.0219;122.5465;122.5558;
244611.828;530657.277;530657.111;-733.6998;-186.9783;-186.9692;
313482.208;452094.345;452095.891;455.2192;-326.6863;-326.6764;
249198.771;507890.795;507890.740;-392.3507;-60.4984;-60.4964;
262607.961;442640.527;442640.030;160.1412;-248.1510;-248.1460;
247046.372;494725.880;494725.727;343.2602;-159.3381;-159.3350;
251035.959;512857.175;512857.532;653.1359;-122.2975;-122.3065;
238199.857;533629.640;533629.578;56.0968;-529.4870;-529.4851;
233271.468;496475.815;496476.534;245.9500;-24.1482;-24.1582;
316496.450;511049.751;511052.525;260.1304;-16.4302;-16.4260;
484226.886;742819.567;742821.221;1620.6609;1431.7554;1431.7634;
247467.166;406165.753;406162.221;18.9993;146.2630;146.2592;
241704.633;564123.457;564123.643;425.7042;103.1668;103.1635;
285915.412;525236.734;525236.141;-21.3653;329.2828;329.2845;
212464.279;522558.674;522559.256;210.9160;-121.3350;-121.3330;
201370.703;545261.713;545261.951;378.3494;5.7214;5.7129;
205604.486;502438.274;502439.413;-82.1233;382.4819;382.4635;
245651.160;502855.575;502856.726;379.0433;528.7248;528.6969;
257177.119;504900.585;504901.041;-78.0516;51.7277;51.7253;
256619.942;505852.584;505853.162;-211.5078;22.9138;22.9113;
219932.003;514479.016;514479.802;6.4432;564.5186;564.5742;
273926.560;503723.126;503723.035;-14.4079;99.8941;99.8791;
237092.486;535667.867;535668.183;-192.4093;42.4758;42.5036;
198646.781;540048.815;540048.539;-99.5214;-159.4916;-159.4957;
244660.510;539191.063;539191.393;617.4040;411.6091;411.6022;
196312.919;527799.334;527798.971;-23.2188;-108.4193;-108.4217;
210797.930;592636.927;592636.851;-39.0448;405.1374;405.1438;
190703.482;622314.858;622315.643;-42.5869;320.6588;320.6618;
242167.567;508204.168;508204.771;370.9841;-120.7171;-120.7165;
182798.965;520506.285;520507.919;41.7349;387.3582;387.3554;
225478.699;507161.848;507162.415;457.3174;369.5034;369.5001;
221808.632;516428.330;516428.855;130.3480;294.9444;294.9505;
248869.214;564444.611;564444.976;129.7459;-55.5564;-55.5620;
226286.816;527076.730;527076.952;8.4466;-29.2245;-29.2084;
234754.511;497588.405;497589.106;-614.0469;386.9055;386.8802;
249211.728;564721.835;564722.859;164.5591;106.2535;106.2730;
236561.317;501688.793;501689.148;202.6018;-42.7754;-42.7643;
215348.126;481680.558;481681.022;229.5778;-309.1043;-309.1002;
425429.803;876204.919;876210.983;1282.4884;2265.7188;2265.7604;
219682.527;436897.880;436896.010;-113.5473;320.5199;320.5178;
256970.092;495981.577;495982.232;-151.4286;179.4146;179.4033;
236604.246;489686.076;489684.983;529.2018;-417.9373;-417.9235;
199888.530;519620.848;519621.134;87.7248;-102.5473;-102.5311;
253458.661;521361.846;521362.237;405.0420;-13.1575;-13.1542;
174946.161;526873.423;526874.180;-75.9965;-23.0328;-23.0275;
237553.116;511104.415;511104.979;84.6422;-308.4799;-308.4854;
174986.605;534404.061;534404.711;223.7139;-175.5088;-175.5267;
241128.960;544311.162;544311.676;-212.6856;637.7221;637.7173;
647667.247;758466.574;758463.939;1363.5596;804.0663;804.0587;
250694.652;529421.034;529421.643;196.0205;272.4590;272.4788;
626581.764;885145.572;885144.462;1111.9377;1013.8206;1013.8176;
256039.963;505654.430;505655.141;843.0973;-276.0953;-276.0761;
231845.706;596623.923;596621.682;98.8293;680.6789;680.6614;
225587.535;507062.745;507063.040;331.9007;277.9196;277.8838;
230986.554;493178.903;493179.486;446.7658;-454.9430;-454.9377;
192829.748;521165.470;521166.850;-47.7186;-132.5421;-132.5412;
166671.395;544316.746;544317.536;-163.3765;267.7020;267.7062;
237540.117;511229.821;511230.500;-82.6838;186.5255;186.5161;
200044.753;540081.483;540081.831;167.5146;90.0312;90.0264;
229521.534;516881.391;516881.697;-180.3056;235.0187;235.0465;
243007.218;507732.701;507733.133;-147.9897;136.0725;136.0824;
241790.831;511601.672;511602.261;-0.1058;62.4035;62.4008;
226558.134;511870.998;511871.504;37.8943;113.9038;113.8873;
239691.781;578637.528;578637.226;-48.4825;138.6972;138.6900;
214660.418;509194.825;509195.562;-124.3650;717.1275;717.1340;
240498.237;505990.840;505991.520;368.2599;-163.4878;-163.4790;
168398.222;542763.472;542764.149;597.3574;12.7098;12.7143;
237755.512;518566.455;518566.761;924.7459;-197.1141;-197.1303;
236603.147;508285.752;508285.396;-178.4026;-223.4533;-223.4734;
187609.791;538810.327;538810.563;146.5909;156.7412;156.7511;
248268.873;489152.367;489152.320;219.4682;161.4523;161.4461;
207185.630;519863.349;519863.463;166.0665;-35.8471;-35.8396;
219818.098;512655.615;512655.820;815.8146;545.5951;545.6232;
220230.935;534032.757;534032.763;310.7381;-434.7964;-434.7954;
224300.850;484724.187;484723.153;314.7924;-274.2070;-274.2009;
210385.658;447885.367;447885.855;288.4204;-381.9870;-382.0034;
237489.392;527775.820;527776.865;-154.8213;-306.0260;-306.0352;
251230.438;535608.312;535608.850;722.6538;707.2859;707.2671;
184511.441;463328.605;463329.139;95.1514;150.8825;150.8895;
271875.748;518065.986;518064.850;251.9642;514.2517;514.2795;
844597.653;567376.429;567375.675;359.6334;354.3755;354.3815;
778590.713;471016.611;471017.439;-345.3295;-23.4303;-23.4365;
780073.397;464628.955;464628.992;36.3038;-70.4435;-70.4627;
839151.720;535051.946;535052.585;-351.2756;-112.4967;-112.4874;
784217.253;461945.049;461945.948;-211.9174;-177.6693;-177.6589;
834279.086;556591.144;556590.893;16.2365;-334.2646;-334.2782;
855325.590;606687.153;606684.865;-12.6577;-17.0853;-17.0748;
849356.292;586550.998;586550.711;-389.3134;31.7295;31.7219;
847100.240;566100.914;566100.894;-163.5544;161.3055;161.2982;
979882.509;567404.256;567405.531;367.8824;233.9835;233.9901;
850258.282;576560.422;576559.644;156.5092;390.3659;390.3601;
738119.078;476365.972;476367.608;-34.9225;-180.3834;-180.3911;
876983.965;555742.515;555742.078;527.4632;346.0435;346.0386;
846978.021;567463.547;567463.004;740.5634;638.8137;638.8010;
714997.432;414425.940;414424.958;-137.8883;-203.7951;-203.7965;
826371.491;547329.426;547329.279;412.1385;247.4825;247.4983;
930246.495;668177.668;668175.179;51.6743;322.7853;322.7833;
801455.526;533851.228;533851.293;187.4382;-45.9112;-45.9092;
862531.569;582187.084;582186.881;88.8187;250.3953;250.3764;
926877.499;574107.004;574107.481;126.5829;271.3819;271.3756;
787944.422;502845.504;502845.826;-146.2837;309.4143;309.4190;
783837.396;509681.886;509681.043;0.5781;115.0667;115.0490;
825943.099;540514.510;540513.946;-398.3618;-457.6645;-457.6592;
814759.198;548516.403;548516.079;138.1212;495.7854;495.7699;
913925.093;538318.021;538318.163;413.0633;314.8801;314.8774;
766382.597;480165.280;480166.283;-255.3771;-290.9970;-290.9897;
825949.855;558510.794;558510.460;94.9177;-237.8473;-237.8496;
774970.695;459595.219;459596.098;-457.3750;-229.6957;-229.6908;
885039.923;530433.716;530433.281;599.3510;100.3343;100.3379;
829556.154;548707.412;548707.304;-385.5508;145.8930;145.8785;
910783.891;636225.964;636225.935;798.7669;945.2009;945.1942;
784127.711;456742.024;456742.412;164.8185;-282.0122;-282.0168;
820685.812;547085.664;547085.337;-168.9703;210.1107;210.1057;
828111.592;551721.760;551721.672;-80.7921;510.4503;510.4551;
703564.843;480454.104;480455.366;-181.4479;-81.9855;-81.9886;
753012.435;544004.908;544002.906;310.0978;-187.6238;-187.6189;
845032.437;558183.861;558183.506;509.8158;254.8301;254.8368;
856325.910;572038.256;572038.551;750.0339;589.7206;589.7381;
811323.852;613382.143;613381.895;235.9811;127.7548;127.7563;
838128.991;558915.228;558915.122;141.0533;-29.4043;-29.3930;
850947.669;528338.417;528338.349;60.4958;293.0170;293.0196;
799048.938;532885.326;532885.654;-350.7920;6.1621;6.1738;
855863.896;574546.782;574546.018;-277.8034;623.0627;623.0192;
856197.103;563420.209;563419.951;548.9901;706.5972;706.6079;
833724.374;574125.625;574125.260;575.7515;745.7143;745.6955;
826996.452;555111.467;555110.991;702.4635;629.3390;629.3577;
779841.335;576043.583;576043.047;142.0331;297.1722;297.1680;
809002.294;553983.605;553983.132;290.3268;583.4214;583.4124;
779679.469;480112.655;480113.136;289.9017;-91.1433;-91.1299;
732015.767;418155.400;418154.419;-293.9487;-405.7428;-405.7551;
851038.293;540828.926;540829.064;-35.2669;48.2509;48.2520;
840618.798;542829.833;542829.965;-27.1805;359.6813;359.6809;
883690.735;480958.755;480960.454;157.1876;44.6332;44.6331;
842512.914;583079.532;583078.992;-84.0345;258.9089;258.9077;
857713.414;557897.538;557897.286;-90.0746;73.0654;73.0639;
842818.300;546571.454;546571.170;479.4774;139.2308;139.2362;
836295.676;554056.740;554056.622;345.6207;-306.9596;-306.9403;
815776.456;550274.792;550274.660;-253.3721;247.9456;247.9267;
740479.729;442748.606;442749.326;-231.1837;-353.6139;-353.6124;
791367.381;542074.670;542075.583;583.8498;7.0320;7.0378;
817244.050;549262.463;549262.003;426.1907;315.5950;315.5907;
971651.978;570939.427;570942.190;580.3541;357.2402;357.2415;
791585.202;452171.610;452170.195;-11.5380;-52.7992;-52.7904;
819352.875;544767.195;544767.102;103.6696;831.9699;831.9556;
844616.838;542347.070;542347.592;-66.2395;107.4892;107.4964;
839606.748;566817.915;566817.657;-22.3110;49.3690;49.3765;
970819.075;724533.903;724533.299;370.3880;443.6475;443.6439;
828795.204;567717.509;567716.868;-128.6927;379.9573;379.9452;
707992.288;471295.380;471296.987;-338.3655;-8.7953;-8.7911;
806758.982;552336.001;552335.547;281.1757;357.0667;357.0649;
829722.352;558812.692;558812.232;722.8119;212.0026;212.0122;
860396.477;587289.949;587286.966;413.8431;581.0077;580.9569;
834961.624;550528.181;550528.045;-391.8913;376.1341;376.1265;
863018.422;506796.253;506794.023;543.8941;43.8468;43.8310;
747026.493;599184.701;599184.102;-144.6731;600.7703;600.7630;
749705.732;481486.116;481486.032;-132.0901;256.1743;256.1625;
836457.074;543005.018;543004.939;305.8512;-181.8345;-181.8191;
848793.139;551556.335;551556.289;745.2452;236.2887;236.2778;
882705.622;586598.504;586598.732;1037.3516;426.6789;426.6947;
835633.774;556850.294;556849.701;310.0679;16.9869;16.9906;
802839.169;546604.432;546604.163;218.7176;-125.1456;-125.1279;
859502.067;587694.527;587694.232;-7.2419;109.1743;109.1725;
735968.192;561447.251;561446.111;163.8418;206.1080;206.1065;
780106.581;458840.132;458840.263;-254.5514;58.7672;58.7534;
865626.886;585335.892;585334.341;337.4290;443.9426;443.9326;
851099.609;559968.354;559968.296;177.1603;511.4889;511.4839;
779696.004;495992.728;495994.480;197.1361;456.3470;456.4143;
906994.119;540504.216;540503.808;487.3744;17.6014;17.6060;
820512.237;562824.407;562824.078;43.5177;496.4387;496.4395;
843767.036;556467.607;556467.511;909.4685;-248.3513;-248.3294;
832216.740;536849.215;536849.270;434.6034;153.9975;154.0051;
755167.083;396768.608;396772.235;15.1582;114.8415;114.8481;
837724.530;551850.158;551850.100;-213.1764;130.6215;130.6195;
850027.295;576250.299;576250.306;262.0084;-73.9680;-73.9698;
749154.465;474887.668;474888.883;-95.5548;-55.1606;-55.1500;
861685.464;585235.378;585236.048;21.7396;242.7757;242.7852;
