# This file was created for the Modelling and Simulation course, RUG (September-November 2019).
#
# Project: Simulate colliding galaxies, using Barnes-Hut algorithm.
#
# Students:
#     Stefan Evanghelides (s2895323)
#     Hidde Folkertsma (s2759799)
#
#     X         Y         Z         DX        DY        DZ
239333.197;517293.941;517293.572;95.3390;446.0190;446.0272;
207331.665;611794.242;611794.694;42.6321;322.2952;322.2964;
199958.863;477612.122;477611.904;192.8850;309.4063;309.4092;
201960.570;518517.388;518517.917;428.1674;24.2348;24.2276;
270243.630;556061.436;556060.864;245.9813;418.4560;418.4434;
251204.531;545952.321;545952.440;538.8976;268.4791;268.4799;
232731.805;466645.471;466644.305;-16.7797;258.1183;258.1209;
233562.763;526647.849;526648.630;258.9011;429.8990;429.8951;
202935.368;516155.249;516156.404;23.2549;310.5137;310.5192;
247903.114;525549.177;525549.850;224.8746;678.6326;678.6011;
294498.976;459226.787;459227.259;111.1631;-20.1453;-20.1474;
121494.997;541198.074;541199.516;85.3975;112.9503;112.9598;
248883.266;492191.596;492192.100;-187.6693;-132.6897;-132.7012;
221053.428;481713.905;481713.290;425.4575;-220.0416;-220.0645;
213959.387;665271.421;665273.145;29.0283;586.2891;586.2925;
238452.518;548813.611;548813.715;-230.4520;45.2336;45.2469;
239234.455;516558.025;516558.815;136.5605;127.1148;127.1180;
217198.881;520927.634;520928.336;-562.4521;-347.4984;-347.4682;
329684.027;440444.887;440446.784;424.3540;-304.8942;-304.8851;
235542.115;511089.990;511090.555;-245.7417;232.7398;232.7607;
268183.240;434270.880;434270.574;142.8511;-207.4585;-207.4532;
258410.052;491314.816;491314.907;280.1337;-38.9275;-38.9192;
261510.263;504668.952;504669.228;-61.0199;-226.0800;-226.0766;
237835.941;511411.443;511411.957;-31.0041;-614.2825;-614.2562;
247663.460;504485.862;504485.999;499.4394;472.9350;472.9191;
324600.526;510535.928;510538.798;182.7129;-11.2155;-11.2143;
544213.629;795698.597;795700.546;1621.9316;1426.7957;1426.8036;
248163.939;411789.865;411786.201;18.7481;157.6691;157.6658;
257136.569;566914.394;566914.457;410.5331;48.9739;48.9706;
280900.948;536443.358;536442.913;-235.2321;281.6696;281.6759;
224628.201;517605.061;517605.667;467.1458;-125.0166;-125.0173;
216591.926;542724.332;542724.284;453.6467;-147.7712;-147.7760;
210554.339;519701.102;519701.386;354.2784;534.0348;534.0105;
251930.651;521367.611;521367.377;-93.9746;376.9659;376.9355;
243793.466;511060.969;511061.315;-397.7717;441.2578;441.2532;
242532.216;509398.892;509399.283;-422.9299;238.0207;238.0127;
228245.097;533096.353;533098.373;382.9609;374.8826;374.8865;
264020.494;508621.633;508621.317;-513.8007;154.9965;155.0019;
231564.031;532259.307;532260.425;-143.3889;-251.0628;-251.0500;
197147.505;532681.429;532681.273;12.0454;-214.1952;-214.1809;
263252.776;550097.781;550097.841;418.5474;244.2446;244.2367;
196406.821;523678.881;523678.545;28.6491;-108.4782;-108.4743;
209827.458;607137.963;607138.127;-10.9338;372.4448;372.4509;
189346.043;633937.306;633938.199;-31.2190;307.9954;307.9983;
256734.969;508730.381;508730.825;223.7359;78.7886;78.7795;
185986.276;535174.070;535175.463;138.5279;402.2119;402.2011;
246257.216;522848.115;522848.557;527.0641;401.4220;401.4192;
233239.679;524920.046;524920.631;466.1961;107.3431;107.3405;
252878.767;560370.138;560370.285;87.7939;-176.1052;-176.1114;
233174.548;520881.338;520882.168;335.6135;-302.5620;-302.5515;
216991.979;515919.364;515919.161;-333.0156;579.2565;579.2377;
254537.841;566898.084;566899.721;125.9772;7.3437;7.3561;
252337.942;511845.736;511846.417;429.2521;431.7808;431.7802;
224490.505;471152.560;471153.126;263.0741;-266.6404;-266.6397;
472897.983;959980.855;959988.457;1283.3112;2262.8862;2262.9277;
215755.733;450005.717;450003.905;-89.2861;376.0016;376.0062;
244379.437;513598.392;513598.508;-342.6480;797.4346;797.4220;
256354.193;477014.078;477013.781;524.0641;-294.3519;-294.3278;
205952.581;515953.396;515954.298;236.3531;-85.5927;-85.5768;
265552.094;519672.484;519672.972;247.3378;-76.5919;-76.5902;
173899.655;526334.721;526335.656;26.0562;-6.6396;-6.6360;
244191.521;504942.800;504943.084;229.8287;29.0784;29.0706;
188918.080;528635.637;528635.657;550.5684;-136.7176;-136.7324;
234864.296;563003.163;563003.423;-109.2301;412.6802;412.6726;
698138.343;788105.357;788102.442;1364.4732;798.2059;798.1984;
252281.674;538490.144;538491.152;-69.8405;213.4552;213.4569;
667720.049;922589.958;922588.737;1111.7146;1010.3460;1010.3430;
273332.902;498790.788;498791.698;163.0303;-74.4051;-74.4119;
235025.056;621126.857;621124.062;75.8766;647.1227;647.1095;
242193.260;519400.549;519399.933;497.7937;352.5598;352.5498;
248210.624;478750.622;478751.332;465.3640;-344.1434;-344.1419;
192318.632;516518.869;516520.202;22.5683;-115.9554;-115.9588;
161477.274;553843.126;553844.059;-122.4976;249.7699;249.7736;
236595.290;519316.008;519316.256;-3.7625;208.5025;208.4931;
206623.992;542232.880;542233.064;178.2465;21.5490;21.5457;
227063.972;523826.255;523827.416;56.8510;130.6409;130.6542;
240452.599;514878.830;514879.423;30.2892;198.2331;198.2293;
241505.653;513616.196;513616.644;0.7335;49.0876;49.0829;
237338.770;517283.011;517283.239;454.3227;206.4797;206.4858;
237976.661;582229.223;582228.704;-41.6601;58.3937;58.3891;
221491.126;535293.640;535294.334;416.7857;622.8136;622.8063;
253716.491;502866.583;502867.266;319.6357;32.3723;32.3618;
195423.758;540439.671;540440.405;857.3956;-151.1629;-151.1661;
263177.035;505404.679;505404.849;342.5895;-413.3116;-413.3035;
232898.712;502793.582;502793.236;39.1703;-40.2283;-40.2101;
195805.838;542747.667;542748.267;308.8034;37.9626;37.9705;
254368.088;500125.854;500125.809;105.6622;433.9804;433.9871;
215462.211;518426.730;518427.188;279.7371;-33.7480;-33.7375;
251648.273;530966.328;530967.486;787.3533;401.6749;401.6936;
236801.805;514550.186;514550.527;545.8784;-579.3546;-579.3378;
236412.355;475708.670;475707.984;334.2988;-222.6079;-222.5963;
221882.779;434657.959;434657.733;320.9826;-325.5005;-325.5218;
231018.783;513903.383;513903.761;-130.9582;-403.7509;-403.7714;
271787.917;558894.358;558894.146;427.4871;562.0041;561.9858;
188539.133;469217.086;469217.864;121.3418;166.8336;166.8398;
277512.103;536420.739;536420.843;68.2804;478.5757;478.6119;
857686.317;579364.968;579364.576;338.2379;307.9896;308.0008;
766149.107;469578.261;469578.789;-327.2669;-54.2740;-54.2833;
780594.696;462054.080;462053.583;-8.2138;-68.1940;-68.2036;
826423.687;537016.308;537016.930;-336.9017;186.5575;186.5494;
775548.521;455433.710;455434.789;-231.4289;-175.3853;-175.3873;
835793.365;545776.772;545776.302;70.5280;-158.0799;-158.0741;
854849.354;602078.853;602077.138;6.2172;-259.8109;-259.7893;
838367.992;583157.299;583156.595;-219.5048;-194.7583;-194.7698;
840768.694;567861.280;567860.842;-180.0788;-70.8193;-70.8290;
992843.521;576070.887;576072.408;332.8311;241.1713;241.1792;
856081.939;590216.961;590216.069;162.6460;348.4541;348.4529;
739511.104;470122.031;470123.231;75.8492;-159.1232;-159.1368;
889852.788;569033.983;569033.428;197.9457;367.1525;367.1507;
870520.574;588680.082;588679.442;495.7233;581.3920;581.3929;
711329.996;407280.780;407279.746;-50.4052;-190.7775;-190.7796;
844442.593;560399.689;560399.827;458.8666;392.2932;392.2889;
931799.694;679654.712;679652.165;34.0878;296.5045;296.5038;
812053.497;536511.113;536511.309;405.5666;176.8615;176.8664;
861636.960;588489.042;588487.981;-106.2550;127.3361;127.3124;
930018.116;583863.323;583863.553;43.6443;258.0140;258.0071;
782873.158;514720.757;514721.346;-111.0836;342.9484;342.9555;
784063.707;513964.315;513962.871;11.8388;119.4831;119.4676;
812858.636;527444.105;527443.960;-333.6280;-278.3132;-278.2980;
831546.115;566358.904;566358.319;691.3373;426.6071;426.6110;
926863.705;550373.964;550373.988;280.4232;317.9606;317.9563;
756983.723;469220.781;469222.003;-257.5596;-297.0210;-297.0162;
831708.787;549243.114;549242.777;204.8898;-207.3129;-207.3097;
761037.996;452628.183;452629.082;-314.9811;-148.8081;-148.8107;
906343.525;534918.447;534918.153;558.8975;139.6192;139.6232;
821148.948;557763.673;557763.138;20.2638;328.5428;328.5392;
940239.775;671131.681;671131.398;793.0303;943.9661;943.9586;
788188.968;448433.820;448434.075;62.4237;-176.1576;-176.1600;
818583.220;556687.587;556687.174;63.2491;299.8760;299.8767;
827610.694;569387.658;569387.564;82.0813;423.9746;423.9706;
697516.064;476925.991;476927.160;-150.3511;-100.8867;-100.8889;
765495.779;537117.186;537115.406;362.8263;-184.6271;-184.6200;
854681.992;565519.298;565519.281;10.5597;160.8948;160.9026;
875164.248;590626.644;590626.768;311.3562;462.9245;462.9044;
820717.903;617029.752;617029.550;272.2418;69.1875;69.1884;
842008.431;556234.178;556234.278;57.6022;-82.0228;-82.0236;
852184.403;540495.035;540495.076;5.9720;365.6930;365.6962;
786883.192;533689.458;533690.208;-308.6998;29.5826;29.5936;
845798.302;594260.566;594258.742;-199.3056;444.8626;444.8489;
869280.293;589153.708;589153.763;250.2750;715.4237;715.4269;
859732.310;596162.006;596161.015;771.0495;481.4971;481.4812;
853459.983;575695.689;575695.924;699.3064;488.9619;488.9774;
785653.569;586778.412;586777.723;171.2912;283.7472;283.7432;
827523.030;572526.837;572526.223;662.6975;387.6143;387.6155;
789676.543;476281.424;476282.400;251.6447;-111.9383;-111.9257;
720337.812;403649.250;403647.859;-348.7944;-372.7340;-372.7433;
841414.003;550492.734;550492.743;-373.3695;507.3807;507.3731;
836980.926;559583.048;559582.955;-125.2505;500.1846;500.1737;
888876.237;483268.510;483270.182;125.0863;78.8114;78.8100;
840453.902;591244.516;591243.931;-28.3775;191.7970;191.7956;
844189.259;561036.941;561036.725;-559.8382;84.9650;84.9691;
857242.791;553925.926;553925.906;278.9478;241.3627;241.3707;
847086.902;546045.064;546045.418;242.6994;-24.9026;-24.8982;
819863.658;560206.645;560205.986;465.5024;304.6389;304.6329;
732178.926;429952.100;429952.867;-218.9601;-339.6620;-339.6610;
821430.259;543966.207;543966.766;997.7286;112.7097;112.6861;
838534.123;562213.234;562212.865;653.5195;341.2123;341.2225;
992553.680;584042.759;584045.542;552.6592;344.5974;344.5961;
789323.499;451941.762;451940.934;-110.2098;33.4863;33.5078;
831189.512;575771.279;575770.689;490.7305;711.6784;711.6682;
835193.998;555159.362;555159.416;-292.9099;560.0339;560.0054;
838954.119;565780.439;565780.375;-28.2707;-95.7990;-95.7965;
984346.909;740753.583;740752.844;361.2139;433.5598;433.5561;
829371.151;576333.601;576332.810;131.5734;96.7857;96.7886;
696587.451;471771.241;471772.952;-280.3687;25.1140;25.1159;
826855.867;563810.964;563810.607;795.6666;289.2216;289.2276;
856273.643;563757.224;563757.250;615.1160;90.4149;90.4277;
872776.009;605324.379;605320.457;257.8897;402.7251;402.7215;
824394.282;564729.123;564728.732;-83.7976;338.0421;338.0366;
882841.071;508814.811;508812.026;528.3532;63.4372;63.4230;
742416.048;620935.589;620934.723;-107.7801;576.7537;576.7466;
745512.759;489604.602;489604.355;-93.9582;194.6694;194.6690;
846734.267;538739.502;538739.965;251.2977;-50.1253;-50.1120;
863291.206;562903.013;562902.590;72.9189;339.6696;339.6644;
917122.402;600663.375;600664.059;855.8977;344.3623;344.3723;
845772.184;555776.142;555776.241;165.4351;-30.7641;-30.7415;
818299.559;544548.082;544548.445;567.1104;11.6205;11.6336;
857486.054;588693.525;588693.027;-58.1194;-45.9268;-45.9364;
743072.235;568872.820;568871.638;217.7559;196.0392;196.0384;
770819.386;461329.117;461328.773;-257.7487;73.4774;73.4673;
876583.617;600384.563;600382.824;252.8201;367.4946;367.4945;
852383.091;577109.485;577109.113;-60.7227;387.8699;387.8602;
787823.567;513609.868;513613.887;235.0617;490.4670;490.5249;
922332.913;541935.177;541934.951;362.5441;73.7139;73.7198;
829942.363;573243.132;573242.832;418.7021;73.0250;73.0252;
865147.470;549340.149;549340.549;290.6920;-98.2236;-98.2181;
847914.679;553093.812;553093.974;327.7434;697.7495;697.7450;
755640.391;401243.258;401247.103;9.9655;126.4390;126.4442;
829592.199;557245.444;557245.257;-206.0401;176.3762;176.3714;
856629.489;569791.747;569791.433;59.8732;-256.6959;-256.7074;
746454.769;473985.107;473986.546;-22.5723;-11.0513;-11.0489;
861499.930;592861.580;592862.352;-11.5393;171.1957;171.1890;
