# This file was created for the Modelling and Simulation course, RUG (September-November 2019).
#
# Project: Simulate colliding galaxies, using Barnes-Hut algorithm.
#
# Students:
#     Stefan Evanghelides (s2895323)
#     Hidde Folkertsma (s2759799)
#
#     X         Y         Z         DX        DY        DZ
346807.420;598806.996;598808.093;417.3150;54.5175;54.5243;
269049.379;702199.548;702200.942;269.2636;31.4544;31.4505;
318835.682;666772.070;666771.893;163.3813;223.2890;223.2829;
415548.988;569784.485;569784.018;250.6369;111.0880;111.0858;
333224.645;536155.635;536154.339;463.5967;-11.3394;-11.3475;
336589.587;608389.323;608391.251;-51.3856;382.0616;382.0525;
339883.050;572816.182;572816.047;307.5081;-179.1082;-179.1301;
300449.508;596544.105;596544.183;405.1853;199.0818;199.0885;
335604.567;592436.358;592437.074;-34.6283;20.3758;20.3643;
332217.421;620781.904;620782.229;-25.4115;494.7719;494.7733;
326172.102;648985.992;648988.319;294.2834;402.1736;402.1660;
375113.314;606626.859;606625.903;785.3793;367.0932;367.0907;
366274.123;627792.199;627791.950;160.9565;-103.2241;-103.2221;
359242.000;579904.603;579905.108;-296.7841;521.6710;521.6377;
254732.582;915179.381;915178.377;202.3742;419.8938;419.8499;
320958.634;620577.569;620579.244;299.8940;774.6653;774.6916;
372157.250;644100.428;644099.368;361.4312;220.2779;220.2695;
281514.460;621226.722;621224.810;168.1215;-168.8193;-168.8106;
519355.466;317446.970;317452.442;357.9878;-200.5561;-200.5508;
333785.760;603636.880;603637.256;15.8569;27.5701;27.5621;
328953.968;384000.106;383997.511;157.5828;-36.8485;-36.8577;
310722.706;631788.718;631791.254;306.3583;304.3208;304.3312;
329707.140;611617.421;611618.502;135.6037;-14.7454;-14.7429;
321822.019;642629.622;642628.857;553.6510;-142.1332;-142.1011;
351294.622;603427.817;603427.905;710.3706;-182.8332;-182.8585;
282553.510;602046.779;602049.875;332.8915;492.0183;492.0458;
269621.400;527358.447;527358.958;51.4961;309.6089;309.6291;
250147.366;547700.415;547699.652;-10.7061;117.0591;117.0549;
344570.754;598742.210;598742.242;319.7499;223.4249;223.4347;
317157.403;581515.094;581516.033;112.4322;433.0058;433.0154;
314134.686;624411.432;624411.967;234.8646;360.3204;360.3263;
368623.721;609897.207;609899.464;14.6532;236.4312;236.4344;
355839.950;612227.766;612228.134;44.0435;362.1749;362.1676;
317002.653;602333.906;602334.770;565.9856;263.2626;263.2802;
340112.167;618349.457;618350.367;1055.0754;153.3721;153.3670;
329507.928;593483.262;593485.164;443.7364;352.6513;352.6099;
325986.133;608798.240;608798.930;629.1208;403.3791;403.4428;
353470.552;598383.219;598383.057;923.2806;-0.7733;-0.7810;
308354.083;614335.920;614335.803;185.0365;626.9498;626.9520;
356047.460;645949.094;645947.916;58.7041;-13.0365;-13.0457;
358519.749;516651.597;516651.783;427.5333;106.3700;106.3452;
271297.237;700286.459;700287.657;181.1052;20.3623;20.3678;
202529.019;762275.865;762277.662;63.9919;213.7660;213.7673;
361885.081;623333.381;623334.784;396.8722;245.0964;245.0956;
359716.376;604858.143;604860.671;19.6981;-103.4000;-103.4095;
327518.096;598377.008;598376.876;328.4437;-31.5284;-31.5369;
333468.482;597853.528;597853.276;177.1464;686.5277;686.5526;
267843.804;532144.968;532148.295;209.9617;164.6264;164.6283;
313791.481;596775.854;596775.900;522.3317;575.9536;575.9806;
336352.453;676021.623;676023.724;364.9117;71.4515;71.4476;
259432.653;521445.924;521447.250;285.6431;173.5487;173.5370;
330709.221;596071.601;596072.147;-250.3257;249.0070;248.9903;
377393.501;385410.471;385408.385;307.2727;-140.5630;-140.5686;
333232.584;624019.457;624021.259;-83.0312;-280.0785;-280.0689;
498926.853;599999.347;599995.790;334.4598;29.5091;29.5067;
458238.471;380949.338;380952.487;415.3134;-175.1392;-175.1474;
350168.160;597895.400;597896.815;-270.6914;297.4426;297.4531;
237502.240;580728.787;580729.630;89.0202;245.3285;245.3340;
378668.384;590546.236;590545.569;360.6127;375.2170;375.2231;
328638.853;602995.821;602996.437;325.1476;-531.2318;-531.2243;
454999.235;554657.935;554658.182;92.8322;139.1149;139.1102;
369682.019;518322.558;518319.764;348.0077;73.4769;73.4931;
341553.492;598536.679;598536.908;845.1143;-68.9878;-69.0135;
298090.860;603457.904;603458.920;-294.9765;649.4057;649.4124;
258175.582;921389.436;921386.337;-44.8145;575.4964;575.5352;
328597.130;610828.883;610829.190;-119.4493;227.9629;227.9707;
466947.641;381869.317;381873.497;347.5515;-120.3975;-120.3823;
344271.452;522611.588;522611.529;404.6672;110.5063;110.5086;
145072.028;664384.134;664386.584;22.5962;199.3250;199.3275;
320368.667;604159.917;604160.408;13.7293;135.3561;135.3394;
385692.059;517610.380;517611.080;146.6556;50.3298;50.3347;
350148.860;593476.030;593476.345;-164.7025;213.1163;213.0957;
323496.320;597118.725;597119.915;430.1638;156.9884;157.0002;
315104.822;612456.375;612457.055;434.0509;-11.7432;-11.7497;
324457.536;587613.467;587613.867;314.0143;-121.0115;-121.0304;
357546.841;567847.347;567849.437;70.9942;411.9532;411.9716;
355894.540;603412.442;603413.342;252.5451;-194.5394;-194.5523;
351340.700;621213.003;621214.313;388.8747;256.0013;256.0020;
328453.046;641926.200;641927.882;488.6037;305.9143;305.8889;
383065.895;653195.836;653190.471;162.1915;5.4173;5.4023;
353427.238;589625.272;589626.968;71.1629;308.7365;308.7759;
316713.839;622120.678;622121.666;-123.2514;733.6989;733.7406;
444740.748;921609.606;921605.993;491.3338;855.9005;855.8905;
374138.418;578254.550;578253.790;109.0258;208.2445;208.2608;
320299.293;583040.681;583040.706;697.1124;-4.9737;-5.0370;
360025.746;521703.297;521701.824;107.4856;321.1874;321.1847;
396867.001;426004.704;426007.772;311.6534;-54.6154;-54.6102;
420193.978;364763.678;364757.363;402.3063;-33.7772;-33.7776;
329386.573;620058.423;620059.858;-426.2294;53.8819;53.9120;
357363.856;547881.985;547879.891;535.3036;47.3399;47.3340;
348113.096;623733.940;623735.008;254.1595;255.3224;255.3348;
370093.066;565148.396;565150.133;748.5983;257.5897;257.5610;
956732.088;721727.654;721725.143;117.8044;318.0928;318.0869;
704210.891;467584.858;467587.099;-346.8444;11.6410;11.6495;
683744.718;458152.402;458154.701;-82.0034;122.2796;122.2692;
693043.306;461338.407;461341.146;-35.9477;-54.9995;-54.9553;
965235.577;714901.981;714900.175;400.3135;208.2641;208.2468;
823549.040;514411.220;514410.445;-54.1060;-17.5308;-17.5327;
911793.754;758371.686;758369.682;-8.4653;565.1312;565.1330;
953268.378;701214.532;701213.288;-341.9097;48.0598;48.0871;
938115.398;685565.035;685565.108;228.6484;382.4735;382.4726;
720716.519;433145.064;433149.742;-200.3336;64.8069;64.8253;
909409.633;721952.725;721950.556;114.8745;39.2690;39.3101;
940953.880;682401.875;682402.631;-37.9860;-34.4334;-34.3681;
665899.218;314498.350;314499.116;-139.5432;-151.0796;-151.0738;
931367.104;701134.078;701133.891;428.0847;163.5481;163.5496;
914269.804;712073.582;712072.003;256.1391;-440.9290;-440.9392;
929039.191;725354.488;725352.856;-233.1950;147.1767;147.1858;
927151.858;667634.934;667637.445;420.2547;515.8190;515.8214;
838202.770;628500.580;628503.657;90.7236;83.1738;83.1808;
814342.411;595364.659;595361.689;81.1465;173.7219;173.7218;
673662.883;426091.814;426086.839;-141.5631;-125.4397;-125.4776;
970678.524;688296.774;688296.322;288.4863;-223.6982;-223.6682;
691739.981;389601.802;389599.793;-88.8558;-79.0053;-79.0107;
924576.349;732411.731;732409.805;23.7214;323.9689;323.9735;
678722.385;449554.401;449555.437;-49.2468;-103.3764;-103.3935;
949597.750;711916.346;711914.922;943.3055;489.2218;489.1830;
655964.915;467405.323;467407.410;-302.4772;-6.5764;-6.5756;
918519.131;731351.547;731350.035;460.0222;327.0874;327.0819;
944650.733;700268.625;700267.816;-326.4365;368.6145;368.6344;
660985.887;469300.041;469300.691;115.8365;25.6656;25.6643;
987522.628;481354.672;481363.090;414.8950;-61.3143;-61.2955;
943208.947;703817.595;703816.907;624.8956;628.3183;628.2843;
939149.414;692817.562;692816.295;92.7439;344.4973;344.4989;
943484.431;730384.258;730381.652;171.9957;548.4083;548.4037;
959445.340;714313.619;714312.467;784.2322;343.5181;343.4966;
978861.252;688167.879;688166.660;118.5851;170.5817;170.5765;
667667.040;547281.162;547286.110;-210.0314;22.2650;22.2714;
902581.441;621628.847;621628.828;183.8422;140.6921;140.6799;
938260.176;638055.904;638060.152;357.2280;287.8406;287.8618;
925302.159;677715.844;677717.808;380.7291;183.2271;183.2083;
925692.423;711661.174;711660.120;28.4472;276.4208;276.4183;
849003.549;432977.602;432981.387;47.9153;-48.8039;-48.8010;
592305.103;303580.434;303578.915;-193.9823;-130.8894;-130.8871;
953942.803;701540.129;701538.753;493.2230;53.2065;53.1995;
936297.405;688747.087;688747.252;-54.4180;315.0275;315.0471;
895445.922;614823.224;614822.587;-14.6031;457.7453;457.7444;
971361.748;692883.226;692883.170;4.6907;494.2817;494.2671;
925349.575;687401.290;687401.525;-355.3914;171.3035;171.3477;
936338.755;697335.002;697334.613;-147.1349;160.9074;160.9361;
956466.067;703372.548;703371.169;607.8558;-297.6626;-297.6349;
936390.014;696072.689;696072.117;-363.3955;58.8929;58.9009;
629111.191;266452.643;266448.590;-202.6195;-282.5864;-282.5987;
940541.779;705320.986;705319.692;-383.7310;744.8398;744.8584;
699856.291;462514.938;462518.130;-239.0425;-83.5250;-83.5444;
948512.985;722640.747;722638.939;710.0952;483.9867;483.9428;
960906.167;699712.629;699712.050;550.1799;304.1265;304.1132;
946317.254;684684.516;684684.775;399.6230;145.7364;145.7389;
939324.081;714547.085;714545.606;-76.2577;602.4879;602.4619;
704731.463;458345.875;458348.320;363.4730;73.9085;73.9404;
947927.746;696340.123;696339.607;28.4693;467.1605;467.1537;
926267.622;710657.417;710656.884;125.0428;488.9495;488.9235;
940187.086;654584.956;654587.539;405.4372;354.0034;353.9541;
960887.387;696057.910;696057.273;51.2342;570.8184;570.7931;
727896.725;876585.752;876581.765;2.4554;451.8590;451.8537;
760524.576;579002.549;579004.613;81.9320;182.2890;182.2940;
939022.819;703220.026;703219.719;454.9801;656.7859;656.7620;
930042.899;701371.645;701371.792;-531.3525;134.2138;134.2432;
931672.672;682145.737;682146.696;223.8863;356.0851;356.0676;
944629.454;717176.748;717174.625;11.8102;755.6177;755.5637;
935852.885;664265.471;664267.313;313.3818;550.7440;550.7468;
995733.051;734856.819;734851.247;54.4851;483.2917;483.2714;
691579.040;466936.228;466938.640;-276.6528;75.2180;75.2435;
945101.568;655850.146;655852.030;227.7503;180.2702;180.2823;
955569.340;683179.560;683179.509;512.6093;22.9682;23.0062;
931950.488;759502.155;759499.871;392.6374;297.0056;297.0053;
958759.478;715621.754;715619.845;582.7011;-62.1376;-62.1318;
951610.239;705774.583;705773.558;114.6618;-264.4857;-264.4450;
967929.646;709906.586;709905.419;-220.9514;429.2249;429.2131;
760438.821;501179.412;501170.212;-20.9940;208.4417;208.4012;
939877.093;693743.650;693743.839;654.4796;221.8160;221.8109;
974673.676;704211.701;704210.071;428.0206;209.8290;209.8081;
722294.086;438387.346;438391.919;-316.7927;92.4628;92.4668;
929164.438;642587.573;642590.990;168.1223;256.7391;256.7402;
