# This file was created for the Modelling and Simulation course, RUG (September-November 2019).
#
# Project: Simulate colliding galaxies, using Barnes-Hut algorithm.
#
# Students:
#     Stefan Evanghelides (s2895323)
#     Hidde Folkertsma (s2759799)
#
#     X         Y         Z         DX        DY        DZ
234999.722;484765.511;484765.544;57.2520;314.6744;314.6622;
208516.154;579046.216;579046.302;-84.2654;502.9892;502.9970;
186774.130;453929.155;453928.772;126.6637;266.8914;266.8920;
172510.488;517561.784;517562.840;299.6103;1.3870;1.3816;
226913.063;512863.448;512864.327;746.0861;655.6764;655.6701;
226362.770;509748.611;509749.166;-321.5284;498.3972;498.3967;
234094.339;454923.574;454922.716;-21.6304;34.0378;34.0290;
226125.576;492553.610;492554.014;-64.2454;294.1636;294.1743;
208273.934;493144.421;493144.936;-171.9395;245.7655;245.7747;
231496.805;483757.093;483757.496;154.2532;176.3722;176.3971;
281528.098;464427.319;464427.959;194.6006;-115.8501;-115.8528;
119006.959;531490.224;531490.851;-32.0901;122.5813;122.5916;
240297.345;523047.791;523048.216;542.7825;-370.7009;-370.6853;
207523.741;511217.478;511218.794;-323.4900;-479.8932;-479.8995;
211976.216;614439.404;614440.800;21.7399;663.9386;663.9436;
250514.599;524218.638;524218.881;182.9421;576.6909;576.6741;
232339.011;506514.032;506514.170;89.7230;98.1504;98.1570;
262154.710;536109.507;536109.646;-117.7030;-6.4270;-6.4408;
291365.848;467587.502;467588.555;548.0050;-361.6734;-361.6607;
248669.865;511373.829;511374.232;453.9221;-60.1710;-60.1864;
254666.245;455233.467;455232.767;199.6893;-317.3424;-317.3387;
229765.961;505240.985;505241.039;420.3141;-290.3058;-290.3169;
219630.606;514364.217;514364.837;414.8917;-14.4139;-14.4103;
238594.197;549346.113;549346.335;-22.8464;-207.8054;-207.8149;
226328.568;507367.637;507368.325;46.1420;-431.4149;-431.3971;
302239.461;511857.434;511859.902;382.8175;-17.9853;-17.9752;
411301.031;678238.107;678239.400;1621.1151;1439.0640;1439.0720;
246586.616;399867.845;399864.500;20.3741;133.4505;133.4461;
223534.159;558459.795;558460.144;377.2117;146.9697;146.9670;
281181.074;509431.404;509430.890;240.3808;365.8304;365.8240;
206714.311;526776.125;526776.551;58.3688;-61.2421;-61.2375;
186753.114;541700.294;541700.888;252.6448;163.4564;163.4502;
222536.305;491528.979;491529.997;-639.2961;76.8559;76.8857;
225432.662;489771.919;489772.779;483.0187;75.9003;75.9290;
245502.342;504679.401;504679.848;587.9959;-44.8641;-44.8599;
255939.915;505810.405;505810.917;266.5201;-4.5506;-4.5451;
230438.490;491565.523;491564.766;-347.2697;370.8729;370.8621;
263013.712;501603.235;501603.872;532.8961;-4.5033;-4.5167;
257349.331;538035.281;538034.628;-405.9271;13.5895;13.6010;
205646.915;543636.102;543636.202;-197.4540;7.3218;7.3097;
230402.625;521771.338;521771.785;184.5366;608.8675;608.8681;
482027.985;989911.498;989912.547;845.0383;1465.7016;1465.7051;
198543.200;532466.667;532466.510;-72.6331;-90.4710;-90.4779;
212795.095;574349.652;574349.377;-74.4019;447.0673;447.0713;
192977.383;607545.983;607546.631;-60.5514;335.9778;335.9807;
226671.343;513937.421;513937.809;284.0455;-114.1191;-114.1105;
183269.847;503535.683;503537.323;-67.9712;367.0236;367.0259;
211629.209;493735.624;493736.213;160.7785;226.2771;226.2801;
229603.031;502404.587;502404.843;-395.0035;211.6581;211.6606;
242280.783;566322.910;566323.450;194.8048;-0.1816;-0.1824;
238968.778;524367.835;524367.997;-401.0573;295.4821;295.4686;
261138.615;485786.963;485788.462;-510.8187;156.2823;156.2729;
240962.233;558869.780;558869.822;232.2715;174.8568;174.8799;
229463.441;511353.627;511353.856;136.8522;-316.2511;-316.2562;
206654.678;497548.874;497549.173;132.1076;-394.9659;-394.9630;
367743.478;774149.878;774154.068;1281.3276;2270.4822;2270.5239;
225101.878;424017.054;424015.352;-127.2382;255.3002;255.2954;
250629.872;499251.904;499252.611;429.9359;-323.4868;-323.4761;
216028.270;512700.802;512700.244;314.7101;-562.3259;-562.3692;
199207.465;524125.849;524125.498;-58.6986;-92.5161;-92.5053;
231617.977;520201.247;520201.518;545.8162;91.3135;91.3147;
180512.535;528653.385;528653.885;-175.2384;-48.9853;-48.9793;
230264.097;520197.321;520197.729;226.6906;46.4093;46.4206;
171052.327;541530.681;541531.889;-53.8032;-110.2806;-110.2863;
245918.494;508390.257;508390.640;178.3648;902.1628;902.1718;
586344.275;722126.829;722124.538;1361.8114;811.1492;811.1415;
232847.663;514700.897;514700.759;564.0688;450.5753;450.5775;
576545.623;839423.313;839422.338;1111.8527;1018.4483;1018.4453;
211342.573;516941.128;516941.084;803.2374;-159.4184;-159.4159;
227080.203;564613.632;564612.422;92.5204;749.4832;749.4517;
216142.202;497219.004;497220.642;91.7759;158.7544;158.7383;
215608.203;516968.235;516968.579;189.8126;-541.8644;-541.8610;
196434.499;527067.557;527068.796;-116.6817;-127.0007;-126.9942;
175347.408;531829.211;531829.791;-229.0204;280.9466;280.9519;
240018.068;505609.377;505610.085;-23.3661;-13.3413;-13.3315;
193384.642;534756.627;534757.147;127.2802;138.2836;138.2814;
237599.028;505054.114;505053.783;-99.1197;214.2536;214.2444;
240153.142;505682.740;505683.021;253.2992;-177.1633;-177.1650;
240628.608;508753.471;508754.081;76.8840;49.4293;49.4319;
236987.491;506778.808;506779.438;-235.9714;7.8609;7.8764;
241164.548;569868.163;569868.206;2.2345;261.3726;261.3656;
229708.727;484509.979;484510.209;-425.6505;279.7148;279.7295;
224884.661;513976.135;513976.324;251.1777;-164.4851;-164.4766;
147924.161;539917.786;539918.276;327.4493;95.1661;95.1695;
204487.169;520959.821;520960.673;464.1366;75.9258;75.9235;
241696.552;517137.430;517138.413;27.4547;-129.2830;-129.3076;
185459.082;530935.991;530935.989;-65.3809;182.9085;182.9072;
235664.894;488143.194;488143.702;357.4342;-113.5401;-113.5560;
201864.078;521093.253;521093.104;68.2960;-16.2745;-16.2707;
192430.121;488880.362;488879.799;427.7965;487.1225;487.1298;
209762.573;549538.268;549538.358;198.6075;-272.3971;-272.4005;
212070.796;499722.114;499721.192;198.7872;-386.4150;-386.4285;
198695.753;466720.710;466721.834;227.0372;-463.2693;-463.2811;
244624.841;537953.968;537954.527;-153.2068;-123.8047;-123.7796;
215804.313;501393.329;501393.919;597.3834;755.4751;755.4914;
180821.209;456896.431;456896.648;67.4854;133.5422;133.5491;
252031.877;494466.224;494464.913;621.0407;466.4826;466.4564;
827087.762;547389.137;547388.551;378.4014;540.4156;540.4005;
793038.920;471289.975;471290.953;-264.1293;1.6082;1.6089;
779709.170;468959.964;468960.831;-81.6270;-150.3843;-150.3982;
846758.095;548733.910;548733.601;165.3464;-401.6189;-401.5941;
791855.501;470704.152;470704.420;-73.0142;-202.8904;-202.8742;
835285.080;564178.452;564178.562;-40.5186;44.0770;44.0799;
855116.186;603690.979;603688.440;24.9003;142.3631;142.3641;
865941.193;577911.944;577911.868;-283.7482;318.2891;318.2862;
844978.172;552112.427;552112.299;344.1755;455.3239;455.3330;
961446.786;556952.819;556953.914;451.4211;233.6038;233.6059;
842394.783;557597.570;557597.158;212.7092;451.7557;451.7453;
745182.640;483830.431;483831.995;-270.8298;-132.9210;-132.9107;
836690.895;542521.831;542521.777;1389.3204;198.8675;198.8574;
819028.942;535391.100;535391.336;222.2693;378.5966;378.5953;
722352.044;424379.799;424378.902;-185.3064;-239.7796;-239.7820;
822061.516;543853.601;543853.195;-259.5983;2.2439;2.2324;
927384.311;653065.340;653062.956;76.4884;349.1542;349.1514;
802589.570;541588.864;541588.734;-373.3838;-261.8148;-261.8057;
852873.645;568412.757;568413.203;362.5631;365.3575;365.3514;
919211.642;561436.330;561437.074;214.8504;292.0229;292.0173;
793732.097;489297.003;489297.143;-102.4512;295.0021;295.0059;
784253.716;504374.024;504374.024;-18.3881;117.8881;117.8689;
842917.543;562852.580;562852.336;-294.5191;-413.3867;-413.4017;
819668.229;533875.847;533875.973;-280.1764;11.0161;11.0218;
890573.614;526123.991;526124.140;631.6742;220.9889;220.9910;
778311.046;493010.118;493010.737;-277.5629;-274.1186;-274.1082;
826254.174;565179.333;565179.117;-85.0719;-44.7486;-44.7506;
795161.105;470979.323;470979.856;-397.4991;-266.9601;-266.9492;
855843.484;527476.888;527476.327;719.1091;17.7804;17.7819;
840008.414;548175.776;548175.722;119.5368;-54.9438;-54.9302;
874556.654;593429.310;593429.577;815.7704;959.6384;959.6322;
778038.959;470965.832;470966.248;63.2183;-363.4357;-363.4348;
832903.960;541615.061;541615.006;-270.5451;24.9240;24.9195;
833508.465;534483.770;534483.475;-62.7686;179.8206;179.8211;
712871.650;483704.347;483705.754;-234.9896;-65.3478;-65.3509;
740305.569;552504.093;552501.945;262.4310;-189.2657;-189.2650;
821104.588;543802.336;543802.138;336.0659;482.1352;482.1230;
814591.209;535485.320;535484.548;798.9472;849.6546;849.6605;
801486.590;606238.682;606238.361;201.7258;190.7241;190.7259;
831393.811;555028.645;555028.142;145.4745;268.6019;268.6025;
847323.471;516566.519;516566.341;99.9070;232.9604;232.9629;
816490.011;534234.038;534233.802;-431.7710;-80.2873;-80.2740;
857348.298;543696.797;543697.858;296.8517;708.3346;708.3097;
816962.967;535030.694;535030.379;952.4928;422.8867;422.8765;
822543.928;533243.588;533243.677;-186.4785;655.9350;655.9411;
802366.424;528839.580;528838.709;375.9561;491.5126;491.5107;
774283.506;562250.953;562250.611;103.0385;316.8288;316.8244;
806557.923;528722.233;528722.278;-196.0910;449.6785;449.6673;
766627.507;483850.197;483850.152;279.1792;-68.3313;-68.3214;
745115.551;437207.861;437207.461;-296.2416;-447.5553;-447.5689;
833516.500;547956.171;547955.937;822.8906;-266.6624;-266.6476;
836333.791;537351.472;537351.339;246.7882;-175.5671;-175.5569;
875570.797;479962.550;479964.216;207.4817;-2.6972;-2.6955;
847432.851;569537.143;569536.683;-105.2972;347.6659;347.6629;
845200.001;552859.737;552859.594;687.5990;228.1339;228.1311;
820477.070;542878.778;542878.404;437.8817;44.6507;44.6487;
823885.745;560003.307;560002.605;127.6237;126.9906;126.9912;
838922.911;543980.163;543980.087;-458.3136;13.5554;13.5750;
751444.981;459300.551;459301.189;-261.2369;-388.9347;-388.9326;
776465.740;542694.482;542694.689;97.6357;-19.1763;-19.1546;
810054.518;538017.834;538017.736;-237.6805;151.9656;151.9573;
945464.393;554641.085;554643.636;589.5135;363.7952;363.8029;
789174.626;458307.094;458305.937;92.1969;-220.8297;-220.8467;
819514.534;519171.281;519171.546;-44.5891;314.9397;314.9378;
828909.493;549679.347;549678.730;703.6270;-196.3061;-196.2842;
838370.881;559111.374;559110.855;66.8774;285.3852;285.3877;
953887.098;704268.821;704268.381;382.6422;457.7009;457.6973;
837943.986;540664.055;540664.207;-43.9036;687.2303;687.2177;
725371.455;472744.840;472746.201;-447.7841;-56.3538;-56.3469;
809430.624;535444.537;535444.392;-436.6134;302.4286;302.4196;
809658.261;544932.665;544932.219;111.8100;431.8222;431.8122;
838772.158;555954.853;555955.262;592.6564;842.4160;842.3322;
840495.349;542051.096;542051.005;326.3225;9.8922;9.8986;
838078.631;505607.522;505606.053;566.0643;4.2658;4.2476;
754976.471;571266.280;571266.013;-217.8350;645.1715;645.1641;
756469.729;470390.798;470391.481;-189.7774;215.2181;215.1991;
822838.844;552433.158;552432.514;259.3751;-169.5833;-169.5761;
812270.646;545708.210;545708.011;549.1584;171.3830;171.3984;
826921.210;562982.108;562981.389;1282.3741;732.8269;732.8432;
826198.930;546735.642;546735.681;35.1026;524.7015;524.6859;
805671.706;549958.419;549957.669;-385.1154;30.7272;30.7276;
857947.052;578671.996;578671.745;97.8785;291.5334;291.5327;
730389.852;551805.898;551804.827;71.3958;223.0090;223.0083;
791393.711;458312.031;458312.731;-232.9028;-56.6515;-56.6639;
847904.464;564057.546;564056.769;477.5968;513.9277;513.9033;
825598.061;539209.868;539209.687;874.4951;336.6478;336.6573;
771662.995;475299.321;475297.989;155.1961;474.1458;474.2049;
881117.051;539704.024;539703.538;697.8345;17.3556;17.3543;
836360.717;537175.951;537175.760;-427.3758;414.6357;414.6279;
809384.096;558456.713;558455.944;457.0058;231.2534;231.2568;
817570.188;546144.189;546143.844;69.8697;-389.9334;-389.9275;
754448.278;391904.323;391907.636;16.1444;101.4559;101.4633;
842932.700;547431.399;547431.298;26.3209;77.8181;77.8217;
840461.394;571815.477;571815.173;189.6602;314.1132;314.1226;
753819.750;478574.138;478574.944;-135.1676;-109.9161;-109.9077;
859005.236;572871.827;572871.934;105.6474;308.2290;308.2438;
