# This file was created for the Modelling and Simulation course, RUG (September-November 2019).
#
# Project: Simulate colliding galaxies, using Barnes-Hut algorithm.
#
# Students:
#     Stefan Evanghelides (s2895323)
#     Hidde Folkertsma (s2759799)
#
#     X         Y         Z         DX        DY        DZ
252322.946;574117.938;574119.322;77.8656;228.6947;228.6934;
221167.212;653930.616;653931.068;116.5954;201.3782;201.3778;
250070.483;537447.479;537448.164;457.6270;427.3674;427.3721;
291248.670;533294.742;533294.786;518.5743;121.0748;121.0760;
281412.417;592809.796;592809.995;-23.7074;72.3546;72.3650;
250907.945;548993.879;548993.897;-606.6193;-119.3509;-119.3500;
264445.100;566750.748;566751.103;130.2840;750.3171;750.2964;
291092.754;571988.924;571988.941;313.1016;123.1948;123.2028;
236118.283;566724.172;566724.823;367.8518;265.8728;265.8661;
256718.021;573111.639;573112.915;38.1125;-59.8026;-59.7804;
293549.724;470347.515;470347.654;-83.9422;206.7887;206.7798;
150769.986;557912.087;557914.860;271.9063;94.2490;94.2554;
242160.351;527594.507;527594.762;184.8326;482.3878;482.4024;
303189.837;476404.221;476403.550;503.8626;95.3822;95.4098;
220635.981;754095.614;754097.725;52.4771;512.7998;512.8012;
284357.642;512874.390;512873.719;516.9246;-100.8790;-100.8802;
255917.101;545076.593;545076.511;45.1018;234.1250;234.1327;
249586.710;515088.765;515088.363;731.3885;267.0574;267.0353;
393645.161;395563.141;395566.371;372.7417;-253.0899;-253.0824;
260278.368;552748.014;552748.931;-55.4977;-28.6064;-28.5942;
286336.372;409931.732;409931.995;85.2693;-112.8738;-112.8751;
284023.488;507613.482;507614.607;47.2148;204.9776;204.9752;
250342.350;543269.454;543269.574;480.3266;603.7253;603.7318;
267956.046;517801.082;517800.301;232.9779;513.2970;513.3099;
236906.611;557967.703;557968.203;249.4599;-79.6101;-79.6106;
330838.417;512224.318;512226.521;-121.4968;49.2323;49.2203;
250880.921;441040.775;441037.524;28.9975;197.7362;197.7434;
296996.762;549422.392;549422.985;-23.7594;-178.7523;-178.7445;
227383.939;546947.952;546948.555;209.6351;-154.8454;-154.8515;
300809.338;524797.524;524797.382;245.1715;98.6452;98.6427;
287152.694;505481.704;505481.523;110.1308;-11.1204;-11.1383;
288728.765;558658.886;558659.090;-71.4103;52.2520;52.2376;
266364.479;548778.445;548778.234;605.9672;260.8072;260.7789;
272598.378;549744.936;549745.267;136.8259;-129.0192;-129.0216;
276101.917;565035.448;565036.107;417.9103;39.3058;39.3026;
263543.853;553424.558;553426.737;-392.4047;-5.1555;-5.1218;
218374.572;571921.979;571923.382;314.8241;375.0065;374.9979;
277951.451;522646.400;522647.053;310.4626;244.3786;244.3949;
299289.254;517940.881;517940.233;688.6567;144.4174;144.3825;
246139.858;544554.135;544554.806;-424.2285;-265.9551;-265.9581;
227783.306;507023.105;507024.578;328.3090;-80.6198;-80.6099;
214601.608;657805.484;657806.504;58.3946;261.6191;261.6238;
188009.557;680233.385;680234.656;12.0770;263.6719;263.6738;
245460.987;561102.406;561103.158;304.4745;390.7112;390.7075;
237726.383;589055.747;589054.692;436.2106;259.1909;259.1811;
250062.172;558357.537;558357.938;-157.8564;11.7978;11.8120;
246639.263;539335.381;539335.679;26.9878;394.1216;394.1263;
233934.562;508290.072;508290.385;-178.7987;-203.1582;-203.1632;
261942.426;531083.887;531084.230;-182.3395;458.5564;458.5662;
219870.292;596994.192;596995.005;231.6040;392.7372;392.7471;
250455.796;523742.970;523742.636;-278.8394;-250.2888;-250.2506;
242221.976;554011.472;554012.655;435.7656;102.6975;102.6902;
270875.762;437920.763;437920.673;297.8307;-169.8286;-169.8345;
234936.944;541191.789;541192.858;552.1894;771.7420;771.7652;
308008.672;574431.990;574431.636;922.3780;183.0911;183.0728;
329212.081;440704.005;440706.902;371.6955;-185.9615;-185.9513;
283785.860;527457.280;527456.681;528.1720;185.4059;185.3802;
255382.763;512909.504;512909.519;-173.5625;69.5643;69.5579;
204686.553;525926.510;525927.651;330.3041;11.0166;11.0158;
242110.239;567100.313;567100.864;179.6494;52.8453;52.8527;
343924.954;527355.854;527357.058;661.5963;39.3335;39.3353;
243353.251;587581.599;587581.170;190.5925;-140.1266;-140.1203;
920382.257;916364.280;916360.173;1360.8217;777.4260;777.4188;
259781.974;530348.932;530349.630;408.1614;-6.1213;-6.1133;
225091.501;543478.797;543479.396;132.0763;514.8857;514.8981;
245215.589;720288.648;720284.308;58.4246;584.8318;584.8245;
259418.750;559581.483;559582.716;-194.6810;162.8882;162.8798;
320937.805;436307.901;436308.556;461.3706;-200.5021;-200.4980;
220365.037;504980.612;504980.703;291.1585;-34.4326;-34.4413;
148134.857;591857.369;591858.852;-50.5357;220.8954;220.8986;
259989.095;550439.546;550439.872;89.1715;261.7870;261.7834;
284053.537;528615.191;528615.768;504.5492;-103.8826;-103.8827;
266592.661;538231.197;538231.569;-50.7689;152.5350;152.5583;
255314.272;554119.116;554119.574;263.6726;170.2069;170.2155;
258522.597;541445.034;541445.304;143.2628;282.2505;282.2539;
251498.333;551070.552;551071.288;340.5785;353.2491;353.2699;
246936.379;554476.541;554477.118;313.0346;-499.3479;-499.3218;
294725.606;549884.302;549884.559;-4.1745;-184.7615;-184.7586;
243644.426;557991.085;557992.038;167.6926;396.7400;396.7452;
312630.219;502411.678;502412.090;222.1261;-65.5529;-65.5455;
241563.439;509297.592;509297.644;-117.7047;471.4879;471.4718;
265899.495;547530.483;547530.021;-49.0351;456.7519;456.7341;
298691.125;518791.086;518790.553;325.4797;-172.8041;-172.8100;
272092.878;615168.527;615168.513;505.0751;937.6752;937.6646;
281170.320;525166.529;525166.810;388.0940;89.0354;89.0194;
309198.412;587685.305;587684.666;66.1474;265.5409;265.5219;
303555.070;478707.984;478708.225;224.8633;-84.2783;-84.2901;
287581.066;450939.528;450940.446;314.5252;-102.4008;-102.3932;
281419.076;394867.093;394863.195;400.8508;-172.5471;-172.5653;
274906.810;502440.168;502440.800;343.9594;212.8822;212.8849;
297037.378;610141.003;610139.571;8.8794;134.3501;134.3503;
219258.825;502611.943;502613.218;261.2384;254.0946;254.0943;
243414.522;583386.116;583386.525;-293.8693;30.6655;30.6316;
879957.195;609051.172;609050.476;25.6044;-17.0258;-17.0360;
724089.950;456179.341;456179.247;-99.2875;-95.3577;-95.3565;
746094.936;452125.233;452126.319;-301.7594;83.0638;83.0707;
837656.324;601728.129;601728.297;583.9860;495.2471;495.2547;
750923.492;459505.469;459505.193;-78.0335;122.8805;122.8930;
875117.671;622909.356;622907.972;323.4105;567.1969;567.1874;
837629.339;537390.339;537390.549;-72.3549;-165.5294;-165.5334;
888618.567;559015.926;559017.775;406.4484;161.7004;161.7125;
875885.591;606386.702;606386.113;303.5618;661.8831;661.8695;
885009.684;635252.474;635251.527;208.9967;214.9092;214.9083;
768346.439;449612.274;449611.929;-1.8378;-138.5380;-138.5410;
844603.881;596188.749;596188.178;77.1894;-186.7373;-186.7331;
889001.158;641836.478;641834.093;21.0394;-17.1089;-17.1151;
705277.701;373842.708;373841.380;-50.1905;-182.9657;-182.9633;
874459.500;602010.936;602010.612;787.2307;221.4013;221.3965;
933142.834;719331.481;719329.198;-23.3596;190.4798;190.4825;
895031.623;626355.715;626354.863;-37.9344;451.6271;451.6311;
847621.467;571658.699;571659.983;160.0329;-32.5494;-32.5404;
898641.803;621433.926;621432.986;-620.9456;119.8272;119.8290;
804185.986;584970.051;584972.808;367.0629;508.6242;508.6281;
789829.094;537484.985;537482.444;52.1934;156.5283;156.5255;
760222.197;496395.549;496398.533;-318.3789;-162.8633;-162.8465;
931318.812;598646.651;598645.946;-266.5880;322.0313;322.0284;
725565.953;431000.244;431000.776;-125.7837;-173.6455;-173.6540;
886199.400;569168.983;569169.939;319.4132;289.5780;289.5859;
733624.040;449876.847;449876.861;-11.1021;91.5235;91.5193;
986797.685;567976.194;567976.609;401.5914;238.2620;238.2663;
888988.270;608051.185;608050.652;-378.7811;241.4690;241.4775;
778136.323;440427.571;440427.504;-178.4154;46.0839;46.0832;
900697.984;614704.040;614703.408;445.4308;254.3163;254.3154;
895826.699;603472.456;603472.227;264.6170;376.5923;376.5997;
675588.904;463616.620;463617.654;-140.3556;-47.0284;-47.0267;
836126.500;510814.897;510816.235;450.5568;-126.9615;-126.9388;
888014.761;610786.720;610786.600;725.6597;246.4545;246.4627;
890538.676;640366.626;640365.850;159.9225;39.5623;39.5945;
881876.080;589269.604;589268.773;332.1614;-216.6242;-216.6110;
865836.628;606902.801;606902.701;327.0685;625.4960;625.4908;
848806.730;614613.755;614613.185;125.1890;433.3666;433.3564;
743927.381;538554.033;538556.432;-237.9812;31.8430;31.8523;
861200.492;608735.653;608735.705;498.4128;-332.9963;-332.9847;
899503.605;650868.697;650865.287;115.3943;21.2149;21.2086;
920408.738;637382.800;637381.085;-51.3716;87.7985;87.8126;
921243.556;644795.009;644793.304;205.9549;361.5702;361.5483;
823803.407;628359.639;628358.400;297.1317;223.4876;223.4852;
882357.098;601340.500;601340.059;-118.8416;553.4454;553.4375;
819977.320;458021.331;458023.725;135.5210;-100.0798;-100.0736;
669154.583;360045.610;360043.638;-269.6911;-207.3466;-207.3474;
894953.411;602502.932;602502.714;121.5777;149.3480;149.3607;
890115.012;605592.090;605591.819;382.7697;151.1721;151.1795;
901134.432;506560.143;506561.232;35.3588;199.0775;199.0724;
862252.575;597047.867;597047.115;355.1999;-3.2641;-3.2563;
900727.022;616189.588;616189.025;586.9506;178.7838;178.7930;
857202.434;610667.525;610666.514;47.7329;335.8993;335.8921;
870042.235;613645.218;613644.831;643.0331;386.6812;386.6819;
876338.200;605887.382;605886.684;11.6952;154.2054;154.2319;
697425.376;374833.135;374833.480;-215.3548;-348.2875;-348.2957;
873280.207;620406.090;620406.118;-338.2710;64.7650;64.7590;
741922.077;459495.254;459496.546;-372.0180;-64.0223;-64.0444;
890874.405;600894.860;600894.687;-428.5785;-7.8958;-7.8929;
892235.364;601792.562;601792.030;-77.7199;324.1964;324.1781;
865536.012;587120.340;587120.384;260.9909;407.8393;407.8463;
882319.722;583183.435;583183.531;69.4562;387.0088;387.0027;
668238.589;475401.082;475402.542;-75.1458;-3.1102;-3.1157;
872977.963;610614.386;610613.810;-38.4439;325.3835;325.3835;
853436.229;605691.193;605690.345;-148.3602;505.5280;505.5324;
890349.472;615040.474;615041.720;-207.9440;-266.9625;-267.0225;
881598.375;613427.110;613426.367;-567.9631;497.3790;497.3762;
964275.035;523178.158;523173.484;475.7073;106.3949;106.3852;
731972.790;709215.676;709213.716;-36.1322;514.8975;514.8911;
740622.199;517891.065;517891.250;20.0787;168.6821;168.6862;
874682.897;558660.950;558662.173;140.7068;233.3470;233.3463;
878086.867;600800.989;600800.634;872.1091;289.8341;289.8630;
883155.103;613188.015;613187.896;623.3183;-211.9470;-211.9269;
884421.399;623074.474;623073.683;-33.6458;687.5967;687.6037;
844511.285;569034.612;569035.650;58.6611;44.6980;44.7143;
798869.793;597761.458;597760.509;489.8298;155.3611;155.3675;
731290.480;466709.555;466710.194;-188.3321;-46.8424;-46.8315;
897044.236;642409.687;642408.826;15.5244;195.2336;195.2288;
861568.431;582244.595;582245.051;318.8964;144.2808;144.2939;
852755.244;607792.636;607792.854;872.1625;669.0062;668.8831;
948009.918;571708.153;571708.620;-9.1646;269.7578;269.7592;
854612.857;601826.128;601826.006;156.0084;723.3957;723.3822;
846999.183;617240.567;617240.425;445.2072;581.7959;581.8035;
876064.741;596683.704;596683.699;710.4753;-120.2881;-120.2704;
755866.986;425806.442;425810.650;-3.4564;182.3312;182.3294;
873430.155;605171.445;605171.060;579.7561;369.4147;369.4191;
867142.273;605122.324;605122.072;868.9404;806.6529;806.6212;
762293.390;447453.506;447452.857;100.9398;-210.7321;-210.7358;
858326.334;599756.302;599754.586;64.0055;-43.4211;-43.4085;
