# This file was created for the Modelling and Simulation course, RUG (September-November 2019).
#
# Project: Simulate colliding galaxies, using Barnes-Hut algorithm.
#
# Students:
#     Stefan Evanghelides (s2895323)
#     Hidde Folkertsma (s2759799)
#
#     X         Y         Z         DX        DY        DZ
213345.921;443162.425;443163.347;29.4057;30.5460;30.5550;
240457.513;441318.407;441318.010;-149.1432;83.6345;83.6322;
163472.149;403903.898;403903.703;34.5046;58.8071;58.8053;
127724.956;518985.701;518986.497;9.6946;5.0995;5.1070;
168675.580;402183.655;402183.329;75.2529;128.4352;128.4333;
215870.354;549580.766;549580.444;-225.3611;-110.7001;-110.7017;
134154.633;568475.373;568474.980;295.2605;-148.5192;-148.5241;
186005.926;522898.948;522898.532;138.3192;-170.8585;-170.8509;
263398.613;464917.230;464917.044;-73.1145;15.7137;15.7119;
157604.119;539307.155;539306.212;187.1466;-50.7529;-50.7598;
168939.241;561664.144;561664.276;47.4342;-131.4712;-131.4699;
241917.336;502986.074;502986.819;-369.2943;10.0083;10.0126;
219198.898;502114.861;502114.815;731.4987;-125.0264;-125.0493;
159989.313;485026.750;485027.883;358.0465;136.8142;136.8228;
224599.604;427642.198;427642.782;90.1981;162.3242;162.3297;
163479.775;417222.951;417222.584;5.1252;78.5266;78.5244;
184770.222;538355.156;538354.733;51.4540;-80.2101;-80.2111;
240596.046;508504.331;508503.833;-586.6001;31.1641;31.1710;
160183.010;583000.406;583001.346;59.8072;-140.8564;-140.8477;
217434.773;507885.278;507885.394;-16.4611;178.2022;178.2139;
146126.853;564459.873;564458.889;140.6256;-62.0530;-62.0575;
211834.128;496759.344;496759.850;-206.1250;308.6132;308.6054;
201116.273;502359.516;502359.367;72.9713;-134.1036;-134.1020;
235315.187;468356.397;468356.862;-240.1965;131.8026;131.8039;
197177.614;502197.955;502197.973;-104.3241;11.8120;11.8250;
122564.857;524218.170;524218.966;183.3428;-20.6369;-20.6287;
202600.038;510144.761;510144.532;-6.1251;608.0839;608.0746;
239347.526;375403.278;375402.206;12.0359;26.7490;26.7375;
250177.127;482425.054;482425.098;-188.3783;46.7563;46.7570;
219970.313;553619.848;553619.578;-100.0934;-203.9230;-203.9247;
203989.756;503419.594;503419.604;-146.2253;13.6898;13.6884;
191182.396;500884.323;500884.455;766.2657;75.4571;75.4565;
124282.796;518438.235;518437.172;293.2821;-22.1715;-22.1805;
210518.152;494335.779;494336.283;-751.2900;389.5261;389.5072;
210301.699;511175.470;511175.425;51.9775;240.1161;240.1155;
201289.233;487981.882;487982.097;386.7462;396.1073;396.1060;
169437.803;562853.969;562854.595;149.8309;-128.9644;-128.9632;
207873.206;623822.667;623824.019;1982.6486;1891.2494;1891.2628;
202786.743;485994.486;485994.101;366.0237;415.1186;415.1224;
145487.477;499467.894;499467.737;305.8957;16.0226;16.0225;
217905.936;508755.010;508754.934;34.8491;152.9486;152.9342;
195363.172;543746.621;543746.408;-59.1855;-246.2259;-246.2249;
232925.154;541723.599;541723.657;923.4938;1622.6725;1622.6779;
200234.397;487181.818;487181.436;140.0236;111.6364;111.6347;
240818.776;439707.878;439707.665;-198.4929;165.2250;165.2244;
219041.350;476186.401;476186.387;-108.5235;151.5622;151.5620;
211352.571;498167.796;498167.778;122.2584;-58.5681;-58.5639;
248937.686;439061.144;439060.595;-56.7455;40.7306;40.7253;
189894.494;517838.579;517838.483;378.7855;-84.5400;-84.5392;
214115.177;519303.599;519303.535;79.5806;547.2134;547.2157;
239129.300;460644.172;460644.405;-173.2228;104.8018;104.8039;
148105.203;427120.672;427120.663;211.5631;210.8323;210.8314;
326706.783;468867.626;468868.175;-65.9740;13.1414;13.1474;
200674.882;481390.869;481390.656;314.1450;352.3523;352.3522;
194919.972;517318.186;517319.091;555.4889;-150.8311;-150.8398;
199195.850;500445.927;500445.815;-17.8551;8.2657;8.2571;
229103.568;567285.583;567285.753;-54.1666;-66.8321;-66.8307;
239522.491;423474.815;423476.127;-95.3093;159.7050;159.7150;
257748.076;382147.801;382147.561;-49.6034;56.0486;56.0458;
195255.287;515664.798;515664.789;-518.6367;-57.8610;-57.8569;
204217.068;589019.366;589020.597;-17.3253;-66.1775;-66.1645;
206256.934;504430.352;504430.670;-353.4699;-235.3920;-235.4101;
208242.981;500675.481;500675.536;238.1799;115.6370;115.6369;
210652.216;506304.566;506304.545;27.6637;-352.7058;-352.7063;
215901.136;494814.235;494814.246;111.0713;-257.6762;-257.6734;
205341.774;497001.047;497001.095;20.1857;-819.3354;-819.3199;
151679.001;433080.273;433080.211;-60.2756;-7.6272;-7.6274;
196472.385;513357.905;513358.327;324.7361;-418.1656;-418.1728;
187640.517;528016.439;528017.184;301.9127;-254.5148;-254.5172;
240363.905;529358.078;529358.065;1248.0365;1098.4084;1098.4047;
201635.032;495610.096;495610.120;-214.6223;-645.1927;-645.1694;
228178.436;448793.228;448792.334;48.5911;72.5167;72.5112;
188779.948;516184.898;516185.949;310.8275;-72.7995;-72.7982;
209905.121;587914.623;587914.618;-14.9733;-61.7694;-61.7694;
200201.468;491874.179;491874.902;214.2340;131.2648;131.2636;
212348.496;622240.743;622241.389;2101.1699;1830.8561;1830.8609;
269089.785;495219.651;495219.672;-104.7338;16.8502;16.8505;
209029.983;494899.314;494899.500;223.1114;412.6087;412.5987;
197345.888;501842.754;501842.920;536.9482;91.3059;91.3039;
180515.992;548463.582;548464.265;87.8179;-92.5584;-92.5563;
214197.149;505226.007;505226.075;-214.8541;248.9179;248.9268;
194287.268;532359.225;532359.547;-26.2902;-87.8342;-87.8313;
200743.422;493573.902;493573.840;-185.1925;-485.6878;-485.6874;
217144.320;508239.107;508239.098;66.6640;155.2139;155.2160;
170893.500;561263.695;561262.980;-59.4094;-186.2989;-186.3001;
203590.991;502357.018;502356.874;26.1182;-127.9660;-127.9683;
246969.202;511996.557;511997.076;-515.2760;-244.0143;-244.0179;
222152.254;503284.068;503284.259;70.7843;117.6901;117.7052;
217714.773;510262.677;510262.336;202.0795;383.8865;383.9053;
199657.540;516379.659;516379.693;-634.9513;119.1491;119.1580;
206713.826;499079.610;499079.406;-334.2803;545.0396;545.0544;
206351.280;500545.179;500544.847;169.2481;66.4226;66.4246;
175885.790;405663.228;405663.517;-103.4760;64.4449;64.4456;
202795.085;479238.288;479237.843;-69.9965;405.7723;405.7738;
221640.619;569647.069;569648.021;-29.3479;-68.5609;-68.5516;
258530.794;579820.003;579819.324;-96.5998;-85.2775;-85.2845;
161602.440;485441.512;485442.560;190.8805;68.8913;68.8999;
141987.815;434596.714;434596.702;307.7316;-13.9250;-13.9251;
179726.439;437021.719;437021.235;3.2802;21.3292;21.3242;
125130.518;457813.560;457814.952;128.4115;26.0015;26.0158;
806568.374;501013.141;501013.560;-272.2933;-160.9828;-160.9883;
794058.322;535804.745;535805.204;16.9892;-48.5955;-48.5923;
864799.131;540501.361;540500.712;-229.6402;-26.9095;-26.9137;
800990.191;491889.202;491889.357;657.6471;-372.6033;-372.6160;
889154.063;544903.247;544902.005;-293.2384;-56.8773;-56.8866;
834257.561;510560.815;510561.184;-373.8022;-33.5699;-33.5721;
744949.239;457895.745;457894.849;258.9375;226.8457;226.8393;
741109.271;504250.224;504249.166;86.2095;-111.6789;-111.6776;
777987.463;484559.645;484559.683;331.4544;273.3746;273.3846;
765280.906;522698.500;522697.962;206.3352;-86.5657;-86.5683;
759495.385;469356.387;469356.138;94.7216;96.2695;96.2701;
808204.358;583686.039;583685.932;64.8292;-298.8100;-298.8029;
858351.728;491053.073;491053.664;-492.5429;54.0440;54.0482;
806494.829;493510.523;493510.495;-253.3083;-10.4215;-10.4304;
833188.412;536662.287;536661.893;-83.5260;-172.3720;-172.3675;
808615.668;479758.647;479758.590;-330.6946;258.0465;258.0607;
843485.754;519771.539;519771.409;799.1416;547.0793;547.0641;
818267.593;472619.566;472619.578;-466.4722;505.1173;505.1179;
740423.343;503608.180;503607.189;198.3115;-268.1384;-268.1365;
807850.941;512336.168;512335.419;-93.1342;-281.9663;-281.9661;
732218.433;503169.112;503168.666;413.8827;-11.4954;-11.5044;
829438.051;528723.957;528724.440;-270.5801;-87.4544;-87.4628;
808393.684;509069.944;509068.995;-80.5392;-95.1162;-95.1216;
874856.515;612700.707;612701.024;-33.1582;-51.5351;-51.5317;
807361.097;496867.140;496867.192;-156.0894;-14.0230;-14.0238;
710382.807;563004.477;563004.364;129.2638;-68.5641;-68.5654;
861003.427;567017.455;567017.661;-91.2921;-79.1382;-79.1366;
757184.544;482677.009;482677.479;290.2663;31.3765;31.3788;
835579.219;580007.156;580007.538;-93.6890;-126.1410;-126.1375;
748449.537;574246.581;574246.859;51.2239;-72.2321;-72.2294;
813741.543;474366.685;474366.611;-420.9571;354.7845;354.7844;
799369.687;493152.180;493152.901;-339.8952;-78.0338;-78.0381;
799504.360;496044.196;496043.942;344.8529;-549.5335;-549.5164;
843514.897;550238.816;550238.505;-67.1802;-94.1009;-94.1021;
798230.220;491621.627;491621.531;-114.5522;-66.2093;-66.2057;
791950.321;493240.498;493240.333;-180.7505;35.5139;35.5203;
837911.806;515082.900;515081.956;-117.5197;-75.5200;-75.5248;
701086.519;585977.352;585976.704;40.2199;-42.8206;-42.8276;
798387.766;489557.890;489557.965;107.3201;159.5566;159.5657;
795909.871;536760.683;536761.029;65.1051;-187.5185;-187.5181;
821874.668;464438.251;464438.841;-460.0864;353.8737;353.8706;
807526.917;481532.011;481531.981;-506.3293;43.9329;43.9343;
775228.602;510243.218;510243.451;93.7668;-67.6707;-67.6689;
876431.390;559576.199;559576.012;-51.7163;-24.2367;-24.2389;
695064.001;472194.854;472194.239;178.2701;44.8955;44.8892;
759376.186;486898.836;486898.515;565.5183;4.4666;4.4782;
806200.213;500611.238;500610.885;-728.5841;-243.0602;-243.0447;
805995.596;507792.968;507792.559;-114.6559;-302.6554;-302.6547;
821876.421;475351.628;475351.789;-129.3732;7.2220;7.2229;
815486.900;472741.468;472741.472;-309.6269;101.0555;101.0569;
844301.468;512038.395;512037.817;-349.9037;-38.1889;-38.1914;
877966.889;581864.109;581862.973;-153.4725;-113.7070;-113.7180;
819494.010;478096.062;478096.204;-371.5473;612.8065;612.8079;
788398.214;498146.885;498147.035;-296.1435;144.9196;144.9216;
761410.016;556243.159;556242.403;133.6696;-132.6534;-132.6597;
754454.591;485562.419;485562.306;163.2043;16.7398;16.7411;
768510.787;482905.184;482905.747;213.4201;643.1319;643.1221;
782318.797;486455.996;486456.264;202.3531;99.1462;99.1473;
795367.086;484081.671;484081.803;-161.4379;-291.1281;-291.1322;
774273.201;525191.892;525191.644;220.1521;-163.4596;-163.4592;
850988.342;555337.332;555337.382;-106.6713;-92.0182;-92.0196;
800963.462;488206.948;488206.855;91.9709;560.8958;560.9067;
735056.789;500716.672;500716.721;614.6072;-50.9395;-50.9495;
806854.296;497483.607;497483.834;316.0818;130.9686;130.9708;
844211.797;555656.835;555657.043;-121.5499;-131.3454;-131.3441;
725277.568;499959.391;499959.445;210.7873;36.2144;36.2129;
875240.641;540874.447;540874.790;-158.5370;-9.8974;-9.8986;
767780.690;484794.216;484794.329;459.3617;-204.2319;-204.2323;
797990.525;485829.324;485829.498;-79.4653;-527.9731;-527.9529;
802416.239;495731.065;495731.189;143.7702;233.7401;233.7399;
821585.532;534932.185;534932.318;497.9401;834.3345;834.3408;
772748.911;487285.444;487285.794;368.1673;-185.7102;-185.7143;
811041.310;572434.147;572434.370;-47.5915;-43.8947;-43.8889;
794710.854;500878.639;500878.764;11.9178;57.3775;57.3778;
813949.578;476104.585;476104.432;-335.1646;24.3772;24.3788;
726928.818;431408.224;431407.272;100.0902;112.8639;112.8541;
820460.863;477539.321;477539.323;-289.3270;318.9947;318.9969;
736217.996;533701.889;533702.716;73.9540;-43.5980;-43.5897;
886412.264;457839.184;457839.046;-166.1297;68.5402;68.5389;
776262.740;536546.757;536547.514;175.4396;-196.9429;-196.9417;
795078.730;472169.587;472169.544;54.0830;156.8491;156.8493;
792041.612;491225.251;491225.398;59.9576;93.0832;93.0726;
806296.374;545361.114;545361.338;-105.7172;-241.6008;-241.6000;
800808.326;489248.422;489248.420;88.0279;200.2607;200.2510;
742849.139;483754.114;483754.217;463.4140;126.4157;126.4155;
743084.218;453759.659;453760.273;128.3942;117.1145;117.1202;
846080.402;493002.116;493002.579;-257.5734;15.5104;15.5140;
789732.949;551950.626;551949.610;80.5394;-141.9933;-141.9997;
764251.810;453403.502;453403.100;16.4954;111.7743;111.7707;
769325.812;484121.481;484121.557;258.4021;248.3299;248.3351;
753632.671;405127.777;405126.718;14.1979;76.9193;76.9079;
808496.954;463087.317;463087.781;111.8303;493.5433;493.5433;
768915.621;482657.499;482658.116;456.6837;446.5346;446.5241;
791036.185;494600.487;494600.571;262.2699;-61.1170;-61.1233;
805683.421;496408.089;496408.227;779.8745;374.2327;374.2350;
751371.804;372489.411;372490.244;3.7002;26.5576;26.5667;
798231.557;491300.134;491300.162;68.0950;-17.1230;-17.1228;
799063.877;488262.098;488262.173;24.2581;11.8905;11.8767;
810930.517;577145.932;577146.587;67.0066;-157.4059;-157.4119;
753240.834;473811.621;473812.852;197.3406;94.6198;94.6278;
