# This file was created for the Modelling and Simulation course, RUG (September-November 2019).
#
# Project: Simulate colliding galaxies, using Barnes-Hut algorithm.
#
# Students:
#     Stefan Evanghelides (s2895323)
#     Hidde Folkertsma (s2759799)
#
#     X         Y         Z         DX        DY        DZ
246980.005;555671.061;555672.146;73.9205;324.9966;325.0080;
214114.131;638920.167;638920.642;93.1854;247.5281;247.5279;
223876.993;510532.544;510532.731;315.8341;382.9029;382.9109;
253090.749;524894.620;524894.617;618.6551;118.2650;118.2641;
280938.284;584227.363;584226.878;42.6185;187.4129;187.4219;
279282.955;555334.786;555335.559;-107.8709;-32.2793;-32.2782;
242586.167;510732.540;510732.892;323.7845;728.1647;728.1939;
266131.883;558593.610;558593.384;420.6947;310.7509;310.7459;
215740.917;546968.947;546969.991;235.7740;310.1816;310.1769;
252925.111;568058.462;568058.144;58.7728;209.4697;209.4856;
298481.506;462201.153;462201.448;-34.5790;74.4149;74.4145;
135121.949;551400.376;551402.663;195.1676;100.4591;100.4671;
236577.675;501018.083;501017.689;2.8329;275.2499;275.2500;
268807.544;471680.568;471678.926;505.8138;15.0788;15.0824;
217429.923;718968.433;718970.422;43.1230;536.9794;536.9816;
245306.476;526430.140;526430.582;613.4272;-297.9984;-298.0229;
251347.447;531717.880;531717.970;104.1055;188.4792;188.4685;
211856.131;506244.605;506245.866;336.2591;0.1763;0.1606;
368273.558;413046.411;413049.123;385.8049;-269.6486;-269.6406;
251370.064;545892.530;545892.400;288.6072;227.7688;227.7653;
280084.751;418071.337;418071.490;104.9267;-135.7616;-135.7579;
278352.462;496934.373;496935.303;127.3115;116.5837;116.5906;
235402.635;513972.240;513972.584;-99.8574;306.4482;306.4399;
254949.914;495239.583;495239.538;198.6268;149.9289;149.9026;
240369.670;552558.538;552559.186;-338.6051;268.1405;268.1413;
334101.169;510390.763;510393.473;20.1898;10.7597;10.7553;
700084.341;932122.972;932125.677;1624.7879;1415.9639;1415.9717;
249517.888;428371.931;428368.291;12.8926;180.3140;180.3184;
291074.995;561173.217;561173.283;220.1995;-151.4564;-151.4503;
236377.335;556022.610;556023.422;-467.5530;-32.2335;-32.2288;
278190.851;518113.401;518113.512;435.6728;96.2072;96.2014;
270700.488;515184.217;515185.007;421.7525;-257.1648;-257.1728;
274741.614;551216.666;551217.528;584.8905;131.7095;131.7222;
229635.587;536299.765;536301.348;210.3179;132.8102;132.8152;
243126.187;552884.602;552885.122;474.4913;125.3425;125.3460;
241231.631;548424.646;548425.113;492.6060;429.7573;429.7683;
265231.638;549194.661;549193.073;255.3894;73.4416;73.4558;
211436.723;542781.015;542782.491;-136.6302;475.9581;475.9654;
252232.379;511476.224;511475.525;447.7802;3.8771;3.8755;
241692.493;514456.077;514457.417;904.3096;-118.0040;-118.0105;
272945.530;560473.547;560473.877;-225.1091;-63.4539;-63.4400;
209259.418;513726.394;513727.014;220.7486;-109.3851;-109.3708;
211355.658;639049.402;639050.094;37.4161;299.6505;299.6556;
187711.152;662060.085;662061.220;-3.8385;279.4938;279.4960;
242120.582;530963.959;530964.339;-203.5754;422.9745;422.9856;
211291.095;569600.642;569600.533;346.7726;319.0065;318.9901;
262779.991;548567.841;548567.969;-137.5585;207.6726;207.6691;
255551.250;522378.312;522378.355;-149.9628;123.7968;123.7968;
252621.501;528601.750;528602.147;-322.7078;-420.2334;-420.2290;
267730.647;509055.435;509055.055;102.4330;178.0892;178.0892;
208621.923;567866.545;567866.609;93.0275;477.0996;477.1111;
265197.427;546739.245;546738.958;3.6261;-383.5819;-383.6215;
237516.422;543397.829;543398.023;-295.9348;189.1001;189.1173;
251108.123;449872.135;449872.402;289.5076;-189.1098;-189.1145;
215494.548;495346.691;495345.948;108.2577;587.4201;587.4408;
238566.187;553532.355;553533.253;429.5980;-42.9584;-42.9658;
302352.549;453644.699;453646.611;434.9425;-209.6846;-209.6654;
245873.746;517024.245;517025.345;570.0135;99.5045;99.4884;
267640.722;511989.799;511990.157;-153.1667;-40.8625;-40.8666;
186468.524;525858.236;525859.364;214.6339;-4.3674;-4.3663;
245280.760;544735.772;544736.185;-275.9788;549.3114;549.3088;
289597.488;524353.441;524354.379;1022.6340;50.1951;50.2042;
234387.873;588353.844;588353.471;77.9353;111.5708;111.5654;
829117.889;864048.505;864044.881;1363.4602;784.6297;784.6224;
237577.645;539076.016;539075.935;36.4781;-195.8307;-195.8291;
240948.509;512689.062;512688.977;-591.5456;370.0268;370.0304;
241262.470;680642.177;680638.373;59.9381;600.2939;600.2851;
266497.467;544611.520;544612.392;-4.9857;235.6472;235.6645;
290563.222;451082.901;451083.501;446.2012;-244.5908;-244.5923;
203793.996;508412.442;508413.120;190.4903;-64.0766;-64.0849;
152287.949;576764.254;576765.522;-74.4891;230.1894;230.1927;
248738.573;535274.567;535275.051;221.2398;212.3880;212.3940;
243637.029;535696.819;535697.097;656.6053;-109.4285;-109.4211;
257377.980;530800.876;530800.351;373.9085;93.6083;93.5999;
248392.815;538537.909;538538.284;37.6776;289.2605;289.2708;
248331.980;525486.164;525486.288;145.5410;201.0050;201.0057;
247858.454;532576.341;532576.348;-207.6905;242.2805;242.2717;
236634.355;576033.477;576032.990;36.5905;-174.3052;-174.2997;
276598.855;560941.949;560942.135;562.8075;-66.5927;-66.5945;
250250.700;528228.396;528228.405;-267.8733;444.4837;444.4951;
287786.494;511718.861;511718.830;572.9896;-221.9605;-221.9571;
255908.469;491079.039;491079.801;-282.2304;99.6886;99.6847;
256383.580;521280.843;521282.116;304.8553;341.2585;341.2460;
260688.550;530720.744;530721.052;900.6223;-173.7638;-173.7815;
241897.023;550965.622;550966.277;-219.9424;448.5925;448.5855;
253253.780;519841.091;519842.150;456.6165;67.7545;67.7507;
299779.488;566936.467;566937.148;233.4469;356.4636;356.4444;
284931.472;485808.215;485808.979;344.1849;-141.9512;-141.9547;
266745.322;458743.058;458743.434;306.6885;-133.6202;-133.6114;
255329.658;408304.051;408301.611;375.6044;-228.4912;-228.5156;
251867.571;496003.063;496003.191;357.6629;-19.5380;-19.5288;
293450.497;596947.766;596946.520;102.7979;263.3011;263.2955;
203761.017;487066.210;487067.434;202.8935;208.9568;208.9586;
263047.093;574913.373;574915.417;-270.1490;244.4338;244.4245;
877016.704;604535.881;604535.846;86.8514;185.2755;185.2718;
735232.362;462235.547;462235.511;-236.2723;-86.3241;-86.3264;
767556.431;451827.418;451827.482;-283.3815;-106.9565;-106.9456;
815677.764;571013.515;571013.173;121.1323;424.5454;424.5520;
757765.308;449937.349;449936.837;-134.1136;67.9764;67.9649;
858793.193;573187.254;573187.660;326.5952;683.5148;683.4990;
844608.023;553148.328;553148.810;-168.6538;-356.3503;-356.3536;
858194.258;554487.275;554487.918;504.8578;-42.9863;-42.9629;
853317.058;576307.801;576307.866;453.7961;252.2158;252.2186;
872235.716;619393.130;619392.205;176.5750;259.4563;259.4560;
759598.192;459264.237;459264.416;284.9173;-121.2879;-121.2967;
871533.968;602204.495;602204.063;-601.2360;190.7053;190.7086;
888960.366;634258.514;634257.005;15.2180;278.5476;278.5313;
708252.168;386908.924;386907.540;-38.0222;-216.7318;-216.7349;
843914.486;593615.967;593615.432;10.7561;166.8057;166.8176;
933824.493;705100.737;705098.299;3.5838;234.6154;234.6174;
875199.491;581418.005;581417.794;602.8597;710.9821;710.9644;
845151.707;581742.113;581742.113;-151.4802;-247.7972;-247.7630;
923275.063;607802.798;607802.309;-196.4433;236.7295;236.7210;
786247.465;553264.905;553266.930;170.6537;439.8980;439.9138;
786669.059;527210.325;527208.004;41.5203;149.7967;149.7926;
781568.334;507431.156;507432.929;-320.8753;-169.4012;-169.3819;
939489.761;578445.963;578445.519;-1.8659;287.9770;287.9725;
735381.688;444208.053;444209.114;-172.9619;-223.5474;-223.5540;
863300.524;552153.596;552153.993;367.1321;209.1264;209.1353;
739110.859;446570.659;446571.105;-147.6540;10.9357;10.9291;
957669.110;552586.939;552587.056;479.7881;216.9934;216.9979;
879831.529;594034.057;594033.641;593.9879;282.0868;282.0781;
786601.454;439833.246;439833.263;-81.8066;-24.7546;-24.7566;
861423.967;592184.137;592183.780;636.1413;395.0535;395.0495;
866088.041;588558.116;588557.354;531.9006;98.5575;98.5579;
684950.122;467760.711;467761.681;-134.3934;-78.9556;-78.9558;
806075.507;520212.067;520211.871;445.5977;-154.5098;-154.4869;
840775.782;586581.650;586580.644;460.0400;447.7951;447.7954;
881157.039;627874.678;627872.149;62.1770;297.2548;297.2586;
854194.229;612336.866;612336.405;422.3686;-216.7994;-216.8089;
849554.522;572925.896;572925.546;229.7157;348.7157;348.7202;
847432.726;583103.120;583103.184;-61.4984;484.1709;484.1646;
760218.915;536408.487;536410.239;-250.2410;31.1080;31.1180;
843052.097;617597.572;617596.422;100.6574;53.9915;54.0102;
887343.053;639691.341;639689.388;229.6070;297.9869;297.9558;
913622.297;626768.053;626765.791;259.7073;234.7888;234.7873;
902478.647;618188.415;618188.160;354.7781;421.2715;421.2527;
805675.690;612432.360;612431.317;244.2270;251.0386;251.0353;
880677.242;583908.891;583908.726;213.8585;51.7311;51.7324;
809744.204;465140.996;465142.923;172.2963;-112.4979;-112.4900;
688207.307;374999.049;374997.176;-301.9340;-242.1528;-242.1551;
860379.106;600475.622;600474.768;677.6222;133.4158;133.4111;
857250.732;595639.924;595639.169;494.9536;207.2255;207.2271;
897771.346;494673.718;494675.119;65.8491;154.5860;154.5819;
845876.120;600029.307;600028.453;147.9025;-22.8327;-22.8350;
845406.906;587913.603;587913.058;816.9088;570.4767;570.4687;
861427.804;585736.529;585736.471;-102.2476;370.7441;370.7315;
849373.564;577953.365;577952.902;93.9424;544.9372;544.9329;
876519.008;594278.990;594278.821;128.0978;242.3188;242.3039;
711750.434;398014.382;398015.150;-212.5224;-333.8995;-333.9015;
893520.592;590346.070;590345.354;101.6707;667.4167;667.4289;
767318.711;459017.127;459018.767;-341.9746;82.1577;82.1774;
887638.992;605897.315;605896.603;447.9192;47.3994;47.4052;
869252.055;597299.600;597299.204;593.5531;23.8985;23.9183;
848528.155;567893.641;567893.293;254.0728;156.8525;156.8536;
870478.355;568515.018;568515.223;330.9048;37.5430;37.5470;
675545.611;474787.671;474789.423;-150.9514;23.0953;23.0927;
875720.202;586321.430;586321.113;64.3317;281.1287;281.1269;
869950.996;578429.135;578429.023;-201.6227;286.2189;286.2015;
889993.909;620156.970;620157.549;118.1565;32.5625;32.6146;
886031.328;584226.593;584226.473;543.5448;231.9067;231.9071;
931817.855;516472.468;516468.484;494.0054;92.8407;92.8297;
734976.322;674090.264;674088.739;-55.1942;534.7631;534.7565;
740474.909;506530.081;506530.029;-18.1215;170.2522;170.2553;
865406.996;545204.173;545205.375;153.1784;156.8201;156.8227;
834290.130;590914.527;590913.853;234.3654;175.0492;175.0317;
987242.411;628262.431;628263.770;632.3560;254.4324;254.4370;
849840.497;598945.596;598944.376;275.5288;595.9563;595.9499;
876127.507;571601.481;571601.318;336.7239;607.8318;607.8143;
845068.409;572195.931;572195.724;-116.9638;-193.4324;-193.4130;
770644.597;586652.008;586650.842;358.7072;174.6347;174.6361;
746280.583;467268.105;467268.012;-261.9731;35.7358;35.7460;
893558.920;627543.509;627542.603;120.7755;238.3036;238.3113;
845706.516;584238.677;584238.146;74.5047;-147.1584;-147.1465;
813850.838;564775.124;564780.394;368.5240;599.1478;599.1106;
943853.122;556061.455;556061.749;123.0919;198.6687;198.6726;
859651.436;571581.145;571581.099;-71.4397;180.0687;180.0777;
848099.354;571101.699;571101.382;-444.7418;627.8785;627.8692;
846641.948;606058.406;606057.149;85.0786;97.0679;97.0679;
755999.968;414651.351;414655.534;-0.3880;153.1542;153.1562;
840235.911;583028.341;583027.786;394.0167;310.6921;310.6912;
835447.798;568123.349;568123.720;119.9814;305.8432;305.8537;
752099.311;463198.559;463198.878;105.0431;-194.6709;-194.6914;
859287.872;602295.885;602294.722;-55.4062;7.7246;7.7013;
