# This file was created for the Modelling and Simulation course, RUG (September-November 2019).
#
# Project: Simulate colliding galaxies, using Barnes-Hut algorithm.
#
# Students:
#     Stefan Evanghelides (s2895323)
#     Hidde Folkertsma (s2759799)
#
#     X         Y         Z         DX        DY        DZ
213258.908;443071.681;443072.576;28.2089;29.6516;29.6607;
240897.679;441072.586;441072.196;-141.9109;78.5633;78.5608;
163370.312;403729.519;403729.329;32.8461;56.7691;56.7672;
127697.827;518970.153;518970.927;7.7404;5.3507;5.3582;
168450.117;401802.023;401801.703;74.9521;124.7703;124.7684;
216541.565;549901.782;549901.464;-220.1180;-99.6821;-99.6840;
133282.143;568915.504;568915.125;282.1053;-143.1355;-143.1402;
185605.902;523402.093;523401.654;123.6142;-161.5658;-161.5590;
263615.713;464870.704;464870.524;-70.8688;15.0988;15.0970;
157050.651;539457.559;539456.638;179.1986;-48.8979;-48.9051;
168799.661;562054.069;562054.197;44.7176;-126.9887;-126.9873;
243005.716;502959.328;502960.059;-349.9781;6.8401;6.8451;
216956.644;502481.579;502481.603;778.4726;-117.7413;-117.7643;
158927.938;484621.748;484622.854;345.3996;131.4267;131.4358;
224334.031;427161.720;427162.287;85.2373;155.8609;155.8665;
163464.372;416990.830;416990.470;5.1577;75.0927;75.0902;
184620.288;538593.262;538592.842;47.0965;-77.6434;-77.6447;
242315.277;508406.930;508406.413;-546.7739;34.8766;34.8827;
160005.538;583418.204;583419.118;57.8478;-136.1021;-136.0934;
217439.264;507335.828;507335.908;28.8821;193.3275;193.3395;
145708.394;564644.693;564643.723;137.1301;-60.7088;-60.7139;
212438.641;495846.001;495846.528;-192.4485;295.8083;295.8020;
200938.048;502767.079;502766.926;31.3384;-134.7433;-134.7432;
236029.049;467963.661;467964.122;-233.5130;129.2525;129.2543;
197551.583;502164.077;502164.056;-163.3745;8.1076;8.1205;
122020.516;524279.422;524280.194;177.6682;-19.9784;-19.9701;
202630.674;508284.834;508284.635;-18.4442;634.5556;634.5438;
239311.863;375323.947;375322.910;11.5925;25.8343;25.8227;
250735.420;482286.903;482286.944;-181.5706;44.6489;44.6496;
220267.328;554225.030;554224.766;-96.6377;-197.4910;-197.4927;
204445.442;503376.507;503376.521;-163.4661;13.8729;13.8714;
188945.263;500661.573;500661.707;703.8226;71.3140;71.3141;
123412.726;518503.605;518502.569;283.5381;-21.0280;-21.0372;
212736.612;493195.312;493195.869;-712.5111;357.9679;357.9523;
210114.535;510431.317;510431.275;83.2759;264.2744;264.2732;
200146.821;486826.671;486826.890;367.1798;363.2858;363.2854;
168991.040;563235.638;563236.260;147.1114;-123.7653;-123.7639;
201925.261;618147.957;618149.269;1982.6386;1892.2426;1892.2561;
201699.691;484787.044;484786.649;354.7725;379.4728;379.4753;
144582.188;499420.210;499420.054;293.5618;15.6376;15.6373;
217764.589;508283.369;508283.337;71.6170;165.3565;165.3418;
195540.206;544474.483;544474.267;-58.6366;-235.4621;-235.4615;
230141.285;536845.553;536845.595;936.6537;1633.5291;1633.5347;
199819.545;486855.726;486855.350;132.7974;101.2210;101.2189;
241408.071;439215.993;439215.782;-192.3392;161.4620;161.4612;
219362.516;475737.955;475737.941;-104.1678;145.4127;145.4125;
210965.174;498369.127;498369.096;144.2232;-82.3500;-82.3460;
249105.795;438940.116;438939.584;-54.6267;39.5623;39.5568;
188774.730;518084.401;518084.303;362.8306;-76.9039;-76.9032;
213853.001;517619.991;517619.921;104.3168;590.5358;590.5377;
239641.340;460337.205;460337.433;-165.6045;97.3277;97.3298;
147472.698;426494.962;426494.956;207.2098;201.1955;201.1946;
326902.478;468828.669;468829.200;-63.7475;12.6749;12.6809;
199741.409;480357.310;480357.098;305.2676;329.6449;329.6444;
193271.858;517755.216;517756.145;537.7133;-136.0175;-136.0240;
199284.663;500429.225;500429.139;-51.8055;-1.0559;-1.0652;
229264.694;567484.041;567484.206;-52.7799;-64.8042;-64.8028;
239803.577;423002.068;423003.349;-90.5204;153.3753;153.3858;
257895.229;381981.384;381981.152;-47.9467;54.3197;54.3169;
196850.030;515804.164;515804.143;-556.9469;-22.7956;-22.7914;
204268.770;589215.806;589216.998;-17.0369;-64.1172;-64.1042;
207327.394;505132.260;505132.632;-362.9377;-230.0639;-230.0809;
207527.662;500332.004;500332.059;236.7872;112.5619;112.5617;
210560.009;507351.437;507351.418;37.6921;-341.9894;-341.9901;
215505.798;495637.193;495637.195;171.1285;-306.8463;-306.8434;
205310.707;499478.139;499478.140;-17.0112;-839.7956;-839.7805;
151852.732;433106.658;433106.595;-51.6713;-8.0212;-8.0215;
195528.671;514586.834;514587.275;293.3943;-391.8749;-391.8804;
186748.152;528766.201;528766.952;288.7736;-241.1107;-241.1122;
236606.309;526056.050;526056.048;1261.9251;1105.5919;1105.5882;
202302.791;497558.476;497558.430;-243.8393;-658.0453;-658.0226;
228035.630;448576.981;448576.105;45.6582;71.1712;71.1652;
187861.193;516397.783;516398.829;297.7049;-67.8575;-67.8550;
209949.769;588097.969;588097.963;-14.6838;-59.8375;-59.8374;
199566.800;491490.645;491491.370;206.5185;121.3947;121.3944;
206044.843;616745.233;616745.864;2101.2880;1833.8992;1833.9039;
269400.360;495169.552;495169.572;-101.1074;16.3930;16.3932;
208349.416;493680.341;493680.557;233.7878;394.3252;394.3159;
195761.826;501569.937;501570.109;512.3005;89.8240;89.8224;
180256.654;548737.500;548738.176;83.7039;-88.8306;-88.8280;
214773.481;504446.639;504446.680;-146.3075;279.1240;279.1333;
194367.073;532619.882;532620.195;-27.2116;-84.9921;-84.9891;
201336.467;495075.012;495074.950;-222.4625;-527.0620;-527.0626;
216912.956;507763.873;507763.858;98.5569;165.1631;165.1649;
171075.381;561816.253;561815.542;-63.0336;-179.9613;-179.9628;
203544.906;502743.341;502743.205;-5.3964;-129.5426;-129.5461;
248487.927;512722.536;512723.066;-488.4411;-238.1321;-238.1353;
221882.920;502921.291;502921.436;129.1708;127.4401;127.4558;
217091.507;509097.235;509096.839;220.3132;395.3001;395.3178;
201580.048;515995.075;515995.081;-654.3826;149.5327;149.5417;
207718.810;497460.726;497460.479;-336.6024;528.1379;528.1517;
205850.584;500348.283;500347.946;161.2746;63.4305;63.4319;
176194.291;405473.208;405473.496;-101.5667;61.1355;61.1362;
203008.086;478047.570;478047.122;-72.6294;379.8188;379.8194;
221727.666;569850.702;569851.627;-28.3421;-66.5189;-66.5095;
258817.074;580072.776;580072.118;-93.0836;-82.2319;-82.2389;
161039.503;485238.900;485239.923;181.2315;64.8601;64.8690;
141085.788;434633.300;434633.288;287.2419;-9.0200;-9.0200;
179716.551;436958.350;436957.881;3.3221;20.7096;20.7045;
124749.625;457736.434;457737.782;124.0743;25.1225;25.1369;
807376.428;501491.108;501491.542;-262.1957;-153.9982;-154.0026;
794008.712;535947.502;535947.950;15.6393;-45.5366;-45.5332;
865486.620;540581.008;540580.374;-228.3910;-25.8368;-25.8421;
799013.743;493006.232;493006.425;661.5239;-372.2943;-372.3067;
890021.242;545071.408;545070.195;-280.7914;-54.4245;-54.4343;
835373.360;510662.065;510662.439;-368.6018;-34.8849;-34.8860;
744183.607;457224.879;457224.003;247.8419;217.2288;217.2220;
740863.265;504581.671;504580.610;73.6301;-108.0894;-108.0887;
777014.082;483752.034;483752.042;310.7782;260.6493;260.6592;
764668.232;522953.591;522953.060;200.0677;-81.9840;-81.9869;
759213.770;469070.707;469070.456;92.1677;93.1245;93.1250;
808012.871;584571.905;584571.777;60.8051;-285.6537;-285.6473;
859804.722;490894.077;490894.655;-468.2171;50.9428;50.9474;
807205.010;493526.589;493526.588;-201.3586;3.1843;3.1755;
833427.424;537169.165;537168.759;-72.6875;-162.1673;-162.1638;
809600.426;479013.486;479013.388;-324.4895;230.6377;230.6507;
841067.690;518121.615;518121.530;820.7714;554.4778;554.4623;
819643.827;471118.109;471118.120;-444.2145;491.8055;491.8056;
739842.063;504408.438;504407.441;184.7431;-263.9936;-263.9923;
808126.207;513166.494;513165.745;-89.1730;-266.7491;-266.7500;
730987.171;503201.138;503200.718;403.5683;-9.0480;-9.0571;
830238.330;528986.812;528987.319;-258.2015;-87.2869;-87.2937;
808632.851;509348.842;509347.910;-78.1643;-88.7014;-88.7073;
874954.821;612853.555;612853.862;-31.9903;-49.7788;-49.7755;
807780.401;496878.700;496878.754;-103.1576;18.1177;18.1170;
709999.639;563207.726;563207.617;124.6289;-66.1348;-66.1361;
861274.280;567252.114;567252.316;-88.2695;-76.3873;-76.3857;
756333.673;482585.835;482586.297;270.4309;28.5797;28.5823;
835856.138;580380.707;580381.078;-89.5665;-121.2878;-121.2842;
748297.648;574460.883;574461.153;49.4428;-69.8374;-69.8347;
814983.286;473319.850;473319.777;-400.5481;337.7383;337.7377;
800388.480;493386.758;493387.491;-338.8938;-78.4873;-78.4911;
798463.091;497668.077;497667.773;342.6479;-520.4094;-520.3940;
843715.258;550517.723;550517.417;-66.0234;-90.7451;-90.7465;
798578.932;491823.383;491823.276;-119.3531;-69.1246;-69.1214;
792521.523;493124.846;493124.662;-210.9374;44.7775;44.7826;
838257.723;515308.432;515307.502;-110.8679;-74.5146;-74.5197;
700967.267;586104.423;586103.796;38.8139;-41.4292;-41.4362;
798096.218;489107.250;489107.297;85.1876;131.1872;131.1966;
795719.313;537318.085;537318.430;60.3753;-182.3037;-182.3030;
823235.487;463399.668;463400.266;-440.9876;330.9853;330.9833;
809030.229;481417.354;481417.321;-490.8500;27.8754;27.8763;
774950.695;510443.647;510443.874;90.4449;-65.1275;-65.1256;
876584.702;559647.993;559647.811;-49.8837;-23.3225;-23.3246;
694535.388;472061.674;472061.078;172.0768;43.3876;43.3813;
757715.336;486880.058;486879.704;531.3742;9.5964;9.6061;
808355.312;501320.095;501319.697;-691.0731;-214.9144;-214.9010;
806334.491;508679.156;508678.746;-109.9128;-281.5331;-281.5333;
822257.977;475333.115;475333.273;-122.8110;3.9937;3.9947;
816397.358;472452.728;472452.729;-291.4148;86.4233;86.4245;
845334.250;512154.281;512153.711;-333.5740;-37.4252;-37.4287;
878421.684;582200.872;582199.769;-147.8659;-109.3664;-109.3775;
820563.581;476281.532;476281.670;-328.4942;588.8643;588.8660;
789323.428;497686.692;497686.836;-331.4649;168.7031;168.7053;
761014.335;556636.142;556635.405;128.3615;-127.6899;-127.6964;
753974.352;485512.170;485512.053;153.7486;16.8188;16.8198;
768085.394;481191.890;481192.481;76.3507;504.0612;504.0526;
781724.378;486163.655;486163.920;190.9545;93.8808;93.8822;
795861.545;484980.540;484980.684;-172.4440;-314.7371;-314.7408;
773624.568;525676.516;525676.267;208.3942;-157.7744;-157.7745;
851303.305;555608.778;555608.832;-101.6379;-87.4436;-87.4449;
800689.686;486550.829;486550.705;89.0664;535.8486;535.8584;
733231.350;500864.828;500864.906;596.4152;-46.3360;-46.3460;
805871.917;497067.647;497067.867;351.0162;155.0246;155.0276;
844571.730;556045.269;556045.473;-116.8661;-125.8015;-125.8001;
724656.445;499850.643;499850.701;199.6536;36.3090;36.3077;
875702.760;540903.629;540903.974;-144.9485;-9.3852;-9.3850;
766429.940;485411.786;485411.900;431.9124;-208.5399;-208.5403;
798245.627;487441.086;487441.198;-96.1475;-559.0205;-558.9995;
801964.974;495017.896;495018.020;162.8942;244.7991;244.7992;
820099.747;532419.967;532420.080;489.7877;843.1724;843.1787;
771667.148;487847.393;487847.754;344.4259;-190.0815;-190.0849;
811184.850;572561.730;572561.935;-48.3529;-39.7132;-39.7072;
794711.044;500663.560;500663.683;-26.0289;97.0891;97.0900;
814940.688;476042.628;476042.470;-320.9632;13.3108;13.3121;
726631.979;431073.354;431072.432;96.6610;109.1417;109.1318;
821286.814;476604.812;476604.807;-248.3021;296.3496;296.3517;
735998.776;533831.237;533832.039;71.3144;-42.1535;-42.1451;
886905.036;457636.116;457635.982;-160.5164;65.9907;65.9893;
775745.203;537129.204;537129.956;166.7298;-188.6026;-188.6007;
794921.857;471708.050;471708.008;48.8646;148.0408;148.0409;
791896.631;490955.396;490955.574;28.8495;81.4380;81.4282;
806609.714;546072.822;546073.044;-101.8073;-228.6531;-228.6522;
800542.120;488667.708;488667.735;89.8171;180.7855;180.7759;
741481.590;483379.903;483380.006;441.0375;121.4463;121.4462;
742703.698;453412.500;453413.097;123.7484;112.9365;112.9424;
846843.790;492955.781;492956.233;-248.2304;15.2822;15.2860;
789494.799;552371.012;552370.015;77.0960;-136.4268;-136.4337;
764202.572;453072.069;453071.678;16.2388;107.9005;107.8968;
768561.341;483385.061;483385.121;247.6610;239.8594;239.8647;
753590.591;404899.618;404898.592;13.6856;74.3218;74.3104;
808168.598;461640.051;461640.514;104.8154;461.0326;461.0335;
767761.775;481535.176;481535.822;319.9923;308.6867;308.6776;
790321.536;494747.197;494747.300;190.7943;-24.9436;-24.9495;
803285.302;495244.272;495244.403;833.5114;409.1842;409.1872;
751360.828;372410.606;372411.412;3.5751;25.6894;25.6986;
798031.666;491354.622;491354.650;63.6900;-20.9856;-20.9854;
799006.785;488261.447;488261.562;8.3767;-24.0144;-24.0276;
810730.179;577614.512;577615.184;67.4019;-156.4895;-156.4948;
752654.325;473532.365;473533.571;191.8118;90.0281;90.0367;
