# This file was created for the Modelling and Simulation course, RUG (September-November 2019).
#
# Project: Simulate colliding galaxies, using Barnes-Hut algorithm.
#
# Students:
#     Stefan Evanghelides (s2895323)
#     Hidde Folkertsma (s2759799)
#
#     X         Y         Z         DX        DY        DZ
261062.012;590078.982;590079.701;126.8396;104.2528;104.2435;
228838.660;673685.875;673686.728;74.8852;190.5027;190.5088;
282170.380;583984.271;583985.126;157.2980;441.4500;441.4514;
335235.429;544066.061;544066.221;411.8909;104.7676;104.7683;
272116.418;589443.752;589444.592;-175.5557;-200.4079;-200.4053;
266341.928;558010.289;558011.377;812.8530;293.1764;293.1401;
266472.760;612509.153;612508.789;44.5295;266.8292;266.8296;
310790.982;578273.993;578274.806;73.1420;17.4310;17.4386;
277761.671;583930.136;583930.466;441.7495;106.8583;106.8600;
262710.207;547748.867;547748.810;186.7323;-184.4464;-184.4736;
291364.483;498130.378;498129.682;15.8555;367.8579;367.8512;
182937.358;566608.077;566611.310;402.6664;87.0792;87.0820;
277231.346;589702.664;589703.695;365.7467;580.7310;580.7258;
342579.223;490838.971;490840.861;321.3110;206.1878;206.2100;
226363.192;801893.317;801895.486;67.0935;484.0237;484.0233;
324761.429;514771.244;514771.768;302.0529;114.2489;114.2651;
262645.657;571824.584;571826.032;153.6885;237.1583;237.1670;
312601.403;563694.456;563695.153;334.7887;588.8973;588.9293;
428854.913;372199.582;372203.502;362.1762;-234.7025;-234.6956;
263231.986;564237.066;564237.414;348.4761;314.9649;314.9689;
295193.717;399814.398;399814.126;104.1148;-94.8652;-94.8734;
289363.148;531844.203;531844.430;77.9918;311.4701;311.4573;
265541.553;577430.331;577431.407;-29.8736;-74.8421;-74.8570;
271916.018;579205.169;579206.658;-331.8258;629.6820;629.6736;
288301.796;554701.281;554702.216;258.0618;113.0055;113.0011;
304801.539;519702.193;519701.538;-355.5073;100.5365;100.4957;
254554.854;461111.730;461109.253;46.0787;220.9675;220.9762;
280780.905;533437.146;533437.956;-269.0528;-103.7764;-103.7801;
285758.623;555028.937;555029.730;612.6616;368.6930;368.6998;
315082.349;533859.978;533859.474;76.6604;97.7965;97.7935;
301459.698;519033.377;519032.503;242.7192;265.1538;265.1620;
242395.510;559163.420;559164.973;-361.3249;75.0581;75.0862;
267518.195;569289.812;569291.316;-446.1917;125.4855;125.5120;
249032.250;562701.455;562702.399;160.4880;406.9617;406.9568;
282362.054;555695.248;555695.503;-372.9002;-143.1915;-143.1835;
254659.659;556335.852;556334.590;619.9141;201.2682;201.2861;
271562.065;593496.239;593496.189;728.9749;12.8910;12.8800;
282698.799;556670.949;556671.061;-265.5978;481.3298;481.3285;
342250.738;532030.595;532028.859;238.5105;145.5001;145.5076;
256947.702;556869.047;556869.724;663.6972;591.1701;591.1782;
262094.721;503436.740;503438.819;360.5104;-7.9149;-7.9119;
226785.142;676938.743;676939.742;163.2692;159.5351;159.5328;
190120.364;704613.429;704614.867;30.9399;245.2714;245.2730;
276168.742;565144.676;565145.375;155.5048;-160.7282;-160.7210;
281390.470;606956.171;606954.853;457.3146;125.2680;125.2726;
266420.864;556671.735;556672.673;399.4211;94.8226;94.8033;
278436.860;584015.398;584016.571;336.9526;237.3640;237.3580;
228398.086;500147.888;500147.899;36.5956;1.9289;1.9303;
267909.996;589154.544;589155.591;613.2378;360.5372;360.5348;
246637.480;629520.554;629522.177;314.0717;293.6413;293.6483;
235274.143;511034.128;511036.939;-70.8629;-51.0520;-51.0333;
277285.433;560271.405;560271.989;-28.8417;107.7989;107.8217;
299848.704;422506.618;422505.955;305.2054;-154.0088;-154.0147;
302110.106;596718.125;596718.141;524.9221;358.6713;358.6514;
380435.201;586945.155;586943.362;640.8172;93.4910;93.4786;
363569.024;423941.805;423945.503;349.7564;-164.0724;-164.0648;
325741.905;546258.250;546256.509;333.3522;187.9008;187.8999;
239994.882;525447.263;525446.901;-135.8088;166.5625;166.5636;
244753.733;529731.862;529732.771;495.3872;73.8027;73.7990;
276201.274;546561.106;546561.690;249.1414;-5.6249;-5.6379;
394236.148;531505.483;531506.665;418.0136;51.4704;51.4685;
274062.240;546553.235;546554.665;369.9318;-498.3118;-498.3094;
292169.055;546590.912;546591.325;153.7293;353.7660;353.7626;
302359.919;574751.230;574751.862;770.0919;59.9534;59.9436;
250762.579;775825.359;775820.417;56.9148;573.9690;573.9638;
253374.468;558743.920;558744.095;233.5223;-84.4777;-84.4772;
364719.173;418339.981;418341.105;449.3795;-178.1424;-178.1378;
251123.098;504571.576;504571.008;331.4627;24.3682;24.3658;
144651.273;612590.216;612591.988;-23.6457;211.8239;211.8269;
258825.140;567123.708;567124.861;101.4392;37.5577;37.5654;
326457.641;520832.088;520832.065;358.1593;-85.7555;-85.7658;
253642.820;570656.831;570657.716;19.5988;336.4777;336.4592;
259926.320;559635.717;559636.441;56.8874;68.0328;68.0219;
266120.960;574296.214;574297.333;49.6607;318.7779;318.7873;
265404.065;562293.167;562293.506;122.1938;-121.4607;-121.4596;
290498.459;530845.824;530846.719;520.9166;3.9024;3.8837;
263506.746;539052.413;539053.048;-386.4878;125.5082;125.5173;
276935.390;562483.996;562484.535;231.2770;-203.1589;-203.1584;
317487.500;510641.266;510641.670;-107.8990;256.8549;256.8442;
261669.810;574125.224;574126.001;731.6923;736.8661;736.9151;
252944.222;577736.854;577738.620;76.5245;116.9655;117.0013;
316402.887;509720.514;509720.583;116.2025;16.6007;16.6161;
320249.941;702055.852;702054.817;495.7961;886.4156;886.4051;
314339.458;535221.980;535220.862;305.1882;117.6185;117.6075;
308606.705;607819.306;607817.184;-90.1728;157.8847;157.8752;
321830.508;476709.152;476708.457;183.8888;47.3497;47.3431;
317792.627;442368.365;442369.959;314.2803;-79.1914;-79.1848;
319961.505;381766.612;381761.481;397.7230;-108.6369;-108.6460;
313359.847;532784.059;532783.966;397.6100;353.8378;353.8241;
292971.534;614133.978;614132.951;-93.4635;-71.8548;-71.8468;
248843.602;529558.779;529559.818;343.8061;305.9642;305.9606;
230177.339;574694.555;574692.736;69.2202;-179.0063;-179.0142;
888969.045;615667.564;615667.271;174.7092;191.1392;191.1490;
727387.568;451211.094;451211.685;92.0316;31.3753;31.3852;
720928.204;463967.179;463967.565;-158.2733;84.9360;84.9241;
930638.729;648292.518;648291.152;873.0568;354.0365;354.0120;
728100.002;461840.313;461841.925;-388.2229;-49.3893;-49.3748;
908303.256;637874.480;637874.120;173.2456;-167.3772;-167.3665;
832774.135;525770.637;525770.493;-35.7529;-88.5175;-88.5208;
920921.757;585791.716;585793.900;260.7006;397.1005;397.0944;
904753.000;646586.655;646586.090;199.2250;96.0824;96.0797;
904492.280;648106.529;648105.528;182.5955;30.2831;30.2852;
763573.732;438073.351;438073.362;-118.7005;-69.9951;-69.9832;
883216.043;598499.319;598499.127;571.6092;251.4795;251.4615;
892045.815;618967.409;618968.626;159.4487;-32.7681;-32.7499;
697378.849;356459.300;356458.487;-104.7637;-179.8482;-179.8416;
898908.609;644430.333;644429.566;-499.3968;350.3316;350.3227;
929143.091;734256.652;734254.675;-59.0371;118.3238;118.3275;
887280.281;633001.221;633000.698;138.6976;-253.1861;-253.1699;
868543.737;577209.045;577210.726;231.3862;141.3642;141.3649;
844867.402;617218.662;617219.074;-268.0733;-16.4540;-16.4383;
861018.138;637050.290;637051.191;976.1538;547.6442;547.5948;
795493.202;552829.120;552826.370;65.0250;162.4785;162.4768;
729531.643;479807.965;479812.313;-322.9789;-195.3454;-195.3359;
869150.781;643483.986;643483.899;-546.4899;570.4699;570.4742;
714920.094;416299.277;416299.008;-101.0187;-136.3306;-136.3388;
913186.047;603677.022;603678.248;240.2594;430.3946;430.3889;
732863.696;463287.286;463287.602;-97.9035;136.2014;136.2106;
877820.568;638533.386;638532.966;534.9450;398.1447;398.1391;
752912.078;448056.720;448056.713;-286.1133;59.3637;59.3679;
907721.045;633338.213;633337.800;-296.8706;231.9067;231.9053;
891164.900;643772.396;643771.638;-78.0617;355.6891;355.6732;
662856.201;461101.975;461103.177;-120.4858;-4.5142;-4.5127;
879152.817;500236.823;500240.263;444.1394;-95.8055;-95.7845;
893686.997;632185.926;632185.399;-264.7242;473.0704;473.0786;
898429.759;624783.022;624781.831;58.2393;60.9056;60.8974;
905741.722;591799.048;591800.249;207.3008;177.7824;177.8025;
916857.794;650486.032;650484.862;474.4450;220.7600;220.7580;
875111.336;649643.296;649642.111;411.0811;285.3667;285.3668;
721715.967;541298.508;541301.729;-223.5971;25.3014;25.3091;
932312.597;603091.162;603090.454;644.0555;127.6545;127.6489;
896263.911;625429.986;625430.556;-176.9642;-434.6614;-434.5855;
881355.264;628703.250;628703.099;-462.5446;-222.9433;-222.9322;
932088.576;671846.083;671842.620;38.4249;205.4349;205.4221;
857772.361;647460.365;647459.054;432.0086;167.3470;167.3494;
885805.979;651496.965;651496.350;253.3383;201.0258;201.0266;
831113.852;449266.007;449268.900;99.6392;-82.8465;-82.8420;
644990.779;341828.022;341826.065;-235.1184;-175.1812;-175.1803;
878639.599;643504.098;643502.994;374.8106;428.0019;427.9970;
890884.456;634973.209;634972.617;-65.5323;484.0580;484.0458;
902531.512;528553.162;528553.727;-5.1341;257.4558;257.4502;
903997.288;606958.076;606958.351;447.5344;196.7684;196.7764;
888547.924;628897.393;628896.964;-488.7470;361.3277;361.3095;
886870.912;640590.956;640590.546;552.4743;272.4967;272.5098;
912288.969;628775.509;628774.948;-141.9545;293.5086;293.5083;
909187.878;643817.268;643815.938;413.7965;518.5974;518.5748;
678618.501;342558.387;342557.615;-186.6350;-323.6392;-323.6525;
905314.312;624653.482;624653.145;602.5435;520.2413;520.2649;
711970.104;454310.588;454309.451;-191.2696;-5.0447;-5.0577;
878295.636;645663.487;645662.841;513.8959;604.3414;604.3364;
881380.748;643813.881;643813.661;513.4179;190.5916;190.5828;
901808.697;641681.434;641680.976;401.6076;659.4278;659.4060;
891679.660;652224.604;652223.809;200.9085;709.3537;709.3463;
664771.042;473331.755;473332.619;-1.0323;-41.8339;-41.8403;
897495.919;636385.185;636384.653;425.6357;324.7476;324.7389;
880195.678;647834.213;647834.188;691.8927;257.8028;257.8033;
870197.632;602056.204;602053.508;-19.0783;21.5872;21.6220;
893983.876;632898.426;632898.082;897.0441;254.2747;254.2608;
729419.579;757524.380;757521.825;-18.7372;492.7245;492.7185;
744027.637;534218.090;534218.746;45.4818;172.6841;172.6898;
888955.996;585106.678;585107.743;150.8656;319.4261;319.4229;
904640.553;646234.642;646233.361;-408.4326;375.6044;375.5680;
891977.538;619363.982;619363.168;-38.4781;596.0658;596.0616;
893153.634;654149.602;654149.003;209.0789;-94.1047;-94.1112;
856384.573;579405.306;579407.533;209.1619;158.0545;158.0615;
858583.523;613624.452;613625.052;771.9188;226.5224;226.5402;
721665.865;455659.303;455660.510;3.4764;-132.7698;-132.7705;
894146.845;646598.634;646597.404;-34.8112;-158.7831;-158.7760;
901737.430;622328.652;622328.088;402.0727;742.9259;742.8926;
945969.512;657283.215;657281.449;715.1018;376.3398;376.3929;
932395.580;604214.498;604214.902;-367.2789;427.4261;427.4220;
923868.862;646661.916;646661.038;711.7183;3.6763;3.6818;
924726.715;634619.012;634617.837;471.7608;-30.0388;-30.0445;
905437.801;640855.407;640854.503;-427.7934;854.0331;854.0190;
758500.732;446824.973;446827.110;67.3614;231.7825;231.7369;
921415.611;643194.094;643193.684;222.9602;394.3057;394.2935;
924981.915;653692.917;653691.936;51.1899;187.4273;187.4338;
765759.164;431471.001;431471.578;-40.3617;-101.9765;-101.9497;
874459.839;601510.599;601511.243;229.9672;63.4454;63.4720;
