# This file was created for the Modelling and Simulation course, RUG (September-November 2019).
#
# Project: Simulate colliding galaxies, using Barnes-Hut algorithm.
#
# Students:
#     Stefan Evanghelides (s2895323)
#     Hidde Folkertsma (s2759799)
#
#     X         Y         Z         DX        DY        DZ
232788.457;474888.025;474888.485;62.4908;246.3616;246.3504;
212411.926;559524.149;559523.987;-142.6767;634.9307;634.9358;
182640.420;444920.778;444920.381;110.8612;246.7544;246.7546;
162794.324;517631.094;517632.324;255.1942;-4.9375;-4.9420;
205549.534;491371.977;491372.690;474.6399;568.6886;568.7008;
240156.058;496562.707;496563.054;-304.9186;192.1424;192.1524;
235230.298;455773.761;455773.265;-40.4291;-93.5961;-93.6078;
229528.752;484297.107;484297.145;-132.6450;171.9779;171.9876;
215455.816;485146.184;485146.370;-232.8969;210.4894;210.4985;
226291.282;482187.997;482187.614;104.0231;-71.2102;-71.1922;
273818.828;469998.457;469999.196;265.2318;-211.2121;-211.2147;
121203.935;527201.009;527201.276;-97.5596;121.4447;121.4549;
219123.909;531022.295;531022.248;643.8091;-106.1508;-106.1413;
225378.496;526228.050;526228.784;-612.7653;-272.7576;-272.7175;
211125.991;590286.554;590287.751;26.8445;721.5345;721.5412;
235065.553;500383.808;500384.563;685.4375;694.0216;694.0145;
229707.267;504323.624;504323.667;41.0333;18.4400;18.4374;
261884.966;534367.031;534367.657;139.2249;97.5266;97.5139;
270279.547;480485.378;480485.953;660.1911;-379.7140;-379.6998;
224543.929;511644.651;511645.317;748.5239;24.8927;24.8978;
246721.130;467621.482;467620.705;260.6754;-402.7198;-402.7201;
217630.602;515954.149;515954.670;237.5557;-307.6711;-307.6842;
214151.589;513801.698;513801.958;-133.7621;22.6797;22.6915;
237985.729;555402.559;555403.048;73.6588;-135.2395;-135.2452;
229042.403;520788.663;520788.692;-107.9197;-273.2273;-273.2145;
286909.093;512365.261;512367.283;497.8119;-9.9164;-9.9010;
354494.787;627738.355;627739.365;1626.3312;1447.6268;1447.6349;
245844.082;395364.260;395361.076;22.2458;123.6036;123.5988;
210637.316;552654.745;552655.144;352.0705;183.9524;183.9528;
269023.443;496811.238;496811.074;463.5341;350.7966;350.7834;
205617.934;527231.654;527231.926;4.9504;30.5685;30.5725;
179684.135;534177.793;534178.590;123.1157;254.0337;254.0287;
245183.776;493741.252;493741.010;-534.4836;-197.6974;-197.6646;
212447.211;490485.346;490485.088;236.6255;-107.2492;-107.2204;
221320.172;509469.436;509469.698;629.4902;-213.7959;-213.7920;
235734.723;506912.544;506912.807;853.5545;-50.4151;-50.4085;
241989.915;484139.448;484139.513;-240.0029;67.6675;67.6361;
234537.742;503687.053;503687.868;1059.2012;-131.4281;-131.4215;
268268.437;536091.332;536090.433;-222.3314;89.5301;89.5336;
213557.196;541737.535;541738.055;-261.9190;115.0855;115.0753;
231521.407;500108.446;500108.842;-199.4901;561.1416;561.1457;
452501.510;938556.652;938557.580;841.6716;1469.0730;1469.0764;
201585.174;534907.847;534907.970;-104.0098;-44.1629;-44.1720;
216438.422;556556.462;556556.111;-128.2319;582.7720;582.7704;
195507.266;595528.015;595528.570;-86.1467;353.7437;353.7460;
219523.600;515520.149;515520.319;91.6264;21.7929;21.7957;
187162.603;490999.155;491000.648;-158.5552;351.4921;351.4983;
209220.105;487297.654;487298.093;-1.9698;145.4287;145.4337;
243643.978;500215.044;500215.382;-256.4726;-85.6276;-85.6316;
234202.781;564105.211;564105.682;266.0797;133.8215;133.8258;
242958.579;507321.544;507322.202;273.1646;646.6178;646.6079;
277140.903;481336.038;481337.738;-406.3341;108.3569;108.3545;
518629.114;940678.048;940680.638;1296.5939;1885.4478;1885.4584;
231437.076;552073.475;552072.805;309.1446;215.5348;215.5504;
227375.121;519421.828;519422.384;15.4094;-122.5233;-122.5338;
204174.091;511863.409;511863.650;1.9306;-427.2802;-427.2796;
322907.050;694592.457;694595.186;1280.9592;2276.3748;2276.4166;
229662.815;415753.087;415751.569;-132.6914;217.0820;217.0763;
227132.239;514065.889;514066.012;760.4292;-422.9013;-422.8892;
208202.478;531006.825;531007.962;170.0113;-472.7785;-472.8250;
202740.770;526656.294;526655.746;-126.6197;-43.8742;-43.8763;
218485.477;520903.737;520904.012;338.8461;4.9506;4.9495;
188251.664;530304.595;530304.897;-269.6867;-36.9918;-36.9867;
227917.505;515587.374;515587.578;34.1950;284.4459;284.4435;
177197.387;543272.075;543273.298;-300.5591;27.9628;27.9679;
233561.305;480749.127;480749.231;468.2127;650.4214;650.4277;
538703.681;693646.904;693644.883;1360.5410;816.3944;816.3866;
218452.209;498752.265;498752.615;222.7844;391.1177;391.0937;
537632.700;803715.114;803714.245;1111.7256;1022.1644;1022.1614;
191573.249;521980.461;521980.617;353.5606;-162.9326;-162.9441;
224606.994;537562.644;537562.733;78.8129;804.6391;804.5978;
215921.857;492796.400;492798.187;-66.8161;91.7200;91.7276;
210760.510;534072.078;534072.337;107.5328;-437.7633;-437.7613;
201109.384;530803.056;530803.952;-147.5549;-82.1910;-82.1781;
184456.500;522029.469;522029.867;-303.1303;279.1410;279.1461;
237629.619;507563.750;507563.993;190.3553;-74.7623;-74.7489;
190098.696;529254.456;529255.034;44.6278;183.3101;183.3096;
238502.761;500010.343;500010.685;59.9214;63.9928;63.9689;
226973.832;514739.267;514739.680;413.6412;-232.3914;-232.3960;
236300.512;507189.392;507189.854;167.1580;39.8892;39.8946;
238448.771;509340.396;509340.424;270.1255;-58.4278;-58.4193;
239737.456;558578.049;558578.311;91.2188;392.3972;392.3925;
242666.996;480543.834;480543.706;-285.4813;-26.6962;-26.6891;
218746.514;517667.845;517667.945;54.1946;-28.9690;-28.9732;
138730.319;536103.229;536103.609;201.2814;123.8281;123.8311;
195185.537;517790.518;517791.242;71.2904;70.1887;70.2001;
235409.026;518089.152;518090.387;333.0239;95.8533;95.8661;
192441.089;523708.150;523708.334;-366.7743;235.7059;235.6970;
223784.043;495348.752;495349.608;279.9063;-280.0934;-280.0925;
200854.082;521433.674;521433.480;-10.7049;-6.4486;-6.4497;
179923.585;472797.619;472796.951;285.9445;429.1940;429.1918;
204337.542;557574.406;557574.617;87.8022;-194.7888;-194.7912;
207498.595;513958.087;513957.892;57.6888;-425.0819;-425.1086;
192556.815;484750.243;484751.606;82.4688;-570.2158;-570.2125;
249403.961;540745.082;540744.733;-108.5822;-39.4575;-39.4328;
201675.209;477860.464;477860.502;273.2856;574.3965;574.4074;
178767.112;452492.728;452492.704;49.3977;118.7550;118.7619;
226960.444;481416.150;481416.327;746.7638;282.2346;282.1841;
814631.055;529069.272;529069.320;329.6183;472.0561;472.0386;
800746.257;471760.212;471761.046;-168.6433;-50.7785;-50.7689;
783753.307;475294.230;475294.999;-155.2342;-211.2192;-211.2012;
832900.664;559097.085;559096.257;553.5017;-154.9943;-154.9885;
791799.281;478363.649;478363.451;44.9648;-232.2962;-232.2882;
835340.444;556931.262;556931.035;79.7283;374.4803;374.4938;
853609.878;597043.189;597040.706;63.9384;238.4998;238.4957;
872346.844;565233.275;565233.284;-79.3906;400.7083;400.7065;
824357.157;534762.257;534761.883;790.7212;447.2829;447.2827;
944717.080;548683.994;548685.030;505.7045;239.0496;239.0511;
833067.893;540933.540;540933.512;332.8650;490.4388;490.4283;
757228.342;487532.321;487533.324;-400.3372;-91.9826;-91.9631;
791459.695;537996.999;537996.929;971.8083;110.2672;110.2770;
816074.422;530189.038;530188.849;-69.2264;-66.6960;-66.6765;
729313.876;433283.731;433282.932;-213.3057;-270.5659;-270.5691;
829918.860;543208.524;543208.561;-18.0897;47.9265;47.9217;
924343.669;640505.644;640503.365;98.4202;369.1729;369.1696;
827162.448;548443.172;548442.710;-877.0662;-75.1375;-75.1318;
835778.810;553005.920;553006.261;631.3700;559.7140;559.7286;
910584.485;550954.416;550955.352;279.4201;307.6464;307.6410;
796311.935;478316.054;478316.114;-40.1452;333.9816;333.9807;
785133.983;500314.932;500315.601;-33.3402;111.6985;111.6798;
851196.467;574823.190;574823.440;-192.5104;-275.6843;-275.6968;
829997.007;541061.257;541060.925;-175.0405;-323.6960;-323.6822;
865275.633;519637.240;519637.298;835.8141;143.6654;143.6684;
788535.029;502563.148;502563.381;-309.8274;-282.0605;-282.0487;
829787.623;564112.414;564112.223;-112.6348;117.3776;117.3781;
807003.042;480992.353;480992.467;-255.8371;-300.3095;-300.2971;
827347.651;529236.901;529236.455;919.5815;-126.5690;-126.5799;
826042.197;547040.586;547040.045;566.1931;121.4967;121.5050;
845519.215;559268.336;559268.790;856.1011;998.3684;998.3647;
776674.463;483823.801;483824.120;14.3604;-355.4241;-355.4203;
837780.459;541687.164;541687.160;21.0801;-9.5336;-9.5317;
830737.696;532459.764;532459.625;196.3049;-37.9654;-37.9747;
721889.371;485927.928;485929.427;-282.6756;-62.9154;-62.9175;
731819.303;558800.863;558798.758;220.8516;-167.1945;-167.1975;
813284.452;530133.664;530133.705;12.2585;179.8701;179.8719;
794263.204;511890.280;511889.827;419.0585;536.6915;536.6735;
794826.362;598734.020;598733.637;178.4344;239.8091;239.8109;
824206.505;542164.789;542164.480;280.8678;431.7905;431.7807;
843205.724;509111.660;509111.396;138.1305;190.9658;190.9678;
832029.498;538377.935;538377.296;-421.8552;-149.6245;-149.6164;
839192.294;520847.689;520848.947;712.7344;566.8146;566.8287;
790882.722;524451.375;524451.421;539.0346;215.6997;215.6928;
826659.449;518839.875;518839.656;-23.9635;185.5824;185.5864;
792743.284;513826.344;513825.704;202.8352;376.4351;376.4248;
771242.020;550844.850;550844.663;66.3227;338.2444;338.2401;
817549.650;517717.298;517717.576;-382.5932;175.2309;175.2296;
757077.602;485604.561;485604.290;247.0570;-40.0653;-40.0614;
756031.420;453960.567;453960.652;-341.8508;-525.1718;-525.1850;
808676.157;550042.662;550042.158;402.9200;147.7813;147.7811;
822905.697;546049.844;546049.426;457.8653;-255.7462;-255.7415;
867439.548;480787.088;480788.669;261.6509;-47.2773;-47.2739;
849619.733;556431.531;556431.199;-0.5581;399.4699;399.4656;
813055.748;541155.053;541154.845;935.5363;389.6191;389.6273;
808065.718;541157.889;541157.641;249.2023;48.1040;48.0999;
823146.351;547743.086;547742.718;-52.6457;558.3310;558.3133;
840948.487;544413.948;544413.422;404.3747;0.6361;0.6384;
761456.421;473759.533;473760.038;-312.9960;-435.5553;-435.5491;
778729.560;543124.733;543124.145;-252.5281;8.1703;8.1922;
823773.597;536870.457;536870.441;-426.8201;-100.5723;-100.5664;
924249.888;541980.904;541983.135;628.0776;358.0368;358.0474;
785447.772;468402.736;468402.422;112.0424;-363.6972;-363.7301;
820838.100;513919.395;513919.554;-32.9078;-20.8518;-20.8435;
810798.168;549183.017;549182.550;154.3306;223.7937;223.7725;
833187.543;546582.014;546581.573;273.4107;410.1583;410.1510;
940316.653;688038.098;688037.783;393.2770;470.4704;470.4669;
832108.629;522163.768;522164.089;359.9634;357.0363;357.0387;
743407.007;475402.523;475403.588;-603.3152;-100.2771;-100.2661;
828783.425;529688.061;529688.133;-555.4723;24.2937;24.2911;
813205.260;529989.451;529989.437;-285.2983;323.3931;323.3816;
814103.710;525069.151;525070.618;690.6771;796.1760;796.2027;
818716.063;543496.953;543496.647;760.9085;-5.8191;-5.8148;
817870.098;506392.379;506391.608;586.8294;-60.7785;-60.8012;
764381.426;547804.380;547804.350;-344.6986;699.6995;699.6937;
764655.804;464368.936;464370.115;-265.0351;128.0874;128.0774;
814984.635;556108.897;556108.142;181.9325;-31.3396;-31.3400;
808318.590;537213.072;537212.522;-276.9381;269.2618;269.2591;
791618.727;530500.267;530499.587;656.3424;986.9697;986.9525;
823944.760;530192.071;530192.024;154.9260;320.3345;320.3494;
826380.904;545076.263;545075.885;-680.9530;249.9702;249.9501;
853077.575;566592.411;566592.202;189.3991;399.3625;399.3610;
729226.415;544043.645;544042.582;-7.2428;220.4177;220.4178;
798879.947;461706.417;461707.492;-186.2498;-141.7854;-141.7930;
828579.239;544484.922;544485.085;625.0271;597.5440;597.5191;
799438.210;531405.551;531405.126;544.0064;126.9132;126.9138;
767170.271;459619.592;459616.931;107.7647;408.8178;408.8392;
850559.451;539344.509;539344.166;1139.7897;-1.8006;-1.8078;
841952.992;529627.022;529627.123;155.8250;64.9958;64.9889;
804519.586;543884.507;543883.936;-224.1399;600.3415;600.3255;
823330.132;552817.549;552817.194;-355.3000;95.8784;95.8743;
753895.735;388509.803;388512.852;15.2834;92.3991;92.4068;
837126.272;544078.503;544078.276;322.4426;109.5679;109.5719;
832716.145;554458.041;554457.533;328.9374;715.6520;715.6537;
760328.300;482530.551;482531.032;-248.0702;-100.4850;-100.4747;
854077.971;561388.652;561388.240;179.7329;347.9033;347.9178;
