# This file was created for the Modelling and Simulation course, RUG (September-November 2019).
#
# Project: Simulate colliding galaxies, using Barnes-Hut algorithm.
#
# Students:
#     Stefan Evanghelides (s2895323)
#     Hidde Folkertsma (s2759799)
#
#     X         Y         Z         DX        DY        DZ
212242.795;441924.966;441925.323;9.7613;12.0103;12.0209;
245423.454;439228.193;439228.010;-32.9929;-1.4147;-1.4197;
162228.874;401615.033;401614.958;10.7893;21.2136;21.2114;
127576.035;518800.136;518800.460;2.8703;1.1926;1.2022;
165864.495;397306.646;397306.504;23.4427;43.3754;43.3713;
224876.490;552476.357;552476.211;-84.6036;-25.7905;-25.7947;
123470.531;574278.357;574278.212;90.8747;-52.6374;-52.6418;
182775.952;528724.104;528723.725;20.2314;-45.8533;-45.8629;
266326.520;464331.247;464331.175;-27.9291;5.0440;5.0419;
150788.091;541245.889;541245.481;60.0087;-18.1706;-18.1824;
167180.520;566965.872;566965.921;18.1752;-50.5017;-50.5002;
254693.200;503124.773;503125.090;-103.7211;-3.6653;-3.6560;
185037.740;507957.057;507957.486;246.6261;-49.2492;-49.2399;
145498.126;479639.567;479640.036;141.8633;51.4126;51.4264;
221519.167;421505.925;421506.152;24.6598;55.4940;55.5008;
163184.411;414318.778;414318.619;4.0668;25.8467;25.8421;
183348.570;541445.272;541445.072;4.5555;-31.9276;-31.9332;
260215.800;507475.900;507475.566;-160.4886;5.0064;4.9972;
158118.230;588461.090;588461.460;17.4590;-49.1163;-49.1053;
201054.538;500204.117;500203.829;158.6295;-6.2716;-6.2763;
140593.578;567152.776;567152.315;51.1702;-25.5084;-25.5215;
217795.074;486717.001;486717.361;-27.3973;71.0263;71.0359;
217817.233;509939.826;509939.851;-267.9433;-43.0659;-43.0660;
245108.207;462567.986;462568.204;-93.4165;54.2031;54.2092;
219972.841;505810.745;505810.508;-291.6664;-20.4784;-20.4840;
115444.203;524852.512;524852.814;64.7194;-4.0854;-4.0763;
214761.748;486786.324;486786.588;-230.0169;94.9433;94.9474;
238887.617;374358.256;374357.858;4.1290;9.7259;9.7139;
257516.841;480750.316;480750.327;-68.8863;13.8223;13.8227;
223505.099;561900.185;561900.065;-26.5760;-70.4178;-70.4211;
215461.024;504290.650;504290.705;-127.0282;-1.1810;-1.1797;
167676.395;498877.173;498877.222;181.3833;12.0849;12.0865;
112823.758;519166.688;519166.243;102.8980;-5.7045;-5.7175;
236946.459;484899.955;484900.424;-213.4019;40.2187;40.2308;
204736.791;493764.646;493764.708;-23.1250;141.1453;141.1446;
187009.765;475035.676;475035.785;127.4769;103.5858;103.5889;
162109.846;567891.503;567891.896;76.4221;-46.7059;-46.6960;
127776.743;547611.701;547612.227;30.1122;-6.3258;-6.3100;
188838.903;472294.872;472294.640;125.0873;112.1796;112.1732;
134013.591;498797.074;498796.994;102.1558;6.5503;6.5480;
201987.351;500994.673;500994.956;139.6418;14.9112;14.9167;
197780.977;552894.187;552894.064;-20.5826;-81.2878;-81.2912;
208778.274;487060.386;487060.250;118.7323;253.2470;253.2468;
194599.571;483605.852;483605.680;60.0867;28.8929;28.8879;
249127.124;432104.571;432104.472;-88.5401;91.5962;91.5932;
223267.260;470227.075;470227.075;-42.5995;60.5076;60.5074;
205018.043;509591.164;509591.082;34.5163;-160.3422;-160.3437;
251118.235;437413.194;437412.983;-20.0174;15.8406;15.8343;
176220.038;519982.771;519982.706;111.9532;-17.6183;-17.6200;
209313.455;490304.223;490304.217;-8.6827;136.7086;136.7066;
245526.632;457588.620;457588.724;-59.4409;25.2884;25.2913;
139967.439;419962.058;419962.065;73.3725;59.6522;59.6523;
329287.616;468360.701;468360.904;-23.9642;4.6193;4.6254;
188221.616;469422.511;469422.410;112.0712;100.3869;100.3840;
174558.264;520770.186;520770.771;165.0445;-23.4481;-23.4323;
215429.805;504618.298;504618.536;-261.2937;-45.9615;-45.9568;
231345.303;569999.480;569999.552;-22.2556;-26.3587;-26.3567;
242895.823;417432.627;417433.171;-28.4635;54.4475;54.4634;
259697.300;379913.976;379913.890;-18.3047;21.1152;21.1126;
220261.785;492728.519;492728.480;120.8738;618.9145;618.9129;
204818.215;591676.107;591676.569;-5.0710;-24.8637;-24.8498;
220080.920;511804.895;511805.356;-94.4824;-38.9282;-38.9162;
199959.119;498068.212;498068.246;53.6595;2.2398;2.2407;
206361.061;517217.517;517217.523;47.0596;-55.3474;-55.3474;
199395.362;517116.519;517116.437;104.4573;-179.4394;-179.4409;
214188.200;526902.343;526902.150;-100.0290;-176.3793;-176.3842;
152438.546;432708.176;432708.148;3.5922;8.9677;8.9669;
188390.545;527143.763;527144.038;59.7982;-103.5984;-103.5910;
176380.674;537090.355;537090.794;106.0086;-69.9810;-69.9691;
200916.050;503655.953;503656.031;165.1147;1.3962;1.3973;
220140.346;523032.133;523031.773;-181.4027;-167.2877;-167.2966;
226582.869;445733.131;445732.744;11.8950;30.1220;30.1108;
177757.964;518485.189;518485.701;89.8628;-20.3698;-20.3553;
210440.518;590377.047;590377.044;-4.6623;-23.0193;-23.0193;
191803.909;487812.491;487812.875;77.9309;26.1931;26.2036;
126585.850;547864.743;547865.032;85.1280;-19.3678;-19.3594;
273146.468;494524.865;494524.873;-37.0571;6.8690;6.8692;
197416.492;481862.563;481862.835;126.0031;90.4774;90.4834;
180631.128;498630.629;498630.724;123.4321;27.5272;27.5298;
177364.895;552074.641;552074.966;27.0921;-34.2314;-34.2222;
201606.716;497224.822;497224.615;167.6448;-2.0352;-2.0396;
195361.634;535753.060;535753.187;-8.6966;-31.1283;-31.1245;
218656.368;521128.258;521128.261;-163.7889;-211.4743;-211.4740;
202709.323;500880.518;500880.451;115.7467;8.1198;8.1185;
175033.677;568773.740;568773.302;-43.7524;-71.4680;-71.4793;
214195.303;510283.578;510283.647;-167.7686;-74.7344;-74.7338;
264144.237;520749.855;520750.161;-138.4937;-69.7929;-69.7844;
196895.871;503350.669;503350.331;355.3430;-147.1650;-147.1691;
207082.366;497640.024;497639.453;14.3369;11.2544;11.2415;
220883.067;491436.377;491436.215;155.8590;545.4258;545.4221;
220537.445;480595.651;480595.258;-125.5282;144.6191;144.6112;
201024.117;499192.295;499192.103;30.5286;-3.3496;-3.3550;
179641.741;403114.162;403114.303;-30.5587;24.7560;24.7600;
205594.864;465424.333;465424.094;-12.7121;115.9341;115.9273;
222747.739;572442.462;572442.835;-9.7007;-27.2993;-27.2883;
262248.251;583127.262;583127.006;-34.1325;-30.5381;-30.5458;
155427.563;483357.747;483358.174;43.1476;12.8791;12.8917;
131568.540;434390.077;434390.070;87.8162;6.6613;6.6611;
179572.901;436147.869;436147.687;1.6235;8.6612;8.6557;
120091.409;456783.015;456783.542;47.2528;9.7240;9.7398;
816135.957;506093.834;506094.133;-79.5601;-33.5672;-33.5592;
793479.972;536834.094;536834.290;6.0114;2.2733;2.2790;
873968.622;541489.782;541489.522;-83.4145;-8.8170;-8.8247;
778033.879;504266.140;504266.421;149.6797;-81.5873;-81.5802;
900080.049;547011.812;547011.301;-97.2744;-18.6816;-18.6966;
848324.896;511247.785;511248.036;-104.1516;4.8154;4.8211;
735310.009;449497.136;449496.758;85.7758;73.5610;73.5499;
737613.603;507304.779;507304.228;34.5663;-17.0923;-17.1077;
765115.693;474699.120;474698.979;119.5652;90.8352;90.8321;
758648.466;526367.015;526366.776;45.8530;-38.0655;-38.0725;
755719.695;465821.235;465821.078;32.4326;27.7365;27.7322;
806183.153;594383.982;594383.831;15.0766;-91.6571;-91.6608;
875956.571;489208.237;489208.483;-150.7414;15.4685;15.4758;
793381.333;490511.962;490512.207;350.5037;0.7011;0.7032;
835300.553;542448.056;542447.790;-13.7006;-46.8636;-46.8706;
825281.417;469878.226;469878.006;-193.2718;105.3080;105.3028;
793558.917;493684.492;493684.859;436.2756;-72.3400;-72.3360;
834747.268;454141.958;454141.978;-129.2944;144.4696;144.4700;
731089.620;514389.661;514389.150;102.9607;-100.1242;-100.1388;
811962.288;522383.624;522383.247;-42.9541;-83.2980;-83.3086;
717682.670;503849.365;503849.245;121.2656;-12.3756;-12.3795;
839422.423;531924.087;531924.454;-92.5021;-28.7390;-28.7296;
812132.608;511975.954;511975.540;-37.8211;-15.0210;-15.0332;
876141.933;614719.299;614719.419;-11.8701;-18.8404;-18.8368;
792520.130;489706.926;489706.969;350.4976;101.7840;101.7849;
705407.474;565663.649;565663.609;45.4067;-24.6689;-24.6701;
864609.602;570103.535;570103.621;-34.0075;-28.7154;-28.7128;
748390.358;481615.112;481615.340;59.1541;9.7777;9.7838;
839021.180;584826.483;584826.632;-29.9868;-44.0884;-44.0840;
746456.598;577086.954;577087.063;18.4856;-26.6117;-26.6085;
828651.461;463715.690;463715.672;-156.7606;90.9516;90.9506;
813748.791;496541.534;496542.008;-123.5900;-28.4399;-28.4273;
787096.602;512505.920;512505.587;90.8071;-106.5103;-106.5188;
846816.332;554061.123;554060.978;-44.6025;-39.5485;-39.5528;
803805.389;496912.912;496912.763;-52.9713;-85.5314;-85.5335;
806873.933;491855.746;491855.509;-227.8900;-2.3242;-2.3277;
841762.377;518355.907;518355.448;-31.7985;-30.3749;-30.3876;
699526.931;587667.039;587666.799;14.3575;-15.8572;-15.8645;
800658.085;494569.924;494569.737;-90.7867;-183.9521;-183.9529;
793816.628;544665.881;544666.061;17.8498;-82.5165;-82.5115;
839847.706;453106.057;453106.420;-159.9873;79.8677;79.8775;
826955.148;482020.530;482020.516;-174.3015;-8.4233;-8.4238;
771537.334;512890.088;512890.185;34.7717;-25.2103;-25.2075;
878441.143;560503.713;560503.645;-18.6207;-8.5004;-8.5025;
688127.027;470435.160;470434.927;64.0899;16.4082;16.4013;
739441.302;486156.433;486156.094;175.7034;4.5918;4.5838;
830064.500;506244.405;506244.025;-171.7231;-30.1246;-30.1342;
811191.594;518128.442;518128.239;-56.8118;-88.1211;-88.1270;
826355.286;475778.457;475778.528;-37.9796;-7.9600;-7.9580;
826890.294;471574.365;471574.349;-117.1443;-16.9442;-16.9446;
857266.698;513768.317;513768.071;-134.3594;-22.7493;-22.7561;
883869.729;586198.020;586197.580;-53.9910;-39.4326;-39.4457;
828031.227;454197.804;454197.822;-46.8808;204.4439;204.4449;
811923.941;486252.170;486252.165;-220.5466;118.2582;118.2586;
756367.836;561309.112;561308.804;45.4311;-45.8059;-45.8150;
749281.285;484510.744;484510.671;31.5199;14.2117;14.2096;
767364.570;463149.076;463149.534;-1.4878;157.9164;157.9284;
775196.329;483071.505;483071.631;60.2944;29.5223;29.5259;
806531.636;505910.409;505910.559;-82.3192;-190.5490;-190.5453;
765180.742;530896.848;530896.711;91.4923;-45.2457;-45.2494;
854453.318;558405.219;558405.262;-17.6812;-19.4744;-19.4731;
797632.646;469935.974;469935.805;25.8332;131.4184;131.4140;
712941.895;503859.735;503859.863;199.0827;-50.6594;-50.6562;
784889.475;486348.477;486348.402;119.3830;113.1368;113.1369;
848854.013;560649.118;560649.207;-42.7336;-47.7531;-47.7505;
718278.471;497840.587;497840.628;44.0009;38.2592;38.2605;
880965.836;541268.566;541268.735;-53.6261;-3.8948;-3.8900;
750761.358;492387.329;492387.436;169.0985;-55.7139;-55.7113;
800788.106;510817.289;510816.981;-2.0380;-171.9531;-171.9603;
794378.423;486135.097;486135.153;120.3421;118.7528;118.7546;
802169.468;488922.849;488922.687;-264.8725;284.7923;284.7932;
761585.925;494334.830;494335.082;70.2960;-60.9523;-60.9459;
813314.151;574073.892;574073.892;-20.8196;-24.3849;-24.3842;
803736.227;486326.343;486326.366;-149.0251;228.5050;228.5067;
827118.626;477059.129;477059.030;-126.5910;-27.1273;-27.1301;
723015.541;426962.754;426962.393;36.5566;41.6364;41.6256;
823077.548;465453.209;465453.161;73.1080;145.3886;145.3875;
733365.806;535422.517;535422.835;26.1153;-16.2808;-16.2713;
892905.138;455222.751;455222.698;-60.1575;23.7052;23.7036;
770078.064;543786.777;543787.156;51.9536;-62.7734;-62.7628;
793766.832;466847.047;466847.023;6.1603;42.6959;42.6953;
800287.219;491786.842;491787.108;-232.4651;-84.1015;-84.0959;
810173.783;553812.808;553812.914;-33.1744;-71.1860;-71.1830;
797398.780;490791.572;490791.829;56.6891;-144.6021;-144.5992;
726227.948;478939.326;478939.387;142.1864;43.8097;43.8113;
738111.846;449239.447;449239.687;45.9174;41.2292;41.2364;
855848.396;492374.542;492374.735;-87.6720;6.2297;6.2353;
786714.648;557349.038;557348.592;27.5590;-49.1438;-49.1566;
763518.195;448986.102;448985.939;7.8568;42.3298;42.3250;
759347.742;475349.587;475349.524;93.3037;75.9088;75.9077;
753082.263;402112.736;402112.341;5.1394;28.1591;28.1472;
804807.483;446663.939;446664.164;28.3718;133.2500;133.2564;
756918.620;472244.963;472245.387;97.5011;87.9607;87.9724;
802710.840;490850.573;490850.671;-384.7747;45.9447;45.9485;
775278.342;482226.902;482226.874;182.3419;98.3524;98.3524;
751226.873;371441.693;371442.001;1.3558;9.8262;9.8355;
796559.231;494008.848;494008.864;11.6898;-58.5162;-58.5159;
800549.720;497142.372;497142.730;-29.0971;-196.3838;-196.3784;
807698.541;584100.943;584101.397;31.8728;-61.7468;-61.7348;
745222.601;470477.112;470477.650;77.7764;27.4921;27.5076;
