# This file was created for the Modelling and Simulation course, RUG (September-November 2019).
#
# Project: Simulate colliding galaxies, using Barnes-Hut algorithm.
#
# Students:
#     Stefan Evanghelides (s2895323)
#     Hidde Folkertsma (s2759799)
#
#     X         Y         Z         DX        DY        DZ
260686.982;589763.207;589763.954;121.2887;107.2009;107.1917;
228615.082;673112.519;673113.354;73.8112;192.3564;192.3624;
281690.718;582656.341;582657.192;164.9688;445.2543;445.2557;
333997.620;543751.291;543751.450;414.0460;105.2248;105.2255;
272646.223;590028.321;590029.154;-178.2792;-183.9906;-183.9882;
263906.533;557137.082;557138.274;806.1560;286.3646;286.3333;
266345.077;611698.025;611697.661;38.5552;277.6121;277.6124;
310559.161;578216.992;578217.782;85.2169;21.8952;21.9031;
276432.873;583607.951;583608.276;445.4892;108.6862;108.6877;
262167.006;548322.606;548322.633;170.2469;-206.1260;-206.1561;
291319.233;497032.583;497031.907;13.5612;362.0889;362.0819;
181734.120;566346.651;566349.876;397.9191;87.2638;87.2668;
276129.973;587949.066;587950.112;375.1282;591.2157;591.2110;
341610.394;490224.091;490225.914;326.2074;202.5074;202.5300;
226162.415;800440.404;800442.575;66.5909;484.8659;484.8656;
323840.412;514429.881;514430.356;317.3132;112.9410;112.9580;
262189.461;571105.043;571106.464;148.5526;245.4206;245.4304;
311572.664;561927.399;561928.000;359.1970;589.3826;589.4146;
427768.158;372904.194;372908.093;362.4042;-235.2075;-235.2006;
262193.665;563286.616;563286.954;340.7066;315.8742;315.8763;
294882.197;400099.829;400099.581;103.2912;-95.6990;-95.7071;
289129.554;530913.499;530913.764;67.6481;297.8851;297.8723;
265639.101;577637.589;577638.710;-35.7909;-55.8990;-55.9129;
272898.607;577300.853;577302.365;-318.8056;645.9672;645.9613;
287498.875;554364.611;554365.559;286.9174;110.4257;110.4221;
305871.006;519403.454;519402.922;-358.5429;97.7151;97.6737;
254417.098;460449.630;460447.127;45.6014;220.1710;220.1797;
281586.411;533755.686;533756.507;-267.3097;-110.9950;-110.9985;
283892.487;553927.510;553928.282;641.1848;363.9871;363.9942;
314848.668;533566.994;533566.499;80.3348;97.3866;97.3835;
300734.435;518242.908;518242.011;239.8583;260.1017;260.1089;
243534.413;558939.967;558941.431;-417.3884;74.0353;74.0680;
268862.530;568901.295;568902.716;-443.3027;134.5417;134.5713;
248623.394;561475.244;561476.200;89.4874;409.3709;409.3679;
283463.479;556136.355;556136.587;-354.1686;-152.9525;-152.9457;
252834.801;555752.636;555751.332;583.4724;182.9604;182.9670;
269377.890;593443.085;593443.069;724.4924;28.6964;28.6842;
283473.912;555239.154;555239.272;-243.0286;471.4703;471.4672;
341524.273;531594.883;531593.125;249.4876;144.7175;144.7243;
254981.973;555119.284;555119.937;639.0071;567.7127;567.7205;
261013.303;503461.843;503463.913;360.4032;-9.2776;-9.2744;
226296.243;676458.607;676459.613;162.3634;161.0695;161.0672;
190028.065;703877.113;703878.546;30.4183;245.7746;245.7762;
275676.015;565616.865;565617.543;181.9019;-151.2234;-151.2160;
280017.660;606577.386;606576.054;458.2874;128.2599;128.2640;
265221.783;556392.927;556393.921;399.6952;90.9116;90.8943;
277402.898;583297.954;583299.144;359.9709;243.4572;243.4525;
228293.316;500146.861;500146.868;31.5587;-2.8306;-2.8297;
266082.534;588045.548;588046.601;597.1519;388.4459;388.4438;
245697.142;628636.987;628638.588;312.1896;296.2843;296.2914;
235491.413;511190.058;511192.812;-75.5885;-53.8594;-53.8397;
277343.964;559942.844;559943.360;-1.7317;113.0897;113.1113;
298933.244;422968.931;422968.285;305.0468;-154.2978;-154.3036;
300525.366;595636.403;595636.479;534.9624;364.5780;364.5581;
378507.203;586662.933;586661.177;646.3620;95.2493;95.2368;
362519.351;424434.580;424438.255;350.1621;-164.6320;-164.6244;
324736.760;545694.056;545692.318;338.4786;188.3473;188.3460;
240405.531;524949.397;524949.033;-138.7490;164.8708;164.8716;
243271.567;529513.340;529514.260;491.4254;70.9500;70.9464;
275451.247;546606.038;546606.660;251.5484;-33.2282;-33.2409;
392976.685;531351.784;531352.971;423.4776;50.7527;50.7509;
272946.803;548073.778;548075.197;375.7672;-524.2183;-524.2119;
291683.757;545543.982;545544.406;177.3050;339.6355;339.6315;
300033.416;574565.122;574565.784;787.1988;66.4120;66.4021;
250591.752;774103.259;774098.332;56.9965;574.1644;574.1592;
252692.008;559002.549;559002.724;213.2240;-89.6624;-89.6631;
363370.695;418874.874;418875.984;449.7203;-178.6101;-178.6054;
250129.230;504499.827;504499.267;330.9515;23.0023;22.9996;
144722.937;611954.516;611956.280;-24.3759;212.0520;212.0549;
258531.860;566997.492;566998.622;88.4009;50.6330;50.6417;
325377.609;521090.110;521090.117;363.7383;-86.5211;-86.5313;
253605.873;569634.686;569635.626;-2.2309;349.5024;349.4842;
259769.287;559446.556;559447.314;43.7042;52.8874;52.8757;
265971.701;573334.911;573336.001;49.9350;323.8904;323.9002;
265051.446;562654.724;562655.060;108.3357;-120.0016;-120.0018;
288936.271;530842.163;530843.114;510.5606;-14.2576;-14.2757;
264680.496;538699.920;538700.529;-400.2683;101.4780;101.4871;
276215.266;563082.811;563083.349;258.5416;-193.6862;-193.6864;
317804.327;509879.712;509880.148;-100.9742;247.9742;247.9640;
259490.547;571897.019;571897.650;708.7012;754.5410;754.5888;
252738.006;577372.240;577373.896;53.8495;130.6951;130.7330;
316056.108;509682.445;509682.468;114.2857;4.7263;4.7415;
318762.292;699395.844;699394.841;496.0612;887.1807;887.1702;
313421.710;534869.510;534868.425;307.3663;117.2244;117.2133;
308870.048;607341.143;607339.051;-83.0307;162.3071;162.2968;
321278.365;476570.668;476569.993;184.3614;43.7721;43.7654;
316849.743;442606.463;442608.036;314.3235;-79.7170;-79.7103;
318768.070;382093.871;382088.767;397.9906;-109.9906;-109.9999;
312160.510;531722.903;531722.851;404.0676;353.5329;353.5192;
293247.959;614339.665;614338.614;-89.4854;-62.0560;-62.0482;
247814.392;528642.933;528643.983;341.3964;303.8398;303.8363;
229984.966;575227.255;575225.462;54.1319;-174.5772;-174.5863;
888449.277;615102.728;615102.406;170.1915;182.5227;182.5326;
727110.939;451121.686;451122.246;92.5595;26.6438;26.6539;
721409.300;463705.558;463705.979;-164.5132;91.9744;91.9623;
927993.367;647222.179;647220.887;900.2732;362.8259;362.8006;
729260.396;461983.098;461984.666;-383.8978;-44.1407;-44.1256;
907742.554;638383.278;638382.884;212.6590;-175.4501;-175.4375;
832882.012;526037.810;526037.676;-36.3785;-90.1455;-90.1488;
920133.571;584608.657;584610.859;266.7338;388.8765;388.8710;
904140.334;646281.049;646280.492;212.1760;116.0899;116.0878;
903940.856;648010.609;648009.602;185.8800;35.3984;35.4003;
763925.228;438288.034;438288.010;-113.9814;-74.7676;-74.7562;
881502.451;597758.383;597758.245;570.5185;237.7841;237.7673;
891621.181;619143.868;619145.019;121.6655;-97.7945;-97.7656;
697692.385;356999.067;356998.234;-104.0023;-180.0685;-180.0619;
900378.244;643351.669;643350.930;-469.2386;376.2893;376.2792;
929319.147;733899.091;733897.102;-57.9804;120.9076;120.9113;
886886.530;633777.939;633777.368;120.2622;-269.1002;-269.0845;
867848.807;576789.965;576791.644;232.0855;136.2466;136.2474;
845686.716;617270.166;617270.530;-283.5443;-18.4686;-18.4527;
858137.504;635413.003;635414.048;929.7891;542.6378;542.5916;
795298.459;552341.824;552339.079;64.6915;162.3391;162.3374;
730500.216;480391.329;480395.648;-322.6196;-192.7204;-192.7103;
870842.847;641761.673;641761.572;-593.1578;578.8105;578.8155;
715223.582;416709.168;416708.923;-101.4558;-137.2351;-137.2432;
912462.065;602390.085;602391.328;243.4459;426.1774;426.1723;
733148.675;462876.619;462876.909;-89.0672;138.2599;138.2687;
876254.664;637332.264;637331.861;492.4132;406.6002;406.5942;
753769.223;447877.891;447877.872;-284.9882;60.1608;60.1649;
908590.058;632646.211;632645.802;-275.5385;227.7572;227.7563;
891395.762;642695.515;642694.805;-76.3535;366.1202;366.1035;
663218.774;461117.012;461118.210;-121.5909;-6.0053;-6.0039;
877820.059;500525.039;500528.416;444.4775;-96.6077;-96.5866;
894495.142;630769.477;630768.925;-276.4623;468.0893;468.0976;
898209.106;624631.287;624630.130;100.7402;30.2551;30.2387;
905118.613;591272.771;591273.912;208.5042;170.7023;170.7227;
915410.944;649803.591;649802.428;496.1885;240.6634;240.6604;
873886.382;648780.158;648778.974;403.3745;291.8057;291.8050;
722387.268;541222.483;541225.681;-224.1088;25.4248;25.4325;
930370.035;602713.309;602712.618;654.6123;122.5719;122.5659;
896782.445;626744.354;626744.694;-166.3031;-445.5856;-445.5064;
882795.632;629391.940;629391.754;-518.4017;-243.6290;-243.6166;
931969.311;671224.236;671220.812;42.4484;210.9911;210.9778;
856484.285;646955.277;646953.959;424.2660;170.3298;170.3318;
885051.234;650860.977;650860.359;247.9221;233.3343;233.3353;
830814.033;449515.048;449517.928;100.5437;-83.3484;-83.3438;
645697.107;342354.338;342352.378;-236.0936;-175.9562;-175.9553;
877563.919;642205.601;642204.514;326.0869;442.7358;442.7288;
891086.864;633526.501;633525.945;-70.8416;479.1977;479.1848;
902545.807;527782.561;527783.143;-4.0210;255.6893;255.6836;
902653.260;606372.224;606372.476;449.0055;192.2340;192.2421;
890045.824;627816.303;627815.928;-516.7881;357.6465;357.6287;
885224.961;639768.946;639768.497;540.0523;277.2642;277.2774;
912675.111;627910.122;627909.562;-99.5779;279.5110;279.5106;
907929.623;642249.063;642247.804;431.2862;531.0331;531.0080;
679178.310;343529.974;343529.243;-186.5449;-324.3106;-324.3239;
903467.287;623121.280;623120.872;639.9591;490.2586;490.2820;
712551.947;454329.120;454328.023;-199.3823;-8.4334;-8.4475;
876795.877;643837.895;643837.264;471.7975;617.0937;617.0883;
879882.455;643227.986;643227.790;467.3290;205.2539;205.2470;
900589.000;639695.765;639695.372;416.9981;666.9914;666.9699;
891083.928;650058.468;650057.696;193.4738;747.5853;747.5775;
664776.179;473455.781;473456.664;-3.0768;-40.3630;-40.3694;
896223.677;635422.784;635422.278;419.4166;314.9675;314.9593;
878137.828;647045.356;647045.328;674.6980;273.6625;273.6641;
870267.508;601997.943;601995.145;-31.9658;15.2380;15.2700;
891304.556;632139.484;632139.181;883.9177;246.9612;246.9481;
729476.215;756045.592;756043.056;-19.1620;493.3393;493.3332;
743891.650;533700.169;533700.808;45.0234;172.5510;172.5567;
888503.475;584151.558;584152.633;150.7982;316.2819;316.2788;
905845.701;645089.719;645088.550;-388.9878;391.3777;391.3391;
892144.815;617652.187;617651.387;-72.5473;535.2438;535.2383;
892533.222;654398.688;654398.109;202.2698;-61.7695;-61.7755;
855763.083;578933.678;578935.884;203.1485;155.5200;155.5274;
856276.726;612949.898;612950.444;763.2366;221.3348;221.3532;
721660.929;456065.263;456066.472;-2.1294;-140.4638;-140.4642;
894255.009;647065.466;647064.216;-38.3881;-149.1939;-149.1885;
900505.267;620118.032;620117.569;420.8903;721.6792;721.6452;
943809.144;656148.685;656146.760;730.3750;381.8927;381.9454;
933482.257;602939.503;602939.919;-352.2069;420.3033;420.2993;
921691.735;646634.274;646633.380;754.8206;21.1884;21.1938;
923261.680;634720.699;634719.543;522.6697;-41.8635;-41.8710;
906682.928;638275.511;638274.651;-388.6655;864.3388;864.3231;
758298.696;446128.046;446130.319;67.2141;233.4112;233.3661;
920728.716;642009.603;642009.229;241.0815;396.0974;396.0865;
924802.184;653114.401;653113.401;79.7781;204.6000;204.6065;
765877.449;431780.258;431780.754;-37.5300;-105.3420;-105.3151;
873772.021;601323.109;601323.673;227.8614;60.5846;60.6113;
