# This file was created for the Modelling and Simulation course, RUG (September-November 2019).
#
# Project: Simulate colliding galaxies, using Barnes-Hut algorithm.
#
# Students:
#     Stefan Evanghelides (s2895323)
#     Hidde Folkertsma (s2759799)
#
#     X         Y         Z         DX        DY        DZ
268131.310;593431.053;593431.421;192.2633;56.1740;56.1671;
232403.112;681300.824;681301.934;90.7034;164.5353;164.5412;
287211.824;602324.224;602325.114;107.7548;410.6629;410.6620;
352098.344;548451.516;548451.645;374.1125;98.6146;98.6126;
266790.108;577127.372;577128.318;-46.7472;-369.3903;-369.3887;
292665.082;571810.736;571810.365;359.8418;284.0983;284.0915;
270312.569;620781.910;620781.655;132.9505;121.6274;121.6323;
311810.072;578122.597;578123.700;-21.1247;-13.9366;-13.9314;
295203.139;588327.574;588328.083;377.7087;97.3791;97.3853;
275039.476;544367.646;544367.134;338.6595;12.2301;12.2338;
292910.700;516031.307;516030.409;56.4440;471.5725;471.5701;
201882.501;570294.682;570297.979;479.9495;84.1846;84.1846;
292113.999;610478.687;610479.341;340.1749;388.0668;388.0548;
354909.602;500853.473;500856.211;254.4227;258.0310;258.0483;
229415.281;822442.468;822444.598;74.8900;472.0452;472.0437;
331503.204;519870.476;519871.432;44.2529;138.6174;138.6223;
277160.513;586444.839;586446.275;447.8725;378.9505;378.9423;
320173.003;588656.944;588658.819;41.5768;537.6795;537.6980;
444365.549;362261.028;362265.238;359.4783;-227.8219;-227.8152;
279605.314;572313.199;572314.116;347.6108;72.6380;72.6519;
299921.083;396004.876;396004.231;115.2852;-82.5891;-82.5981;
291993.645;546205.888;546205.641;38.2980;355.3660;355.3573;
272651.115;574674.534;574675.060;304.3508;-94.7103;-94.7146;
262539.156;602580.989;602581.663;-83.3873;449.7540;449.7321;
286895.146;562062.138;562062.572;-323.2935;244.6867;244.6727;
290578.409;525829.431;525827.394;-305.6846;186.0715;186.0516;
256683.354;470869.134;470867.046;52.6943;232.7821;232.7914;
270152.681;531258.314;531258.949;-217.6555;-7.2476;-7.2521;
301674.748;570840.097;570840.876;141.0436;351.4262;351.4184;
317253.878;538298.633;538298.068;17.9636;98.3739;98.3745;
312181.720;531808.572;531808.329;240.6837;305.6225;305.6410;
238097.066;564292.726;564294.707;81.1366;149.2335;149.2322;
255165.625;570940.150;570941.402;-11.7953;19.9945;19.9662;
273770.750;577120.240;577120.730;839.8128;237.3304;237.3262;
264658.290;554575.702;554576.502;-310.2439;105.8160;105.8274;
289023.016;570248.885;570250.490;777.8504;346.2376;346.3123;
300814.877;589938.540;589938.530;568.8563;-121.4047;-121.3883;
265041.807;576294.429;576295.092;-396.2262;397.0402;397.0652;
349172.212;538657.321;538656.105;89.1102;165.4413;165.4574;
291750.671;584258.490;584259.372;714.6462;541.9246;541.9223;
277713.660;503528.198;503530.337;366.5787;12.3939;12.3937;
234096.110;683312.001;683312.898;176.6080;137.4251;137.4227;
191608.636;715007.565;715009.070;37.9869;238.4632;238.4647;
276588.565;558769.383;558770.180;-11.3197;-76.8871;-76.8914;
300786.139;611124.746;611123.786;436.3068;64.0955;64.1078;
284146.856;563340.931;563340.904;397.8759;211.8990;211.8813;
286158.706;592046.953;592047.653;134.7370;122.7714;122.7597;
231472.234;501836.205;501836.505;103.5302;79.9301;79.9448;
294151.514;597393.477;597394.318;580.6171;91.6627;91.6506;
260698.546;641297.156;641299.038;338.0689;254.8351;254.8403;
233445.613;509323.368;509326.628;-19.7645;-38.2319;-38.2317;
271101.969;566780.537;566781.782;-107.6459;230.8339;230.8337;
313010.286;415961.225;415960.313;306.6773;-150.7396;-150.7453;
321055.394;610922.549;610921.606;351.9256;297.0785;297.0558;
406374.702;590476.438;590474.157;569.4051;72.5049;72.4946;
378498.197;417040.485;417044.495;346.5650;-159.3089;-159.3029;
338704.073;554100.250;554098.629;268.9116;175.3646;175.3707;
235332.545;533198.230;533197.988;-84.4708;191.8937;191.8975;
267257.437;534034.731;534035.449;550.1414;128.7853;128.7801;
284395.961;554762.137;554762.296;101.9377;386.0358;386.0338;
410579.007;533958.747;533959.825;345.9669;62.8270;62.8241;
288828.201;530485.779;530486.541;342.0792;-296.3288;-296.3572;
290583.862;565692.040;565692.488;-224.8562;514.1748;514.1784;
329678.851;575629.542;575629.813;490.9510;18.6982;18.6937;
253175.473;800457.810;800452.673;55.1479;572.0477;572.0438;
268825.864;557669.887;557670.367;476.9917;37.2369;37.2484;
383940.187;410819.927;410821.251;443.2899;-170.0768;-170.0713;
265617.811;505997.877;505997.275;343.5642;41.2738;41.2742;
143855.911;621631.609;621633.504;-13.7609;208.8572;208.8600;
269659.804;566923.590;566924.472;413.5667;7.2507;7.2346;
340162.195;517486.376;517485.921;286.3838;-67.5602;-67.5695;
263114.149;581665.065;581665.321;401.9324;181.8083;181.8001;
275145.041;570743.308;570743.870;547.2973;323.5211;323.5243;
268492.961;586731.636;586733.066;66.4436;252.4302;252.4345;
276956.333;561231.825;561232.599;377.4704;101.1816;101.1917;
312269.351;532209.218;532209.064;490.4013;45.0597;45.0316;
252774.539;549300.874;549301.771;-100.6294;317.4407;317.4432;
281482.583;555187.837;555188.416;60.2854;-70.7516;-70.7522;
312517.148;524982.800;524982.668;-132.7370;409.2191;409.2062;
293890.377;601742.264;601744.597;731.9298;574.8575;574.8668;
263402.843;579515.277;579517.758;396.0537;-28.7038;-28.7104;
321378.659;513765.197;513765.907;107.3300;174.9767;174.9897;
341504.502;739962.262;739960.780;493.1786;877.4394;877.4291;
327853.129;541414.865;541413.338;306.1160;152.7404;152.7327;
302497.656;612458.918;612456.842;-192.2494;51.1728;51.1872;
329584.024;479786.981;479786.050;176.5285;93.1867;93.1821;
331292.828;439112.302;439114.172;313.6278;-72.6896;-72.6833;
336995.910;377482.358;377476.877;394.9790;-91.6804;-91.6878;
329625.607;549439.720;549439.070;341.8897;397.0515;397.0389;
288122.108;607287.606;607287.109;-109.4646;-263.9910;-263.9684;
264618.676;543662.194;543663.032;390.7471;351.8834;351.8772;
238168.035;565969.863;565968.270;293.6344;-212.9787;-212.9613;
897310.271;626543.076;626543.149;210.2290;298.9973;299.0053;
731010.420;453755.087;453756.076;79.6732;76.2414;76.2496;
716305.808;466400.508;466400.606;-66.0678;25.0781;25.0808;
960923.609;662039.317;662037.192;591.7623;293.3541;293.3419;
711753.262;458515.489;458517.275;-340.2723;-79.6629;-79.6719;
906500.966;634308.152;634307.789;-190.4274;25.5345;25.5300;
831386.216;522427.600;522427.321;-30.0393;-68.4278;-68.4308;
929795.749;605440.852;605442.527;145.6603;511.6565;511.6395;
903994.496;647872.567;647871.749;-171.6567;74.9831;74.9772;
910037.847;648589.054;648588.220;81.0790;11.9784;11.9832;
758099.318;434774.887;434775.611;-135.4833;-77.4831;-77.4641;
907789.788;613833.311;613832.609;562.9304;471.8962;471.8983;
901677.744;629026.250;629026.114;246.7696;425.5611;425.5100;
692669.957;348810.016;348809.488;-113.4975;-175.7947;-175.7882;
882436.909;653106.115;653105.330;-5.0310;121.0224;121.0269;
926285.963;738475.917;738474.112;-73.1849;77.6598;77.6641;
899354.824;626776.981;626777.213;355.8405;-29.0587;-29.0420;
878187.302;584895.631;584897.314;213.5525;214.5798;214.5797;
836655.319;617213.769;617214.797;-133.4809;13.4301;13.4433;
919408.873;659592.807;659590.746;1442.4157;366.1939;366.1386;
798384.935;559858.144;559855.327;69.1912;164.3947;164.3933;
715685.596;470071.914;470076.234;-309.7361;-261.5562;-261.5721;
858843.815;664843.457;664843.258;-45.5742;439.5052;439.4987;
710695.926;410706.399;410705.785;-95.8857;-124.3872;-124.3951;
922511.506;623458.438;623459.260;178.6066;489.3522;489.3395;
725431.033;468197.904;468198.807;-253.1714;90.7620;90.7826;
909874.514;655436.133;655435.326;789.3136;357.1970;357.1820;
739963.059;450775.717;450775.987;-329.1042;74.1803;74.1894;
892099.308;645983.156;645982.545;-333.9551;387.0147;387.0070;
891878.661;656394.143;656392.939;165.7215;236.9305;236.9272;
658115.643;461405.226;461406.468;-98.1505;18.5943;18.5946;
898131.390;496347.550;496351.879;438.5494;-85.8014;-85.7810;
891872.717;655997.409;655996.794;296.3345;560.1218;560.1062;
898876.628;636427.544;636427.736;51.3044;424.5309;424.5739;
914177.298;601814.029;601815.921;182.7787;292.0120;292.0225;
930592.744;655607.303;655606.207;129.7647;50.5095;50.5145;
895509.501;659868.927;659867.933;537.5048;191.3437;191.3510;
712240.413;542362.404;542365.943;-217.7387;24.4062;24.4134;
956529.132;610077.625;610076.820;496.0155;190.4716;190.4716;
889305.453;614057.895;614060.289;-113.2192;-147.4670;-147.4546;
873719.583;623469.247;623469.390;20.0053;-58.4904;-58.4844;
932440.227;678878.613;678874.787;-24.5273;120.8859;120.8823;
879145.521;653985.339;653984.251;568.0567;142.4531;142.4603;
900963.130;652158.083;652157.375;497.2524;-91.5483;-91.5551;
835133.054;445859.222;445862.298;87.8962;-75.8547;-75.8506;
635169.149;334519.812;334517.904;-222.4244;-165.3320;-165.3307;
906598.992;655246.349;655245.727;751.8003;91.1825;91.1953;
893324.341;657065.537;657064.540;245.6065;479.2349;479.2291;
901998.714;540180.190;540180.514;-18.5885;282.8040;282.7984;
922447.213;616549.685;616550.269;403.3389;244.6146;244.6207;
882120.109;648803.587;648802.647;227.1663;583.1686;583.1626;
911209.968;652446.480;652446.266;527.1672;283.6663;283.6610;
897358.051;646816.439;646815.800;-389.5667;600.3498;600.3463;
916427.663;659610.317;659609.132;-140.5117;148.5074;148.5340;
670536.058;328842.812;328841.465;-189.5906;-314.6820;-314.6954;
916617.739;654055.728;654055.618;-85.0233;816.2083;816.1790;
707462.655;455412.834;455411.826;-34.4033;52.6512;52.6679;
909145.600;661219.623;661218.794;762.5883;75.3696;75.3633;
911919.325;650177.705;650176.620;663.5670;150.3124;150.2918;
914197.716;666864.611;666863.254;187.5219;474.9103;474.8926;
900541.401;669754.115;669753.091;211.0545;138.9456;138.9421;
665332.515;471029.907;471030.514;25.8091;-65.4376;-65.4430;
909167.298;652644.335;652643.408;124.5693;400.7870;400.7803;
913848.585;654128.189;654127.601;757.0710;74.4815;74.4563;
872493.534;605215.844;605215.142;118.8105;118.7955;118.8504;
924031.580;648360.286;648359.200;349.8082;515.4416;515.4277;
728739.700;778524.075;778521.265;-13.1810;484.3154;484.3095;
746131.507;541675.586;541676.492;52.3118;174.0358;174.0417;
895552.297;599895.216;599896.097;156.5132;367.7215;367.7165;
885810.946;654822.017;654820.726;-200.1285;57.4960;57.5282;
896571.474;655567.923;655567.471;384.1438;985.4516;985.4541;
902427.233;642850.329;642849.419;241.2287;-219.0762;-219.0794;
867256.034;587028.587;587030.974;294.8707;196.0329;196.0332;
896231.713;625512.457;625513.521;980.5730;333.5965;333.5986;
721259.626;451734.744;451735.666;-30.4970;-54.1149;-54.1240;
894034.113;640445.951;640445.383;50.1270;-85.6288;-85.6104;
909610.831;658586.677;658585.260;0.9144;865.4024;865.3992;
973022.321;671986.388;671986.897;561.3694;313.4408;313.4917;
911388.218;625453.315;625453.438;-630.5460;584.6270;584.6171;
942340.451;647075.402;647074.619;171.2099;20.6531;20.6534;
932985.991;636529.704;636528.674;-34.0890;128.6679;128.6786;
882783.926;666250.676;666249.782;-386.4926;276.7262;276.7336;
760795.724;456502.182;456502.275;35.9429;220.6625;220.6144;
926349.708;659158.466;659157.367;11.6999;330.2336;330.2176;
918385.124;654509.006;654508.249;-464.8498;-124.7988;-124.7960;
762601.067;429351.072;429352.645;-98.8241;-12.4087;-12.3882;
885470.132;605062.804;605064.463;268.8142;102.8512;102.8709;
