# This file was created for the Modelling and Simulation course, RUG (September-November 2019).
#
# Project: Simulate colliding galaxies, using Barnes-Hut algorithm.
#
# Students:
#     Stefan Evanghelides (s2895323)
#     Hidde Folkertsma (s2759799)
#
#     X         Y         Z         DX        DY        DZ
234643.467;482907.039;482907.145;61.7368;303.6445;303.6321;
209043.197;575990.705;575990.745;-92.9912;518.3674;518.3751;
186023.043;452336.729;452336.343;123.1945;263.3727;263.3732;
170732.557;517556.553;517557.641;291.7279;0.1185;0.1132;
222521.296;508929.184;508930.090;711.3945;654.8131;654.8108;
228462.597;506773.320;506773.870;-394.2357;482.2287;482.2316;
234233.328;454765.595;454764.791;-25.4391;15.3037;15.2943;
226539.250;490838.567;490838.908;-76.4625;272.1389;272.1495;
209341.273;491687.902;491688.361;-185.6480;238.9883;238.9977;
230544.887;482834.158;482834.411;164.4217;125.2744;125.2991;
280355.875;465155.697;465156.354;196.7732;-129.8530;-129.8559;
119225.175;530754.172;530754.737;-42.4276;122.7864;122.7966;
236948.221;525156.797;525157.128;578.0925;-319.7086;-319.6932;
209682.307;514117.016;514118.353;-405.8172;-486.0980;-486.0975;
211844.405;610434.991;610436.357;22.3564;672.3155;672.3207;
249186.987;520668.618;520668.963;267.1818;614.1736;614.1561;
231807.011;505955.729;505955.830;86.8571;87.9687;87.9743;
262744.623;536088.778;536089.001;-71.7253;16.7286;16.7145;
288024.015;469761.423;469762.399;569.7201;-362.8108;-362.7975;
245632.328;511648.074;511648.569;578.2922;-18.3560;-18.3703;
253446.800;457165.830;457165.109;208.3602;-328.8204;-328.8171;
227277.952;507013.015;507013.139;403.8488;-301.4065;-301.4189;
217371.247;514394.159;514394.751;325.1138;2.3237;2.3307;
238714.078;550565.678;550565.957;-15.1320;-199.1567;-199.1655;
226190.734;509985.459;509986.031;-8.0279;-440.6701;-440.6490;
299894.949;511963.402;511965.807;401.9390;-17.1380;-17.1270;
401573.334;669600.782;669602.026;1621.5428;1440.2548;1440.2629;
246463.712;399071.338;399068.019;20.6413;131.7700;131.7656;
221280.848;557559.065;557559.430;373.5778;154.5122;154.5098;
279645.700;507235.386;507234.915;277.7561;365.8536;365.8458;
206398.912;527110.712;527111.111;45.8628;-45.6101;-45.6054;
185277.362;540665.806;540666.437;236.8797;184.8214;184.8154;
226438.415;491182.861;491183.691;-664.9404;29.0203;29.0540;
222612.222;489399.455;489400.135;449.6132;41.9906;42.0220;
241824.698;505047.587;505048.006;653.7499;-84.4820;-84.4767;
254037.289;505853.953;505854.430;382.4516;-13.5736;-13.5671;
232536.561;489456.276;489455.600;-352.9641;320.0037;319.9874;
259603.966;501659.946;501660.660;620.4174;-17.1669;-17.1787;
259691.695;537906.597;537905.881;-369.3470;31.7705;31.7800;
206852.253;543541.298;543541.472;-206.7344;24.3758;24.3634;
229648.027;518236.931;518237.373;63.8347;574.4766;574.4776;
476958.349;981115.878;981116.907;844.6899;1466.2485;1466.2520;
198991.257;532994.606;532994.491;-77.4786;-84.2823;-84.2896;
213268.440;571623.661;571623.362;-85.2575;464.9081;464.9118;
193349.315;605524.843;605525.474;-64.0803;338.1038;338.1066;
225030.529;514585.009;514585.345;260.5715;-92.0592;-92.0507;
183716.985;501341.261;501342.885;-83.5813;363.8915;363.8945;
210768.313;492419.358;492419.927;121.0466;210.2721;210.2757;
232038.400;501273.436;501273.683;-430.8045;154.4469;154.4469;
241076.145;566265.728;566266.270;208.7912;22.9061;22.9065;
241198.315;522419.701;522419.949;-324.9943;365.2011;365.1860;
264148.877;484888.372;484889.924;-489.2760;141.5311;141.5231;
556191.479;995316.167;995319.063;1294.1693;1882.8160;1882.8265;
239533.070;557797.735;557797.641;246.9091;185.8179;185.8402;
228719.790;513243.538;513243.803;107.3556;-306.2692;-306.2762;
205908.836;499934.345;499934.627;112.2095;-400.4018;-400.3994;
360055.864;760525.002;760528.942;1281.1889;2271.2853;2271.3270;
225868.587;422503.137;422501.464;-128.5274;248.2124;248.2074;
247792.287;501370.707;501371.337;545.9393;-389.5598;-389.5437;
214270.250;516054.412;516054.126;264.3944;-553.6414;-553.6889;
199601.934;524666.777;524666.365;-75.9656;-86.1944;-86.1849;
228745.036;519991.157;519991.422;360.9217;-66.3419;-66.3412;
181601.518;528947.167;528947.631;-190.6506;-48.9389;-48.9330;
229167.021;519930.916;519931.257;83.9397;7.7106;7.7217;
171476.803;542147.718;542148.956;-94.9835;-92.2404;-92.2443;
244681.803;502990.253;502990.583;244.7080;887.7488;887.7577;
578174.014;717257.641;717255.396;1361.5696;812.0631;812.0554;
229532.176;511903.832;511903.697;531.6925;478.0635;478.0592;
569874.553;833311.058;833310.101;1111.8351;1019.0703;1019.0673;
206755.293;517853.367;517853.315;710.1342;-142.1156;-142.1163;
226548.926;560095.004;560093.989;82.8103;758.4463;758.4127;
215682.926;496288.447;496290.171;56.0326;149.5999;149.5881;
214548.905;520177.223;520177.549;159.8844;-525.0305;-525.0281;
197154.023;527819.479;527820.676;-124.0951;-122.1170;-122.1093;
176746.290;530145.702;530146.251;-238.3137;280.1496;280.1549;
240097.459;505760.728;505761.371;9.1141;-34.7437;-34.7315;
192646.266;533913.022;533913.555;117.3342;143.8755;143.8734;
238117.692;503828.990;503828.727;-70.7611;190.5165;190.5021;
238466.400;506859.422;506859.716;306.8535;-238.9565;-238.9597;
240112.993;508466.895;508467.487;98.1754;45.9248;45.9281;
238188.860;506866.887;506867.416;-181.6658;-66.3155;-66.2970;
241120.894;568252.658;568252.743;14.3038;280.5107;280.5039;
232214.329;483002.892;483003.041;-407.0619;213.5472;213.5595;
223460.075;514955.193;514955.336;223.6542;-152.1411;-152.1347;
146023.350;539334.386;539334.856;302.3123;100.0872;100.0905;
201869.252;520448.568;520449.430;394.3551;95.4842;95.4836;
241418.062;517832.540;517833.656;76.6393;-99.5736;-99.5926;
185941.852;529827.954;529827.964;-103.5306;187.5772;187.5745;
233469.298;488913.458;488914.063;371.1710;-148.2091;-148.2249;
201488.580;521181.155;521180.986;54.8781;-12.7777;-12.7747;
189927.809;485987.785;485987.181;402.6366;475.4822;475.4884;
208596.243;551136.323;551136.435;189.0122;-255.0306;-255.0342;
210933.324;502060.027;502059.193;176.3244;-394.4168;-394.4329;
197368.256;469536.946;469538.139;212.6343;-478.3585;-478.3695;
245536.428;538649.456;538649.862;-149.7057;-105.4325;-105.4066;
212433.012;496937.813;496938.303;513.7986;725.6922;725.7091;
180424.796;456102.214;456102.389;64.1411;130.7278;130.7347;
248212.916;491751.462;491750.326;659.4022;431.0953;431.0617;
824859.654;544123.276;544122.786;363.6628;549.1620;549.1450;
794582.529;471287.236;471288.207;-247.8329;-1.2187;-1.2169;
780232.328;469900.590;469901.528;-93.0610;-165.1279;-165.1361;
845493.689;551071.732;551071.284;271.0800;-372.9960;-372.9748;
792214.133;471930.696;471930.867;-41.3489;-206.6280;-206.6121;
835489.660;563780.492;563780.574;-26.7863;99.4333;99.4399;
854952.593;602793.177;602790.634;30.7055;159.7283;159.7283;
867569.235;575951.589;575951.530;-252.1646;337.5544;337.5515;
842670.575;549294.619;549294.435;440.5785;486.8060;486.8156;
958714.112;555548.908;555549.991;461.0339;234.5272;234.5291;
841079.195;554862.893;554862.544;229.2514;460.8481;460.8373;
746878.486;484596.525;484598.022;-299.9133;-120.2038;-120.1913;
828106.383;541423.760;541423.757;1452.7633;165.4049;165.3988;
817841.884;533368.016;533368.245;164.8463;280.1022;280.1065;
723476.112;425830.950;425830.068;-190.1735;-244.7832;-244.7858;
823787.380;543800.055;543799.728;-316.4088;21.1488;21.1336;
926916.585;650961.884;650959.516;80.0234;352.5669;352.5641;
805142.244;543141.196;543141.008;-502.5750;-250.1100;-250.0996;
850592.710;566164.653;566165.129;403.2546;386.7053;386.7017;
917894.057;559677.589;559678.367;226.2256;294.6597;294.6541;
794322.901;487525.260;487525.377;-92.9803;296.2206;296.2241;
784369.572;503667.298;503667.414;-20.5873;117.6523;117.6331;
844625.390;565268.275;565268.121;-271.1261;-386.1425;-386.1575;
821404.292;534058.099;534058.180;-305.3595;-93.0431;-93.0330;
886710.715;524828.096;524828.232;660.9969;208.9453;208.9476;
779989.716;494648.886;494649.443;-283.0065;-272.0406;-272.0299;
826791.648;565390.411;565390.206;-93.9204;-19.8718;-19.8733;
797499.236;472591.430;472591.897;-379.1803;-271.4855;-271.4742;
851461.639;527416.885;527416.317;747.0689;-1.8498;-1.8492;
838990.815;548402.455;548402.315;240.6828;-20.2065;-20.1911;
869651.477;587662.679;587662.982;820.0464;963.4143;963.4083;
777692.622;473160.405;473160.815;50.7800;-368.8904;-368.8893;
834428.496;541514.420;541514.389;-232.1059;4.4574;4.4542;
833758.759;533540.168;533539.875;-10.4742;128.6738;128.6726;
714300.952;484093.871;484095.296;-242.7744;-64.3794;-64.3824;
738753.675;553637.221;553635.069;253.3180;-188.2600;-188.2597;
819149.449;540849.691;540849.563;315.1314;499.6822;499.6710;
809977.985;530554.560;530553.769;720.3537;784.4819;784.4815;
800286.475;605073.633;605073.301;197.6269;199.0075;199.0092;
830515.559;553323.918;553323.418;145.7602;308.7249;308.7230;
846709.901;515186.342;515186.149;105.6555;225.9348;225.9373;
819108.652;534757.081;534756.766;-442.1860;-96.2297;-96.2165;
855347.026;539481.680;539482.874;383.5535;693.6209;693.6024;
811373.853;532633.196;532632.945;894.5045;369.7125;369.7014;
823682.120;529520.386;529520.430;-181.1429;567.3838;567.3935;
800218.766;525957.465;525956.611;333.1898;465.2895;465.2857;
773679.653;560342.856;560342.541;97.2902;319.6878;319.6834;
807897.635;526161.027;526161.135;-256.5307;398.4831;398.4732;
764956.668;484238.170;484238.068;278.4009;-59.5140;-59.5051;
746901.719;439914.626;439914.308;-299.9154;-456.3091;-456.3227;
828549.252;549410.560;549410.241;825.2976;-202.8650;-202.8517;
834679.976;538504.044;538503.850;314.4274;-218.2360;-218.2260;
874305.875;479996.121;479997.777;215.5698;-9.6881;-9.6862;
848042.857;567423.997;567423.555;-96.3540;358.3454;358.3422;
840804.414;551390.960;551390.831;795.8612;272.6029;272.6012;
817897.821;542583.233;542582.874;417.6936;54.3133;54.3102;
823237.421;559052.633;559051.937;81.4847;204.6067;204.6036;
841383.581;543982.352;543982.156;-329.7825;-13.1154;-13.0960;
753030.688;461657.429;461658.055;-269.1546;-398.9392;-398.9369;
776018.053;542807.077;542807.152;42.3896;-17.9371;-17.9148;
811735.573;537200.075;537200.024;-328.0307;113.3860;113.3789;
941915.762;552459.274;552461.777;594.2954;363.3726;363.3808;
788606.671;459689.064;459688.015;98.0963;-243.7979;-243.8172;
819783.901;517425.109;517425.382;-44.8658;257.8385;257.8381;
824748.906;550663.501;550662.779;667.6829;-126.3112;-126.3007;
837929.353;557318.628;557318.096;84.6291;316.8952;316.8966;
951586.897;701517.530;701517.112;384.3878;459.7431;459.7395;
838005.548;536668.938;536669.158;37.7471;634.6022;634.5926;
728108.661;473098.973;473100.292;-468.3184;-62.8198;-62.8126;
812205.167;533733.870;533733.778;-498.9308;258.4437;258.4353;
809222.118;542293.650;542293.268;17.7321;445.8056;445.7942;
835074.578;550764.131;550765.016;650.8975;896.5175;896.4462;
838251.267;542140.158;542140.026;446.2600;-48.6462;-48.6392;
834673.314;505600.331;505598.972;569.7169;-3.2630;-3.2816;
756318.131;567374.884;567374.660;-231.9363;653.4433;653.4361;
757645.370;469140.156;469140.950;-205.0221;199.9257;199.9080;
821323.923;553397.733;553397.050;244.3037;-147.2228;-147.2173;
809339.443;544546.150;544545.858;398.5275;221.6536;221.6687;
819376.935;558364.426;558363.622;1223.6968;826.1080;826.1188;
826115.360;543487.032;543487.152;-1.3876;552.4620;552.4522;
808216.069;549694.412;549693.670;-476.7851;61.1310;61.1276;
857312.529;576876.010;576875.764;114.8817;310.3068;310.3059;
729988.427;550464.517;550463.451;60.5528;224.3554;224.3545;
792778.226;458688.702;458689.476;-227.7104;-71.1631;-71.1753;
844968.109;560929.875;560929.249;505.7017;531.2601;531.2342;
820439.677;537324.579;537324.341;843.3565;289.2893;289.2985;
770747.549;472457.852;472456.181;148.9954;471.5620;471.6148;
876811.589;539606.749;539606.273;746.5562;14.6154;14.6133;
838688.966;534876.980;534876.836;-332.7193;336.2674;336.2591;
806864.371;556901.733;556900.950;363.2510;299.5171;299.5178;
817362.664;548402.470;548402.091;-22.2761;-348.9001;-348.8955;
754351.625;391299.645;391302.913;16.0533;99.8387;99.8461;
842643.130;546949.440;546949.317;75.5251;84.3003;84.3039;
839303.600;569750.444;569750.087;196.2134;381.6496;381.6578;
754671.483;479239.170;479239.926;-151.5136;-113.2210;-113.2124;
858348.781;571007.641;571007.659;116.0924;315.0340;315.0490;
