# This file was created for the Modelling and Simulation course, RUG (September-November 2019).
#
# Project: Simulate colliding galaxies, using Barnes-Hut algorithm.
#
# Students:
#     Stefan Evanghelides (s2895323)
#     Hidde Folkertsma (s2759799)
#
#     X         Y         Z         DX        DY        DZ
233039.267;475892.967;475893.381;62.9217;254.6568;254.6452;
211867.991;562020.046;562019.906;-132.1266;616.9725;616.9782;
183087.189;445914.225;445913.829;112.1884;249.3420;249.3423;
163827.023;517612.645;517613.857;259.9674;-4.4104;-4.4150;
207502.561;493667.692;493668.453;496.5873;577.1843;577.1961;
238828.847;497402.232;497402.618;-350.1925;222.4807;222.4904;
235069.485;455441.649;455441.107;-39.9817;-76.7772;-76.7886;
229013.875;485018.700;485018.778;-126.2997;185.4691;185.4792;
214538.630;485998.824;485999.047;-227.2522;214.8739;214.8831;
226723.107;481951.950;481951.642;110.4717;-51.7816;-51.7623;
274848.131;469183.059;469183.788;252.6689;-199.4277;-199.4304;
120834.319;527688.055;527688.363;-89.3390;121.9357;121.9459;
221687.593;530554.008;530554.002;638.1780;-123.9192;-123.9085;
222905.131;525031.021;525031.910;-619.5962;-316.6351;-316.5975;
211233.099;593152.920;593154.143;26.6754;713.6968;713.7033;
237763.668;503217.304;503218.024;666.2281;717.3668;717.3573;
229873.740;504424.302;504424.336;42.6971;28.9331;28.9316;
262366.535;534735.296;534735.870;109.1657;88.7060;88.6928;
272885.158;478977.119;478977.751;646.3661;-375.6135;-375.5995;
227595.476;511724.029;511724.709;772.0041;15.6643;15.6663;
247740.917;466046.400;466045.623;251.6743;-388.7447;-388.7442;
218628.175;514723.567;514724.035;259.6003;-308.2278;-308.2415;
213812.216;513890.720;513891.029;-55.8412;21.1401;21.1528;
238243.603;554838.789;554839.255;59.1078;-144.5190;-144.5250;
228520.901;519609.082;519609.166;-142.8180;-308.8576;-308.8433;
288866.312;512323.009;512325.091;484.2088;-10.9536;-10.9388;
360997.507;633525.712;633526.754;1625.3094;1446.3793;1446.3874;
245932.420;395861.510;395858.307;21.9888;124.7366;124.7319;
212058.812;553376.798;553377.198;357.3259;179.0595;179.0595;
270810.094;498220.178;498219.963;436.6481;353.1464;353.1339;
205655.491;527335.180;527335.468;11.7994;22.8753;22.8795;
180240.777;535178.002;535178.778;148.1684;247.9005;247.8951;
242929.475;493001.206;493001.101;-580.4318;-177.5217;-177.4865;
213471.635;490100.545;490100.406;267.7723;-89.8434;-89.8131;
223933.851;508633.090;508633.369;666.6783;-203.2182;-203.2135;
239044.893;506713.697;506713.988;810.3534;-49.4687;-49.4615;
240965.142;484482.247;484482.187;-266.3678;96.8619;96.8308;
238717.326;503181.842;503182.676;1034.5131;-120.0084;-120.0043;
267332.344;536434.098;536433.215;-241.0923;83.3299;83.3341;
212529.942;542152.013;542152.490;-253.5234;97.2281;97.2171;
230757.226;502436.800;502437.211;-182.3239;595.0393;595.0427;
455869.443;944431.860;944432.802;842.1670;1468.6415;1468.6450;
201178.379;534717.093;534717.179;-99.9992;-49.9387;-49.9476;
215936.438;558850.668;558850.313;-124.1486;567.8503;567.8498;
195170.248;596935.801;596936.365;-83.0973;350.8959;350.8983;
219929.103;515603.652;515603.835;108.3736;19.0448;19.0481;
186558.596;492405.239;492406.756;-146.7149;351.7304;351.7361;
209245.482;487898.313;487898.772;11.1952;152.7177;152.7226;
242479.605;499961.722;499962.044;-311.7300;-49.5243;-49.5283;
235249.385;564596.635;564597.123;258.8885;116.4404;116.4442;
243838.123;509830.438;509831.052;186.3837;616.7542;616.7426;
275487.566;481776.760;481778.450;-417.5686;111.3909;111.3879;
523814.484;948218.913;948221.545;1296.1947;1885.0773;1885.0879;
232654.288;552921.900;552921.296;301.5402;210.1030;210.1201;
227407.830;518861.256;518861.769;4.2132;-151.4249;-151.4359;
204223.663;510166.787;510167.031;18.4877;-422.2114;-422.2106;
328030.780;703695.765;703698.662;1280.9203;2275.5073;2275.5491;
229132.939;416631.355;416629.814;-132.3318;221.0681;221.0625;
230210.436;512317.903;512318.081;774.5439;-444.8809;-444.8663;
208908.703;529092.079;529093.026;180.2838;-482.2477;-482.2956;
202239.835;526461.708;526461.156;-124.4837;-51.4939;-51.4941;
219870.692;520895.091;520895.362;348.3015;-6.1068;-6.1078;
187198.735;530142.091;530142.414;-259.1299;-42.4940;-42.4887;
228022.900;516642.080;516642.276;22.1513;251.7520;251.7505;
176057.645;543336.959;543338.200;-275.3969;9.1223;9.1262;
235421.124;483416.528;483416.657;462.6579;677.0756;677.0823;
544146.141;696911.004;696908.953;1360.6606;815.8033;815.7955;
219436.396;500363.377;500363.632;260.6611;410.0356;410.0118;
542079.649;807802.680;807801.798;1111.7441;1021.7278;1021.7248;
193092.229;521347.974;521348.086;395.7402;-155.4546;-155.4654;
224894.372;540747.652;540747.577;68.3013;791.8941;791.8534;
215679.885;493175.020;493176.830;-55.5272;97.2517;97.2567;
211202.450;532300.717;532300.984;112.9867;-446.0405;-446.0383;
200525.130;530461.777;530462.723;-145.2887;-87.2027;-87.1903;
183269.433;523148.218;523148.637;-293.0602;280.0657;280.0709;
238308.217;507259.208;507259.506;156.0243;-76.9002;-76.8864;
190311.898;529967.951;529968.526;58.4830;175.6140;175.6131;
238704.604;500314.104;500314.349;44.6458;80.8164;80.7921;
228643.333;513756.870;513757.264;419.9582;-253.2695;-253.2743;
236940.524;507351.575;507352.058;155.2230;41.1484;41.1536;
239309.708;509074.223;509074.296;181.8538;-67.6944;-67.6821;
240069.450;560113.220;560113.462;78.2204;378.6655;378.6602;
241467.307;480493.558;480493.460;-309.0021;-3.8367;-3.8290;
219060.952;517508.881;517508.968;96.6828;-46.5933;-46.5956;
139566.847;536589.931;536590.323;213.8912;120.3974;120.4004;
195581.157;518076.042;518076.808;115.3190;72.1685;72.1787;
236685.895;518420.630;518421.908;308.2529;72.9015;72.9107;
191061.758;524651.470;524651.619;-331.6043;235.7956;235.7869;
224958.006;494270.177;494271.031;300.8830;-263.8071;-263.8087;
200834.630;521404.923;521404.726;-1.7875;-7.4471;-7.4478;
181097.635;474532.458;474531.783;298.2656;436.5247;436.5231;
204727.694;556767.842;556768.043;103.5306;-205.5249;-205.5276;
207771.267;512266.180;512265.881;74.2824;-421.6646;-421.6903;
192962.393;482492.379;482493.750;113.2426;-561.2775;-561.2767;
248949.152;540565.204;540564.956;-116.6674;-48.2527;-48.2273;
202808.203;480222.340;480222.425;288.9274;600.4071;600.4196;
178970.024;452971.080;452971.083;51.5393;120.0792;120.0861;
229967.369;482588.096;482588.071;755.3747;299.3958;299.3454;
815980.346;530991.800;530991.776;342.4030;486.4200;486.4018;
800034.995;471590.934;471591.803;-183.1462;-37.3575;-37.3496;
783146.846;474465.756;474466.591;-149.5541;-205.7408;-205.7251;
835066.759;558379.435;558378.634;533.5845;-193.8225;-193.8151;
791977.259;477439.227;477439.063;44.3879;-230.5170;-230.5083;
835582.991;558329.736;558329.562;49.5631;335.1292;335.1422;
853853.375;597970.502;597968.004;59.0486;227.8355;227.8319;
871977.134;566817.246;566817.248;-100.3299;393.1156;393.1136;
827447.183;536639.042;536638.672;761.2123;482.1940;482.1959;
946724.443;549638.670;549639.711;499.5278;238.4395;238.4410;
834358.822;542896.180;542896.109;315.6192;491.0216;491.0107;
755654.956;487159.733;487160.813;-389.2742;-93.8537;-93.8346;
795518.335;538417.186;538417.150;1043.0898;103.9761;103.9840;
815896.819;530047.532;530047.419;-32.3579;-16.8577;-16.8389;
728468.751;432210.773;432209.962;-210.0591;-266.8433;-266.8464;
829724.047;543353.935;543353.945;-66.6638;29.8374;29.8294;
924730.695;641976.581;641974.288;95.7632;366.8712;366.8680;
823658.503;548074.137;548073.701;-877.7302;-103.0341;-103.0268;
838198.520;555142.981;555143.370;590.5454;519.9968;520.0077;
911683.965;552180.133;552181.047;272.1438;305.7091;305.7037;
796143.139;479651.108;479651.167;-42.6504;333.5248;333.5251;
785005.747;500765.133;500765.727;-31.3018;113.0364;113.0176;
850411.735;573687.571;573687.770;-198.5552;-288.6490;-288.6619;
829145.170;539813.403;539813.127;-230.3489;-306.4676;-306.4535;
868545.495;520238.091;520238.161;806.7038;154.0381;154.0410;
787309.586;501448.757;501449.036;-304.4476;-276.8486;-276.8371;
829340.881;564530.293;564530.103;-110.4373;96.0329;96.0332;
805918.991;479791.364;479791.528;-280.9100;-300.1090;-300.0966;
830978.332;528768.175;528767.691;900.2375;-110.2551;-110.2638;
828304.206;547477.390;547476.888;564.2859;99.7396;99.7499;
848914.131;563245.902;563246.339;844.8929;992.1439;992.1394;
776742.483;482392.004;482392.338;18.8514;-359.5481;-359.5443;
837784.719;541648.512;541648.514;-11.2864;-9.8810;-9.8799;
831477.261;532352.703;532352.528;176.8486;-19.6634;-19.6721;
720773.196;485676.560;485678.050;-276.8821;-62.8104;-62.8127;
732715.204;558125.541;558123.425;225.8736;-169.8296;-169.8323;
813571.158;531084.475;531084.517;89.9688;255.5996;255.5986;
795992.556;514085.361;514084.837;440.7681;556.5778;556.5607;
795546.662;599678.994;599678.618;181.0540;234.1073;234.1091;
825307.728;543861.621;543861.274;273.3585;419.1429;419.1335;
843745.950;509888.582;509888.327;133.2350;196.1733;196.1755;
830316.125;537788.227;537787.623;-432.7316;-146.0306;-146.0216;
841954.397;523183.350;523184.653;677.3103;594.7212;594.7304;
793128.861;525349.404;525349.420;575.6281;231.5930;231.5850;
826530.505;519700.175;519699.975;-39.0658;232.7925;232.7979;
793581.776;515355.741;515355.062;213.8059;386.0654;386.0557;
771523.968;552189.181;552188.977;72.9076;334.8036;334.7992;
816027.069;518500.480;518500.750;-377.5832;208.1916;208.1894;
758085.749;485440.007;485439.753;255.0571;-41.7643;-41.7600;
754694.232;451896.445;451896.476;-330.4049;-510.9000;-510.9139;
810512.502;550509.079;550508.578;493.8032;97.3107;97.3121;
824729.085;544990.703;544990.306;453.9186;-267.7992;-267.7936;
868468.197;480611.955;480613.548;254.5016;-41.7037;-41.7006;
849578.953;558015.333;558014.984;-16.0530;393.8315;393.8274;
816972.759;542728.711;542728.533;1000.3133;394.3862;394.3931;
809123.405;541351.713;541351.449;273.4053;48.3583;48.3542;
822939.082;549907.614;549907.177;-51.2143;529.0921;529.0752;
842296.977;544392.939;544392.430;298.6174;-8.4729;-8.4675;
760216.991;472029.634;472030.164;-307.7464;-431.0276;-431.0215;
777832.713;543131.900;543131.402;-207.2675;-1.5992;-1.5765;
822021.065;536531.747;536531.750;-444.5138;-76.3476;-76.3435;
926747.920;543415.981;543418.254;622.4028;359.1878;359.1981;
785900.244;466989.512;466989.070;113.2078;-346.0491;-346.0801;
820698.239;513917.240;513917.431;-36.1948;11.2758;11.2835;
811692.579;549934.860;549934.313;265.9798;166.3729;166.3538;
834200.498;548219.399;548218.930;240.1243;407.6619;407.6554;
941886.608;689916.072;689915.743;392.0173;468.9107;468.9072;
833454.786;523699.398;523699.724;322.9113;399.5226;399.5231;
741052.707;475018.257;475019.364;-579.9801;-93.6671;-93.6569;
826482.030;529842.957;529843.018;-588.9107;47.7862;47.7834;
812250.481;531469.537;531469.474;-228.4827;381.2954;381.2827;
816950.295;528316.774;528318.325;725.9653;822.8031;822.8194;
821823.357;543412.247;543411.961;778.1676;-28.6849;-28.6801;
820216.723;506175.774;506174.913;586.3858;-50.2085;-50.2304;
763059.562;550585.207;550585.153;-322.4371;692.5184;692.5123;
763604.660;464907.411;464908.547;-261.4095;138.7967;138.7855;
815735.473;555934.203;555933.448;192.4359;-49.8929;-49.8925;
807374.836;538279.018;538278.468;-211.0266;265.0763;265.0779;
794389.104;534483.791;534483.048;715.6758;997.4334;997.4186;
824546.569;531550.458;531550.473;147.8992;352.9550;352.9704;
823630.474;546048.258;546047.802;-690.6598;239.5598;239.5409;
853797.850;568163.406;568163.191;174.7991;388.5165;388.5152;
729218.805;544924.268;544923.206;1.3079;220.0384;220.0385;
798119.772;461164.892;461165.936;-192.3751;-131.5378;-131.5461;
831059.649;546864.150;546864.210;615.4350;593.0389;593.0128;
801749.578;531957.065;531956.647;599.2960;144.9383;144.9409;
767601.451;461272.268;461269.700;108.3085;415.9984;416.0224;
854903.314;539353.271;539352.900;1056.1944;4.0854;4.0789;
842376.812;529938.870;529938.942;75.9020;84.9048;84.8976;
803801.404;546189.452;546188.822;-152.5441;561.1957;561.1818;
821978.588;553031.813;553031.444;-330.4646;26.1164;26.1127;
753957.198;388881.892;388884.972;15.4141;93.3971;93.4048;
838330.883;544518.297;544518.086;287.8553;109.4689;109.4727;
833907.860;557148.390;557147.893;279.1284;648.9309;648.9340;
759374.232;482117.885;482118.408;-232.8368;-104.7598;-104.7497;
854775.291;562768.734;562768.380;171.1157;343.3253;343.3399;
