# This file was created for the Modelling and Simulation course, RUG (September-November 2019).
#
# Project: Simulate colliding galaxies, using Barnes-Hut algorithm.
#
# Students:
#     Stefan Evanghelides (s2895323)
#     Hidde Folkertsma (s2759799)
#
#     X         Y         Z         DX        DY        DZ
244725.112;544053.843;544054.446;63.1033;380.1394;380.1572;
211263.238;630384.532;630385.012;78.6716;270.6283;270.6283;
214324.320;498332.894;498332.882;266.8072;352.8613;352.8655;
233159.621;521689.464;521689.554;569.8265;77.1012;77.0962;
278913.287;576992.163;576991.435;81.7627;256.1682;256.1733;
277465.729;555158.131;555158.649;208.7617;35.4621;35.4727;
234755.359;490366.762;490366.239;136.5053;510.2856;510.3057;
252083.406;546806.950;546807.040;452.6182;401.6074;401.5938;
209027.295;536547.378;536548.556;166.6383;322.6101;322.6068;
251639.368;558629.131;558628.524;6.7270;375.0811;375.0805;
298854.079;460093.287;460093.623;18.8691;47.8158;47.8141;
129264.567;548026.741;548028.755;158.6720;104.2215;104.2301;
238602.315;494071.147;494070.915;-128.4560;150.3068;150.2968;
252012.642;472376.919;472375.307;509.9884;-62.5434;-62.5496;
216082.099;701024.190;701026.100;38.3324;551.3452;551.3478;
231882.222;538041.496;538042.419;157.2127;-378.9676;-378.9687;
247735.942;525847.490;525847.964;105.1986;169.4439;169.4322;
204922.460;507507.614;507509.156;78.6526;-80.5076;-80.5094;
355397.842;422099.452;422101.895;395.3825;-279.6283;-279.6199;
240195.363;535153.015;535153.412;328.1386;416.8510;416.8282;
276411.054;422881.697;422881.711;118.2985;-157.1739;-157.1692;
273299.427;493504.798;493505.468;188.6810;89.9954;90.0041;
242811.251;505357.997;505358.481;-330.7664;201.1025;201.1026;
247767.558;493262.226;493262.986;244.9036;-39.7308;-39.7482;
252929.985;539780.831;539781.187;-337.4175;482.1181;482.1322;
332553.214;510191.915;510194.740;74.4167;1.3844;1.3819;
646473.293;885342.224;885344.670;1624.2146;1419.3635;1419.3714;
249175.064;422475.433;422471.674;10.2228;179.7605;179.7621;
281679.758;565303.024;565302.955;343.4883;-93.3240;-93.3232;
253953.001;553335.939;553336.389;-583.7183;216.3076;216.3269;
262057.387;515433.960;515434.282;574.2057;56.0028;55.9962;
253266.922;524728.433;524729.166;631.0023;-330.6251;-330.6119;
251646.917;546212.624;546212.868;807.4083;208.3570;208.3770;
230028.263;532677.321;532678.120;-224.2225;102.9528;102.9902;
232341.332;543430.765;543431.049;140.0979;464.3755;464.3826;
230428.934;533240.116;533240.285;115.2975;469.9628;469.9683;
252564.701;545277.140;545276.171;502.2255;191.1809;191.1245;
221049.188;526949.136;526950.214;-490.1529;464.2233;464.2423;
237414.318;513953.639;513953.598;364.8368;-152.9365;-152.9669;
216446.867;519516.549;519517.636;614.6831;-190.2070;-190.1906;
276791.692;560142.625;560142.552;16.0224;69.1379;69.1445;
202816.784;517208.051;517208.230;167.3382;-102.6066;-102.5947;
210333.796;628834.860;628835.380;23.5889;320.4128;320.4182;
187978.044;652696.490;652697.549;-12.7314;288.4063;288.4087;
251385.442;518912.328;518912.431;-305.8003;300.8338;300.8373;
200635.687;558679.329;558679.767;295.9074;345.1236;345.1071;
264607.124;541298.904;541299.185;63.1092;228.6879;228.6839;
256803.899;521116.710;521116.916;87.9015;-38.5664;-38.5754;
259079.282;542421.236;542421.458;-20.7927;-397.3951;-397.3888;
260736.819;506486.752;506486.680;333.5566;-35.1366;-35.1544;
207010.263;551447.718;551447.426;-4.2303;519.5587;519.5681;
262668.458;558427.576;558428.635;136.4072;-289.7071;-289.7407;
250442.511;536014.984;536014.945;-397.7998;284.7888;284.7848;
241691.138;456372.779;456373.198;280.6516;-206.6841;-206.6884;
213374.333;477456.448;477455.166;23.8348;500.1232;500.1359;
230120.728;550016.081;550016.896;64.3759;256.0094;256.0211;
287431.832;460935.321;460936.536;466.1280;-230.2023;-230.1796;
228566.501;514540.740;514542.130;473.3807;48.8250;48.8222;
271405.691;514041.001;514041.470;-51.7990;-80.7882;-80.7905;
180242.425;526025.502;526026.585;160.5260;-5.3548;-5.3532;
252689.549;526177.121;526177.519;-139.0021;537.0404;537.0448;
249643.644;522177.422;522177.779;1382.2701;40.1716;40.1988;
232718.745;582700.797;582700.618;23.3143;225.8401;225.8337;
784108.453;838088.397;838085.014;1364.3380;788.9225;788.9152;
241580.591;544178.196;544178.489;-248.0591;-62.6385;-62.6575;
737739.678;986070.731;986069.324;1111.1060;1005.1338;1005.1309;
260199.934;503422.017;503422.058;-505.1461;185.6437;185.6326;
239254.826;660656.622;660653.123;62.0538;611.8784;611.8687;
264183.796;537013.704;537013.890;170.5341;230.0785;230.1018;
276030.501;459618.677;459619.336;434.9716;-272.8797;-272.8817;
198138.087;510683.040;510683.981;149.8458;-75.3174;-75.3250;
154958.842;569082.591;569083.748;-88.0344;235.6183;235.6217;
241626.155;529187.718;529187.944;184.7143;149.8238;149.8302;
225117.196;539275.194;539275.313;453.5540;-103.7235;-103.7210;
243342.283;528131.100;528131.227;413.7408;60.8138;60.7841;
245056.149;530232.302;530232.353;128.9838;225.4421;225.4437;
244240.701;519581.750;519581.900;89.6361;154.0963;154.0938;
253968.190;525704.712;525705.161;-105.5980;172.2757;172.2628;
236164.296;580692.170;580691.571;-6.9582;-103.1420;-103.1404;
256115.979;559746.189;559746.488;644.8276;148.7581;148.7528;
257763.741;515308.502;515308.361;-160.8996;328.3284;328.3240;
262512.083;521002.405;521002.448;1055.6513;-353.0621;-353.0726;
264103.427;490371.025;490371.770;-195.5125;-65.4907;-65.4855;
245487.803;511114.016;511115.219;307.5883;255.5874;255.6046;
229190.656;536929.348;536930.105;840.6477;-199.0417;-199.0478;
250052.778;533988.005;533988.689;-250.0183;570.4219;570.4291;
238255.589;518040.510;518041.533;428.9255;35.8004;35.8055;
289626.782;554521.867;554523.111;406.7842;387.9679;387.9549;
271864.808;491614.435;491615.267;465.3434;-215.6088;-215.6090;
256637.031;463551.986;463552.044;307.6086;-160.6843;-160.6736;
243157.365;416339.469;416337.842;359.3207;-262.6584;-262.6823;
240171.754;498679.883;498679.748;324.4330;-144.5571;-144.5523;
289089.724;587079.729;587078.717;167.2773;340.8943;340.8856;
197611.339;480495.633;480496.756;168.5696;190.5944;190.5987;
271517.437;564711.129;564713.124;-235.7285;385.7392;385.7559;
873128.964;597322.486;597322.499;145.6659;249.9686;249.9693;
744756.426;465074.755;465074.838;-339.4659;-82.8809;-82.8854;
774762.926;455568.947;455568.643;-165.0808;-114.8741;-114.8640;
814206.071;557259.482;557259.279;-35.2469;400.0628;400.0507;
763033.797;449322.325;449322.376;-174.8832;-26.2708;-26.2912;
847515.967;554285.449;554285.943;316.9998;426.8696;426.8799;
852106.991;569748.604;569748.914;-226.1604;-625.1049;-625.0840;
841887.362;559903.117;559902.883;413.0378;-313.9384;-313.9110;
840207.517;568789.577;568789.391;290.5006;197.3305;197.3408;
866575.662;610451.933;610451.010;165.9868;285.1782;285.1782;
750690.982;462590.405;462590.875;257.8245;-84.2959;-84.3044;
887114.170;592267.294;592266.752;-301.8910;357.4265;357.4289;
886656.110;621623.462;621622.393;129.3833;460.7553;460.7447;
709410.582;394247.415;394246.163;-31.1615;-225.2953;-225.2999;
846878.533;585192.692;585191.858;-181.7826;307.1760;307.1751;
933510.573;697011.422;697008.927;15.6746;256.5299;256.5313;
852203.657;559657.689;559657.968;789.5409;595.3778;595.3690;
851657.899;589452.918;589451.763;-220.5387;-188.5985;-188.5705;
928175.829;599831.528;599831.305;-101.6850;246.2587;246.2510;
781970.556;539176.822;539178.294;86.3208;415.2423;415.2597;
785449.221;522323.293;522321.140;31.9364;146.0047;145.9982;
792291.223;513257.657;513258.769;-329.2280;-188.1839;-188.1626;
862687.309;581944.377;581944.229;37.3071;159.8776;159.8728;
938068.441;568994.349;568994.061;89.7120;286.1796;286.1747;
741589.194;451949.610;451950.861;-206.2919;-248.0606;-248.0652;
850724.701;546593.867;546593.971;385.9180;114.4189;114.4275;
744954.967;446921.091;446921.726;-207.1776;-33.9639;-33.9689;
940868.727;545791.516;545791.490;529.5853;196.9896;196.9940;
856529.784;582865.415;582865.191;825.8280;396.0785;396.0802;
989551.702;730522.581;730521.757;778.2474;940.1113;940.1025;
788639.130;441221.389;441221.482;-39.9825;-62.0425;-62.0452;
840234.323;579126.693;579126.394;611.0878;396.1975;396.1977;
848239.740;585646.996;585646.375;541.0805;102.2824;102.2742;
689080.400;470705.320;470706.338;-119.6796;-96.8972;-96.8997;
791383.894;525548.519;525547.579;443.1866;-169.7921;-169.7708;
836422.188;576644.041;576643.392;-199.9063;206.7517;206.7314;
881108.289;617052.799;617050.830;-19.5803;362.6452;362.6134;
840793.457;617067.064;617066.801;375.2198;-81.6654;-81.6697;
843849.385;562645.020;562644.671;82.3608;271.9127;271.9065;
849787.391;567239.492;567239.670;-79.8525;474.4433;474.4426;
768678.685;535433.680;535435.099;-265.7373;27.1645;27.1747;
841427.052;613598.055;613596.372;6.0587;186.9374;186.9510;
879661.783;627872.975;627872.056;213.1746;445.7851;445.7549;
902294.975;618028.166;618026.122;449.3307;293.8540;293.8414;
889194.595;604222.390;604222.653;453.8883;428.1938;428.1824;
798004.078;603966.219;603965.290;219.8349;262.3138;262.3102;
869974.151;583060.761;583060.493;456.9892;22.9084;22.9130;
803693.594;468933.655;468935.304;195.9262;-117.1052;-117.0962;
698535.356;383397.331;383395.550;-326.0114;-269.9686;-269.9721;
839125.916;590916.158;590915.544;515.4324;469.3231;469.3151;
842255.036;587424.359;587423.650;394.4589;305.7547;305.7502;
895335.151;489942.782;489944.305;82.7696;130.9913;130.9880;
842095.645;599520.010;599519.257;83.7572;60.1800;60.1764;
827600.465;574032.114;574031.842;250.2619;321.0846;321.0763;
864461.123;573450.216;573450.455;-55.3675;368.5532;368.5489;
849364.381;560601.670;560601.564;-85.0913;454.3017;454.2867;
867880.243;584435.202;584435.177;427.3942;374.0528;374.0589;
718724.761;408947.693;408948.492;-210.7285;-330.1449;-330.1450;
881113.972;568791.524;568790.712;634.6852;603.2615;603.2555;
862785.504;581275.293;581275.267;4.4058;287.9175;287.9082;
777046.062;456351.012;456351.842;-256.3701;79.3468;79.3741;
869838.786;602164.898;602164.079;599.5748;186.6587;186.6595;
847282.048;592025.426;592024.433;706.8697;324.2357;324.2472;
841416.513;564021.438;564021.174;153.2018;82.7776;82.7721;
855644.587;569759.663;569759.622;553.4278;-92.6581;-92.6473;
681464.227;473755.121;473756.903;-206.3567;36.4040;36.4045;
869646.704;578486.353;578486.118;327.7851;218.9722;218.9691;
874117.136;570562.548;570562.863;-6.0247;174.5430;174.5371;
885035.487;618651.254;618649.754;170.8769;71.2234;71.2891;
862480.990;578153.885;578153.608;893.3835;149.2734;149.2795;
915351.392;513537.157;513533.550;504.5233;84.5661;84.5542;
737000.374;656256.719;656255.415;-68.5728;546.7751;546.7683;
741416.906;500894.706;500894.560;-40.1657;171.7396;171.7422;
859950.400;540866.834;540867.899;178.2224;102.0257;102.0317;
837800.296;582509.723;582509.470;-469.4272;295.2812;295.2794;
965466.581;619610.897;619612.066;692.0853;271.3581;271.3639;
844091.827;577723.049;577722.475;71.3954;648.4156;648.3851;
860467.124;555114.580;555114.944;624.8763;365.6905;365.6779;
850050.115;579708.169;579707.409;-180.9738;-253.6063;-253.5950;
759637.417;580767.744;580766.548;307.6016;182.0748;182.0753;
755184.861;465595.018;465594.627;-269.1362;61.4796;61.4872;
888718.932;619268.073;619266.836;160.1523;265.4685;265.4796;
845377.814;588733.915;588733.101;-49.1178;-86.1491;-86.1462;
803477.884;546050.924;546056.761;269.1865;538.5066;538.5061;
939090.751;549942.882;549943.026;178.9383;166.8476;166.8528;
856925.730;567900.688;567900.348;238.2537;65.8367;65.8408;
862718.236;555117.500;555117.616;-333.0937;303.1613;303.1470;
847856.244;598192.245;598191.287;-119.3074;417.0253;417.0080;
755982.541;409756.922;409761.022;1.7897;143.5043;143.5073;
829726.394;572971.644;572971.163;225.8197;295.9006;295.8970;
838291.784;560948.719;560948.587;-318.8252;111.8720;111.8890;
748855.134;469006.102;469007.066;88.3170;-162.5369;-162.5553;
860807.350;600987.852;600987.498;-31.7004;72.9815;72.9573;
