# This file was created for the Modelling and Simulation course, RUG (September-November 2019).
#
# Project: Simulate colliding galaxies, using Barnes-Hut algorithm.
#
# Students:
#     Stefan Evanghelides (s2895323)
#     Hidde Folkertsma (s2759799)
#
#     X         Y         Z         DX        DY        DZ
240810.074;523969.041;523968.832;104.6313;448.8586;448.8712;
208055.596;616520.228;616520.693;52.9690;308.9013;308.9020;
202973.526;482317.234;482317.060;208.1911;317.4191;317.4221;
208635.766;518960.445;518960.864;458.4057;35.4408;35.4331;
273352.317;561971.323;561970.602;174.8796;372.4600;372.4525;
259080.813;549465.956;549466.128;513.8461;210.3441;210.3493;
232559.858;470989.208;470988.108;-8.2006;317.9567;317.9624;
237667.945;532531.354;532532.054;286.8883;356.6327;356.6255;
203576.255;520918.661;520919.876;57.6542;324.3243;324.3269;
250307.398;535070.765;535070.962;117.0104;601.8975;601.8670;
296019.946;459048.723;459049.164;92.8058;-4.6060;-4.6082;
122923.416;542875.021;542876.605;103.7190;110.7694;110.7787;
246148.694;490943.161;490943.479;-177.4143;-44.6004;-44.6132;
227806.529;478662.885;478661.945;471.9678;-192.3082;-192.3289;
214411.954;673988.656;673990.429;31.1831;576.7893;576.7924;
235218.916;548866.882;548867.208;-209.7737;-39.5546;-39.5384;
241336.800;518500.212;518501.026;145.4521;131.3974;131.3974;
210560.633;515928.156;515929.275;-349.3475;-304.6969;-304.6734;
335978.419;435928.473;435930.505;415.7168;-297.8851;-297.8763;
232930.619;515353.951;515354.756;-98.8069;330.9108;330.9214;
270280.171;431267.728;431267.501;137.1881;-194.0765;-194.0712;
262434.286;491037.769;491037.992;259.2680;-0.7001;-0.6910;
259123.198;502015.454;502015.792;-237.4613;-115.5293;-115.5255;
238247.155;503458.991;503459.829;72.5167;-435.0419;-435.0253;
254228.324;512887.685;512887.662;348.8048;600.5773;600.5717;
327118.983;510386.397;510389.277;155.1647;-8.8365;-8.8362;
568547.467;817085.465;817087.533;1622.5412;1424.9229;1424.9308;
248444.852;414195.904;414192.194;18.6980;162.8666;162.8637;
263234.363;567351.361;567351.374;406.0488;12.6706;12.6670;
276692.466;540560.554;540560.223;-323.6002;268.6339;268.6428;
232446.691;515847.656;515848.235;561.7184;-105.5930;-105.5960;
223731.803;539902.382;539902.322;499.1338;-223.3701;-223.3666;
217059.910;527759.181;527759.147;501.0343;526.4143;526.3982;
248708.990;526031.631;526031.112;-315.9639;256.7047;256.6979;
238245.545;518099.633;518099.904;-334.8942;489.3799;489.3752;
236688.238;513723.196;513723.459;-341.5354;321.2639;321.2554;
234388.343;537801.605;537803.487;418.2216;268.5526;268.5309;
254641.969;511000.412;511000.272;-712.3430;161.4315;161.4487;
229704.900;527769.277;527770.492;-78.9888;-341.2364;-341.2374;
198178.780;529546.480;529546.603;131.2411;-208.2262;-208.2050;
268850.962;553549.626;553549.571;326.3160;214.1472;214.1401;
197114.959;522085.902;522085.643;64.1108;-103.4878;-103.4816;
209745.351;612608.100;612608.353;-0.9847;358.1849;358.1908;
188913.913;638517.283;638518.218;-26.7113;303.0336;303.0363;
258687.510;510139.963;510140.259;61.4180;104.5050;104.4954;
188545.924;541102.991;541104.187;195.6327;388.4459;388.4314;
253159.363;528242.989;528243.397;406.5078;329.0575;329.0557;
240967.794;525287.066;525287.588;526.3648;-47.2887;-47.2928;
254267.142;557414.172;557414.249;100.2293;-215.6568;-215.6596;
239124.642;515634.545;515635.408;436.7203;-349.1745;-349.1794;
212785.363;524703.585;524703.160;-243.9239;585.2615;585.2510;
256334.199;566499.506;566501.260;115.8374;-58.3498;-58.3468;
256865.066;518199.169;518199.739;187.9870;422.6469;422.6353;
228496.227;467266.185;467266.752;269.3679;-252.4929;-252.4935;
492149.836;993916.204;993924.429;1283.5771;2261.9070;2261.9485;
214561.436;455834.010;455832.280;-70.6312;400.8818;400.8881;
239107.530;525405.701;525405.737;-359.9864;764.9676;764.9708;
264098.224;472791.201;472791.269;509.5913;-271.3932;-271.3689;
210012.909;514871.645;514872.763;297.7453;-59.0905;-59.0777;
268690.920;518395.113;518395.618;174.7945;-91.2253;-91.2246;
174620.437;526256.037;526257.019;66.0044;-4.5442;-4.5414;
247873.654;507075.638;507075.833;252.1241;225.5882;225.5842;
198408.696;526643.051;526642.898;712.0192;-134.1746;-134.1829;
233562.854;568733.176;568733.328;-68.8835;356.8729;356.8659;
718606.990;800059.827;800056.800;1364.6495;795.8858;795.8784;
250875.999;541325.551;541326.523;-109.2560;162.3177;162.3119;
684394.619;937734.585;937733.320;1111.5672;1009.0342;1009.0312;
274098.613;498411.163;498411.909;-35.5760;10.8202;10.8067;
236117.307;630749.066;630746.083;70.4499;636.7451;636.7330;
249272.737;524416.997;524416.351;442.9116;314.0271;314.0318;
255078.126;473773.964;473774.685;450.5180;-321.8565;-321.8565;
192926.084;514881.347;514882.613;55.8860;-103.0248;-103.0301;
159723.379;557554.865;557555.854;-112.3638;245.5527;245.5563;
236725.297;522004.276;522004.434;15.2553;162.6237;162.6205;
209543.800;542298.730;542298.875;216.4730;-9.8020;-9.8043;
228663.757;525303.166;525304.414;162.7882;69.5103;69.5080;
241124.878;517978.415;517978.916;66.9471;213.2883;213.2793;
241699.154;514519.593;514519.966;23.5028;68.4130;68.4076;
244248.731;520178.993;520179.365;451.1376;162.6870;162.6986;
237396.669;582830.684;582830.106;-35.8700;23.3853;23.3821;
228332.010;543893.874;543894.448;489.1861;531.9848;531.9772;
257592.241;504162.262;504162.740;202.9553;125.8496;125.8339;
209035.046;537419.792;537420.438;951.3841;-242.0766;-242.0844;
266776.820;499699.578;499699.899;153.8308;-337.0870;-337.0764;
234265.608;503072.663;503072.658;128.1685;63.8886;63.9140;
201067.830;542820.538;542821.241;385.0418;-24.1121;-24.1059;
255509.100;507279.650;507279.741;46.0678;503.1607;503.1715;
219989.708;517960.428;517961.045;322.3547;-27.1494;-27.1389;
262766.053;536664.054;536665.424;697.0563;366.1968;366.2065;
245411.761;506649.869;506650.451;595.1525;-458.3755;-458.3619;
241402.757;472445.142;472444.635;331.8864;-211.5217;-211.5095;
226743.184;429941.560;429941.011;326.8287;-305.8589;-305.8805;
230379.473;508572.847;508572.942;35.1865;-314.0341;-314.0506;
277510.785;566923.194;566922.733;343.9935;512.2514;512.2362;
190440.729;471767.567;471768.437;131.5425;172.7607;172.7667;
277976.679;543520.172;543520.821;-2.9339;469.6782;469.7143;
862570.674;583946.989;583946.757;310.4130;301.5872;301.5971;
761291.464;468671.174;468671.556;-321.7773;-65.6071;-65.6171;
780052.174;460838.359;460837.785;-58.6770;-90.3345;-90.3362;
821583.385;540566.945;540567.405;-290.3248;273.4761;273.4635;
772228.024;453133.718;453134.674;-213.5716;-134.8312;-134.8439;
836950.164;544401.442;544401.145;79.9942;-39.3786;-39.3632;
855151.077;597176.258;597174.925;37.4343;-382.9293;-382.9002;
835331.006;579196.005;579195.164;-174.2940;-327.3717;-327.3779;
837827.191;566374.834;566374.310;-190.7201;-111.2214;-111.2237;
997740.830;579771.807;579773.458;321.4959;250.9595;250.9687;
858559.523;595396.290;595395.382;167.8228;341.4123;341.4115;
740903.241;467761.241;467762.232;111.2342;-154.6269;-154.6410;
891932.935;574569.210;574568.638;88.0005;370.0945;370.0938;
876582.573;597230.197;597229.545;332.7847;559.8406;559.8376;
710742.229;404421.992;404420.924;-36.1000;-187.4676;-187.4698;
850097.478;566472.800;566472.771;249.2040;406.0347;406.0177;
932304.904;684005.959;684003.413;33.3132;285.3203;285.3209;
819071.203;539793.138;539793.411;517.2621;256.3678;256.3727;
859998.101;590272.968;590271.607;-113.9935;109.2698;109.2538;
930391.363;587717.103;587717.228;8.8773;256.3013;256.2943;
781420.011;520025.858;520026.548;-84.1186;363.3566;363.3628;
784274.034;515782.755;515781.081;15.8601;122.7203;122.7051;
807983.479;523556.588;523556.681;-320.2246;-246.7430;-246.7263;
842440.261;571917.794;571917.333;730.6560;315.4093;315.4214;
930624.086;555002.423;555002.376;226.8145;302.0659;302.0610;
753058.826;464815.730;464817.018;-264.0586;-290.0762;-290.0724;
834917.232;546581.892;546581.628;223.0991;-151.7917;-151.7858;
756587.159;450618.609;450619.459;-282.0603;-121.4610;-121.4647;
914662.645;537131.293;537131.060;551.6384;154.6238;154.6279;
823759.132;563194.421;563193.897;313.7888;378.8932;378.8972;
952073.851;685302.929;685302.525;785.4406;944.5896;944.5811;
788901.566;446003.536;446003.759;35.5924;-150.7348;-150.7368;
820429.351;561349.218;561348.830;176.4954;321.2551;321.2574;
829673.596;575256.984;575256.805;192.5706;356.5874;356.5801;
695328.262;475421.276;475422.411;-142.0358;-99.8207;-99.8230;
771114.793;534352.521;534350.858;385.5822;-184.4078;-184.3991;
852657.710;567487.652;567487.720;-248.5398;115.5253;115.5283;
878703.456;597405.620;597405.358;170.5871;446.1832;446.1521;
824941.662;617850.775;617850.584;290.0656;41.7621;41.7626;
842522.237;555671.990;555672.038;17.4760;11.6645;11.6589;
852124.720;546199.760;546199.848;-13.4566;392.7435;392.7466;
782326.593;534142.053;534142.965;-300.3523;30.1919;30.2025;
843526.742;600458.750;600456.792;-110.1158;382.8243;382.8193;
872242.758;599699.606;599699.633;157.0060;686.9135;686.9073;
871432.329;602364.916;602363.712;779.9976;363.4032;363.3902;
863566.148;582757.389;582757.808;645.0395;462.8421;462.8506;
788316.466;590993.359;590992.611;182.9575;278.5968;278.5928;
838151.351;577422.545;577421.978;744.5035;273.9486;273.9533;
793336.160;474570.769;474571.927;237.4000;-115.5674;-115.5557;
715031.618;398191.258;398189.738;-351.5237;-359.1304;-359.1388;
835845.241;559367.674;559367.548;-344.4164;666.9119;666.9014;
835270.370;567102.329;567102.058;-96.4921;499.7286;499.7164;
890661.478;484555.815;484557.463;113.8487;91.8946;91.8928;
840183.114;593896.221;593895.613;-8.2104;163.2704;163.2687;
835664.648;562305.914;562305.769;-536.9192;98.1183;98.1229;
860875.299;557801.915;557802.015;206.7153;276.8792;276.8869;
849813.202;546852.784;546853.144;128.8093;112.8548;112.8523;
829463.172;564959.145;564958.485;808.0351;336.8697;336.8754;
728921.283;424888.569;424889.349;-215.7371;-335.8844;-335.8836;
837302.592;546603.876;546604.013;1089.5651;239.6259;239.5956;
847999.050;566882.238;566882.059;597.7024;292.2394;292.2527;
787311.710;452680.724;452680.247;-155.5558;62.9642;62.9890;
839245.297;585278.365;585277.657;570.6274;560.9908;560.9850;
831920.368;564764.970;564764.546;-145.2930;692.4930;692.4607;
838430.545;564213.165;564213.119;-26.7313;-105.7115;-105.7117;
989736.681;747226.265;747225.471;357.6710;429.7380;429.7344;
832236.405;576835.078;576834.373;247.4302;-27.5285;-27.5201;
692552.023;472176.218;472177.955;-259.5061;28.5510;28.5525;
839752.158;567848.740;567848.476;877.2391;252.4045;252.4105;
864223.701;564944.190;564944.392;453.0778;75.3256;75.3362;
876239.436;610754.189;610750.341;209.4337;323.2939;323.3073;
825934.108;569503.743;569503.294;300.6762;299.1296;299.1277;
890719.353;509815.228;509812.234;522.5051;69.4321;69.4185;
740893.970;629521.032;629520.061;-96.2230;568.6237;568.6167;
744222.764;492436.796;492436.555;-79.2539;184.4449;184.4458;
850329.562;538350.808;538351.459;229.6063;-6.2003;-6.1886;
862599.023;567961.680;567961.217;-155.9973;330.1306;330.1303;
929601.182;605625.154;605625.980;811.6954;319.5214;319.5302;
846971.549;556479.415;556479.760;10.3094;137.1958;137.2047;
827563.469;545149.532;545150.046;653.3349;68.5324;68.5395;
856627.060;587790.049;587789.403;-65.2314;-74.8217;-74.8313;
746507.276;571785.042;571783.849;238.8448;192.5159;192.5153;
767100.275;462425.239;462424.782;-241.2096;72.2186;72.2135;
880073.963;605572.206;605570.506;212.4670;324.1674;324.1728;
850954.754;582371.484;582370.964;-124.9098;320.2456;320.2356;
791493.589;521091.941;521096.801;254.6115;506.9008;506.9547;
927454.527;543331.054;543330.921;320.9872;107.5592;107.5655;
837154.390;573058.751;573058.442;522.0450;-86.2827;-86.2841;
868111.977;548585.179;548585.623;124.3986;-10.4201;-10.4190;
851187.989;564586.896;564586.916;113.6916;802.3185;802.3046;
755770.632;403173.199;403177.116;7.6094;130.5840;130.5887;
827179.895;560178.069;560177.809;-114.4808;211.1262;211.1216;
855816.297;565657.531;565657.072;-165.6491;-288.1586;-288.1663;
746468.254;473776.412;473777.865;18.3017;-19.8463;-19.8467;
861378.527;595321.210;595321.822;-3.1665;158.1807;158.1668;
