# This file was created for the Modelling and Simulation course, RUG (September-November 2019).
#
# Project: Simulate colliding galaxies, using Barnes-Hut algorithm.
#
# Students:
#     Stefan Evanghelides (s2895323)
#     Hidde Folkertsma (s2759799)
#
#     X         Y         Z         DX        DY        DZ
261861.584;590680.140;590680.804;137.8572;97.0098;97.0007;
229295.574;674815.875;674816.764;77.0580;186.7864;186.7924;
283057.140;586612.468;586613.331;140.6863;435.9708;435.9721;
337687.637;544692.486;544692.650;406.2658;104.1818;104.1822;
271051.243;588143.397;588144.255;-179.1632;-227.9115;-227.9086;
271250.479;559828.335;559829.177;811.3292;311.4909;311.4474;
266781.043;614036.727;614036.368;56.2749;245.9918;245.9928;
311180.916;578358.101;578358.959;59.2228;11.3706;11.3781;
280387.605;584566.385;584566.727;433.4115;105.9340;105.9363;
263952.800;546755.263;546755.060;221.2333;-154.1444;-154.1662;
291476.323;500378.708;500377.973;20.6697;379.6915;379.6852;
185387.082;567129.267;567132.515;412.3332;86.7193;86.7218;
279400.711;593107.667;593108.666;359.2641;556.2113;556.2057;
344473.020;492101.922;492103.943;311.5914;213.5622;213.5838;
226769.311;804791.578;804793.745;68.1126;482.3444;482.3439;
326420.993;515441.634;515442.249;256.2822;109.3801;109.3945;
263597.240;573193.256;573194.749;161.8847;221.8237;221.8302;
314438.776;567233.481;567234.368;285.4689;591.3648;591.3962;
431026.420;370794.873;370798.834;361.7362;-233.7026;-233.6958;
265395.249;566063.267;566063.651;373.7252;296.2621;296.2699;
295824.152;399251.113;399250.791;105.7540;-93.1732;-93.1815;
289826.530;533736.345;533736.495;76.1121;318.1973;318.1846;
265401.064;576832.342;576833.326;-19.7959;-119.0559;-119.0713;
269902.183;582927.959;582929.381;-329.3509;617.4040;617.3910;
289649.784;555390.672;555391.574;199.0840;116.6360;116.6294;
302688.966;520332.119;520331.224;-347.6705;110.7094;110.6701;
254834.603;462443.075;462440.651;47.0209;222.5571;222.5659;
279180.236;532860.503;532861.290;-265.1215;-90.3764;-90.3803;
289234.874;557271.126;557271.957;552.9811;377.6013;377.6069;
315522.263;534455.814;534455.294;73.7398;103.2215;103.2189;
302937.131;520662.756;520661.937;250.7831;278.4373;278.4474;
240576.287;559648.206;559649.903;-262.0954;87.3068;87.3281;
264859.022;569932.116;569933.745;-441.3923;98.5005;98.5166;
250492.408;565083.582;565084.477;297.8657;387.3427;387.3326;
279951.872;554851.502;554851.814;-423.2889;-138.0288;-138.0182;
258642.803;557697.757;557696.681;698.4116;245.3438;245.3838;
275952.970;593460.271;593460.163;733.5061;-20.3397;-20.3482;
280891.971;559577.795;559577.912;-329.1477;486.3911;486.3935;
343605.817;532909.974;532908.288;216.8586;147.3429;147.3517;
261192.627;560664.107;560664.834;794.9745;715.5742;715.5831;
264258.983;503398.664;503400.760;360.8868;-5.2310;-5.2284;
227771.166;677885.133;677886.118;165.1009;156.4425;156.4402;
190309.629;706081.562;706083.009;31.9734;244.2749;244.2765;
276871.778;564108.619;564109.362;89.9073;-180.7897;-180.7826;
284131.925;607687.383;607686.095;456.9311;119.5308;119.5364;
268838.441;557296.560;557297.369;408.8448;110.6289;110.6059;
280317.198;585385.897;585387.027;291.6227;223.8721;223.8640;
228652.360;500192.814;500192.837;46.4835;11.4712;11.4736;
271667.694;591117.165;591118.197;634.6216;302.5267;302.5241;
248535.215;631263.621;631265.285;317.8512;288.2694;288.2762;
234880.454;510745.628;510748.545;-61.9583;-46.0943;-46.0776;
276904.372;560892.479;560893.203;-84.4936;102.3773;102.4008;
301680.977;421584.513;421583.815;305.4987;-153.4564;-153.4622;
305189.644;598834.203;598834.099;504.9688;348.8274;348.8071;
384242.109;587494.155;587492.288;630.0119;90.0998;90.0877;
365664.781;422961.207;422964.950;348.9644;-162.9816;-162.9741;
327710.639;547381.917;547380.175;324.6109;186.7704;186.7706;
239205.195;526460.407;526460.055;-128.6072;170.4891;170.4908;
247755.122;530195.999;530196.886;503.7496;79.9956;79.9918;
277669.336;546729.058;546729.562;240.6091;51.9522;51.9387;
396706.552;531819.419;531820.589;407.2837;52.9298;52.9278;
276241.663;543728.214;543729.634;358.1244;-452.8671;-452.8711;
292913.274;548817.980;548818.378;102.3410;383.9309;383.9290;
306845.476;575050.056;575050.629;732.8631;42.0166;42.0068;
251103.458;779267.875;779262.902;56.7383;573.6026;573.5976;
254887.299;558275.362;558275.548;264.6833;-72.6968;-72.6939;
367413.118;417274.326;417275.478;448.7163;-177.2334;-177.2288;
253115.913;504726.940;504726.359;332.6490;26.9594;26.9575;
144514.464;613859.602;613861.392;-22.2015;211.3807;211.3836;
259511.123;567251.279;567252.465;126.8579;6.5862;6.5895;
328567.725;520322.742;520322.657;347.0233;-84.2734;-84.2838;
253941.602;572590.480;572591.254;72.3067;312.1428;312.1241;
260454.887;560233.006;560233.671;170.8846;178.4175;178.4086;
266417.648;576177.022;576178.196;49.4172;309.8873;309.8961;
266244.860;561600.662;561601.020;153.4082;-109.3071;-109.3024;
293601.962;530919.835;530920.614;515.3445;17.5350;17.5151;
261302.270;539970.238;539970.926;-352.8240;172.1974;172.2056;
278114.660;561216.028;561216.575;173.6136;-214.1300;-214.1281;
316802.076;512250.515;512250.851;-114.6676;278.0108;277.9993;
266116.025;578413.557;578414.631;745.1216;698.3633;698.4129;
253573.663;578362.459;578364.425;124.9921;96.3746;96.4063;
317108.710;509896.248;509896.410;118.3773;37.9661;37.9817;
323222.960;707369.159;707368.062;495.3009;884.9455;884.9351;
316155.550;535930.256;535929.073;300.9036;118.3361;118.3255;
308013.716;608731.755;608729.582;-105.1198;147.6406;147.6329;
322930.431;477017.848;477017.115;182.9089;54.3477;54.3415;
319677.990;441896.816;441898.449;314.1890;-78.1681;-78.1615;
322346.047;381124.039;381118.854;397.2158;-106.0089;-106.0177;
315705.716;534917.141;534916.967;389.0510;359.6303;359.6168;
292382.157;613629.943;613628.967;-101.7507;-93.0175;-93.0089;
250923.073;531410.068;531411.084;348.7651;310.5572;310.5533;
230701.096;573592.510;573590.654;100.2705;-186.8986;-186.9036;
890046.283;616875.547;616875.312;183.0326;208.8268;208.8365;
727935.029;451431.784;451432.433;90.4281;40.5368;40.5465;
720023.383;464435.134;464435.450;-145.4071;73.4579;73.4465;
935689.015;650385.001;650383.493;818.3141;346.8084;346.7856;
725743.340;461502.101;461503.795;-395.7564;-61.6736;-61.6606;
909076.542;636895.600;636895.289;98.0192;-157.7150;-157.7089;
832563.995;525250.712;525250.549;-34.5320;-85.3447;-85.3480;
922442.033;588232.205;588234.347;248.0414;413.6419;413.6342;
905843.499;647078.011;647077.428;165.6848;68.9698;68.9666;
905558.688;648260.782;648259.796;173.9975;22.8496;22.8522;
762832.256;437684.085;437684.170;-126.8621;-61.3830;-61.3704;
886644.954;600102.731;600102.429;570.2846;278.5844;278.5658;
893180.660;619105.718;619106.974;202.9490;56.7227;56.7220;
696745.163;355381.841;355381.068;-106.2075;-179.3766;-179.3699;
895775.271;646339.169;646338.357;-544.7721;297.3019;297.2955;
928781.544;734948.252;734946.298;-61.1249;113.0668;113.0706;
888276.167;631579.167;631578.744;189.1475;-228.4813;-228.4642;
869927.020;578092.891;578094.576;229.9843;151.6043;151.6047;
843354.851;617136.780;617137.285;-241.3898;-11.5878;-11.5725;
867238.496;640379.921;640380.500;1080.2770;557.3011;557.2446;
795885.639;553804.958;553802.197;65.6744;162.7537;162.7521;
727591.184;478615.538;478619.938;-323.6910;-201.3095;-201.3013;
866285.445;646819.227;646819.155;-428.0604;548.0678;548.0688;
714316.926;415487.515;415487.197;-100.1830;-134.5586;-134.5667;
914610.735;606286.943;606288.132;235.7978;438.1628;438.1560;
732217.914;464090.111;464090.484;-114.3906;132.1051;132.1147;
881298.767;640917.466;640917.014;613.7651;394.1303;394.1251;
751184.937;448409.443;448409.463;-289.2634;58.5020;58.5066;
905786.500;634752.474;634752.049;-337.2353;236.5808;236.5784;
890691.442;645850.149;645849.301;-77.4798;340.4895;340.4750;
662141.423;461085.464;461086.675;-118.1336;-1.4840;-1.4827;
881815.204;499667.497;499671.063;443.4347;-94.2388;-94.2179;
892191.028;635068.229;635067.752;-238.2340;488.2262;488.2346;
898583.830;625401.071;625399.875;6.3004;131.5558;131.5603;
906976.943;592914.448;592915.767;204.8417;191.6337;191.6531;
919525.299;651670.728;651669.551;425.1742;180.9543;180.9535;
877629.728;651314.578;651313.399;426.4783;273.5852;273.5868;
720377.866;541449.550;541452.816;-222.6094;25.0881;25.0957;
936106.727;603890.334;603889.594;624.1720;136.9404;136.9354;
895163.031;623040.884;623041.877;-185.3886;-373.6666;-373.6002;
878900.930;627484.956;627484.865;-369.9150;-188.7118;-188.7025;
932291.321;673039.498;673035.962;30.4915;194.2345;194.2228;
860423.282;648442.331;648441.038;448.2916;161.2738;161.2773;
887365.983;652453.084;652452.471;266.3838;128.0463;128.0462;
831705.459;448772.435;448775.355;97.8684;-81.8431;-81.8387;
643586.806;340782.251;340780.300;-233.1989;-173.6691;-173.6681;
881186.159;645975.719;645974.608;463.0198;400.2679;400.2696;
890528.085;637946.930;637946.267;-57.1374;505.1501;505.1385;
902493.109;530110.236;530110.767;-7.2931;260.9806;260.9750;
906666.790;608168.709;608169.032;442.7914;205.2157;205.2235;
885886.537;631119.178;631118.644;-408.4889;380.0206;380.0035;
890269.619;642197.446;642197.111;573.8151;265.2933;265.3051;
911164.935;630643.435;630642.871;-219.4826;323.3135;323.3128;
911507.719;646824.900;646823.459;367.0343;486.8641;486.8489;
677497.862;340621.186;340620.335;-186.8833;-322.3191;-322.3324;
908625.528;627969.338;627969.142;514.1991;576.4721;576.4953;
710903.317;454307.370;454306.167;-167.0123;2.8320;2.8231;
881629.416;649121.642;649120.972;585.2261;554.7233;554.7198;
884763.364;644868.175;644867.889;603.6431;165.1673;165.1546;
904143.651;645600.266;645599.676;385.7634;652.6995;652.6774;
892924.014;656207.095;656206.258;211.2773;630.6459;630.6392;
664779.000;473070.247;473071.073;3.0010;-44.8497;-44.8560;
900028.555;638414.244;638413.656;414.3355;350.3675;350.3574;
884503.546;649274.787;649274.755;738.7002;227.5103;227.5075;
870164.467;602235.594;602233.123;3.6287;36.0631;36.1024;
899455.602;634453.123;634452.690;913.3193;260.6858;260.6697;
729310.086;760476.459;760473.869;-17.9022;491.5075;491.5015;
744303.738;535255.059;535255.750;46.3989;172.9266;172.9323;
889861.940;587045.676;587046.721;151.1012;325.8606;325.8571;
902019.859;648365.555;648364.078;-464.5111;337.7968;337.7675;
891863.235;623244.042;623243.212;-11.8914;680.1068;680.1054;
894450.012;653316.478;653315.837;220.8442;-175.1717;-175.1795;
857681.437;580371.618;580373.885;221.1832;163.2272;163.2334;
863287.111;615017.105;615017.807;793.1289;236.0987;236.1151;
721695.328;454913.071;454914.267;4.5275;-118.4038;-118.4067;
893955.316;645600.563;645599.388;-32.9407;-170.5361;-170.5254;
903954.523;626916.938;626916.186;347.6309;781.9366;781.9065;
950160.772;659504.083;659502.638;687.2448;365.8215;365.8751;
930080.821;606831.796;606832.174;-399.5279;442.6552;442.6509;
927849.352;646658.788;646657.942;626.8422;-1.4667;-1.4618;
927245.305;634509.650;634508.451;384.7983;-10.4029;-10.4059;
902642.257;645849.803;645848.828;-488.4107;819.6772;819.6670;
758902.757;448206.064;448207.924;66.5878;229.1463;229.0999;
922629.867;645555.099;645554.609;188.2506;392.6265;392.6122;
925135.166;654624.835;654623.893;10.2936;131.7965;131.8029;
765498.281;430881.352;430882.091;-45.6405;-95.7092;-95.6822;
875865.094;601908.285;601909.087;238.4387;68.0494;68.0753;
