# This file was created for the Modelling and Simulation course, RUG (September-November 2019).
#
# Project: Simulate colliding galaxies, using Barnes-Hut algorithm.
#
# Students:
#     Stefan Evanghelides (s2895323)
#     Hidde Folkertsma (s2759799)
#
#     X         Y         Z         DX        DY        DZ
258183.554;586983.623;586984.581;97.1814;138.3730;138.3639;
227007.707;668529.847;668530.543;65.5989;206.8299;206.8359;
277286.310;571907.190;571908.019;232.1436;491.6890;491.6894;
324278.754;541297.554;541297.690;432.7110;108.2817;108.2828;
276357.489;592939.744;592940.515;-142.1224;-79.2958;-79.2920;
247051.958;552060.971;552062.525;588.2367;149.5203;149.5204;
265902.991;604321.605;604321.252;5.9285;369.2343;369.2323;
307774.702;577464.265;577464.869;156.3958;43.0466;43.0549;
265962.098;580918.021;580918.349;461.1430;129.2932;129.2918;
258623.873;554830.456;554831.294;139.9189;-346.5898;-346.6255;
291185.487;489161.240;489160.740;-2.2883;321.4244;321.4162;
172966.929;564322.675;564325.819;363.4597;88.8969;88.9010;
266539.523;573379.066;573380.170;437.2374;699.7040;699.7049;
333686.850;485878.027;485879.306;364.9978;174.2192;174.2442;
224672.189;789216.803;789218.973;62.8700;491.4151;491.4153;
315736.973;512533.635;512533.683;381.2549;61.5462;61.5648;
259393.885;564894.736;564895.843;95.9418;300.5592;300.5769;
301087.781;548279.411;548279.288;570.0400;596.2651;596.2947;
419412.227;378357.572;378361.310;364.3322;-239.2129;-239.2059;
255424.293;556073.456;556073.896;201.0474;293.8067;293.7984;
292576.532;402368.613;402368.543;96.9066;-101.7177;-101.7250;
287581.821;524345.450;524346.007;67.4454;270.7117;270.6991;
267095.143;577200.702;577202.016;-64.2745;124.1345;124.1338;
278468.988;561646.613;561647.968;-124.0571;705.1853;705.2070;
278186.542;552268.229;552269.174;531.0024;69.0486;69.0536;
314275.458;517237.927;517238.367;-356.1837;95.0106;94.9694;
253407.698;455451.442;455448.742;41.9987;214.2316;214.2400;
287512.674;536907.530;536908.409;-237.5494;-162.0449;-162.0461;
267640.173;546607.587;546608.174;734.7074;245.7827;245.7906;
312683.726;531339.876;531339.466;111.1999;98.0387;98.0342;
295688.657;512761.945;512760.967;190.6857;211.8849;211.8842;
257710.203;557549.721;557550.267;-766.6099;34.0861;34.1298;
277639.363;565433.774;565434.351;-300.0887;168.8679;168.9074;
252342.919;552490.161;552491.057;-365.1990;345.1952;345.2019;
289339.452;559713.972;559714.151;-126.6330;-150.7210;-150.7246;
243534.635;552909.534;552908.686;210.0425;64.0698;64.0236;
253471.166;591295.999;591296.360;650.6172;153.3234;153.3046;
286719.991;544849.916;544850.234;-44.3722;420.2964;420.2832;
334823.024;528313.904;528312.052;339.0021;140.8987;140.8995;
243369.542;544914.091;544914.642;342.7490;294.0413;294.0436;
252716.770;503796.317;503798.295;361.7338;-20.6413;-20.6365;
222637.961;672624.346;672625.404;155.4515;172.8500;172.8477;
189373.537;698180.740;698182.135;26.2752;249.7777;249.7794;
270182.497;568886.875;568887.416;279.2911;-136.3788;-136.3774;
269340.390;603354.329;603352.951;465.7479;155.3251;155.3252;
256084.220;554907.934;554909.168;378.3419;29.7772;29.7743;
267701.428;576151.029;576152.242;452.6921;404.9587;404.9636;
228010.319;500615.178;500615.198;-9.7380;-39.8814;-39.8831;
254893.792;577139.888;577140.914;342.9498;564.2498;564.2541;
238682.830;621600.076;621601.506;296.8410;316.5176;316.5254;
237665.927;512723.652;512725.866;-116.7348;-83.9750;-83.9470;
275389.438;557067.976;557068.181;198.3496;100.6402;100.6433;
291932.255;426544.807;426544.297;303.6063;-156.8698;-156.8757;
287244.514;586568.888;586569.429;631.5912;432.1926;432.1717;
363151.888;584314.407;584312.952;692.0105;110.0908;110.0771;
354429.241;428270.774;428274.270;353.5694;-169.2431;-169.2352;
316483.430;541342.438;541340.769;383.2698;190.3102;190.3050;
243789.223;521294.369;521294.010;-153.9973;151.8008;151.7989;
232308.326;528090.623;528091.624;457.9344;53.7827;53.7796;
269316.620;549556.499;549557.361;297.2424;-243.6213;-243.6290;
382751.994;530237.343;530238.565;468.5259;46.1159;46.1148;
263489.079;562103.258;562104.182;446.1071;-637.7305;-637.6957;
285945.002;538775.359;538775.897;319.3964;252.8031;252.7976;
279342.576;572172.756;572173.651;1071.9424;173.1024;173.0925;
249274.875;760878.793;760873.993;57.5087;575.9553;575.9495;
249291.338;561161.820;561162.091;81.8517;-77.2637;-77.2715;
352996.540;423024.452;423025.452;452.5948;-182.4717;-182.4669;
242546.799;504104.068;504103.600;328.5677;10.0175;10.0118;
145346.864;607057.398;607059.095;-30.1908;213.8977;213.9006;
257529.636;564929.057;564929.922;-6.2532;144.8090;144.8238;
316471.098;522948.474;522948.710;411.0470;-77.8925;-77.9017;
255433.847;560239.530;560240.792;-141.2598;459.4577;459.4494;
258820.280;558551.377;558552.311;31.0709;56.6343;56.6314;
264814.138;565477.067;565477.913;48.6312;357.5496;357.5604;
263058.033;564608.408;564608.982;66.4064;-17.3202;-17.3391;
277097.997;532073.600;532074.904;514.0211;-106.8832;-106.8943;
274732.196;538321.246;538321.676;-470.8961;-73.8433;-73.8381;
268430.432;566772.959;566773.570;398.4478;-120.6457;-120.6530;
319529.487;504898.781;504899.419;-41.1104;170.6658;170.6596;
246487.433;552903.350;552903.093;380.1212;832.8863;832.9103;
253126.928;573415.461;573416.154;-93.8807;216.5114;216.5548;
312935.458;510333.827;510333.501;159.4623;-65.1090;-65.0949;
307326.880;678920.044;678919.282;498.5712;893.8801;893.8695;
306166.429;532208.932;532208.122;325.0173;114.8325;114.8194;
310244.042;603299.758;603297.949;-36.8194;188.7254;188.7114;
317004.725;475883.703;475883.197;187.0495;13.8748;13.8667;
309617.044;444486.541;444487.959;314.5911;-84.0603;-84.0535;
309589.814;384745.795;384740.919;400.2703;-121.4845;-121.4952;
302495.794;523594.500;523594.760;425.8419;349.5810;349.5685;
295002.888;615044.096;615042.889;-62.9471;0.4170;0.4229;
240145.284;521808.001;521809.130;326.6833;290.8795;290.8761;
229926.250;578848.862;578847.370;-51.2532;-137.9878;-138.0049;
885023.860;611683.819;611683.275;129.5460;114.6555;114.6646;
724881.235;451025.134;451025.452;97.5713;-23.3016;-23.2912;
726330.174;461129.831;461130.546;-255.6223;130.3188;130.3062;
904552.349;637964.773;637964.111;1141.1010;455.0749;455.0457;
737515.466;462682.543;462683.713;-315.4093;-17.3732;-17.3531;
901420.864;641334.057;641333.304;323.4919;-20.1474;-20.1314;
833778.950;528257.334;528257.279;-42.1312;-103.7977;-103.8013;
913536.824;576331.629;576333.897;307.1572;329.1313;329.1311;
898664.084;641494.449;641493.896;259.6774;332.5133;332.5149;
899584.431;646616.919;646615.894;192.9183;89.1520;89.1517;
766071.739;440438.659;440438.421;-70.2786;-114.6794;-114.6711;
868578.088;593685.872;593685.894;534.6809;108.4173;108.4220;
889807.709;624527.335;624527.245;28.6857;-339.4589;-339.3841;
700011.942;361156.165;361155.180;-97.0032;-181.3381;-181.3316;
908649.383;632900.429;632899.921;-159.4387;497.0291;497.0210;
930562.436;730907.575;730905.504;-49.7331;139.7853;139.7887;
884803.726;639655.277;639654.469;42.8808;-158.3574;-158.3553;
862448.063;574104.220;574105.867;238.8460;95.3505;95.3525;
853396.288;618019.114;618019.112;-387.1147;-53.0346;-53.0196;
839569.874;622979.364;622981.275;693.5977;545.9352;545.9064;
793840.008;548620.237;548617.535;61.9625;161.2031;161.2011;
737894.430;484645.784;484649.834;-320.4056;-177.8996;-177.8865;
888316.861;627968.680;627968.365;-907.2373;581.1681;581.1836;
717597.586;419945.506;419945.449;-105.2746;-144.6395;-144.6478;
906628.320;592923.414;592924.716;264.4330;395.0191;395.0196;
734384.819;459539.979;459540.100;-23.6190;153.1497;153.1555;
869056.554;628126.175;628125.921;138.3574;374.1962;374.1898;
760326.275;446332.217;446332.111;-290.6815;80.9040;80.9075;
912981.831;628162.851;628162.417;-85.9574;158.0130;158.0160;
893701.380;633221.477;633221.158;-127.5629;445.1914;445.1758;
666098.346;461377.012;461378.173;-128.7580;-16.9421;-16.9404;
867570.968;502817.489;502820.376;446.7547;-103.1087;-103.0872;
900281.472;621385.571;621384.935;-215.0501;307.8998;307.8991;
894927.219;626453.836;626453.311;155.2582;-197.2300;-197.2628;
900239.362;587982.378;587983.028;215.6066;110.4786;110.5007;
902724.095;642352.583;642351.584;594.4561;422.3551;422.3434;
865284.179;641544.796;641543.672;339.5145;338.4370;338.4324;
727586.859;540624.096;540627.111;-228.2413;26.7951;26.8033;
914536.577;600346.365;600345.868;729.9123;77.4661;77.4549;
900172.784;637675.861;637674.315;-119.9140;-454.9404;-454.8677;
897154.478;635717.130;635716.567;-665.6857;-252.4811;-252.4619;
930636.149;665919.393;665916.315;75.5774;251.0212;251.0046;
847250.026;642829.288;642827.950;379.6383;188.1460;188.1460;
880151.478;643066.510;643065.892;163.0709;448.0779;448.0765;
828422.610;451475.237;451478.009;107.8298;-87.3073;-87.3025;
651211.974;346470.124;346468.148;-243.8883;-182.3562;-182.3556;
874838.031;631045.816;631045.082;-128.4618;507.3611;507.3376;
893216.401;623294.052;623293.778;-92.5057;386.9035;386.8937;
902538.340;522051.501;522052.213;5.2538;242.0640;242.0584;
892168.890;602446.425;602446.469;461.3412;148.4306;148.4407;
902120.811;621480.414;621480.364;-478.3454;161.8761;161.8702;
874119.855;633013.752;633013.018;415.5825;302.4035;302.4148;
911313.382;622922.377;622921.824;251.0693;145.9254;145.9244;
896152.749;628980.302;628979.847;555.1889;609.0084;608.9663;
683469.195;351048.145;351047.716;-186.9868;-329.7928;-329.8058;
887329.695;615189.207;615188.352;653.7737;178.3327;178.3431;
717944.189;454796.360;454795.689;-274.3209;-34.7762;-34.7996;
869595.437;628907.000;628906.526;132.2973;649.3807;649.3719;
873830.265;636451.121;636450.925;37.8352;411.3571;411.3657;
890506.573;624192.174;624192.188;438.5513;655.9741;655.9611;
887302.165;630464.746;630464.218;121.0892;925.6583;925.6454;
665023.933;474265.607;474266.638;-19.3412;-29.8028;-29.8093;
887418.492;628367.704;628367.344;346.9880;282.0963;282.0927;
864657.477;639500.019;639499.865;483.3833;394.1488;394.1583;
872127.587;601963.706;601960.550;-126.3420;-13.2446;-13.2489;
874390.536;628157.295;628157.134;509.6079;101.6171;101.6183;
997004.896;531005.970;531000.648;460.2653;116.3956;116.3867;
729954.208;744645.894;744643.497;-22.6061;498.1914;498.1853;
742895.909;529744.937;529745.450;41.2982;171.2322;171.2375;
885036.617;577126.917;577128.050;150.5646;294.0761;294.0740;
912576.997;634489.849;634489.621;-99.2140;501.5946;501.5582;
894467.631;608424.161;608423.592;-95.4735;268.6005;268.5872;
888185.508;653394.117;653393.652;168.1713;146.4849;146.4810;
851631.559;575575.960;575577.963;151.9420;135.0251;135.0357;
839602.715;608288.118;608288.212;679.7867;181.7682;181.7885;
722301.041;459490.679;459491.868;-57.8037;-148.2429;-148.2402;
895259.029;649426.005;649424.724;-57.4027;-42.8758;-42.8781;
890274.118;605625.259;605625.546;455.9910;538.9570;538.9285;
925410.753;646793.141;646790.099;879.6048;439.6672;439.7094;
940199.369;593847.889;593848.367;-230.4472;369.5792;369.5779;
901306.024;643853.288;643852.329;969.4390;265.3872;265.3854;
905775.252;636162.751;636161.926;1017.7065;-65.9700;-65.9913;
910892.665;619922.867;619922.440;69.5851;695.7240;695.7040;
756821.425;440640.402;440643.642;61.7373;241.4486;241.4094;
913256.091;632836.991;632836.800;408.5544;402.1898;402.1849;
920150.654;646468.328;646467.186;346.5114;380.0580;380.0623;
766448.562;434544.122;434544.020;-7.5264;-139.3901;-139.3660;
868735.151;600182.249;600182.194;207.9199;37.2300;37.2571;
