# This file was created for the Modelling and Simulation course, RUG (September-November 2019).
#
# Project: Simulate colliding galaxies, using Barnes-Hut algorithm.
#
# Students:
#     Stefan Evanghelides (s2895323)
#     Hidde Folkertsma (s2759799)
#
#     X         Y         Z         DX        DY        DZ
299493.229;594992.902;594993.083;473.2112;65.6808;65.6879;
245193.439;695927.239;695928.957;177.4613;97.3291;97.3302;
303398.419;641354.026;641354.486;156.1790;292.5410;292.5352;
388699.660;559292.167;559291.956;294.7525;101.6475;101.6444;
291580.819;543465.390;543465.150;355.1740;-164.7093;-164.7249;
303296.529;587373.288;587374.057;333.7155;-15.1039;-15.1599;
297830.697;613134.726;613135.456;440.5177;-262.8739;-262.8610;
287793.526;581439.803;581440.191;-140.2527;77.2384;77.2255;
329283.699;594966.046;594967.309;206.8265;-2.8820;-2.8785;
315497.533;564793.329;564794.179;351.9864;376.8916;376.9000;
301635.591;590497.265;590497.841;157.6018;853.0008;853.0471;
274373.671;579592.497;579594.704;900.7835;119.4892;119.4631;
334622.111;630325.089;630325.216;425.3412;29.6661;29.6611;
371052.213;536338.769;536341.798;29.8230;373.3217;373.3084;
239302.920;873047.455;873049.073;108.1391;438.9807;438.9712;
323133.191;549747.675;549747.044;-131.4077;448.5835;448.5610;
330240.672;620181.495;620181.428;467.1352;254.0496;254.0366;
291593.372;626526.382;626525.700;-312.4824;97.0211;96.9886;
484044.472;337864.413;337869.325;356.2698;-212.3374;-212.3314;
309247.957;588986.905;588987.518;166.7399;225.8790;225.8870;
314166.734;388481.165;388479.488;140.2361;-54.7336;-54.7429;
291490.478;594540.860;594541.362;64.3068;442.4163;442.4389;
312221.315;578339.364;578339.823;243.1371;360.7059;360.6925;
278998.626;638419.011;638417.756;327.6243;194.9009;194.8920;
277704.959;596581.525;596582.840;323.4818;273.1030;273.1158;
270233.212;557295.223;557294.579;-36.3332;395.2446;395.2835;
263371.892;498649.131;498648.176;66.5363;268.9080;268.9194;
254565.917;536974.910;536974.742;-81.5313;94.5063;94.4985;
296361.161;594670.743;594671.927;205.7304;19.0916;19.1005;
313045.757;551063.935;551063.826;-40.0833;175.1372;175.1466;
323523.158;570522.621;570523.405;-103.5085;451.8046;451.8046;
302659.895;580578.824;580578.514;1155.8430;237.2834;237.2765;
306295.542;576046.544;576047.198;835.9474;192.8538;192.8825;
325740.144;586324.981;586326.017;-212.4669;45.1376;45.1277;
264942.573;583696.922;583697.927;330.0158;377.9245;377.9200;
313383.765;596479.918;596478.967;-162.5952;-88.3064;-88.3477;
313194.103;576601.739;576603.164;-334.1678;34.9006;34.8607;
267439.431;599737.904;599739.976;428.9970;71.3555;71.3469;
337881.537;562445.524;562446.428;-316.6704;282.6463;282.6612;
342895.954;630187.144;630187.278;239.8190;317.6530;317.6407;
318922.243;507997.047;507998.779;379.1238;66.7591;66.7511;
255586.241;695250.126;695250.779;175.1863;78.6622;78.6639;
196709.961;740629.761;740631.427;53.1466;223.9735;223.9749;
297690.595;582616.109;582616.343;528.9022;394.5169;394.5253;
341715.585;611552.304;611553.736;295.8714;-25.6300;-25.6080;
308904.008;596884.145;596885.539;140.8891;211.8620;211.8769;
309835.978;576433.532;576434.834;68.8526;-225.9912;-225.9890;
248880.208;516121.383;516123.554;179.8932;155.6138;155.6313;
323677.110;585059.535;585060.576;-275.4917;-297.3003;-297.2980;
300071.328;664305.252;664307.481;364.8232;162.3528;162.3539;
238533.084;509911.871;509914.429;129.3617;60.0809;60.0695;
314951.134;590946.486;590946.827;708.1236;118.6871;118.7061;
347050.818;399552.137;399550.603;306.2622;-145.1765;-145.1821;
336530.200;629862.263;629861.709;-17.9307;65.4727;65.4997;
461263.858;596573.177;596570.018;429.6106;41.6579;41.6522;
418709.841;398336.327;398340.218;378.7795;-173.9323;-173.9381;
359016.145;574731.885;574731.606;81.7871;209.1432;209.1605;
231961.087;557071.445;557071.740;19.3112;231.4545;231.4600;
332255.189;557039.059;557038.501;576.6268;281.9940;281.9853;
307610.011;614720.151;614721.538;273.4299;292.1679;292.1623;
440535.594;542906.722;542907.407;201.6017;99.3534;99.3493;
332068.807;515323.629;515321.126;400.3988;-13.2941;-13.3139;
281017.687;601333.754;601334.924;202.1144;92.9799;92.9847;
348987.290;575543.967;575543.871;-165.5511;6.4753;6.4734;
258590.057;864045.881;864040.669;37.2498;576.1624;576.1667;
323111.233;580556.529;580557.464;358.3472;336.0527;336.0457;
430424.490;394295.321;394297.935;394.9443;-133.6915;-133.6762;
305668.445;513011.837;513011.470;376.7182;82.3821;82.3852;
143558.298;644471.751;644473.948;7.3533;203.1110;203.1136;
321946.496;584934.710;584935.118;263.0361;290.5554;290.5741;
366993.110;514475.069;514474.879;222.3707;11.4334;11.4439;
331434.685;585856.587;585857.830;614.2886;44.5560;44.5697;
319414.965;590714.239;590715.065;144.4154;205.2674;205.2525;
284306.771;607366.412;607367.684;213.9066;131.4706;131.4648;
314273.698;604200.516;604201.201;165.8182;210.0871;210.0896;
348819.237;542164.956;542164.523;146.8069;152.3916;152.4148;
287073.394;597946.230;597946.840;771.3578;414.3371;414.3384;
296902.263;576076.737;576076.881;367.0454;454.2006;454.2005;
295389.975;586684.894;586685.459;-7.4182;787.5098;787.5538;
355269.095;643442.310;643440.168;399.7947;199.2807;199.2329;
327623.690;572297.845;572296.290;483.2688;59.4795;59.4746;
331294.452;551463.930;551464.538;56.3831;489.2645;489.2477;
396110.388;836513.644;836511.028;491.2703;863.7014;863.6913;
357612.061;559272.782;559271.058;221.5641;176.3236;176.3277;
285709.601;602161.928;602164.341;-23.3250;-235.3518;-235.3153;
347768.507;495778.110;495776.872;148.6317;194.5504;194.5491;
366005.293;431726.339;431728.871;312.0176;-61.3868;-61.3811;
380773.554;369269.024;369262.927;395.1861;-58.1332;-58.1371;
352022.722;594125.136;594124.135;9.9479;373.9034;373.9149;
305702.581;558344.477;558344.979;414.6023;-332.9889;-333.0279;
313782.317;590109.591;590109.682;463.3971;437.2887;437.2895;
296868.598;552644.973;552647.299;686.5406;2.1802;2.2051;
930326.964;674254.940;674254.526;357.7300;590.9178;590.8930;
727934.453;462561.250;462562.846;-131.9988;70.2049;70.2080;
702705.166;456816.382;456818.152;-193.9335;-102.3155;-102.2960;
693373.596;458175.297;458175.766;29.1958;57.3143;57.3137;
907921.731;663246.986;663246.829;289.9568;524.5742;524.5717;
827945.647;516917.118;516916.548;-35.7398;-34.5272;-34.5295;
921401.030;689774.572;689772.787;-195.1600;939.3699;939.3487;
925614.370;679172.320;679171.596;659.5628;442.1171;442.1064;
920121.808;658322.176;658321.933;132.9944;174.0214;174.0259;
739064.802;430040.551;430043.296;-203.2994;-12.3654;-12.3484;
929472.355;697652.536;697650.747;-308.4377;630.3436;630.2773;
932636.578;697542.537;697541.823;311.9179;294.9217;294.9071;
679179.983;330022.316;330022.491;-128.5071;-162.7096;-162.7035;
948183.088;674224.570;674223.634;286.0112;265.1403;265.1260;
916805.249;738949.697;738948.444;-91.9751;-89.3724;-89.3668;
943777.423;670092.657;670091.722;212.7181;823.8517;823.8258;
900141.274;620774.709;620776.380;168.9533;446.2515;446.2569;
832139.309;621439.029;621441.288;25.4367;57.8620;57.8715;
806518.121;578383.493;578380.561;76.7065;169.3371;169.3364;
689296.187;441483.776;441483.207;-176.2332;-195.1509;-195.2019;
892923.255;698759.436;698758.134;717.3360;182.3580;182.3457;
700509.442;398379.450;398378.033;-89.0567;-98.8180;-98.8246;
926682.607;687239.127;687237.371;-48.7213;585.2696;585.2541;
694337.934;466257.731;466260.490;-239.2265;-162.6803;-162.6860;
931936.466;667097.872;667097.220;-341.8216;27.6831;27.7105;
693339.496;463195.118;463196.698;-454.3544;130.1928;130.2069;
885797.498;692743.327;692742.143;159.8766;423.9174;423.9152;
937806.580;675669.583;675669.011;508.7678;138.0461;138.0337;
653828.356;465818.805;465819.780;24.6456;43.9658;43.9613;
945994.410;487817.311;487823.839;424.5450;-69.8107;-69.7914;
938705.342;679910.124;679908.963;-93.3774;-146.8913;-146.8734;
933538.651;686681.706;686680.130;362.6591;236.6350;236.6687;
928704.754;653511.744;653512.765;83.7159;663.7033;663.6724;
910172.865;670053.805;670053.295;-48.7515;322.7773;322.7803;
954847.604;675163.699;675163.038;396.0243;100.0340;100.0306;
688504.400;545019.157;545023.461;-211.3452;23.4305;23.4372;
998890.227;637403.509;637402.853;288.7987;292.2803;292.2820;
886607.729;609831.494;609832.690;109.4609;64.2638;64.2496;
900937.225;622409.839;622411.353;380.3875;8.4218;8.4403;
911176.381;673397.033;673397.528;-162.6558;-140.5368;-140.4757;
964751.362;684649.669;684649.278;761.7244;336.9880;336.9874;
946949.986;668407.449;668406.685;4.4465;412.1706;412.1724;
843491.622;438350.524;438354.004;64.1891;-60.1608;-60.1575;
611802.240;317290.984;317289.260;-201.4688;-146.1765;-146.1746;
927392.281;672680.130;672679.204;-233.9462;427.4797;427.4981;
938263.969;684047.064;684045.924;206.0620;-0.0857;-0.0885;
898736.956;575437.002;575436.732;-36.2645;354.0078;354.0029;
957394.894;650614.784;650615.518;237.0293;368.6471;368.6439;
951406.931;692891.691;692890.335;373.0766;57.8808;57.8723;
947724.640;680553.841;680552.120;74.1852;193.2833;193.2755;
901465.755;703155.483;703154.224;306.6886;282.6691;282.6636;
931771.280;676812.373;676811.118;607.0303;373.5601;373.5485;
648974.102;295035.327;295032.519;-198.2051;-295.5265;-295.5394;
924400.496;680115.506;680114.923;567.1854;-272.3635;-272.3157;
711541.508;464887.567;464890.311;-21.1268;54.4635;54.4970;
935988.429;662085.876;662085.313;-299.1792;312.3494;312.3649;
918859.801;677191.695;677190.973;-144.3790;218.0957;218.0869;
921239.035;688403.142;688401.722;35.5573;-36.0542;-36.0350;
937344.929;660673.327;660672.955;337.5301;162.2042;162.2117;
672136.814;460785.526;460785.968;131.7230;-105.0434;-105.0397;
925314.145;683285.175;683284.111;246.8130;7.6442;7.6541;
949646.630;668198.606;668197.283;-192.3327;195.1032;195.1306;
900884.140;628813.200;628818.192;349.0145;248.8868;248.9117;
908743.524;687762.592;687761.404;217.2545;-41.5675;-41.5617;
727901.539;831195.105;831191.659;-2.9612;465.6026;465.5970;
752963.374;561185.847;561187.392;70.1419;177.7725;177.7780;
912439.575;646658.488;646659.030;168.4490;471.2938;471.2915;
951271.282;675944.839;675943.079;692.1439;331.5943;331.5500;
943462.895;696067.019;696064.639;40.7458;-163.8182;-163.8079;
933114.172;649875.694;649876.520;280.1285;337.8527;337.8647;
904635.447;618142.605;618144.441;326.4278;385.3364;385.3300;
977246.518;681641.068;681638.514;371.9208;581.8687;581.8271;
714910.640;454892.867;454893.208;-136.8640;108.6080;108.6139;
917759.501;641750.568;641751.459;298.7196;98.0647;98.0739;
915288.974;700213.591;700212.598;149.0040;-21.4247;-21.4301;
894350.568;712877.830;712876.120;263.0228;662.1370;662.1241;
907901.843;678319.163;678318.574;-110.0723;630.8055;630.8044;
914704.974;685179.412;685178.486;314.0268;654.4837;654.4506;
903529.067;672199.884;672199.373;825.4094;32.4024;32.3964;
761941.490;480419.342;480414.318;-7.1017;211.5828;211.5388;
907645.576;680118.921;680117.889;-24.9614;120.1196;120.1350;
895832.358;668980.193;668979.902;328.0264;345.8200;345.8269;
747605.895;431889.458;431893.110;-170.7091;54.5945;54.6111;
913015.378;621054.570;621057.702;192.1835;174.3286;174.3346;
