# This file was created for the Modelling and Simulation course, RUG (September-November 2019).
#
# Project: Simulate colliding galaxies, using Barnes-Hut algorithm.
#
# Students:
#     Stefan Evanghelides (s2895323)
#     Hidde Folkertsma (s2759799)
#
#     X         Y         Z         DX        DY        DZ
261321.189;590284.222;590284.923;130.5038;102.0595;102.0503;
228989.515;674065.019;674065.884;75.6084;189.2615;189.2676;
282477.083;584863.941;584864.798;152.0162;439.3252;439.3266;
336056.767;544275.213;544275.375;410.1679;104.5355;104.5361;
271763.845;589029.559;589030.405;-176.5492;-209.4245;-209.4218;
267970.850;558604.349;558605.360;815.4602;298.4658;298.4262;
266567.693;613032.240;613031.878;48.4442;259.7880;259.7886;
310930.256;578306.086;578306.914;68.4690;15.5719;15.5795;
278642.062;584142.733;584143.066;439.6978;106.1419;106.1438;
263101.384;547397.923;547397.814;198.5578;-172.6306;-172.6560;
291398.551;498871.926;498871.216;17.4292;371.7499;371.7432;
183747.481;566782.049;566785.288;405.8621;86.9552;86.9579;
277958.865;590853.222;590854.242;363.1119;573.5062;573.5009;
343216.966;491255.040;491256.975;318.0596;208.6500;208.6719;
226497.885;802860.524;802862.692;67.4311;483.4632;483.4628;
325347.549;514999.311;514999.867;288.8252;113.2904;113.3061;
262957.460;572290.926;572292.390;156.5913;231.8537;231.8616;
313246.743;564872.432;564873.192;318.6098;589.0558;589.0877;
429579.042;371730.680;371734.613;362.0272;-234.3677;-234.3608;
263936.801;564858.285;564858.642;354.5560;307.5386;307.5438;
295402.770;399625.508;399625.219;104.6633;-94.3047;-94.3129;
289518.713;532470.429;532470.631;77.6999;313.6637;313.6510;
265488.260;577260.833;577261.879;-25.6844;-88.2051;-88.2203;
271242.835;580452.653;580454.123;-337.3117;622.4209;622.4109;
288789.435;554929.128;554930.054;239.0963;114.1950;114.1900;
304093.190;519906.354;519905.618;-353.7652;102.6112;102.5708;
254647.478;461554.453;461551.994;46.3896;221.4930;221.5018;
280245.006;533235.944;533236.747;-267.6143;-99.5165;-99.5203;
286955.929;555770.769;555771.576;593.9896;371.6382;371.6448;
315231.946;534056.015;534055.505;74.1863;98.0915;98.0887;
301947.858;519568.638;519567.781;244.4985;268.4611;268.4699;
241723.344;559316.642;559318.247;-328.0040;77.1733;77.1990;
266629.711;569519.147;569520.700;-443.4605;110.3757;110.3991;
249426.970;563508.364;563509.295;209.5926;402.3671;402.3600;
281592.847;555409.569;555409.841;-388.5881;-142.7221;-142.7132;
255934.441;556760.616;556759.402;643.3754;216.0213;216.0469;
273022.671;593506.527;593506.457;730.7326;2.5110;2.5007;
282139.366;557635.574;557635.686;-284.6038;482.7181;482.7180;
342716.855;532322.487;532320.766;231.2452;146.0970;146.1049;
258303.951;558077.253;558077.945;683.2802;608.6184;608.6266;
262815.887;503422.259;503424.344;360.6094;-7.0158;-7.0130;
227112.595;677256.268;677257.262;163.8789;158.5048;158.5025;
190182.764;705103.471;705104.912;31.2861;244.9375;244.9391;
276447.232;564814.721;564815.435;133.9201;-166.5999;-166.5925;
282304.512;607203.740;607202.431;456.9428;123.2935;123.2984;
267218.242;556869.284;556870.181;398.4532;100.1488;100.1281;
279092.553;584481.341;584482.501;324.8134;231.6043;231.5976;
228476.256;500156.500;500156.514;39.9132;5.0984;5.1001;
269148.310;589847.517;589848.559;621.0852;341.7650;341.7626;
247267.538;630105.159;630106.795;315.3471;291.8554;291.8623;
235136.991;510934.669;510937.516;-67.8205;-49.2967;-49.2786;
277196.236;560482.235;560482.865;-50.1135;104.6241;104.6475;
300459.267;422198.883;422198.207;305.3064;-153.8212;-153.8270;
303149.907;597429.996;597429.972;518.2323;355.0510;355.0310;
381711.369;587130.412;587128.594;637.1759;92.3424;92.3301;
364268.137;423614.213;423617.926;349.4898;-163.7046;-163.6971;
326403.761;546633.598;546631.855;330.2242;187.5788;187.5783;
239726.718;525782.283;525781.924;-133.5111;167.8226;167.8238;
245748.614;529882.426;529883.328;498.1289;75.7808;75.7771;
276696.092;546578.679;546579.236;246.7922;13.6066;13.5934;
395066.760;531609.153;531610.331;414.4063;51.9567;51.9547;
274796.587;545581.550;545582.981;366.2363;-481.7914;-481.7914;
292451.446;547313.189;547313.595;136.9644;363.6146;363.6116;
303879.810;574862.820;574863.432;756.6577;54.3752;54.3653;
250876.323;776973.108;776968.155;56.8579;573.8433;573.8381;
253857.639;558580.288;558580.465;244.2575;-80.9246;-80.9233;
365617.596;417984.157;417985.290;449.1558;-177.8354;-177.8308;
251786.575;504621.639;504621.067;331.8323;25.2512;25.2490;
144604.708;613013.640;613015.418;-23.1618;211.6749;211.6778;
259036.944;567188.278;567189.445;107.3270;30.3239;30.3304;
327168.421;520661.328;520661.284;354.4682;-85.2580;-85.2683;
253706.152;571317.490;571318.338;36.3238;328.2897;328.2710;
260054.197;559787.134;559787.837;66.3336;78.3094;78.2990;
266219.998;574929.028;574930.165;49.4750;315.6321;315.6413;
265661.268;562053.585;562053.927;130.4437;-119.4301;-119.4275;
291536.588;530861.615;530862.472;518.4848;9.1355;9.1164;
262749.354;539327.253;539327.906;-376.0153;141.3824;141.3913;
277370.525;562067.267;562067.807;212.1459;-209.2010;-209.2000;
317264.777;511164.054;511164.435;-112.5278;262.9046;262.8935;
263144.107;575579.140;575580.016;738.3001;723.7097;723.7592;
253121.669;577958.266;577960.102;92.8274;109.0192;109.0536;
316636.777;509764.947;509765.046;117.1645;24.0526;24.0681;
321241.277;703827.933;703826.877;495.6254;885.9162;885.9058;
314947.664;535457.604;535456.463;303.7471;117.8731;117.8622;
308419.034;608130.315;608128.176;-95.0660;154.6945;154.6855;
322197.805;476807.390;476806.683;183.5676;49.7067;49.7003;
318421.143;442210.501;442212.107;314.2501;-78.8462;-78.8397;
320756.689;381550.673;381545.523;397.5490;-107.7486;-107.7576;
314148.509;533492.257;533492.137;393.2505;354.1892;354.1756;
292780.607;613980.111;613979.101;-96.1364;-78.6463;-78.6381;
249533.424;530172.785;530173.817;345.2940;307.3599;307.3562;
230331.225;574332.450;574330.617;79.5256;-181.7280;-181.7350;
889322.565;616058.418;616058.144;177.4391;196.8625;196.8722;
727571.068;451278.530;451279.140;91.6538;34.4965;34.5064;
720618.009;464130.745;464131.107;-154.0340;80.7639;80.7521;
932360.049;648993.431;648992.016;856.6304;349.3088;349.2847;
727319.454;461735.814;461737.454;-390.9443;-53.2255;-53.2115;
908609.297;637542.174;637541.834;146.7662;-166.4226;-166.4130;
832703.258;525595.211;525595.060;-35.3250;-87.4436;-87.4469;
921436.956;586594.177;586596.349;256.5595;402.6020;402.5953;
905140.902;646770.314;646769.743;191.4870;89.7829;89.7800;
904853.575;648162.466;648161.471;179.9560;27.4120;27.4143;
763331.978;437937.879;437937.915;-121.5868;-66.9944;-66.9823;
884360.766;599015.509;599015.281;572.6209;260.2984;260.2799;
892399.369;618958.211;618959.453;180.8064;2.7383;2.7494;
697168.581;356099.831;356099.032;-105.2565;-179.6956;-179.6889;
897896.129;645102.101;645101.318;-509.1585;331.4046;331.3962;
929023.966;734490.693;734488.723;-59.7371;116.5848;116.5886;
887578.941;632510.548;632510.057;152.2932;-243.0202;-243.0036;
869005.717;577496.777;577498.459;230.8782;144.7311;144.7318;
844345.557;617188.095;617188.538;-258.5861;-14.8871;-14.8715;
863021.866;638152.959;638153.758;1010.6017;552.7175;552.6657;
795623.582;553154.216;553151.462;65.2444;162.5708;162.5691;
728885.311;479414.478;479418.844;-323.2290;-197.2179;-197.2087;
868112.819;644610.879;644610.800;-507.6176;561.2618;561.2653;
714718.482;416027.509;416027.223;-100.7355;-135.7355;-135.7436;
913663.664;604541.908;604543.122;238.4498;433.0678;433.0617;
732659.392;463557.626;463557.961;-103.5536;134.8265;134.8358;
878927.588;639332.008;639331.578;559.6503;399.5714;399.5659;
752338.487;448174.849;448174.851;-287.0341;58.9740;58.9784;
907103.418;633807.091;633806.675;-312.9723;235.0826;235.0809;
891009.079;644474.924;644474.134;-78.7402;349.8196;349.8042;
662616.370;461094.450;461095.655;-119.7236;-3.5111;-3.5097;
880040.750;500046.004;500049.486;443.9085;-95.2777;-95.2567;
893170.028;633137.571;633137.060;-255.9444;476.2037;476.2122;
898510.565;624938.249;624937.049;37.1858;85.1100;85.1060;
906155.096;592161.622;592162.863;206.4756;182.4418;182.4617;
917780.465;650907.189;650906.016;456.8831;207.2629;207.2613;
875940.966;650207.821;650206.637;415.8428;281.4484;281.4490;
721269.276;541348.997;541352.233;-223.2623;25.2256;25.2333;
933590.595;603351.419;603350.700;637.3312;130.9124;130.9071;
895901.245;624591.100;624591.818;-183.5889;-413.4603;-413.3872;
880477.489;628275.251;628275.120;-431.5310;-211.1139;-211.1035;
932161.443;672251.357;672247.869;35.7707;201.7012;201.6887;
858644.948;647791.799;647790.493;437.7698;165.1598;165.1627;
886316.866;651864.331;651863.717;256.0903;177.7606;177.7612;
831312.234;449100.814;449103.716;99.0420;-82.5131;-82.5086;
644521.509;341478.425;341476.469;-234.4742;-174.6717;-174.6708;
879433.450;644346.067;644344.956;402.5715;418.7314;418.7284;
890759.642;635949.445;635948.828;-61.3567;489.7005;489.6886;
902520.149;529069.838;529070.391;-5.8633;258.6313;258.6256;
904890.550;607355.939;607356.231;446.1841;199.6670;199.6750;
887606.106;629626.480;629626.015;-462.9819;366.1460;366.1281;
887988.789;641131.287;641130.903;561.0877;269.7151;269.7279;
911967.079;629378.270;629377.708;-167.5761;303.9718;303.9713;
909995.737;644842.779;644841.407;399.1520;510.8920;510.8714;
678245.122;341911.774;341910.976;-186.7084;-323.1960;-323.2093;
906479.149;625721.492;625721.202;575.8206;538.6343;538.6578;
711597.226;454304.143;454302.981;-184.2382;-2.5390;-2.5509;
879362.708;646850.463;646849.808;538.9990;589.6933;589.6889;
882447.356;644182.038;644181.798;540.3027;182.0227;182.0127;
902597.168;642992.282;642991.780;391.7751;653.7487;653.7267;
892087.470;653605.354;653604.545;204.8421;684.0214;684.0143;
664771.007;473246.598;473247.449;0.3202;-42.8277;-42.8340;
898350.767;637047.197;637046.647;426.9963;332.0499;332.0408;
881599.349;648334.861;648334.836;705.3187;247.8547;247.8543;
870171.550;602106.295;602103.672;-11.0586;26.2313;26.2677;
895793.641;633411.373;633411.001;907.7175;257.2352;257.2210;
729382.525;758509.217;758506.651;-18.4571;492.3170;492.3110;
744119.059;534563.585;534564.253;45.7875;172.7685;172.7742;
889257.817;585748.717;585749.776;150.9237;321.5517;321.5484;
903805.893;646971.859;646970.508;-421.2510;365.6557;365.6213;
891927.012;620605.652;620604.831;-24.4042;626.6954;626.6919;
893577.850;653926.129;653925.517;213.0906;-117.8151;-117.8220;
856808.849;579723.961;579726.203;213.1277;159.7553;159.7620;
860137.144;614082.315;614082.950;778.5067;229.7289;229.7462;
721676.220;455401.134;455402.339;5.1229;-127.9320;-127.9333;
894080.445;646273.087;646271.872;-32.9503;-163.6694;-163.6611;
902511.319;623831.635;623831.006;382.1631;754.4584;754.4263;
947385.099;658030.489;658028.829;705.3888;372.7427;372.7960;
931645.567;605076.789;605077.185;-377.5894;432.3603;432.3561;
925251.667;646664.478;646663.611;684.5782;0.5308;0.5362;
925623.434;634569.663;634568.478;440.6643;-22.9496;-22.9544;
904544.833;642540.741;642539.811;-452.4832;838.9384;838.9256;
758635.287;447287.077;447289.122;67.2366;230.8163;230.7704;
921843.632;643981.867;643981.432;211.0194;393.7813;393.7683;
925058.361;654041.845;654040.877;33.9488;170.1541;170.1608;
765675.712;431270.285;431270.916;-42.1760;-99.8239;-99.7970;
874921.807;601640.342;601641.039;231.3209;65.3507;65.3773;
